"","id","trial","x","y","z","zmax","kernel","scenario","horizon","round","env","delta_x","chosen","overall","Horizon","tau","lambda","kError","beta","Model"
"1",1,1,9,6,62.6880904214702,62.6880904214702,"Rough","Avg. Reward Condition",20,"1",5,NA,76,1,"Short",0.11002725128833,0.826227617490667,NA,0.429777361373842,"localGP"
"2",1,2,8,6,91.4722545331952,91.4722545331952,"Rough","Avg. Reward Condition",20,"1",5,2,75,1,"Short",0.11002725128833,0.826227617490667,NA,0.429777361373842,"localGP"
"3",1,3,7,6,95.8234728185907,95.8234728185907,"Rough","Avg. Reward Condition",20,"1",5,2,74,1,"Short",0.11002725128833,0.826227617490667,NA,0.429777361373842,"localGP"
"4",1,4,6,6,86.9756652326962,95.8234728185907,"Rough","Avg. Reward Condition",20,"1",5,3,73,1,"Short",0.11002725128833,0.826227617490667,NA,0.429777361373842,"localGP"
"5",1,5,6,5,19.3202384321572,95.8234728185907,"Rough","Avg. Reward Condition",20,"1",5,4,62,1,"Short",0.11002725128833,0.826227617490667,NA,0.429777361373842,"localGP"
"6",1,6,1,9,34.121650392825,95.8234728185907,"Rough","Avg. Reward Condition",20,"1",5,7,101,1,"Short",0.11002725128833,0.826227617490667,NA,0.429777361373842,"localGP"
"7",1,7,0,7,66.0642048985975,95.8234728185907,"Rough","Avg. Reward Condition",20,"1",5,1,78,1,"Short",0.11002725128833,0.826227617490667,NA,0.429777361373842,"localGP"
"8",1,8,7,6,95.8234728185907,95.8234728185907,"Rough","Avg. Reward Condition",20,"1",5,1,74,1,"Short",0.11002725128833,0.826227617490667,NA,0.429777361373842,"localGP"
"9",1,9,6,0,63.3442305024088,95.8234728185907,"Rough","Avg. Reward Condition",20,"1",5,1,7,1,"Short",0.11002725128833,0.826227617490667,NA,0.429777361373842,"localGP"
"10",1,10,9,6,62.6880904214702,95.8234728185907,"Rough","Avg. Reward Condition",20,"1",5,2,76,1,"Short",0.11002725128833,0.826227617490667,NA,0.429777361373842,"localGP"
"11",1,11,7,4,41.506316602299,95.8234728185907,"Rough","Avg. Reward Condition",20,"1",5,2,52,1,"Short",0.11002725128833,0.826227617490667,NA,0.429777361373842,"localGP"
"12",1,12,0,4,49.9176816085481,95.8234728185907,"Rough","Avg. Reward Condition",20,"1",5,2,45,1,"Short",0.11002725128833,0.826227617490667,NA,0.429777361373842,"localGP"
"13",1,13,9,8,81.2433897221898,95.8234728185907,"Rough","Avg. Reward Condition",20,"1",5,4,98,1,"Short",0.11002725128833,0.826227617490667,NA,0.429777361373842,"localGP"
"14",1,14,7,8,38.3612104416698,95.8234728185907,"Rough","Avg. Reward Condition",20,"1",5,6,96,1,"Short",0.11002725128833,0.826227617490667,NA,0.429777361373842,"localGP"
"15",1,15,7,7,68.4962011684434,95.8234728185907,"Rough","Avg. Reward Condition",20,"1",5,6,85,1,"Short",0.11002725128833,0.826227617490667,NA,0.429777361373842,"localGP"
"16",1,16,0,7,66.0642048985975,95.8234728185907,"Rough","Avg. Reward Condition",20,"1",5,8,78,1,"Short",0.11002725128833,0.826227617490667,NA,0.429777361373842,"localGP"
"17",1,17,1,7,45.1757644968322,95.8234728185907,"Rough","Avg. Reward Condition",20,"1",5,6,79,1,"Short",0.11002725128833,0.826227617490667,NA,0.429777361373842,"localGP"
"18",1,18,0,1,66.1941053311197,95.8234728185907,"Rough","Avg. Reward Condition",20,"1",5,3,12,1,"Short",0.11002725128833,0.826227617490667,NA,0.429777361373842,"localGP"
"19",1,19,4,7,25.8399951345323,95.8234728185907,"Rough","Avg. Reward Condition",20,"1",5,8,82,1,"Short",0.11002725128833,0.826227617490667,NA,0.429777361373842,"localGP"
"20",1,20,9,8,81.2433897221898,95.8234728185907,"Rough","Avg. Reward Condition",20,"1",5,11,98,1,"Short",0.11002725128833,0.826227617490667,NA,0.429777361373842,"localGP"
"21",1,21,8,8,82.5602297507619,95.8234728185907,"Rough","Avg. Reward Condition",20,"1",5,1,97,1,"Short",0.11002725128833,0.826227617490667,NA,0.429777361373842,"localGP"
"22",1,1,4,1,21.3952704288319,21.3952704288319,"Rough","Avg. Reward Condition",40,"2",1,NA,16,2,"Long",0.105333161041498,0.724187194805518,NA,0.45969337338402,"localGP"
"23",1,2,9,5,46.4508872756904,46.4508872756904,"Rough","Avg. Reward Condition",40,"2",1,2,65,2,"Long",0.105333161041498,0.724187194805518,NA,0.45969337338402,"localGP"
"24",1,3,9,4,46.9020472211933,46.9020472211933,"Rough","Avg. Reward Condition",40,"2",1,2,54,2,"Long",0.105333161041498,0.724187194805518,NA,0.45969337338402,"localGP"
"25",1,4,8,4,50.5233477520952,50.5233477520952,"Rough","Avg. Reward Condition",40,"2",1,1,53,2,"Long",0.105333161041498,0.724187194805518,NA,0.45969337338402,"localGP"
"26",1,5,9,3,60.9343747722388,60.9343747722388,"Rough","Avg. Reward Condition",40,"2",1,1,43,2,"Long",0.105333161041498,0.724187194805518,NA,0.45969337338402,"localGP"
"27",1,6,4,7,41.0206081591078,60.9343747722388,"Rough","Avg. Reward Condition",40,"2",1,1,82,2,"Long",0.105333161041498,0.724187194805518,NA,0.45969337338402,"localGP"
"28",1,7,5,6,69.9155090037251,69.9155090037251,"Rough","Avg. Reward Condition",40,"2",1,1,72,2,"Long",0.105333161041498,0.724187194805518,NA,0.45969337338402,"localGP"
"29",1,8,7,9,43.2219300321384,69.9155090037251,"Rough","Avg. Reward Condition",40,"2",1,1,107,2,"Long",0.105333161041498,0.724187194805518,NA,0.45969337338402,"localGP"
"30",1,9,6,6,78.697918940418,78.697918940418,"Rough","Avg. Reward Condition",40,"2",1,1,73,2,"Long",0.105333161041498,0.724187194805518,NA,0.45969337338402,"localGP"
"31",1,10,9,7,59.249331592367,78.697918940418,"Rough","Avg. Reward Condition",40,"2",1,2,87,2,"Long",0.105333161041498,0.724187194805518,NA,0.45969337338402,"localGP"
"32",1,11,10,7,54.8683474490232,78.697918940418,"Rough","Avg. Reward Condition",40,"2",1,1,88,2,"Long",0.105333161041498,0.724187194805518,NA,0.45969337338402,"localGP"
"33",1,12,6,2,72.3100865487056,78.697918940418,"Rough","Avg. Reward Condition",40,"2",1,2,29,2,"Long",0.105333161041498,0.724187194805518,NA,0.45969337338402,"localGP"
"34",1,13,7,2,87.3844592186431,87.3844592186431,"Rough","Avg. Reward Condition",40,"2",1,5,30,2,"Long",0.105333161041498,0.724187194805518,NA,0.45969337338402,"localGP"
"35",1,14,6,9,34.2500725757816,87.3844592186431,"Rough","Avg. Reward Condition",40,"2",1,1,106,2,"Long",0.105333161041498,0.724187194805518,NA,0.45969337338402,"localGP"
"36",1,15,4,5,50.9861643343635,87.3844592186431,"Rough","Avg. Reward Condition",40,"2",1,9,60,2,"Long",0.105333161041498,0.724187194805518,NA,0.45969337338402,"localGP"
"37",1,16,9,4,46.9020472211933,87.3844592186431,"Rough","Avg. Reward Condition",40,"2",1,5,54,2,"Long",0.105333161041498,0.724187194805518,NA,0.45969337338402,"localGP"
"38",1,17,10,4,48.9608257222968,87.3844592186431,"Rough","Avg. Reward Condition",40,"2",1,4,55,2,"Long",0.105333161041498,0.724187194805518,NA,0.45969337338402,"localGP"
"39",1,18,10,2,27.6401369749031,87.3844592186431,"Rough","Avg. Reward Condition",40,"2",1,3,33,2,"Long",0.105333161041498,0.724187194805518,NA,0.45969337338402,"localGP"
"40",1,19,4,2,19.1724836106021,87.3844592186431,"Rough","Avg. Reward Condition",40,"2",1,9,27,2,"Long",0.105333161041498,0.724187194805518,NA,0.45969337338402,"localGP"
"41",1,20,2,4,44.0628638879187,87.3844592186431,"Rough","Avg. Reward Condition",40,"2",1,6,47,2,"Long",0.105333161041498,0.724187194805518,NA,0.45969337338402,"localGP"
"42",1,21,2,5,32.535407260204,87.3844592186431,"Rough","Avg. Reward Condition",40,"2",1,4,58,2,"Long",0.105333161041498,0.724187194805518,NA,0.45969337338402,"localGP"
"43",1,22,1,2,0,87.3844592186431,"Rough","Avg. Reward Condition",40,"2",1,2,24,2,"Long",0.105333161041498,0.724187194805518,NA,0.45969337338402,"localGP"
"44",1,23,2,0,70.8875298246222,87.3844592186431,"Rough","Avg. Reward Condition",40,"2",1,3,3,2,"Long",0.105333161041498,0.724187194805518,NA,0.45969337338402,"localGP"
"45",1,24,7,9,43.2219300321384,87.3844592186431,"Rough","Avg. Reward Condition",40,"2",1,2,107,2,"Long",0.105333161041498,0.724187194805518,NA,0.45969337338402,"localGP"
"46",1,25,8,8,49.0688828610798,87.3844592186431,"Rough","Avg. Reward Condition",40,"2",1,1,97,2,"Long",0.105333161041498,0.724187194805518,NA,0.45969337338402,"localGP"
"47",1,26,0,7,66.7767330115422,87.3844592186431,"Rough","Avg. Reward Condition",40,"2",1,1,78,2,"Long",0.105333161041498,0.724187194805518,NA,0.45969337338402,"localGP"
"48",1,27,4,7,41.0206081591078,87.3844592186431,"Rough","Avg. Reward Condition",40,"2",1,1,82,2,"Long",0.105333161041498,0.724187194805518,NA,0.45969337338402,"localGP"
"49",1,28,4,6,37.058891508221,87.3844592186431,"Rough","Avg. Reward Condition",40,"2",1,8,71,2,"Long",0.105333161041498,0.724187194805518,NA,0.45969337338402,"localGP"
"50",1,29,3,1,33.2382175382002,87.3844592186431,"Rough","Avg. Reward Condition",40,"2",1,4,15,2,"Long",0.105333161041498,0.724187194805518,NA,0.45969337338402,"localGP"
"51",1,30,10,8,40.6942172697369,87.3844592186431,"Rough","Avg. Reward Condition",40,"2",1,2,99,2,"Long",0.105333161041498,0.724187194805518,NA,0.45969337338402,"localGP"
"52",1,31,10,9,47.3705703671906,87.3844592186431,"Rough","Avg. Reward Condition",40,"2",1,4,110,2,"Long",0.105333161041498,0.724187194805518,NA,0.45969337338402,"localGP"
"53",1,32,10,9,47.3705703671906,87.3844592186431,"Rough","Avg. Reward Condition",40,"2",1,1,110,2,"Long",0.105333161041498,0.724187194805518,NA,0.45969337338402,"localGP"
"54",1,33,9,9,58.8980343444626,87.3844592186431,"Rough","Avg. Reward Condition",40,"2",1,2,109,2,"Long",0.105333161041498,0.724187194805518,NA,0.45969337338402,"localGP"
"55",1,34,9,10,49.6139701131598,87.3844592186431,"Rough","Avg. Reward Condition",40,"2",1,1,120,2,"Long",0.105333161041498,0.724187194805518,NA,0.45969337338402,"localGP"
"56",1,35,8,9,63.0822078659968,87.3844592186431,"Rough","Avg. Reward Condition",40,"2",1,1,108,2,"Long",0.105333161041498,0.724187194805518,NA,0.45969337338402,"localGP"
"57",1,36,8,3,73.1545333653025,87.3844592186431,"Rough","Avg. Reward Condition",40,"2",1,2,42,2,"Long",0.105333161041498,0.724187194805518,NA,0.45969337338402,"localGP"
"58",1,37,8,2,77.798359488466,87.3844592186431,"Rough","Avg. Reward Condition",40,"2",1,1,31,2,"Long",0.105333161041498,0.724187194805518,NA,0.45969337338402,"localGP"
"59",1,38,5,0,64.2045633155116,87.3844592186431,"Rough","Avg. Reward Condition",40,"2",1,2,6,2,"Long",0.105333161041498,0.724187194805518,NA,0.45969337338402,"localGP"
"60",1,39,6,0,87.9392304939487,87.9392304939487,"Rough","Avg. Reward Condition",40,"2",1,8,7,2,"Long",0.105333161041498,0.724187194805518,NA,0.45969337338402,"localGP"
"61",1,40,7,0,69.1960987845747,87.9392304939487,"Rough","Avg. Reward Condition",40,"2",1,2,8,2,"Long",0.105333161041498,0.724187194805518,NA,0.45969337338402,"localGP"
"62",1,41,6,4,96.8351832239486,96.8351832239486,"Rough","Avg. Reward Condition",40,"2",1,3,51,2,"Long",0.105333161041498,0.724187194805518,NA,0.45969337338402,"localGP"
"63",1,1,8,4,25.3679855103689,25.3679855103689,"Rough","Avg. Reward Condition",20,"3",9,NA,53,3,"Short",0.116126488271779,2.65941734006568,NA,0.853598863660567,"localGP"
"64",1,2,4,9,76.5336766063453,76.5336766063453,"Rough","Avg. Reward Condition",20,"3",9,5,104,3,"Short",0.116126488271779,2.65941734006568,NA,0.853598863660567,"localGP"
"65",1,3,2,10,28.9056526912457,76.5336766063453,"Rough","Avg. Reward Condition",20,"3",9,5,113,3,"Short",0.116126488271779,2.65941734006568,NA,0.853598863660567,"localGP"
"66",1,4,10,6,41.1599115765723,76.5336766063453,"Rough","Avg. Reward Condition",20,"3",9,6,77,3,"Short",0.116126488271779,2.65941734006568,NA,0.853598863660567,"localGP"
"67",1,5,10,9,64.7402218310995,76.5336766063453,"Rough","Avg. Reward Condition",20,"3",9,2,110,3,"Short",0.116126488271779,2.65941734006568,NA,0.853598863660567,"localGP"
"68",1,6,8,9,64.9640361511548,76.5336766063453,"Rough","Avg. Reward Condition",20,"3",9,1,108,3,"Short",0.116126488271779,2.65941734006568,NA,0.853598863660567,"localGP"
"69",1,7,8,10,60.2945325402359,76.5336766063453,"Rough","Avg. Reward Condition",20,"3",9,1,119,3,"Short",0.116126488271779,2.65941734006568,NA,0.853598863660567,"localGP"
"70",1,8,2,2,29.9562633330357,76.5336766063453,"Rough","Avg. Reward Condition",20,"3",9,1,25,3,"Short",0.116126488271779,2.65941734006568,NA,0.853598863660567,"localGP"
"71",1,9,3,10,39.8581222940404,76.5336766063453,"Rough","Avg. Reward Condition",20,"3",9,2,114,3,"Short",0.116126488271779,2.65941734006568,NA,0.853598863660567,"localGP"
"72",1,10,1,4,24.6705634918407,76.5336766063453,"Rough","Avg. Reward Condition",20,"3",9,1,46,3,"Short",0.116126488271779,2.65941734006568,NA,0.853598863660567,"localGP"
"73",1,11,5,7,31.1556847928287,76.5336766063453,"Rough","Avg. Reward Condition",20,"3",9,2,83,3,"Short",0.116126488271779,2.65941734006568,NA,0.853598863660567,"localGP"
"74",1,12,4,9,76.5336766063453,76.5336766063453,"Rough","Avg. Reward Condition",20,"3",9,1,104,3,"Short",0.116126488271779,2.65941734006568,NA,0.853598863660567,"localGP"
"75",1,13,4,8,60.4776805465143,76.5336766063453,"Rough","Avg. Reward Condition",20,"3",9,2,93,3,"Short",0.116126488271779,2.65941734006568,NA,0.853598863660567,"localGP"
"76",1,14,6,8,47.3250412535165,76.5336766063453,"Rough","Avg. Reward Condition",20,"3",9,1,95,3,"Short",0.116126488271779,2.65941734006568,NA,0.853598863660567,"localGP"
"77",1,15,2,7,27.9615833854138,76.5336766063453,"Rough","Avg. Reward Condition",20,"3",9,3,80,3,"Short",0.116126488271779,2.65941734006568,NA,0.853598863660567,"localGP"
"78",1,16,9,0,18.5206183987232,76.5336766063453,"Rough","Avg. Reward Condition",20,"3",9,2,10,3,"Short",0.116126488271779,2.65941734006568,NA,0.853598863660567,"localGP"
"79",1,17,7,1,45.4129619985676,76.5336766063453,"Rough","Avg. Reward Condition",20,"3",9,4,19,3,"Short",0.116126488271779,2.65941734006568,NA,0.853598863660567,"localGP"
"80",1,18,9,7,82.8870600418845,82.8870600418845,"Rough","Avg. Reward Condition",20,"3",9,3,87,3,"Short",0.116126488271779,2.65941734006568,NA,0.853598863660567,"localGP"
"81",1,19,7,1,45.4129619985676,82.8870600418845,"Rough","Avg. Reward Condition",20,"3",9,2,19,3,"Short",0.116126488271779,2.65941734006568,NA,0.853598863660567,"localGP"
"82",1,20,3,4,44.2234113272728,82.8870600418845,"Rough","Avg. Reward Condition",20,"3",9,4,48,3,"Short",0.116126488271779,2.65941734006568,NA,0.853598863660567,"localGP"
"83",1,21,6,9,70.5892702957914,82.8870600418845,"Rough","Avg. Reward Condition",20,"3",9,2,106,3,"Short",0.116126488271779,2.65941734006568,NA,0.853598863660567,"localGP"
"84",1,1,9,5,68.6489850017742,68.6489850017742,"Rough","Avg. Reward Condition",40,"4",4,NA,65,4,"Long",0.106771608089534,0.823171783909887,NA,0.495705561703978,"localGP"
"85",1,2,9,6,37.8754043106106,68.6489850017742,"Rough","Avg. Reward Condition",40,"4",4,7,76,4,"Long",0.106771608089534,0.823171783909887,NA,0.495705561703978,"localGP"
"86",1,3,3,6,39.1502894638098,68.6489850017742,"Rough","Avg. Reward Condition",40,"4",4,6,70,4,"Long",0.106771608089534,0.823171783909887,NA,0.495705561703978,"localGP"
"87",1,4,4,8,61.3580746780693,68.6489850017742,"Rough","Avg. Reward Condition",40,"4",4,5,93,4,"Long",0.106771608089534,0.823171783909887,NA,0.495705561703978,"localGP"
"88",1,5,4,9,45.2552162388682,68.6489850017742,"Rough","Avg. Reward Condition",40,"4",4,5,104,4,"Long",0.106771608089534,0.823171783909887,NA,0.495705561703978,"localGP"
"89",1,6,4,1,36.6948932499117,68.6489850017742,"Rough","Avg. Reward Condition",40,"4",4,6,16,4,"Long",0.106771608089534,0.823171783909887,NA,0.495705561703978,"localGP"
"90",1,7,4,0,27.757926963594,68.6489850017742,"Rough","Avg. Reward Condition",40,"4",4,1,5,4,"Long",0.106771608089534,0.823171783909887,NA,0.495705561703978,"localGP"
"91",1,8,4,10,14.42380895843,68.6489850017742,"Rough","Avg. Reward Condition",40,"4",4,2,115,4,"Long",0.106771608089534,0.823171783909887,NA,0.495705561703978,"localGP"
"92",1,9,6,5,27.715879819657,68.6489850017742,"Rough","Avg. Reward Condition",40,"4",4,2,62,4,"Long",0.106771608089534,0.823171783909887,NA,0.495705561703978,"localGP"
"93",1,10,0,7,18.1408343228351,68.6489850017742,"Rough","Avg. Reward Condition",40,"4",4,1,78,4,"Long",0.106771608089534,0.823171783909887,NA,0.495705561703978,"localGP"
"94",1,11,5,3,80.7551191777029,80.7551191777029,"Rough","Avg. Reward Condition",40,"4",4,2,39,4,"Long",0.106771608089534,0.823171783909887,NA,0.495705561703978,"localGP"
"95",1,12,2,8,76.6612270941655,80.7551191777029,"Rough","Avg. Reward Condition",40,"4",4,2,91,4,"Long",0.106771608089534,0.823171783909887,NA,0.495705561703978,"localGP"
"96",1,13,2,9,75.1501969131058,80.7551191777029,"Rough","Avg. Reward Condition",40,"4",4,1,102,4,"Long",0.106771608089534,0.823171783909887,NA,0.495705561703978,"localGP"
"97",1,14,2,7,36.3841568460802,80.7551191777029,"Rough","Avg. Reward Condition",40,"4",4,2,80,4,"Long",0.106771608089534,0.823171783909887,NA,0.495705561703978,"localGP"
"98",1,15,6,0,33.2351530302692,80.7551191777029,"Rough","Avg. Reward Condition",40,"4",4,1,7,4,"Long",0.106771608089534,0.823171783909887,NA,0.495705561703978,"localGP"
"99",1,16,6,1,31.833699427692,80.7551191777029,"Rough","Avg. Reward Condition",40,"4",4,1,18,4,"Long",0.106771608089534,0.823171783909887,NA,0.495705561703978,"localGP"
"100",1,17,9,9,55.0944127232389,80.7551191777029,"Rough","Avg. Reward Condition",40,"4",4,2,109,4,"Long",0.106771608089534,0.823171783909887,NA,0.495705561703978,"localGP"
"101",1,18,2,3,28.2357872462132,80.7551191777029,"Rough","Avg. Reward Condition",40,"4",4,4,36,4,"Long",0.106771608089534,0.823171783909887,NA,0.495705561703978,"localGP"
"102",1,19,4,3,94.794324286051,94.794324286051,"Rough","Avg. Reward Condition",40,"4",4,9,38,4,"Long",0.106771608089534,0.823171783909887,NA,0.495705561703978,"localGP"
"103",1,20,3,3,61.9515693449088,94.794324286051,"Rough","Avg. Reward Condition",40,"4",4,6,37,4,"Long",0.106771608089534,0.823171783909887,NA,0.495705561703978,"localGP"
"104",1,21,4,4,49.5091600763757,94.794324286051,"Rough","Avg. Reward Condition",40,"4",4,2,49,4,"Long",0.106771608089534,0.823171783909887,NA,0.495705561703978,"localGP"
"105",1,22,4,5,36.1447579478145,94.794324286051,"Rough","Avg. Reward Condition",40,"4",4,7,60,4,"Long",0.106771608089534,0.823171783909887,NA,0.495705561703978,"localGP"
"106",1,23,4,9,45.2552162388682,94.794324286051,"Rough","Avg. Reward Condition",40,"4",4,1,104,4,"Long",0.106771608089534,0.823171783909887,NA,0.495705561703978,"localGP"
"107",1,24,9,10,49.7040626782217,94.794324286051,"Rough","Avg. Reward Condition",40,"4",4,3,120,4,"Long",0.106771608089534,0.823171783909887,NA,0.495705561703978,"localGP"
"108",1,25,8,10,54.2844228905611,94.794324286051,"Rough","Avg. Reward Condition",40,"4",4,2,119,4,"Long",0.106771608089534,0.823171783909887,NA,0.495705561703978,"localGP"
"109",1,26,8,9,44.028878775324,94.794324286051,"Rough","Avg. Reward Condition",40,"4",4,0,108,4,"Long",0.106771608089534,0.823171783909887,NA,0.495705561703978,"localGP"
"110",1,27,5,6,67.055437287635,94.794324286051,"Rough","Avg. Reward Condition",40,"4",4,1,72,4,"Long",0.106771608089534,0.823171783909887,NA,0.495705561703978,"localGP"
"111",1,28,5,6,67.055437287635,94.794324286051,"Rough","Avg. Reward Condition",40,"4",4,1,72,4,"Long",0.106771608089534,0.823171783909887,NA,0.495705561703978,"localGP"
"112",1,29,6,7,58.9424744854528,94.794324286051,"Rough","Avg. Reward Condition",40,"4",4,1,84,4,"Long",0.106771608089534,0.823171783909887,NA,0.495705561703978,"localGP"
"113",1,30,4,4,49.5091600763757,94.794324286051,"Rough","Avg. Reward Condition",40,"4",4,2,49,4,"Long",0.106771608089534,0.823171783909887,NA,0.495705561703978,"localGP"
"114",1,31,4,2,100,100,"Rough","Avg. Reward Condition",40,"4",4,2,27,4,"Long",0.106771608089534,0.823171783909887,NA,0.495705561703978,"localGP"
"115",1,32,5,2,88.4170710697694,100,"Rough","Avg. Reward Condition",40,"4",4,1,28,4,"Long",0.106771608089534,0.823171783909887,NA,0.495705561703978,"localGP"
"116",1,33,5,10,11.1782861371887,100,"Rough","Avg. Reward Condition",40,"4",4,2,116,4,"Long",0.106771608089534,0.823171783909887,NA,0.495705561703978,"localGP"
"117",1,34,2,7,36.3841568460802,100,"Rough","Avg. Reward Condition",40,"4",4,2,80,4,"Long",0.106771608089534,0.823171783909887,NA,0.495705561703978,"localGP"
"118",1,35,0,9,36.6552465782619,100,"Rough","Avg. Reward Condition",40,"4",4,2,100,4,"Long",0.106771608089534,0.823171783909887,NA,0.495705561703978,"localGP"
"119",1,36,8,1,47.0627415324652,100,"Rough","Avg. Reward Condition",40,"4",4,1,20,4,"Long",0.106771608089534,0.823171783909887,NA,0.495705561703978,"localGP"
"120",1,37,8,0,39.2746651521329,100,"Rough","Avg. Reward Condition",40,"4",4,2,9,4,"Long",0.106771608089534,0.823171783909887,NA,0.495705561703978,"localGP"
"121",1,38,0,7,18.1408343228351,100,"Rough","Avg. Reward Condition",40,"4",4,6,78,4,"Long",0.106771608089534,0.823171783909887,NA,0.495705561703978,"localGP"
"122",1,39,1,10,30.8155263252467,100,"Rough","Avg. Reward Condition",40,"4",4,8,112,4,"Long",0.106771608089534,0.823171783909887,NA,0.495705561703978,"localGP"
"123",1,40,5,6,67.055437287635,100,"Rough","Avg. Reward Condition",40,"4",4,3,72,4,"Long",0.106771608089534,0.823171783909887,NA,0.495705561703978,"localGP"
"124",1,41,5,7,68.7904053516684,100,"Rough","Avg. Reward Condition",40,"4",4,2,83,4,"Long",0.106771608089534,0.823171783909887,NA,0.495705561703978,"localGP"
"125",1,1,4,8,79.4784884383396,79.4784884383396,"Rough","Avg. Reward Condition",20,"5",11,NA,93,5,"Short",0.130460008538863,0.840083474879266,NA,0.56127349916623,"localGP"
"126",1,2,4,9,78.163385341713,79.4784884383396,"Rough","Avg. Reward Condition",20,"5",11,7,104,5,"Short",0.130460008538863,0.840083474879266,NA,0.56127349916623,"localGP"
"127",1,3,4,10,100,100,"Rough","Avg. Reward Condition",20,"5",11,7,115,5,"Short",0.130460008538863,0.840083474879266,NA,0.56127349916623,"localGP"
"128",1,4,5,10,87.2658829250153,100,"Rough","Avg. Reward Condition",20,"5",11,8,116,5,"Short",0.130460008538863,0.840083474879266,NA,0.56127349916623,"localGP"
"129",1,5,4,10,100,100,"Rough","Avg. Reward Condition",20,"5",11,8,115,5,"Short",0.130460008538863,0.840083474879266,NA,0.56127349916623,"localGP"
"130",1,6,3,10,47.1514098553432,100,"Rough","Avg. Reward Condition",20,"5",11,12,114,5,"Short",0.130460008538863,0.840083474879266,NA,0.56127349916623,"localGP"
"131",1,7,5,4,30.7989766906586,100,"Rough","Avg. Reward Condition",20,"5",11,4,50,5,"Short",0.130460008538863,0.840083474879266,NA,0.56127349916623,"localGP"
"132",1,8,10,1,6.63857271825725,100,"Rough","Avg. Reward Condition",20,"5",11,8,22,5,"Short",0.130460008538863,0.840083474879266,NA,0.56127349916623,"localGP"
"133",1,9,8,9,60.550993033302,100,"Rough","Avg. Reward Condition",20,"5",11,4,108,5,"Short",0.130460008538863,0.840083474879266,NA,0.56127349916623,"localGP"
"134",1,10,8,10,41.6884701008907,100,"Rough","Avg. Reward Condition",20,"5",11,4,119,5,"Short",0.130460008538863,0.840083474879266,NA,0.56127349916623,"localGP"
"135",1,11,8,7,44.4895686177393,100,"Rough","Avg. Reward Condition",20,"5",11,4,86,5,"Short",0.130460008538863,0.840083474879266,NA,0.56127349916623,"localGP"
"136",1,12,2,9,30.1299532832918,100,"Rough","Avg. Reward Condition",20,"5",11,8,102,5,"Short",0.130460008538863,0.840083474879266,NA,0.56127349916623,"localGP"
"137",1,13,0,5,32.447397425839,100,"Rough","Avg. Reward Condition",20,"5",11,8,56,5,"Short",0.130460008538863,0.840083474879266,NA,0.56127349916623,"localGP"
"138",1,14,9,7,46.7520963310915,100,"Rough","Avg. Reward Condition",20,"5",11,8,87,5,"Short",0.130460008538863,0.840083474879266,NA,0.56127349916623,"localGP"
"139",1,15,10,7,37.1719234376725,100,"Rough","Avg. Reward Condition",20,"5",11,9,88,5,"Short",0.130460008538863,0.840083474879266,NA,0.56127349916623,"localGP"
"140",1,16,5,1,51.6981708043446,100,"Rough","Avg. Reward Condition",20,"5",11,0,17,5,"Short",0.130460008538863,0.840083474879266,NA,0.56127349916623,"localGP"
"141",1,17,5,2,64.0266563277365,100,"Rough","Avg. Reward Condition",20,"5",11,1,28,5,"Short",0.130460008538863,0.840083474879266,NA,0.56127349916623,"localGP"
"142",1,18,6,2,47.8721615024449,100,"Rough","Avg. Reward Condition",20,"5",11,2,29,5,"Short",0.130460008538863,0.840083474879266,NA,0.56127349916623,"localGP"
"143",1,19,7,6,78.20301873206,100,"Rough","Avg. Reward Condition",20,"5",11,3,74,5,"Short",0.130460008538863,0.840083474879266,NA,0.56127349916623,"localGP"
"144",1,20,8,5,25.4104652088754,100,"Rough","Avg. Reward Condition",20,"5",11,2,64,5,"Short",0.130460008538863,0.840083474879266,NA,0.56127349916623,"localGP"
"145",1,21,8,4,42.7763415301342,100,"Rough","Avg. Reward Condition",20,"5",11,1,53,5,"Short",0.130460008538863,0.840083474879266,NA,0.56127349916623,"localGP"
"146",1,1,0,2,43.4289249279307,43.4289249279307,"Rough","Avg. Reward Condition",40,"6",19,NA,23,6,"Long",0.0999890101971186,0.78267677971127,NA,0.504666701904082,"localGP"
"147",1,2,3,4,21.941962898439,43.4289249279307,"Rough","Avg. Reward Condition",40,"6",19,4,48,6,"Long",0.0999890101971186,0.78267677971127,NA,0.504666701904082,"localGP"
"148",1,3,4,4,9.99263596424557,43.4289249279307,"Rough","Avg. Reward Condition",40,"6",19,4,49,6,"Long",0.0999890101971186,0.78267677971127,NA,0.504666701904082,"localGP"
"149",1,4,5,6,67.4863424571412,67.4863424571412,"Rough","Avg. Reward Condition",40,"6",19,5,72,6,"Long",0.0999890101971186,0.78267677971127,NA,0.504666701904082,"localGP"
"150",1,5,6,6,73.1570356560972,73.1570356560972,"Rough","Avg. Reward Condition",40,"6",19,5,73,6,"Long",0.0999890101971186,0.78267677971127,NA,0.504666701904082,"localGP"
"151",1,6,6,7,40.7675652395294,73.1570356560972,"Rough","Avg. Reward Condition",40,"6",19,2,84,6,"Long",0.0999890101971186,0.78267677971127,NA,0.504666701904082,"localGP"
"152",1,7,8,4,65.4001551521178,73.1570356560972,"Rough","Avg. Reward Condition",40,"6",19,7,53,6,"Long",0.0999890101971186,0.78267677971127,NA,0.504666701904082,"localGP"
"153",1,8,9,10,65.8121215823365,73.1570356560972,"Rough","Avg. Reward Condition",40,"6",19,1,120,6,"Long",0.0999890101971186,0.78267677971127,NA,0.504666701904082,"localGP"
"154",1,9,8,10,46.913830316066,73.1570356560972,"Rough","Avg. Reward Condition",40,"6",19,2,119,6,"Long",0.0999890101971186,0.78267677971127,NA,0.504666701904082,"localGP"
"155",1,10,7,3,80.7703625318279,80.7703625318279,"Rough","Avg. Reward Condition",40,"6",19,5,41,6,"Long",0.0999890101971186,0.78267677971127,NA,0.504666701904082,"localGP"
"156",1,11,8,3,65.6372493724856,80.7703625318279,"Rough","Avg. Reward Condition",40,"6",19,3,42,6,"Long",0.0999890101971186,0.78267677971127,NA,0.504666701904082,"localGP"
"157",1,12,4,1,28.4498548614704,80.7703625318279,"Rough","Avg. Reward Condition",40,"6",19,8,16,6,"Long",0.0999890101971186,0.78267677971127,NA,0.504666701904082,"localGP"
"158",1,13,0,3,39.9926393261546,80.7703625318279,"Rough","Avg. Reward Condition",40,"6",19,0,34,6,"Long",0.0999890101971186,0.78267677971127,NA,0.504666701904082,"localGP"
"159",1,14,0,6,11.8398753929307,80.7703625318279,"Rough","Avg. Reward Condition",40,"6",19,1,67,6,"Long",0.0999890101971186,0.78267677971127,NA,0.504666701904082,"localGP"
"160",1,15,2,7,24.965768710391,80.7703625318279,"Rough","Avg. Reward Condition",40,"6",19,4,80,6,"Long",0.0999890101971186,0.78267677971127,NA,0.504666701904082,"localGP"
"161",1,16,3,0,41.1602043670531,80.7703625318279,"Rough","Avg. Reward Condition",40,"6",19,1,4,6,"Long",0.0999890101971186,0.78267677971127,NA,0.504666701904082,"localGP"
"162",1,17,6,0,27.3009941701534,80.7703625318279,"Rough","Avg. Reward Condition",40,"6",19,1,7,6,"Long",0.0999890101971186,0.78267677971127,NA,0.504666701904082,"localGP"
"163",1,18,6,2,40.0662726855817,80.7703625318279,"Rough","Avg. Reward Condition",40,"6",19,2,29,6,"Long",0.0999890101971186,0.78267677971127,NA,0.504666701904082,"localGP"
"164",1,19,6,3,86.4985901727727,86.4985901727727,"Rough","Avg. Reward Condition",40,"6",19,3,40,6,"Long",0.0999890101971186,0.78267677971127,NA,0.504666701904082,"localGP"
"165",1,20,6,4,77.7374692379335,86.4985901727727,"Rough","Avg. Reward Condition",40,"6",19,8,51,6,"Long",0.0999890101971186,0.78267677971127,NA,0.504666701904082,"localGP"
"166",1,21,8,6,77.0215365379863,86.4985901727727,"Rough","Avg. Reward Condition",40,"6",19,6,75,6,"Long",0.0999890101971186,0.78267677971127,NA,0.504666701904082,"localGP"
"167",1,22,0,9,66.1261892289375,86.4985901727727,"Rough","Avg. Reward Condition",40,"6",19,0,100,6,"Long",0.0999890101971186,0.78267677971127,NA,0.504666701904082,"localGP"
"168",1,23,0,10,60.8079360936337,86.4985901727727,"Rough","Avg. Reward Condition",40,"6",19,4,111,6,"Long",0.0999890101971186,0.78267677971127,NA,0.504666701904082,"localGP"
"169",1,24,1,3,45.9782806867717,86.4985901727727,"Rough","Avg. Reward Condition",40,"6",19,1,35,6,"Long",0.0999890101971186,0.78267677971127,NA,0.504666701904082,"localGP"
"170",1,25,1,2,57.7851669507592,86.4985901727727,"Rough","Avg. Reward Condition",40,"6",19,1,24,6,"Long",0.0999890101971186,0.78267677971127,NA,0.504666701904082,"localGP"
"171",1,26,2,2,85.7983244921108,86.4985901727727,"Rough","Avg. Reward Condition",40,"6",19,2,25,6,"Long",0.0999890101971186,0.78267677971127,NA,0.504666701904082,"localGP"
"172",1,27,2,1,73.5415165064452,86.4985901727727,"Rough","Avg. Reward Condition",40,"6",19,1,14,6,"Long",0.0999890101971186,0.78267677971127,NA,0.504666701904082,"localGP"
"173",1,28,7,3,80.7703625318279,86.4985901727727,"Rough","Avg. Reward Condition",40,"6",19,2,41,6,"Long",0.0999890101971186,0.78267677971127,NA,0.504666701904082,"localGP"
"174",1,29,7,4,73.3248485001287,86.4985901727727,"Rough","Avg. Reward Condition",40,"6",19,4,52,6,"Long",0.0999890101971186,0.78267677971127,NA,0.504666701904082,"localGP"
"175",1,30,7,5,82.9053550398923,86.4985901727727,"Rough","Avg. Reward Condition",40,"6",19,2,63,6,"Long",0.0999890101971186,0.78267677971127,NA,0.504666701904082,"localGP"
"176",1,31,7,6,100,100,"Rough","Avg. Reward Condition",40,"6",19,2,74,6,"Long",0.0999890101971186,0.78267677971127,NA,0.504666701904082,"localGP"
"177",1,32,7,6,100,100,"Rough","Avg. Reward Condition",40,"6",19,1,74,6,"Long",0.0999890101971186,0.78267677971127,NA,0.504666701904082,"localGP"
"178",1,33,10,3,69.2905062907233,100,"Rough","Avg. Reward Condition",40,"6",19,1,44,6,"Long",0.0999890101971186,0.78267677971127,NA,0.504666701904082,"localGP"
"179",1,34,8,4,65.4001551521178,100,"Rough","Avg. Reward Condition",40,"6",19,6,53,6,"Long",0.0999890101971186,0.78267677971127,NA,0.504666701904082,"localGP"
"180",1,35,0,3,39.9926393261546,100,"Rough","Avg. Reward Condition",40,"6",19,6,34,6,"Long",0.0999890101971186,0.78267677971127,NA,0.504666701904082,"localGP"
"181",1,36,0,8,57.2031215387433,100,"Rough","Avg. Reward Condition",40,"6",19,6,89,6,"Long",0.0999890101971186,0.78267677971127,NA,0.504666701904082,"localGP"
"182",1,37,1,9,27.2962837582995,100,"Rough","Avg. Reward Condition",40,"6",19,2,101,6,"Long",0.0999890101971186,0.78267677971127,NA,0.504666701904082,"localGP"
"183",1,38,2,3,64.1450860861758,100,"Rough","Avg. Reward Condition",40,"6",19,3,36,6,"Long",0.0999890101971186,0.78267677971127,NA,0.504666701904082,"localGP"
"184",1,39,9,4,63.2727485984867,100,"Rough","Avg. Reward Condition",40,"6",19,0,54,6,"Long",0.0999890101971186,0.78267677971127,NA,0.504666701904082,"localGP"
"185",1,40,9,3,70.6956959323297,100,"Rough","Avg. Reward Condition",40,"6",19,2,43,6,"Long",0.0999890101971186,0.78267677971127,NA,0.504666701904082,"localGP"
"186",1,41,2,1,73.5415165064452,100,"Rough","Avg. Reward Condition",40,"6",19,2,14,6,"Long",0.0999890101971186,0.78267677971127,NA,0.504666701904082,"localGP"
"187",1,1,9,8,70.9435815561283,70.9435815561283,"Rough","Avg. Reward Condition",20,"7",16,NA,98,7,"Short",0.127406182525979,0.887173337661459,NA,0.476294893602292,"localGP"
"188",1,2,2,9,67.2457029271411,70.9435815561283,"Rough","Avg. Reward Condition",20,"7",16,18,102,7,"Short",0.127406182525979,0.887173337661459,NA,0.476294893602292,"localGP"
"189",1,3,3,9,73.328444338372,73.328444338372,"Rough","Avg. Reward Condition",20,"7",16,3,103,7,"Short",0.127406182525979,0.887173337661459,NA,0.476294893602292,"localGP"
"190",1,4,4,9,52.7069887453694,73.328444338372,"Rough","Avg. Reward Condition",20,"7",16,3,104,7,"Short",0.127406182525979,0.887173337661459,NA,0.476294893602292,"localGP"
"191",1,5,2,9,67.2457029271411,73.328444338372,"Rough","Avg. Reward Condition",20,"7",16,4,102,7,"Short",0.127406182525979,0.887173337661459,NA,0.476294893602292,"localGP"
"192",1,6,4,4,37.2247549071549,73.328444338372,"Rough","Avg. Reward Condition",20,"7",16,9,49,7,"Short",0.127406182525979,0.887173337661459,NA,0.476294893602292,"localGP"
"193",1,7,0,0,62.3937858826807,73.328444338372,"Rough","Avg. Reward Condition",20,"7",16,2,1,7,"Short",0.127406182525979,0.887173337661459,NA,0.476294893602292,"localGP"
"194",1,8,5,7,14.4741321431637,73.328444338372,"Rough","Avg. Reward Condition",20,"7",16,2,83,7,"Short",0.127406182525979,0.887173337661459,NA,0.476294893602292,"localGP"
"195",1,9,2,0,58.0037440903614,73.328444338372,"Rough","Avg. Reward Condition",20,"7",16,5,3,7,"Short",0.127406182525979,0.887173337661459,NA,0.476294893602292,"localGP"
"196",1,10,3,6,61.712476104061,73.328444338372,"Rough","Avg. Reward Condition",20,"7",16,2,70,7,"Short",0.127406182525979,0.887173337661459,NA,0.476294893602292,"localGP"
"197",1,11,3,7,53.4998993765657,73.328444338372,"Rough","Avg. Reward Condition",20,"7",16,2,81,7,"Short",0.127406182525979,0.887173337661459,NA,0.476294893602292,"localGP"
"198",1,12,6,7,11.109165355926,73.328444338372,"Rough","Avg. Reward Condition",20,"7",16,5,84,7,"Short",0.127406182525979,0.887173337661459,NA,0.476294893602292,"localGP"
"199",1,13,4,7,38.4038441768744,73.328444338372,"Rough","Avg. Reward Condition",20,"7",16,4,82,7,"Short",0.127406182525979,0.887173337661459,NA,0.476294893602292,"localGP"
"200",1,14,4,0,4.10024476646048,73.328444338372,"Rough","Avg. Reward Condition",20,"7",16,3,5,7,"Short",0.127406182525979,0.887173337661459,NA,0.476294893602292,"localGP"
"201",1,15,7,0,35.3153428371359,73.328444338372,"Rough","Avg. Reward Condition",20,"7",16,1,8,7,"Short",0.127406182525979,0.887173337661459,NA,0.476294893602292,"localGP"
"202",1,16,6,7,11.109165355926,73.328444338372,"Rough","Avg. Reward Condition",20,"7",16,1,84,7,"Short",0.127406182525979,0.887173337661459,NA,0.476294893602292,"localGP"
"203",1,17,7,7,17.2801623922948,73.328444338372,"Rough","Avg. Reward Condition",20,"7",16,2,85,7,"Short",0.127406182525979,0.887173337661459,NA,0.476294893602292,"localGP"
"204",1,18,8,7,52.5353402462406,73.328444338372,"Rough","Avg. Reward Condition",20,"7",16,1,86,7,"Short",0.127406182525979,0.887173337661459,NA,0.476294893602292,"localGP"
"205",1,19,10,9,72.5110425569696,73.328444338372,"Rough","Avg. Reward Condition",20,"7",16,1,110,7,"Short",0.127406182525979,0.887173337661459,NA,0.476294893602292,"localGP"
"206",1,20,10,10,60.953630023244,73.328444338372,"Rough","Avg. Reward Condition",20,"7",16,2,121,7,"Short",0.127406182525979,0.887173337661459,NA,0.476294893602292,"localGP"
"207",1,21,9,5,54.5094189956315,73.328444338372,"Rough","Avg. Reward Condition",20,"7",16,4,65,7,"Short",0.127406182525979,0.887173337661459,NA,0.476294893602292,"localGP"
"208",1,1,6,1,34.7009695996788,34.7009695996788,"Rough","Avg. Reward Condition",40,"8",18,NA,18,8,"Long",0.108253439927761,0.753108550038335,NA,0.49171023204084,"localGP"
"209",1,2,5,1,44.0731143129656,44.0731143129656,"Rough","Avg. Reward Condition",40,"8",18,4,17,8,"Long",0.108253439927761,0.753108550038335,NA,0.49171023204084,"localGP"
"210",1,3,5,9,24.0405194815787,44.0731143129656,"Rough","Avg. Reward Condition",40,"8",18,3,105,8,"Long",0.108253439927761,0.753108550038335,NA,0.49171023204084,"localGP"
"211",1,4,3,8,43.809517415815,44.0731143129656,"Rough","Avg. Reward Condition",40,"8",18,1,92,8,"Long",0.108253439927761,0.753108550038335,NA,0.49171023204084,"localGP"
"212",1,5,9,5,25.5809293587448,44.0731143129656,"Rough","Avg. Reward Condition",40,"8",18,3,65,8,"Long",0.108253439927761,0.753108550038335,NA,0.49171023204084,"localGP"
"213",1,6,1,1,48.0935875031168,48.0935875031168,"Rough","Avg. Reward Condition",40,"8",18,3,13,8,"Long",0.108253439927761,0.753108550038335,NA,0.49171023204084,"localGP"
"214",1,7,2,3,53.5961483472986,53.5961483472986,"Rough","Avg. Reward Condition",40,"8",18,1,36,8,"Long",0.108253439927761,0.753108550038335,NA,0.49171023204084,"localGP"
"215",1,8,1,3,23.743412126775,53.5961483472986,"Rough","Avg. Reward Condition",40,"8",18,2,35,8,"Long",0.108253439927761,0.753108550038335,NA,0.49171023204084,"localGP"
"216",1,9,1,8,43.9523199496518,53.5961483472986,"Rough","Avg. Reward Condition",40,"8",18,2,90,8,"Long",0.108253439927761,0.753108550038335,NA,0.49171023204084,"localGP"
"217",1,10,0,8,40.1557616499508,53.5961483472986,"Rough","Avg. Reward Condition",40,"8",18,1,89,8,"Long",0.108253439927761,0.753108550038335,NA,0.49171023204084,"localGP"
"218",1,11,0,7,18.2389240639338,53.5961483472986,"Rough","Avg. Reward Condition",40,"8",18,2,78,8,"Long",0.108253439927761,0.753108550038335,NA,0.49171023204084,"localGP"
"219",1,12,0,5,18.0799924222245,53.5961483472986,"Rough","Avg. Reward Condition",40,"8",18,2,56,8,"Long",0.108253439927761,0.753108550038335,NA,0.49171023204084,"localGP"
"220",1,13,8,8,58.8343770395875,58.8343770395875,"Rough","Avg. Reward Condition",40,"8",18,1,97,8,"Long",0.108253439927761,0.753108550038335,NA,0.49171023204084,"localGP"
"221",1,14,2,3,53.5961483472986,58.8343770395875,"Rough","Avg. Reward Condition",40,"8",18,1,36,8,"Long",0.108253439927761,0.753108550038335,NA,0.49171023204084,"localGP"
"222",1,15,2,3,53.5961483472986,58.8343770395875,"Rough","Avg. Reward Condition",40,"8",18,2,36,8,"Long",0.108253439927761,0.753108550038335,NA,0.49171023204084,"localGP"
"223",1,16,2,5,28.3106281722044,58.8343770395875,"Rough","Avg. Reward Condition",40,"8",18,4,58,8,"Long",0.108253439927761,0.753108550038335,NA,0.49171023204084,"localGP"
"224",1,17,6,2,24.0265388631754,58.8343770395875,"Rough","Avg. Reward Condition",40,"8",18,2,29,8,"Long",0.108253439927761,0.753108550038335,NA,0.49171023204084,"localGP"
"225",1,18,2,1,70.0239835784985,70.0239835784985,"Rough","Avg. Reward Condition",40,"8",18,3,14,8,"Long",0.108253439927761,0.753108550038335,NA,0.49171023204084,"localGP"
"226",1,19,8,2,23.7481836425879,70.0239835784985,"Rough","Avg. Reward Condition",40,"8",18,3,31,8,"Long",0.108253439927761,0.753108550038335,NA,0.49171023204084,"localGP"
"227",1,20,6,4,24.0248838436953,70.0239835784985,"Rough","Avg. Reward Condition",40,"8",18,7,51,8,"Long",0.108253439927761,0.753108550038335,NA,0.49171023204084,"localGP"
"228",1,21,4,3,63.7013527592454,70.0239835784985,"Rough","Avg. Reward Condition",40,"8",18,8,38,8,"Long",0.108253439927761,0.753108550038335,NA,0.49171023204084,"localGP"
"229",1,22,3,3,53.9768384538052,70.0239835784985,"Rough","Avg. Reward Condition",40,"8",18,5,37,8,"Long",0.108253439927761,0.753108550038335,NA,0.49171023204084,"localGP"
"230",1,23,3,2,87.0484650270771,87.0484650270771,"Rough","Avg. Reward Condition",40,"8",18,5,26,8,"Long",0.108253439927761,0.753108550038335,NA,0.49171023204084,"localGP"
"231",1,24,2,2,100,100,"Rough","Avg. Reward Condition",40,"8",18,9,25,8,"Long",0.108253439927761,0.753108550038335,NA,0.49171023204084,"localGP"
"232",1,25,3,2,87.0484650270771,100,"Rough","Avg. Reward Condition",40,"8",18,4,26,8,"Long",0.108253439927761,0.753108550038335,NA,0.49171023204084,"localGP"
"233",1,26,10,3,47.7289893692748,100,"Rough","Avg. Reward Condition",40,"8",18,3,44,8,"Long",0.108253439927761,0.753108550038335,NA,0.49171023204084,"localGP"
"234",1,27,3,6,31.7774943870089,100,"Rough","Avg. Reward Condition",40,"8",18,4,70,8,"Long",0.108253439927761,0.753108550038335,NA,0.49171023204084,"localGP"
"235",1,28,0,9,63.7273848369045,100,"Rough","Avg. Reward Condition",40,"8",18,3,100,8,"Long",0.108253439927761,0.753108550038335,NA,0.49171023204084,"localGP"
"236",1,29,1,10,30.5577705769791,100,"Rough","Avg. Reward Condition",40,"8",18,5,112,8,"Long",0.108253439927761,0.753108550038335,NA,0.49171023204084,"localGP"
"237",1,30,0,10,44.7774903870151,100,"Rough","Avg. Reward Condition",40,"8",18,3,111,8,"Long",0.108253439927761,0.753108550038335,NA,0.49171023204084,"localGP"
"238",1,31,8,5,35.8126072041007,100,"Rough","Avg. Reward Condition",40,"8",18,3,64,8,"Long",0.108253439927761,0.753108550038335,NA,0.49171023204084,"localGP"
"239",1,32,6,5,39.8371872215826,100,"Rough","Avg. Reward Condition",40,"8",18,5,62,8,"Long",0.108253439927761,0.753108550038335,NA,0.49171023204084,"localGP"
"240",1,33,5,5,61.5391732787472,100,"Rough","Avg. Reward Condition",40,"8",18,1,61,8,"Long",0.108253439927761,0.753108550038335,NA,0.49171023204084,"localGP"
"241",1,34,9,2,46.2486687787869,100,"Rough","Avg. Reward Condition",40,"8",18,1,32,8,"Long",0.108253439927761,0.753108550038335,NA,0.49171023204084,"localGP"
"242",1,35,9,3,52.6770087163606,100,"Rough","Avg. Reward Condition",40,"8",18,7,43,8,"Long",0.108253439927761,0.753108550038335,NA,0.49171023204084,"localGP"
"243",1,36,5,7,60.8656482156471,100,"Rough","Avg. Reward Condition",40,"8",18,1,83,8,"Long",0.108253439927761,0.753108550038335,NA,0.49171023204084,"localGP"
"244",1,37,5,2,52.4052015124445,100,"Rough","Avg. Reward Condition",40,"8",18,1,28,8,"Long",0.108253439927761,0.753108550038335,NA,0.49171023204084,"localGP"
"245",1,38,4,2,74.4058624133972,100,"Rough","Avg. Reward Condition",40,"8",18,1,27,8,"Long",0.108253439927761,0.753108550038335,NA,0.49171023204084,"localGP"
"246",1,39,8,5,35.8126072041007,100,"Rough","Avg. Reward Condition",40,"8",18,2,64,8,"Long",0.108253439927761,0.753108550038335,NA,0.49171023204084,"localGP"
"247",1,40,8,10,43.0920417226209,100,"Rough","Avg. Reward Condition",40,"8",18,2,119,8,"Long",0.108253439927761,0.753108550038335,NA,0.49171023204084,"localGP"
"248",1,41,7,10,39.5407952471519,100,"Rough","Avg. Reward Condition",40,"8",18,3,118,8,"Long",0.108253439927761,0.753108550038335,NA,0.49171023204084,"localGP"
"249",2,1,9,6,46.7105802523154,46.7105802523154,"Rough","Avg. Reward Condition",40,"1",18,NA,76,9,"Long",0.108521566571762,0.969073673777639,NA,0.568144801563253,"localGP"
"250",2,2,10,8,59.2407992793453,59.2407992793453,"Rough","Avg. Reward Condition",40,"1",18,4,99,9,"Long",0.108521566571762,0.969073673777639,NA,0.568144801563253,"localGP"
"251",2,3,7,10,39.5407952471519,59.2407992793453,"Rough","Avg. Reward Condition",40,"1",18,1,118,9,"Long",0.108521566571762,0.969073673777639,NA,0.568144801563253,"localGP"
"252",2,4,9,10,51.7164759770516,59.2407992793453,"Rough","Avg. Reward Condition",40,"1",18,1,120,9,"Long",0.108521566571762,0.969073673777639,NA,0.568144801563253,"localGP"
"253",2,5,5,0,43.1589496872262,59.2407992793453,"Rough","Avg. Reward Condition",40,"1",18,3,6,9,"Long",0.108521566571762,0.969073673777639,NA,0.568144801563253,"localGP"
"254",2,6,5,1,44.0731143129656,59.2407992793453,"Rough","Avg. Reward Condition",40,"1",18,2,17,9,"Long",0.108521566571762,0.969073673777639,NA,0.568144801563253,"localGP"
"255",2,7,6,1,34.7009695996788,59.2407992793453,"Rough","Avg. Reward Condition",40,"1",18,3,18,9,"Long",0.108521566571762,0.969073673777639,NA,0.568144801563253,"localGP"
"256",2,8,7,1,20.2621772906114,59.2407992793453,"Rough","Avg. Reward Condition",40,"1",18,1,19,9,"Long",0.108521566571762,0.969073673777639,NA,0.568144801563253,"localGP"
"257",2,9,4,1,62.7752571733289,62.7752571733289,"Rough","Avg. Reward Condition",40,"1",18,8,16,9,"Long",0.108521566571762,0.969073673777639,NA,0.568144801563253,"localGP"
"258",2,10,4,2,74.4058624133972,74.4058624133972,"Rough","Avg. Reward Condition",40,"1",18,1,27,9,"Long",0.108521566571762,0.969073673777639,NA,0.568144801563253,"localGP"
"259",2,11,3,2,87.0484650270771,87.0484650270771,"Rough","Avg. Reward Condition",40,"1",18,2,26,9,"Long",0.108521566571762,0.969073673777639,NA,0.568144801563253,"localGP"
"260",2,12,3,4,56.8504124991032,87.0484650270771,"Rough","Avg. Reward Condition",40,"1",18,1,48,9,"Long",0.108521566571762,0.969073673777639,NA,0.568144801563253,"localGP"
"261",2,13,4,4,52.24416387013,87.0484650270771,"Rough","Avg. Reward Condition",40,"1",18,4,49,9,"Long",0.108521566571762,0.969073673777639,NA,0.568144801563253,"localGP"
"262",2,14,5,4,37.8791272787462,87.0484650270771,"Rough","Avg. Reward Condition",40,"1",18,18,50,9,"Long",0.108521566571762,0.969073673777639,NA,0.568144801563253,"localGP"
"263",2,15,0,8,40.1557616499508,87.0484650270771,"Rough","Avg. Reward Condition",40,"1",18,1,89,9,"Long",0.108521566571762,0.969073673777639,NA,0.568144801563253,"localGP"
"264",2,16,1,8,43.9523199496518,87.0484650270771,"Rough","Avg. Reward Condition",40,"1",18,1,90,9,"Long",0.108521566571762,0.969073673777639,NA,0.568144801563253,"localGP"
"265",2,17,1,9,58.9073420651609,87.0484650270771,"Rough","Avg. Reward Condition",40,"1",18,2,101,9,"Long",0.108521566571762,0.969073673777639,NA,0.568144801563253,"localGP"
"266",2,18,6,7,45.7922377623339,87.0484650270771,"Rough","Avg. Reward Condition",40,"1",18,1,84,9,"Long",0.108521566571762,0.969073673777639,NA,0.568144801563253,"localGP"
"267",2,19,7,8,41.2424197528624,87.0484650270771,"Rough","Avg. Reward Condition",40,"1",18,1,96,9,"Long",0.108521566571762,0.969073673777639,NA,0.568144801563253,"localGP"
"268",2,20,7,10,39.5407952471519,87.0484650270771,"Rough","Avg. Reward Condition",40,"1",18,1,118,9,"Long",0.108521566571762,0.969073673777639,NA,0.568144801563253,"localGP"
"269",2,21,10,4,53.5685725301176,87.0484650270771,"Rough","Avg. Reward Condition",40,"1",18,2,55,9,"Long",0.108521566571762,0.969073673777639,NA,0.568144801563253,"localGP"
"270",2,22,6,10,34.4746445894491,87.0484650270771,"Rough","Avg. Reward Condition",40,"1",18,3,117,9,"Long",0.108521566571762,0.969073673777639,NA,0.568144801563253,"localGP"
"271",2,23,8,8,58.8343770395875,87.0484650270771,"Rough","Avg. Reward Condition",40,"1",18,1,97,9,"Long",0.108521566571762,0.969073673777639,NA,0.568144801563253,"localGP"
"272",2,24,9,1,36.0277373757591,87.0484650270771,"Rough","Avg. Reward Condition",40,"1",18,7,21,9,"Long",0.108521566571762,0.969073673777639,NA,0.568144801563253,"localGP"
"273",2,25,6,3,2.55804621582689,87.0484650270771,"Rough","Avg. Reward Condition",40,"1",18,2,40,9,"Long",0.108521566571762,0.969073673777639,NA,0.568144801563253,"localGP"
"274",2,26,6,9,34.6588515600726,87.0484650270771,"Rough","Avg. Reward Condition",40,"1",18,5,106,9,"Long",0.108521566571762,0.969073673777639,NA,0.568144801563253,"localGP"
"275",2,27,5,5,61.5391732787472,87.0484650270771,"Rough","Avg. Reward Condition",40,"1",18,1,61,9,"Long",0.108521566571762,0.969073673777639,NA,0.568144801563253,"localGP"
"276",2,28,1,2,56.0034935119072,87.0484650270771,"Rough","Avg. Reward Condition",40,"1",18,13,24,9,"Long",0.108521566571762,0.969073673777639,NA,0.568144801563253,"localGP"
"277",2,29,9,2,46.2486687787869,87.0484650270771,"Rough","Avg. Reward Condition",40,"1",18,1,32,9,"Long",0.108521566571762,0.969073673777639,NA,0.568144801563253,"localGP"
"278",2,30,10,2,47.0470762762012,87.0484650270771,"Rough","Avg. Reward Condition",40,"1",18,2,33,9,"Long",0.108521566571762,0.969073673777639,NA,0.568144801563253,"localGP"
"279",2,31,10,0,38.2617250048476,87.0484650270771,"Rough","Avg. Reward Condition",40,"1",18,2,11,9,"Long",0.108521566571762,0.969073673777639,NA,0.568144801563253,"localGP"
"280",2,32,7,4,21.5751534071113,87.0484650270771,"Rough","Avg. Reward Condition",40,"1",18,1,52,9,"Long",0.108521566571762,0.969073673777639,NA,0.568144801563253,"localGP"
"281",2,33,10,5,37.8302996702739,87.0484650270771,"Rough","Avg. Reward Condition",40,"1",18,2,66,9,"Long",0.108521566571762,0.969073673777639,NA,0.568144801563253,"localGP"
"282",2,34,5,9,24.0405194815787,87.0484650270771,"Rough","Avg. Reward Condition",40,"1",18,2,105,9,"Long",0.108521566571762,0.969073673777639,NA,0.568144801563253,"localGP"
"283",2,35,4,5,66.1329906623103,87.0484650270771,"Rough","Avg. Reward Condition",40,"1",18,1,60,9,"Long",0.108521566571762,0.969073673777639,NA,0.568144801563253,"localGP"
"284",2,36,6,8,37.9736257778301,87.0484650270771,"Rough","Avg. Reward Condition",40,"1",18,6,95,9,"Long",0.108521566571762,0.969073673777639,NA,0.568144801563253,"localGP"
"285",2,37,8,6,52.3875490141336,87.0484650270771,"Rough","Avg. Reward Condition",40,"1",18,6,75,9,"Long",0.108521566571762,0.969073673777639,NA,0.568144801563253,"localGP"
"286",2,38,1,0,52.4795285472342,87.0484650270771,"Rough","Avg. Reward Condition",40,"1",18,1,2,9,"Long",0.108521566571762,0.969073673777639,NA,0.568144801563253,"localGP"
"287",2,39,2,0,34.0203157022651,87.0484650270771,"Rough","Avg. Reward Condition",40,"1",18,0,3,9,"Long",0.108521566571762,0.969073673777639,NA,0.568144801563253,"localGP"
"288",2,40,4,7,47.8263633972584,87.0484650270771,"Rough","Avg. Reward Condition",40,"1",18,2,82,9,"Long",0.108521566571762,0.969073673777639,NA,0.568144801563253,"localGP"
"289",2,41,3,7,22.0436802123003,87.0484650270771,"Rough","Avg. Reward Condition",40,"1",18,2,81,9,"Long",0.108521566571762,0.969073673777639,NA,0.568144801563253,"localGP"
"290",2,1,6,4,34.0889045478091,34.0889045478091,"Rough","Avg. Reward Condition",20,"2",6,NA,51,10,"Short",0.0892003371367936,2.00061473848599,NA,0.755598786903358,"localGP"
"291",2,2,9,5,16.2842425403002,34.0889045478091,"Rough","Avg. Reward Condition",20,"2",6,0,65,10,"Short",0.0892003371367936,2.00061473848599,NA,0.755598786903358,"localGP"
"292",2,3,1,9,36.7437798963148,36.7437798963148,"Rough","Avg. Reward Condition",20,"2",6,1,101,10,"Short",0.0892003371367936,2.00061473848599,NA,0.755598786903358,"localGP"
"293",2,4,5,10,51.4215648628106,51.4215648628106,"Rough","Avg. Reward Condition",20,"2",6,1,116,10,"Short",0.0892003371367936,2.00061473848599,NA,0.755598786903358,"localGP"
"294",2,5,1,3,70.5820098602199,70.5820098602199,"Rough","Avg. Reward Condition",20,"2",6,2,35,10,"Short",0.0892003371367936,2.00061473848599,NA,0.755598786903358,"localGP"
"295",2,6,1,8,26.3468808811105,70.5820098602199,"Rough","Avg. Reward Condition",20,"2",6,1,90,10,"Short",0.0892003371367936,2.00061473848599,NA,0.755598786903358,"localGP"
"296",2,7,2,8,11.0893535309519,70.5820098602199,"Rough","Avg. Reward Condition",20,"2",6,2,91,10,"Short",0.0892003371367936,2.00061473848599,NA,0.755598786903358,"localGP"
"297",2,8,2,0,68.5922918789332,70.5820098602199,"Rough","Avg. Reward Condition",20,"2",6,6,3,10,"Short",0.0892003371367936,2.00061473848599,NA,0.755598786903358,"localGP"
"298",2,9,1,5,100,100,"Rough","Avg. Reward Condition",20,"2",6,1,57,10,"Short",0.0892003371367936,2.00061473848599,NA,0.755598786903358,"localGP"
"299",2,10,2,5,39.0984637940291,100,"Rough","Avg. Reward Condition",20,"2",6,1,58,10,"Short",0.0892003371367936,2.00061473848599,NA,0.755598786903358,"localGP"
"300",2,11,0,5,85.1317086337792,100,"Rough","Avg. Reward Condition",20,"2",6,1,56,10,"Short",0.0892003371367936,2.00061473848599,NA,0.755598786903358,"localGP"
"301",2,12,1,5,100,100,"Rough","Avg. Reward Condition",20,"2",6,2,57,10,"Short",0.0892003371367936,2.00061473848599,NA,0.755598786903358,"localGP"
"302",2,13,1,4,80.1452331951454,100,"Rough","Avg. Reward Condition",20,"2",6,1,46,10,"Short",0.0892003371367936,2.00061473848599,NA,0.755598786903358,"localGP"
"303",2,14,3,1,50.2100304142553,100,"Rough","Avg. Reward Condition",20,"2",6,9,15,10,"Short",0.0892003371367936,2.00061473848599,NA,0.755598786903358,"localGP"
"304",2,15,10,6,56.8143010916022,100,"Rough","Avg. Reward Condition",20,"2",6,1,77,10,"Short",0.0892003371367936,2.00061473848599,NA,0.755598786903358,"localGP"
"305",2,16,10,8,49.0427197755467,100,"Rough","Avg. Reward Condition",20,"2",6,2,99,10,"Short",0.0892003371367936,2.00061473848599,NA,0.755598786903358,"localGP"
"306",2,17,9,8,81.6907585501877,100,"Rough","Avg. Reward Condition",20,"2",6,1,98,10,"Short",0.0892003371367936,2.00061473848599,NA,0.755598786903358,"localGP"
"307",2,18,8,8,59.0034109397581,100,"Rough","Avg. Reward Condition",20,"2",6,10,97,10,"Short",0.0892003371367936,2.00061473848599,NA,0.755598786903358,"localGP"
"308",2,19,8,9,49.0885670492111,100,"Rough","Avg. Reward Condition",20,"2",6,1,108,10,"Short",0.0892003371367936,2.00061473848599,NA,0.755598786903358,"localGP"
"309",2,20,0,3,82.5721379784096,100,"Rough","Avg. Reward Condition",20,"2",6,11,34,10,"Short",0.0892003371367936,2.00061473848599,NA,0.755598786903358,"localGP"
"310",2,21,0,2,64.4680936879448,100,"Rough","Avg. Reward Condition",20,"2",6,15,23,10,"Short",0.0892003371367936,2.00061473848599,NA,0.755598786903358,"localGP"
"311",2,1,8,4,92.0072637842279,92.0072637842279,"Rough","Avg. Reward Condition",40,"3",7,NA,53,11,"Long",0.0947465462163239,0.904907843916358,NA,0.52626622705553,"localGP"
"312",2,2,8,3,69.467939664169,92.0072637842279,"Rough","Avg. Reward Condition",40,"3",7,12,42,11,"Long",0.0947465462163239,0.904907843916358,NA,0.52626622705553,"localGP"
"313",2,3,9,3,45.8562384067227,92.0072637842279,"Rough","Avg. Reward Condition",40,"3",7,10,43,11,"Long",0.0947465462163239,0.904907843916358,NA,0.52626622705553,"localGP"
"314",2,4,7,9,35.8056100636502,92.0072637842279,"Rough","Avg. Reward Condition",40,"3",7,10,107,11,"Long",0.0947465462163239,0.904907843916358,NA,0.52626622705553,"localGP"
"315",2,5,3,8,50.2866899354238,92.0072637842279,"Rough","Avg. Reward Condition",40,"3",7,10,92,11,"Long",0.0947465462163239,0.904907843916358,NA,0.52626622705553,"localGP"
"316",2,6,2,8,44.8287344776486,92.0072637842279,"Rough","Avg. Reward Condition",40,"3",7,10,91,11,"Long",0.0947465462163239,0.904907843916358,NA,0.52626622705553,"localGP"
"317",2,7,3,7,63.2387067485633,92.0072637842279,"Rough","Avg. Reward Condition",40,"3",7,14,81,11,"Long",0.0947465462163239,0.904907843916358,NA,0.52626622705553,"localGP"
"318",2,8,4,5,66.807827900394,92.0072637842279,"Rough","Avg. Reward Condition",40,"3",7,1,60,11,"Long",0.0947465462163239,0.904907843916358,NA,0.52626622705553,"localGP"
"319",2,9,8,7,60.6485436141064,92.0072637842279,"Rough","Avg. Reward Condition",40,"3",7,1,86,11,"Long",0.0947465462163239,0.904907843916358,NA,0.52626622705553,"localGP"
"320",2,10,8,6,73.8483056301387,92.0072637842279,"Rough","Avg. Reward Condition",40,"3",7,2,75,11,"Long",0.0947465462163239,0.904907843916358,NA,0.52626622705553,"localGP"
"321",2,11,9,6,51.8722338674395,92.0072637842279,"Rough","Avg. Reward Condition",40,"3",7,2,76,11,"Long",0.0947465462163239,0.904907843916358,NA,0.52626622705553,"localGP"
"322",2,12,9,5,88.0456624617215,92.0072637842279,"Rough","Avg. Reward Condition",40,"3",7,1,65,11,"Long",0.0947465462163239,0.904907843916358,NA,0.52626622705553,"localGP"
"323",2,13,9,4,77.6481440786295,92.0072637842279,"Rough","Avg. Reward Condition",40,"3",7,8,54,11,"Long",0.0947465462163239,0.904907843916358,NA,0.52626622705553,"localGP"
"324",2,14,9,5,88.0456624617215,92.0072637842279,"Rough","Avg. Reward Condition",40,"3",7,1,65,11,"Long",0.0947465462163239,0.904907843916358,NA,0.52626622705553,"localGP"
"325",2,15,8,5,94.611075528205,94.611075528205,"Rough","Avg. Reward Condition",40,"3",7,8,64,11,"Long",0.0947465462163239,0.904907843916358,NA,0.52626622705553,"localGP"
"326",2,16,7,5,60.2449538313095,94.611075528205,"Rough","Avg. Reward Condition",40,"3",7,2,63,11,"Long",0.0947465462163239,0.904907843916358,NA,0.52626622705553,"localGP"
"327",2,17,6,5,47.1321659100767,94.611075528205,"Rough","Avg. Reward Condition",40,"3",7,2,62,11,"Long",0.0947465462163239,0.904907843916358,NA,0.52626622705553,"localGP"
"328",2,18,6,6,51.0087520886989,94.611075528205,"Rough","Avg. Reward Condition",40,"3",7,1,73,11,"Long",0.0947465462163239,0.904907843916358,NA,0.52626622705553,"localGP"
"329",2,19,0,6,34.4193486809273,94.611075528205,"Rough","Avg. Reward Condition",40,"3",7,11,67,11,"Long",0.0947465462163239,0.904907843916358,NA,0.52626622705553,"localGP"
"330",2,20,1,6,40.7890265133229,94.611075528205,"Rough","Avg. Reward Condition",40,"3",7,6,68,11,"Long",0.0947465462163239,0.904907843916358,NA,0.52626622705553,"localGP"
"331",2,21,0,9,34.5534423219967,94.611075528205,"Rough","Avg. Reward Condition",40,"3",7,8,100,11,"Long",0.0947465462163239,0.904907843916358,NA,0.52626622705553,"localGP"
"332",2,22,2,1,55.2110009040143,94.611075528205,"Rough","Avg. Reward Condition",40,"3",7,1,14,11,"Long",0.0947465462163239,0.904907843916358,NA,0.52626622705553,"localGP"
"333",2,23,1,1,63.5014861824236,94.611075528205,"Rough","Avg. Reward Condition",40,"3",7,9,13,11,"Long",0.0947465462163239,0.904907843916358,NA,0.52626622705553,"localGP"
"334",2,24,2,0,42.3192502107698,94.611075528205,"Rough","Avg. Reward Condition",40,"3",7,6,3,11,"Long",0.0947465462163239,0.904907843916358,NA,0.52626622705553,"localGP"
"335",2,25,1,0,29.6758982233628,94.611075528205,"Rough","Avg. Reward Condition",40,"3",7,3,2,11,"Long",0.0947465462163239,0.904907843916358,NA,0.52626622705553,"localGP"
"336",2,26,6,8,29.1350785892096,94.611075528205,"Rough","Avg. Reward Condition",40,"3",7,1,95,11,"Long",0.0947465462163239,0.904907843916358,NA,0.52626622705553,"localGP"
"337",2,27,9,10,62.3733166827573,94.611075528205,"Rough","Avg. Reward Condition",40,"3",7,1,120,11,"Long",0.0947465462163239,0.904907843916358,NA,0.52626622705553,"localGP"
"338",2,28,2,9,19.7561850844021,94.611075528205,"Rough","Avg. Reward Condition",40,"3",7,2,102,11,"Long",0.0947465462163239,0.904907843916358,NA,0.52626622705553,"localGP"
"339",2,29,5,9,27.8448402853638,94.611075528205,"Rough","Avg. Reward Condition",40,"3",7,3,105,11,"Long",0.0947465462163239,0.904907843916358,NA,0.52626622705553,"localGP"
"340",2,30,9,7,48.6503812146378,94.611075528205,"Rough","Avg. Reward Condition",40,"3",7,1,87,11,"Long",0.0947465462163239,0.904907843916358,NA,0.52626622705553,"localGP"
"341",2,31,10,7,44.2918220402032,94.611075528205,"Rough","Avg. Reward Condition",40,"3",7,2,88,11,"Long",0.0947465462163239,0.904907843916358,NA,0.52626622705553,"localGP"
"342",2,32,3,4,62.4304276826515,94.611075528205,"Rough","Avg. Reward Condition",40,"3",7,1,48,11,"Long",0.0947465462163239,0.904907843916358,NA,0.52626622705553,"localGP"
"343",2,33,4,4,30.0404677656774,94.611075528205,"Rough","Avg. Reward Condition",40,"3",7,3,49,11,"Long",0.0947465462163239,0.904907843916358,NA,0.52626622705553,"localGP"
"344",2,34,3,6,90.5286582157079,94.611075528205,"Rough","Avg. Reward Condition",40,"3",7,6,70,11,"Long",0.0947465462163239,0.904907843916358,NA,0.52626622705553,"localGP"
"345",2,35,4,6,84.1129360614595,94.611075528205,"Rough","Avg. Reward Condition",40,"3",7,2,71,11,"Long",0.0947465462163239,0.904907843916358,NA,0.52626622705553,"localGP"
"346",2,36,3,6,90.5286582157079,94.611075528205,"Rough","Avg. Reward Condition",40,"3",7,2,70,11,"Long",0.0947465462163239,0.904907843916358,NA,0.52626622705553,"localGP"
"347",2,37,3,5,100,100,"Rough","Avg. Reward Condition",40,"3",7,10,59,11,"Long",0.0947465462163239,0.904907843916358,NA,0.52626622705553,"localGP"
"348",2,38,2,5,81.410941886626,100,"Rough","Avg. Reward Condition",40,"3",7,2,58,11,"Long",0.0947465462163239,0.904907843916358,NA,0.52626622705553,"localGP"
"349",2,39,3,5,100,100,"Rough","Avg. Reward Condition",40,"3",7,2,59,11,"Long",0.0947465462163239,0.904907843916358,NA,0.52626622705553,"localGP"
"350",2,40,2,4,69.0845854443266,100,"Rough","Avg. Reward Condition",40,"3",7,3,47,11,"Long",0.0947465462163239,0.904907843916358,NA,0.52626622705553,"localGP"
"351",2,41,2,5,81.410941886626,100,"Rough","Avg. Reward Condition",40,"3",7,1,58,11,"Long",0.0947465462163239,0.904907843916358,NA,0.52626622705553,"localGP"
"352",2,1,10,7,82.7698657970911,82.7698657970911,"Rough","Avg. Reward Condition",20,"4",0,NA,88,12,"Short",0.0780053656766295,0.936348368109612,NA,0.396827168985773,"localGP"
"353",2,2,9,7,93.0900522357202,93.0900522357202,"Rough","Avg. Reward Condition",20,"4",0,1,87,12,"Short",0.0780053656766295,0.936348368109612,NA,0.396827168985773,"localGP"
"354",2,3,9,6,52.7533090833761,93.0900522357202,"Rough","Avg. Reward Condition",20,"4",0,3,76,12,"Short",0.0780053656766295,0.936348368109612,NA,0.396827168985773,"localGP"
"355",2,4,10,6,47.7902004449391,93.0900522357202,"Rough","Avg. Reward Condition",20,"4",0,5,77,12,"Short",0.0780053656766295,0.936348368109612,NA,0.396827168985773,"localGP"
"356",2,5,10,7,82.7698657970911,93.0900522357202,"Rough","Avg. Reward Condition",20,"4",0,10,88,12,"Short",0.0780053656766295,0.936348368109612,NA,0.396827168985773,"localGP"
"357",2,6,9,7,93.0900522357202,93.0900522357202,"Rough","Avg. Reward Condition",20,"4",0,10,87,12,"Short",0.0780053656766295,0.936348368109612,NA,0.396827168985773,"localGP"
"358",2,7,8,7,98.0758057854271,98.0758057854271,"Rough","Avg. Reward Condition",20,"4",0,10,86,12,"Short",0.0780053656766295,0.936348368109612,NA,0.396827168985773,"localGP"
"359",2,8,8,7,98.0758057854271,98.0758057854271,"Rough","Avg. Reward Condition",20,"4",0,7,86,12,"Short",0.0780053656766295,0.936348368109612,NA,0.396827168985773,"localGP"
"360",2,9,8,7,98.0758057854271,98.0758057854271,"Rough","Avg. Reward Condition",20,"4",0,1,86,12,"Short",0.0780053656766295,0.936348368109612,NA,0.396827168985773,"localGP"
"361",2,10,7,7,59.9525509256433,98.0758057854271,"Rough","Avg. Reward Condition",20,"4",0,8,85,12,"Short",0.0780053656766295,0.936348368109612,NA,0.396827168985773,"localGP"
"362",2,11,7,8,55.9864237907349,98.0758057854271,"Rough","Avg. Reward Condition",20,"4",0,2,96,12,"Short",0.0780053656766295,0.936348368109612,NA,0.396827168985773,"localGP"
"363",2,12,8,8,88.0084195550964,98.0758057854271,"Rough","Avg. Reward Condition",20,"4",0,1,97,12,"Short",0.0780053656766295,0.936348368109612,NA,0.396827168985773,"localGP"
"364",2,13,9,8,92.8491332342499,98.0758057854271,"Rough","Avg. Reward Condition",20,"4",0,6,98,12,"Short",0.0780053656766295,0.936348368109612,NA,0.396827168985773,"localGP"
"365",2,14,9,7,93.0900522357202,98.0758057854271,"Rough","Avg. Reward Condition",20,"4",0,1,87,12,"Short",0.0780053656766295,0.936348368109612,NA,0.396827168985773,"localGP"
"366",2,15,5,4,41.9694329426613,98.0758057854271,"Rough","Avg. Reward Condition",20,"4",0,10,50,12,"Short",0.0780053656766295,0.936348368109612,NA,0.396827168985773,"localGP"
"367",2,16,3,9,34.683324357527,98.0758057854271,"Rough","Avg. Reward Condition",20,"4",0,7,103,12,"Short",0.0780053656766295,0.936348368109612,NA,0.396827168985773,"localGP"
"368",2,17,5,9,38.2276325889547,98.0758057854271,"Rough","Avg. Reward Condition",20,"4",0,1,105,12,"Short",0.0780053656766295,0.936348368109612,NA,0.396827168985773,"localGP"
"369",2,18,5,8,68.8909705274262,98.0758057854271,"Rough","Avg. Reward Condition",20,"4",0,2,94,12,"Short",0.0780053656766295,0.936348368109612,NA,0.396827168985773,"localGP"
"370",2,19,5,7,46.7426538325774,98.0758057854271,"Rough","Avg. Reward Condition",20,"4",0,1,83,12,"Short",0.0780053656766295,0.936348368109612,NA,0.396827168985773,"localGP"
"371",2,20,4,7,56.8581816389781,98.0758057854271,"Rough","Avg. Reward Condition",20,"4",0,2,82,12,"Short",0.0780053656766295,0.936348368109612,NA,0.396827168985773,"localGP"
"372",2,21,9,10,64.79218841543,98.0758057854271,"Rough","Avg. Reward Condition",20,"4",0,2,120,12,"Short",0.0780053656766295,0.936348368109612,NA,0.396827168985773,"localGP"
"373",2,1,5,8,64.8105739200729,64.8105739200729,"Rough","Avg. Reward Condition",40,"5",3,NA,94,13,"Long",0.102283197105586,1.11617871861797,NA,0.651011540095678,"localGP"
"374",2,2,5,7,56.1612856920817,64.8105739200729,"Rough","Avg. Reward Condition",40,"5",3,2,83,13,"Long",0.102283197105586,1.11617871861797,NA,0.651011540095678,"localGP"
"375",2,3,4,7,73.9799406731188,73.9799406731188,"Rough","Avg. Reward Condition",40,"5",3,10,82,13,"Long",0.102283197105586,1.11617871861797,NA,0.651011540095678,"localGP"
"376",2,4,3,7,41.1726557910907,73.9799406731188,"Rough","Avg. Reward Condition",40,"5",3,10,81,13,"Long",0.102283197105586,1.11617871861797,NA,0.651011540095678,"localGP"
"377",2,5,3,9,34.2308196007598,73.9799406731188,"Rough","Avg. Reward Condition",40,"5",3,10,103,13,"Long",0.102283197105586,1.11617871861797,NA,0.651011540095678,"localGP"
"378",2,6,4,4,49.7580304361875,73.9799406731188,"Rough","Avg. Reward Condition",40,"5",3,19,49,13,"Long",0.102283197105586,1.11617871861797,NA,0.651011540095678,"localGP"
"379",2,7,0,2,79.3285213093921,79.3285213093921,"Rough","Avg. Reward Condition",40,"5",3,1,23,13,"Long",0.102283197105586,1.11617871861797,NA,0.651011540095678,"localGP"
"380",2,8,0,1,65.8842210019146,79.3285213093921,"Rough","Avg. Reward Condition",40,"5",3,1,12,13,"Long",0.102283197105586,1.11617871861797,NA,0.651011540095678,"localGP"
"381",2,9,4,9,39.9254255955642,79.3285213093921,"Rough","Avg. Reward Condition",40,"5",3,2,104,13,"Long",0.102283197105586,1.11617871861797,NA,0.651011540095678,"localGP"
"382",2,10,4,8,67.6195096925002,79.3285213093921,"Rough","Avg. Reward Condition",40,"5",3,1,93,13,"Long",0.102283197105586,1.11617871861797,NA,0.651011540095678,"localGP"
"383",2,11,4,0,28.6800847238269,79.3285213093921,"Rough","Avg. Reward Condition",40,"5",3,2,5,13,"Long",0.102283197105586,1.11617871861797,NA,0.651011540095678,"localGP"
"384",2,12,7,0,27.7354878985852,79.3285213093921,"Rough","Avg. Reward Condition",40,"5",3,9,8,13,"Long",0.102283197105586,1.11617871861797,NA,0.651011540095678,"localGP"
"385",2,13,0,5,73.4743256802096,79.3285213093921,"Rough","Avg. Reward Condition",40,"5",3,1,56,13,"Long",0.102283197105586,1.11617871861797,NA,0.651011540095678,"localGP"
"386",2,14,1,4,28.2772225047423,79.3285213093921,"Rough","Avg. Reward Condition",40,"5",3,6,46,13,"Long",0.102283197105586,1.11617871861797,NA,0.651011540095678,"localGP"
"387",2,15,0,4,38.4070367108847,79.3285213093921,"Rough","Avg. Reward Condition",40,"5",3,1,45,13,"Long",0.102283197105586,1.11617871861797,NA,0.651011540095678,"localGP"
"388",2,16,5,7,56.1612856920817,79.3285213093921,"Rough","Avg. Reward Condition",40,"5",3,5,83,13,"Long",0.102283197105586,1.11617871861797,NA,0.651011540095678,"localGP"
"389",2,17,7,4,51.8737663281412,79.3285213093921,"Rough","Avg. Reward Condition",40,"5",3,8,52,13,"Long",0.102283197105586,1.11617871861797,NA,0.651011540095678,"localGP"
"390",2,18,4,6,65.0620615185849,79.3285213093921,"Rough","Avg. Reward Condition",40,"5",3,7,71,13,"Long",0.102283197105586,1.11617871861797,NA,0.651011540095678,"localGP"
"391",2,19,5,5,43.9510730907808,79.3285213093921,"Rough","Avg. Reward Condition",40,"5",3,4,61,13,"Long",0.102283197105586,1.11617871861797,NA,0.651011540095678,"localGP"
"392",2,20,0,0,44.0135944380154,79.3285213093921,"Rough","Avg. Reward Condition",40,"5",3,1,1,13,"Long",0.102283197105586,1.11617871861797,NA,0.651011540095678,"localGP"
"393",2,21,5,8,64.8105739200729,79.3285213093921,"Rough","Avg. Reward Condition",40,"5",3,4,94,13,"Long",0.102283197105586,1.11617871861797,NA,0.651011540095678,"localGP"
"394",2,22,0,7,30.0086994835873,79.3285213093921,"Rough","Avg. Reward Condition",40,"5",3,1,78,13,"Long",0.102283197105586,1.11617871861797,NA,0.651011540095678,"localGP"
"395",2,23,1,9,29.3784802379892,79.3285213093921,"Rough","Avg. Reward Condition",40,"5",3,2,101,13,"Long",0.102283197105586,1.11617871861797,NA,0.651011540095678,"localGP"
"396",2,24,6,4,44.9938943868475,79.3285213093921,"Rough","Avg. Reward Condition",40,"5",3,2,51,13,"Long",0.102283197105586,1.11617871861797,NA,0.651011540095678,"localGP"
"397",2,25,6,3,72.3648366559739,79.3285213093921,"Rough","Avg. Reward Condition",40,"5",3,2,40,13,"Long",0.102283197105586,1.11617871861797,NA,0.651011540095678,"localGP"
"398",2,26,6,2,71.6274675486182,79.3285213093921,"Rough","Avg. Reward Condition",40,"5",3,1,29,13,"Long",0.102283197105586,1.11617871861797,NA,0.651011540095678,"localGP"
"399",2,27,8,2,41.6905527547663,79.3285213093921,"Rough","Avg. Reward Condition",40,"5",3,2,31,13,"Long",0.102283197105586,1.11617871861797,NA,0.651011540095678,"localGP"
"400",2,28,7,4,51.8737663281412,79.3285213093921,"Rough","Avg. Reward Condition",40,"5",3,1,52,13,"Long",0.102283197105586,1.11617871861797,NA,0.651011540095678,"localGP"
"401",2,29,1,9,29.3784802379892,79.3285213093921,"Rough","Avg. Reward Condition",40,"5",3,2,101,13,"Long",0.102283197105586,1.11617871861797,NA,0.651011540095678,"localGP"
"402",2,30,0,9,26.5966088386494,79.3285213093921,"Rough","Avg. Reward Condition",40,"5",3,1,100,13,"Long",0.102283197105586,1.11617871861797,NA,0.651011540095678,"localGP"
"403",2,31,6,10,74.9768973404555,79.3285213093921,"Rough","Avg. Reward Condition",40,"5",3,4,117,13,"Long",0.102283197105586,1.11617871861797,NA,0.651011540095678,"localGP"
"404",2,32,7,10,69.9878976597928,79.3285213093921,"Rough","Avg. Reward Condition",40,"5",3,1,118,13,"Long",0.102283197105586,1.11617871861797,NA,0.651011540095678,"localGP"
"405",2,33,6,4,44.9938943868475,79.3285213093921,"Rough","Avg. Reward Condition",40,"5",3,1,51,13,"Long",0.102283197105586,1.11617871861797,NA,0.651011540095678,"localGP"
"406",2,34,5,4,50.7453556763626,79.3285213093921,"Rough","Avg. Reward Condition",40,"5",3,10,50,13,"Long",0.102283197105586,1.11617871861797,NA,0.651011540095678,"localGP"
"407",2,35,5,3,63.6314304033713,79.3285213093921,"Rough","Avg. Reward Condition",40,"5",3,2,39,13,"Long",0.102283197105586,1.11617871861797,NA,0.651011540095678,"localGP"
"408",2,36,6,4,44.9938943868475,79.3285213093921,"Rough","Avg. Reward Condition",40,"5",3,1,51,13,"Long",0.102283197105586,1.11617871861797,NA,0.651011540095678,"localGP"
"409",2,37,5,3,63.6314304033713,79.3285213093921,"Rough","Avg. Reward Condition",40,"5",3,2,39,13,"Long",0.102283197105586,1.11617871861797,NA,0.651011540095678,"localGP"
"410",2,38,3,4,49.3373531062478,79.3285213093921,"Rough","Avg. Reward Condition",40,"5",3,2,48,13,"Long",0.102283197105586,1.11617871861797,NA,0.651011540095678,"localGP"
"411",2,39,4,10,39.6228842539641,79.3285213093921,"Rough","Avg. Reward Condition",40,"5",3,1,115,13,"Long",0.102283197105586,1.11617871861797,NA,0.651011540095678,"localGP"
"412",2,40,10,9,83.9309950136253,83.9309950136253,"Rough","Avg. Reward Condition",40,"5",3,5,110,13,"Long",0.102283197105586,1.11617871861797,NA,0.651011540095678,"localGP"
"413",2,41,10,10,53.1955394610768,83.9309950136253,"Rough","Avg. Reward Condition",40,"5",3,1,121,13,"Long",0.102283197105586,1.11617871861797,NA,0.651011540095678,"localGP"
"414",2,1,6,3,42.0646455997222,42.0646455997222,"Rough","Avg. Reward Condition",20,"6",8,NA,40,14,"Short",0.0845013666102941,1.04099304669608,NA,0.475949532708096,"localGP"
"415",2,2,8,2,46.8578212721829,46.8578212721829,"Rough","Avg. Reward Condition",20,"6",8,8,31,14,"Short",0.0845013666102941,1.04099304669608,NA,0.475949532708096,"localGP"
"416",2,3,7,2,26.7980711857913,46.8578212721829,"Rough","Avg. Reward Condition",20,"6",8,3,30,14,"Short",0.0845013666102941,1.04099304669608,NA,0.475949532708096,"localGP"
"417",2,4,3,10,63.8923159509584,63.8923159509584,"Rough","Avg. Reward Condition",20,"6",8,5,114,14,"Short",0.0845013666102941,1.04099304669608,NA,0.475949532708096,"localGP"
"418",2,5,2,10,80.310641709381,80.310641709381,"Rough","Avg. Reward Condition",20,"6",8,11,113,14,"Short",0.0845013666102941,1.04099304669608,NA,0.475949532708096,"localGP"
"419",2,6,2,8,33.284084895173,80.310641709381,"Rough","Avg. Reward Condition",20,"6",8,7,91,14,"Short",0.0845013666102941,1.04099304669608,NA,0.475949532708096,"localGP"
"420",2,7,3,2,5.15807402836249,80.310641709381,"Rough","Avg. Reward Condition",20,"6",8,8,26,14,"Short",0.0845013666102941,1.04099304669608,NA,0.475949532708096,"localGP"
"421",2,8,8,7,14.1323595247913,80.310641709381,"Rough","Avg. Reward Condition",20,"6",8,1,86,14,"Short",0.0845013666102941,1.04099304669608,NA,0.475949532708096,"localGP"
"422",2,9,7,4,51.6827805309329,80.310641709381,"Rough","Avg. Reward Condition",20,"6",8,1,52,14,"Short",0.0845013666102941,1.04099304669608,NA,0.475949532708096,"localGP"
"423",2,10,8,9,24.6189505790848,80.310641709381,"Rough","Avg. Reward Condition",20,"6",8,1,108,14,"Short",0.0845013666102941,1.04099304669608,NA,0.475949532708096,"localGP"
"424",2,11,0,9,69.7292299048647,80.310641709381,"Rough","Avg. Reward Condition",20,"6",8,1,100,14,"Short",0.0845013666102941,1.04099304669608,NA,0.475949532708096,"localGP"
"425",2,12,0,10,49.1845400953948,80.310641709381,"Rough","Avg. Reward Condition",20,"6",8,2,111,14,"Short",0.0845013666102941,1.04099304669608,NA,0.475949532708096,"localGP"
"426",2,13,0,8,76.1914645017141,80.310641709381,"Rough","Avg. Reward Condition",20,"6",8,1,89,14,"Short",0.0845013666102941,1.04099304669608,NA,0.475949532708096,"localGP"
"427",2,14,1,9,48.6391024853793,80.310641709381,"Rough","Avg. Reward Condition",20,"6",8,2,101,14,"Short",0.0845013666102941,1.04099304669608,NA,0.475949532708096,"localGP"
"428",2,15,2,9,45.8472757192181,80.310641709381,"Rough","Avg. Reward Condition",20,"6",8,3,102,14,"Short",0.0845013666102941,1.04099304669608,NA,0.475949532708096,"localGP"
"429",2,16,3,9,40.8521738054873,80.310641709381,"Rough","Avg. Reward Condition",20,"6",8,1,103,14,"Short",0.0845013666102941,1.04099304669608,NA,0.475949532708096,"localGP"
"430",2,17,4,7,87.7929185379322,87.7929185379322,"Rough","Avg. Reward Condition",20,"6",8,6,82,14,"Short",0.0845013666102941,1.04099304669608,NA,0.475949532708096,"localGP"
"431",2,18,5,7,35.7264911415369,87.7929185379322,"Rough","Avg. Reward Condition",20,"6",8,6,83,14,"Short",0.0845013666102941,1.04099304669608,NA,0.475949532708096,"localGP"
"432",2,19,3,3,52.6628186310928,87.7929185379322,"Rough","Avg. Reward Condition",20,"6",8,7,37,14,"Short",0.0845013666102941,1.04099304669608,NA,0.475949532708096,"localGP"
"433",2,20,3,4,81.3649995175119,87.7929185379322,"Rough","Avg. Reward Condition",20,"6",8,2,48,14,"Short",0.0845013666102941,1.04099304669608,NA,0.475949532708096,"localGP"
"434",2,21,3,5,100,100,"Rough","Avg. Reward Condition",20,"6",8,9,59,14,"Short",0.0845013666102941,1.04099304669608,NA,0.475949532708096,"localGP"
"435",2,1,9,7,38.2481492101488,38.2481492101488,"Rough","Avg. Reward Condition",40,"7",13,NA,87,15,"Long",0.091468349084847,0.927728332898347,NA,0.518199125383624,"localGP"
"436",2,2,9,8,52.3170386231255,52.3170386231255,"Rough","Avg. Reward Condition",40,"7",13,4,98,15,"Long",0.091468349084847,0.927728332898347,NA,0.518199125383624,"localGP"
"437",2,3,7,4,32.6827550464112,52.3170386231255,"Rough","Avg. Reward Condition",40,"7",13,9,52,15,"Long",0.091468349084847,0.927728332898347,NA,0.518199125383624,"localGP"
"438",2,4,6,4,11.152859969979,52.3170386231255,"Rough","Avg. Reward Condition",40,"7",13,4,51,15,"Long",0.091468349084847,0.927728332898347,NA,0.518199125383624,"localGP"
"439",2,5,4,5,46.8761367253109,52.3170386231255,"Rough","Avg. Reward Condition",40,"7",13,2,60,15,"Long",0.091468349084847,0.927728332898347,NA,0.518199125383624,"localGP"
"440",2,6,3,4,69.0645761763699,69.0645761763699,"Rough","Avg. Reward Condition",40,"7",13,1,48,15,"Long",0.091468349084847,0.927728332898347,NA,0.518199125383624,"localGP"
"441",2,7,3,6,16.3738177121343,69.0645761763699,"Rough","Avg. Reward Condition",40,"7",13,7,70,15,"Long",0.091468349084847,0.927728332898347,NA,0.518199125383624,"localGP"
"442",2,8,7,7,65.4024008297737,69.0645761763699,"Rough","Avg. Reward Condition",40,"7",13,5,85,15,"Long",0.091468349084847,0.927728332898347,NA,0.518199125383624,"localGP"
"443",2,9,8,7,57.7313818278047,69.0645761763699,"Rough","Avg. Reward Condition",40,"7",13,1,86,15,"Long",0.091468349084847,0.927728332898347,NA,0.518199125383624,"localGP"
"444",2,10,7,0,37.9803640535325,69.0645761763699,"Rough","Avg. Reward Condition",40,"7",13,4,8,15,"Long",0.091468349084847,0.927728332898347,NA,0.518199125383624,"localGP"
"445",2,11,7,1,24.4745500697421,69.0645761763699,"Rough","Avg. Reward Condition",40,"7",13,1,19,15,"Long",0.091468349084847,0.927728332898347,NA,0.518199125383624,"localGP"
"446",2,12,9,0,44.4816550255405,69.0645761763699,"Rough","Avg. Reward Condition",40,"7",13,2,10,15,"Long",0.091468349084847,0.927728332898347,NA,0.518199125383624,"localGP"
"447",2,13,9,1,33.2193816371395,69.0645761763699,"Rough","Avg. Reward Condition",40,"7",13,9,21,15,"Long",0.091468349084847,0.927728332898347,NA,0.518199125383624,"localGP"
"448",2,14,9,2,23.0068274963979,69.0645761763699,"Rough","Avg. Reward Condition",40,"7",13,2,32,15,"Long",0.091468349084847,0.927728332898347,NA,0.518199125383624,"localGP"
"449",2,15,10,10,64.51081568663,69.0645761763699,"Rough","Avg. Reward Condition",40,"7",13,3,121,15,"Long",0.091468349084847,0.927728332898347,NA,0.518199125383624,"localGP"
"450",2,16,10,9,78.2027912905164,78.2027912905164,"Rough","Avg. Reward Condition",40,"7",13,6,110,15,"Long",0.091468349084847,0.927728332898347,NA,0.518199125383624,"localGP"
"451",2,17,10,8,70.6098250573604,78.2027912905164,"Rough","Avg. Reward Condition",40,"7",13,2,99,15,"Long",0.091468349084847,0.927728332898347,NA,0.518199125383624,"localGP"
"452",2,18,0,6,56.4375165015689,78.2027912905164,"Rough","Avg. Reward Condition",40,"7",13,5,67,15,"Long",0.091468349084847,0.927728332898347,NA,0.518199125383624,"localGP"
"453",2,19,1,6,39.9812394486691,78.2027912905164,"Rough","Avg. Reward Condition",40,"7",13,3,68,15,"Long",0.091468349084847,0.927728332898347,NA,0.518199125383624,"localGP"
"454",2,20,1,7,39.7333701144124,78.2027912905164,"Rough","Avg. Reward Condition",40,"7",13,5,79,15,"Long",0.091468349084847,0.927728332898347,NA,0.518199125383624,"localGP"
"455",2,21,0,7,62.0907443594714,78.2027912905164,"Rough","Avg. Reward Condition",40,"7",13,2,78,15,"Long",0.091468349084847,0.927728332898347,NA,0.518199125383624,"localGP"
"456",2,22,9,5,26.612488577666,78.2027912905164,"Rough","Avg. Reward Condition",40,"7",13,1,65,15,"Long",0.091468349084847,0.927728332898347,NA,0.518199125383624,"localGP"
"457",2,23,9,4,36.4101012939869,78.2027912905164,"Rough","Avg. Reward Condition",40,"7",13,2,54,15,"Long",0.091468349084847,0.927728332898347,NA,0.518199125383624,"localGP"
"458",2,24,10,4,46.4286824642032,78.2027912905164,"Rough","Avg. Reward Condition",40,"7",13,1,55,15,"Long",0.091468349084847,0.927728332898347,NA,0.518199125383624,"localGP"
"459",2,25,9,9,62.7122285843456,78.2027912905164,"Rough","Avg. Reward Condition",40,"7",13,8,109,15,"Long",0.091468349084847,0.927728332898347,NA,0.518199125383624,"localGP"
"460",2,26,3,0,52.2562561155338,78.2027912905164,"Rough","Avg. Reward Condition",40,"7",13,10,4,15,"Long",0.091468349084847,0.927728332898347,NA,0.518199125383624,"localGP"
"461",2,27,9,5,26.612488577666,78.2027912905164,"Rough","Avg. Reward Condition",40,"7",13,13,65,15,"Long",0.091468349084847,0.927728332898347,NA,0.518199125383624,"localGP"
"462",2,28,9,5,26.612488577666,78.2027912905164,"Rough","Avg. Reward Condition",40,"7",13,8,65,15,"Long",0.091468349084847,0.927728332898347,NA,0.518199125383624,"localGP"
"463",2,29,10,9,78.2027912905164,78.2027912905164,"Rough","Avg. Reward Condition",40,"7",13,2,110,15,"Long",0.091468349084847,0.927728332898347,NA,0.518199125383624,"localGP"
"464",2,30,10,9,78.2027912905164,78.2027912905164,"Rough","Avg. Reward Condition",40,"7",13,6,110,15,"Long",0.091468349084847,0.927728332898347,NA,0.518199125383624,"localGP"
"465",2,31,2,3,88.3048631958372,88.3048631958372,"Rough","Avg. Reward Condition",40,"7",13,11,36,15,"Long",0.091468349084847,0.927728332898347,NA,0.518199125383624,"localGP"
"466",2,32,2,2,91.2685637119397,91.2685637119397,"Rough","Avg. Reward Condition",40,"7",13,2,25,15,"Long",0.091468349084847,0.927728332898347,NA,0.518199125383624,"localGP"
"467",2,33,3,2,75.9223381375201,91.2685637119397,"Rough","Avg. Reward Condition",40,"7",13,5,26,15,"Long",0.091468349084847,0.927728332898347,NA,0.518199125383624,"localGP"
"468",2,34,4,8,29.543409633079,91.2685637119397,"Rough","Avg. Reward Condition",40,"7",13,2,93,15,"Long",0.091468349084847,0.927728332898347,NA,0.518199125383624,"localGP"
"469",2,35,6,1,0,91.2685637119397,"Rough","Avg. Reward Condition",40,"7",13,1,18,15,"Long",0.091468349084847,0.927728332898347,NA,0.518199125383624,"localGP"
"470",2,36,1,4,57.8821067127826,91.2685637119397,"Rough","Avg. Reward Condition",40,"7",13,2,46,15,"Long",0.091468349084847,0.927728332898347,NA,0.518199125383624,"localGP"
"471",2,37,1,3,24.1058601457034,91.2685637119397,"Rough","Avg. Reward Condition",40,"7",13,8,35,15,"Long",0.091468349084847,0.927728332898347,NA,0.518199125383624,"localGP"
"472",2,38,0,1,47.5057536535345,91.2685637119397,"Rough","Avg. Reward Condition",40,"7",13,10,12,15,"Long",0.091468349084847,0.927728332898347,NA,0.518199125383624,"localGP"
"473",2,39,1,1,60.4080576029201,91.2685637119397,"Rough","Avg. Reward Condition",40,"7",13,4,13,15,"Long",0.091468349084847,0.927728332898347,NA,0.518199125383624,"localGP"
"474",2,40,2,1,67.2278837680135,91.2685637119397,"Rough","Avg. Reward Condition",40,"7",13,8,14,15,"Long",0.091468349084847,0.927728332898347,NA,0.518199125383624,"localGP"
"475",2,41,2,3,88.3048631958372,91.2685637119397,"Rough","Avg. Reward Condition",40,"7",13,1,36,15,"Long",0.091468349084847,0.927728332898347,NA,0.518199125383624,"localGP"
"476",2,1,8,4,25.3679855103689,25.3679855103689,"Rough","Avg. Reward Condition",20,"8",9,NA,53,16,"Short",0.0839114421006207,0.898168395826692,NA,0.425592485981816,"localGP"
"477",2,2,6,5,36.7517013773069,36.7517013773069,"Rough","Avg. Reward Condition",20,"8",9,4,62,16,"Short",0.0839114421006207,0.898168395826692,NA,0.425592485981816,"localGP"
"478",2,3,6,4,34.6420598160748,36.7517013773069,"Rough","Avg. Reward Condition",20,"8",9,5,51,16,"Short",0.0839114421006207,0.898168395826692,NA,0.425592485981816,"localGP"
"479",2,4,6,6,30.335879587278,36.7517013773069,"Rough","Avg. Reward Condition",20,"8",9,8,73,16,"Short",0.0839114421006207,0.898168395826692,NA,0.425592485981816,"localGP"
"480",2,5,9,5,32.4681463140711,36.7517013773069,"Rough","Avg. Reward Condition",20,"8",9,3,65,16,"Short",0.0839114421006207,0.898168395826692,NA,0.425592485981816,"localGP"
"481",2,6,10,3,28.0037204765752,36.7517013773069,"Rough","Avg. Reward Condition",20,"8",9,6,44,16,"Short",0.0839114421006207,0.898168395826692,NA,0.425592485981816,"localGP"
"482",2,7,9,2,54.6848187444457,54.6848187444457,"Rough","Avg. Reward Condition",20,"8",9,5,32,16,"Short",0.0839114421006207,0.898168395826692,NA,0.425592485981816,"localGP"
"483",2,8,8,2,56.8753633027435,56.8753633027435,"Rough","Avg. Reward Condition",20,"8",9,7,31,16,"Short",0.0839114421006207,0.898168395826692,NA,0.425592485981816,"localGP"
"484",2,9,8,1,48.5054292480758,56.8753633027435,"Rough","Avg. Reward Condition",20,"8",9,1,20,16,"Short",0.0839114421006207,0.898168395826692,NA,0.425592485981816,"localGP"
"485",2,10,5,0,63.7023993468335,63.7023993468335,"Rough","Avg. Reward Condition",20,"8",9,2,6,16,"Short",0.0839114421006207,0.898168395826692,NA,0.425592485981816,"localGP"
"486",2,11,2,2,29.9562633330357,63.7023993468335,"Rough","Avg. Reward Condition",20,"8",9,3,25,16,"Short",0.0839114421006207,0.898168395826692,NA,0.425592485981816,"localGP"
"487",2,12,5,4,31.7569987981429,63.7023993468335,"Rough","Avg. Reward Condition",20,"8",9,6,50,16,"Short",0.0839114421006207,0.898168395826692,NA,0.425592485981816,"localGP"
"488",2,13,3,6,56.4526333659953,63.7023993468335,"Rough","Avg. Reward Condition",20,"8",9,3,70,16,"Short",0.0839114421006207,0.898168395826692,NA,0.425592485981816,"localGP"
"489",2,14,2,5,39.0745307223915,63.7023993468335,"Rough","Avg. Reward Condition",20,"8",9,7,58,16,"Short",0.0839114421006207,0.898168395826692,NA,0.425592485981816,"localGP"
"490",2,15,2,4,13.5403872252535,63.7023993468335,"Rough","Avg. Reward Condition",20,"8",9,1,47,16,"Short",0.0839114421006207,0.898168395826692,NA,0.425592485981816,"localGP"
"491",2,16,1,8,35.1070926300529,63.7023993468335,"Rough","Avg. Reward Condition",20,"8",9,2,90,16,"Short",0.0839114421006207,0.898168395826692,NA,0.425592485981816,"localGP"
"492",2,17,6,4,34.6420598160748,63.7023993468335,"Rough","Avg. Reward Condition",20,"8",9,3,51,16,"Short",0.0839114421006207,0.898168395826692,NA,0.425592485981816,"localGP"
"493",2,18,5,5,60.2282366593648,63.7023993468335,"Rough","Avg. Reward Condition",20,"8",9,1,61,16,"Short",0.0839114421006207,0.898168395826692,NA,0.425592485981816,"localGP"
"494",2,19,0,6,96.5524227911389,96.5524227911389,"Rough","Avg. Reward Condition",20,"8",9,4,67,16,"Short",0.0839114421006207,0.898168395826692,NA,0.425592485981816,"localGP"
"495",2,20,0,5,93.2896159771943,96.5524227911389,"Rough","Avg. Reward Condition",20,"8",9,3,56,16,"Short",0.0839114421006207,0.898168395826692,NA,0.425592485981816,"localGP"
"496",2,21,2,3,14.7404354515513,96.5524227911389,"Rough","Avg. Reward Condition",20,"8",9,4,36,16,"Short",0.0839114421006207,0.898168395826692,NA,0.425592485981816,"localGP"
"497",3,1,8,8,0,0,"Smooth","Avg. Reward Condition",20,"1",8,NA,97,17,"Short",0.0377312085575926,0.668991617520448,NA,0.222037120004245,"localGP"
"498",3,2,9,7,12.1031590785717,12.1031590785717,"Smooth","Avg. Reward Condition",20,"1",8,2,87,17,"Short",0.0377312085575926,0.668991617520448,NA,0.222037120004245,"localGP"
"499",3,3,10,10,31.7453717496263,31.7453717496263,"Smooth","Avg. Reward Condition",20,"1",8,2,121,17,"Short",0.0377312085575926,0.668991617520448,NA,0.222037120004245,"localGP"
"500",3,4,10,8,76.4183100211284,76.4183100211284,"Smooth","Avg. Reward Condition",20,"1",8,4,99,17,"Short",0.0377312085575926,0.668991617520448,NA,0.222037120004245,"localGP"
"501",3,5,1,9,48.6391024853793,76.4183100211284,"Smooth","Avg. Reward Condition",20,"1",8,4,101,17,"Short",0.0377312085575926,0.668991617520448,NA,0.222037120004245,"localGP"
"502",3,6,1,10,55.500663546292,76.4183100211284,"Smooth","Avg. Reward Condition",20,"1",8,3,112,17,"Short",0.0377312085575926,0.668991617520448,NA,0.222037120004245,"localGP"
"503",3,7,2,10,80.310641709381,80.310641709381,"Smooth","Avg. Reward Condition",20,"1",8,1,113,17,"Short",0.0377312085575926,0.668991617520448,NA,0.222037120004245,"localGP"
"504",3,8,2,10,80.310641709381,80.310641709381,"Smooth","Avg. Reward Condition",20,"1",8,7,113,17,"Short",0.0377312085575926,0.668991617520448,NA,0.222037120004245,"localGP"
"505",3,9,3,10,63.8923159509584,80.310641709381,"Smooth","Avg. Reward Condition",20,"1",8,4,114,17,"Short",0.0377312085575926,0.668991617520448,NA,0.222037120004245,"localGP"
"506",3,10,5,8,45.4136649367735,80.310641709381,"Smooth","Avg. Reward Condition",20,"1",8,5,94,17,"Short",0.0377312085575926,0.668991617520448,NA,0.222037120004245,"localGP"
"507",3,11,5,9,44.3361493266823,80.310641709381,"Smooth","Avg. Reward Condition",20,"1",8,1,105,17,"Short",0.0377312085575926,0.668991617520448,NA,0.222037120004245,"localGP"
"508",3,12,5,10,46.4586554902202,80.310641709381,"Smooth","Avg. Reward Condition",20,"1",8,1,116,17,"Short",0.0377312085575926,0.668991617520448,NA,0.222037120004245,"localGP"
"509",3,13,4,7,87.7929185379322,87.7929185379322,"Smooth","Avg. Reward Condition",20,"1",8,1,82,17,"Short",0.0377312085575926,0.668991617520448,NA,0.222037120004245,"localGP"
"510",3,14,4,7,87.7929185379322,87.7929185379322,"Smooth","Avg. Reward Condition",20,"1",8,2,82,17,"Short",0.0377312085575926,0.668991617520448,NA,0.222037120004245,"localGP"
"511",3,15,4,6,92.5612285235121,92.5612285235121,"Smooth","Avg. Reward Condition",20,"1",8,1,71,17,"Short",0.0377312085575926,0.668991617520448,NA,0.222037120004245,"localGP"
"512",3,16,4,6,92.5612285235121,92.5612285235121,"Smooth","Avg. Reward Condition",20,"1",8,0,71,17,"Short",0.0377312085575926,0.668991617520448,NA,0.222037120004245,"localGP"
"513",3,17,4,6,92.5612285235121,92.5612285235121,"Smooth","Avg. Reward Condition",20,"1",8,1,71,17,"Short",0.0377312085575926,0.668991617520448,NA,0.222037120004245,"localGP"
"514",3,18,5,6,43.2423959719255,92.5612285235121,"Smooth","Avg. Reward Condition",20,"1",8,0,72,17,"Short",0.0377312085575926,0.668991617520448,NA,0.222037120004245,"localGP"
"515",3,19,4,6,92.5612285235121,92.5612285235121,"Smooth","Avg. Reward Condition",20,"1",8,0,71,17,"Short",0.0377312085575926,0.668991617520448,NA,0.222037120004245,"localGP"
"516",3,20,4,6,92.5612285235121,92.5612285235121,"Smooth","Avg. Reward Condition",20,"1",8,0,71,17,"Short",0.0377312085575926,0.668991617520448,NA,0.222037120004245,"localGP"
"517",3,21,4,6,92.5612285235121,92.5612285235121,"Smooth","Avg. Reward Condition",20,"1",8,0,71,17,"Short",0.0377312085575926,0.668991617520448,NA,0.222037120004245,"localGP"
"518",3,1,1,5,64.6815173963215,64.6815173963215,"Smooth","Avg. Reward Condition",40,"2",13,NA,57,18,"Long",0.0330995597607962,1.82142849514625,NA,0.0296136874808154,"localGP"
"519",3,2,2,5,73.5182942872348,73.5182942872348,"Smooth","Avg. Reward Condition",40,"2",13,4,58,18,"Long",0.0330995597607962,1.82142849514625,NA,0.0296136874808154,"localGP"
"520",3,3,3,5,54.7363822558009,73.5182942872348,"Smooth","Avg. Reward Condition",40,"2",13,5,59,18,"Long",0.0330995597607962,1.82142849514625,NA,0.0296136874808154,"localGP"
"521",3,4,2,5,73.5182942872348,73.5182942872348,"Smooth","Avg. Reward Condition",40,"2",13,1,58,18,"Long",0.0330995597607962,1.82142849514625,NA,0.0296136874808154,"localGP"
"522",3,5,2,6,46.1154151661553,73.5182942872348,"Smooth","Avg. Reward Condition",40,"2",13,1,69,18,"Long",0.0330995597607962,1.82142849514625,NA,0.0296136874808154,"localGP"
"523",3,6,2,5,73.5182942872348,73.5182942872348,"Smooth","Avg. Reward Condition",40,"2",13,1,58,18,"Long",0.0330995597607962,1.82142849514625,NA,0.0296136874808154,"localGP"
"524",3,7,2,5,73.5182942872348,73.5182942872348,"Smooth","Avg. Reward Condition",40,"2",13,1,58,18,"Long",0.0330995597607962,1.82142849514625,NA,0.0296136874808154,"localGP"
"525",3,8,2,4,86.7630388184153,86.7630388184153,"Smooth","Avg. Reward Condition",40,"2",13,1,47,18,"Long",0.0330995597607962,1.82142849514625,NA,0.0296136874808154,"localGP"
"526",3,9,2,4,86.7630388184153,86.7630388184153,"Smooth","Avg. Reward Condition",40,"2",13,1,47,18,"Long",0.0330995597607962,1.82142849514625,NA,0.0296136874808154,"localGP"
"527",3,10,2,4,86.7630388184153,86.7630388184153,"Smooth","Avg. Reward Condition",40,"2",13,1,47,18,"Long",0.0330995597607962,1.82142849514625,NA,0.0296136874808154,"localGP"
"528",3,11,2,4,86.7630388184153,86.7630388184153,"Smooth","Avg. Reward Condition",40,"2",13,0,47,18,"Long",0.0330995597607962,1.82142849514625,NA,0.0296136874808154,"localGP"
"529",3,12,2,4,86.7630388184153,86.7630388184153,"Smooth","Avg. Reward Condition",40,"2",13,0,47,18,"Long",0.0330995597607962,1.82142849514625,NA,0.0296136874808154,"localGP"
"530",3,13,2,4,86.7630388184153,86.7630388184153,"Smooth","Avg. Reward Condition",40,"2",13,0,47,18,"Long",0.0330995597607962,1.82142849514625,NA,0.0296136874808154,"localGP"
"531",3,14,2,4,86.7630388184153,86.7630388184153,"Smooth","Avg. Reward Condition",40,"2",13,0,47,18,"Long",0.0330995597607962,1.82142849514625,NA,0.0296136874808154,"localGP"
"532",3,15,2,4,86.7630388184153,86.7630388184153,"Smooth","Avg. Reward Condition",40,"2",13,0,47,18,"Long",0.0330995597607962,1.82142849514625,NA,0.0296136874808154,"localGP"
"533",3,16,2,4,86.7630388184153,86.7630388184153,"Smooth","Avg. Reward Condition",40,"2",13,0,47,18,"Long",0.0330995597607962,1.82142849514625,NA,0.0296136874808154,"localGP"
"534",3,17,2,4,86.7630388184153,86.7630388184153,"Smooth","Avg. Reward Condition",40,"2",13,0,47,18,"Long",0.0330995597607962,1.82142849514625,NA,0.0296136874808154,"localGP"
"535",3,18,2,4,86.7630388184153,86.7630388184153,"Smooth","Avg. Reward Condition",40,"2",13,0,47,18,"Long",0.0330995597607962,1.82142849514625,NA,0.0296136874808154,"localGP"
"536",3,19,2,3,88.3048631958372,88.3048631958372,"Smooth","Avg. Reward Condition",40,"2",13,0,36,18,"Long",0.0330995597607962,1.82142849514625,NA,0.0296136874808154,"localGP"
"537",3,20,2,2,91.2685637119397,91.2685637119397,"Smooth","Avg. Reward Condition",40,"2",13,0,25,18,"Long",0.0330995597607962,1.82142849514625,NA,0.0296136874808154,"localGP"
"538",3,21,2,1,67.2278837680135,91.2685637119397,"Smooth","Avg. Reward Condition",40,"2",13,0,14,18,"Long",0.0330995597607962,1.82142849514625,NA,0.0296136874808154,"localGP"
"539",3,22,2,2,91.2685637119397,91.2685637119397,"Smooth","Avg. Reward Condition",40,"2",13,0,25,18,"Long",0.0330995597607962,1.82142849514625,NA,0.0296136874808154,"localGP"
"540",3,23,2,2,91.2685637119397,91.2685637119397,"Smooth","Avg. Reward Condition",40,"2",13,0,25,18,"Long",0.0330995597607962,1.82142849514625,NA,0.0296136874808154,"localGP"
"541",3,24,2,2,91.2685637119397,91.2685637119397,"Smooth","Avg. Reward Condition",40,"2",13,0,25,18,"Long",0.0330995597607962,1.82142849514625,NA,0.0296136874808154,"localGP"
"542",3,25,2,2,91.2685637119397,91.2685637119397,"Smooth","Avg. Reward Condition",40,"2",13,0,25,18,"Long",0.0330995597607962,1.82142849514625,NA,0.0296136874808154,"localGP"
"543",3,26,2,3,88.3048631958372,91.2685637119397,"Smooth","Avg. Reward Condition",40,"2",13,0,36,18,"Long",0.0330995597607962,1.82142849514625,NA,0.0296136874808154,"localGP"
"544",3,27,2,3,88.3048631958372,91.2685637119397,"Smooth","Avg. Reward Condition",40,"2",13,0,36,18,"Long",0.0330995597607962,1.82142849514625,NA,0.0296136874808154,"localGP"
"545",3,28,2,2,91.2685637119397,91.2685637119397,"Smooth","Avg. Reward Condition",40,"2",13,0,25,18,"Long",0.0330995597607962,1.82142849514625,NA,0.0296136874808154,"localGP"
"546",3,29,2,2,91.2685637119397,91.2685637119397,"Smooth","Avg. Reward Condition",40,"2",13,0,25,18,"Long",0.0330995597607962,1.82142849514625,NA,0.0296136874808154,"localGP"
"547",3,30,2,2,91.2685637119397,91.2685637119397,"Smooth","Avg. Reward Condition",40,"2",13,0,25,18,"Long",0.0330995597607962,1.82142849514625,NA,0.0296136874808154,"localGP"
"548",3,31,2,2,91.2685637119397,91.2685637119397,"Smooth","Avg. Reward Condition",40,"2",13,0,25,18,"Long",0.0330995597607962,1.82142849514625,NA,0.0296136874808154,"localGP"
"549",3,32,2,2,91.2685637119397,91.2685637119397,"Smooth","Avg. Reward Condition",40,"2",13,0,25,18,"Long",0.0330995597607962,1.82142849514625,NA,0.0296136874808154,"localGP"
"550",3,33,2,2,91.2685637119397,91.2685637119397,"Smooth","Avg. Reward Condition",40,"2",13,0,25,18,"Long",0.0330995597607962,1.82142849514625,NA,0.0296136874808154,"localGP"
"551",3,34,2,3,88.3048631958372,91.2685637119397,"Smooth","Avg. Reward Condition",40,"2",13,0,36,18,"Long",0.0330995597607962,1.82142849514625,NA,0.0296136874808154,"localGP"
"552",3,35,2,3,88.3048631958372,91.2685637119397,"Smooth","Avg. Reward Condition",40,"2",13,0,36,18,"Long",0.0330995597607962,1.82142849514625,NA,0.0296136874808154,"localGP"
"553",3,36,2,2,91.2685637119397,91.2685637119397,"Smooth","Avg. Reward Condition",40,"2",13,0,25,18,"Long",0.0330995597607962,1.82142849514625,NA,0.0296136874808154,"localGP"
"554",3,37,2,2,91.2685637119397,91.2685637119397,"Smooth","Avg. Reward Condition",40,"2",13,0,25,18,"Long",0.0330995597607962,1.82142849514625,NA,0.0296136874808154,"localGP"
"555",3,38,2,2,91.2685637119397,91.2685637119397,"Smooth","Avg. Reward Condition",40,"2",13,0,25,18,"Long",0.0330995597607962,1.82142849514625,NA,0.0296136874808154,"localGP"
"556",3,39,2,3,88.3048631958372,91.2685637119397,"Smooth","Avg. Reward Condition",40,"2",13,0,36,18,"Long",0.0330995597607962,1.82142849514625,NA,0.0296136874808154,"localGP"
"557",3,40,2,2,91.2685637119397,91.2685637119397,"Smooth","Avg. Reward Condition",40,"2",13,0,25,18,"Long",0.0330995597607962,1.82142849514625,NA,0.0296136874808154,"localGP"
"558",3,41,1,2,38.3504915671492,91.2685637119397,"Smooth","Avg. Reward Condition",40,"2",13,0,24,18,"Long",0.0330995597607962,1.82142849514625,NA,0.0296136874808154,"localGP"
"559",3,1,0,9,24.6902821477312,24.6902821477312,"Smooth","Avg. Reward Condition",20,"3",15,NA,100,19,"Short",0.0416286464071135,0.512919832724165,NA,0.21267686433287,"localGP"
"560",3,2,10,7,33.2572660772245,33.2572660772245,"Smooth","Avg. Reward Condition",20,"3",15,3,88,19,"Short",0.0416286464071135,0.512919832724165,NA,0.21267686433287,"localGP"
"561",3,3,10,8,45.4103222140062,45.4103222140062,"Smooth","Avg. Reward Condition",20,"3",15,2,99,19,"Short",0.0416286464071135,0.512919832724165,NA,0.21267686433287,"localGP"
"562",3,4,9,8,42.7391657259998,45.4103222140062,"Smooth","Avg. Reward Condition",20,"3",15,5,98,19,"Short",0.0416286464071135,0.512919832724165,NA,0.21267686433287,"localGP"
"563",3,5,8,8,77.4510822017491,77.4510822017491,"Smooth","Avg. Reward Condition",20,"3",15,1,97,19,"Short",0.0416286464071135,0.512919832724165,NA,0.21267686433287,"localGP"
"564",3,6,7,8,69.8476397875391,77.4510822017491,"Smooth","Avg. Reward Condition",20,"3",15,1,96,19,"Short",0.0416286464071135,0.512919832724165,NA,0.21267686433287,"localGP"
"565",3,7,7,9,49.4458088899389,77.4510822017491,"Smooth","Avg. Reward Condition",20,"3",15,1,107,19,"Short",0.0416286464071135,0.512919832724165,NA,0.21267686433287,"localGP"
"566",3,8,8,9,59.3788752580905,77.4510822017491,"Smooth","Avg. Reward Condition",20,"3",15,0,108,19,"Short",0.0416286464071135,0.512919832724165,NA,0.21267686433287,"localGP"
"567",3,9,9,9,53.839970383571,77.4510822017491,"Smooth","Avg. Reward Condition",20,"3",15,3,109,19,"Short",0.0416286464071135,0.512919832724165,NA,0.21267686433287,"localGP"
"568",3,10,10,9,61.3102358777366,77.4510822017491,"Smooth","Avg. Reward Condition",20,"3",15,1,110,19,"Short",0.0416286464071135,0.512919832724165,NA,0.21267686433287,"localGP"
"569",3,11,7,5,36.5795294190288,77.4510822017491,"Smooth","Avg. Reward Condition",20,"3",15,1,63,19,"Short",0.0416286464071135,0.512919832724165,NA,0.21267686433287,"localGP"
"570",3,12,10,2,72.5729702325588,77.4510822017491,"Smooth","Avg. Reward Condition",20,"3",15,1,33,19,"Short",0.0416286464071135,0.512919832724165,NA,0.21267686433287,"localGP"
"571",3,13,10,2,72.5729702325588,77.4510822017491,"Smooth","Avg. Reward Condition",20,"3",15,2,33,19,"Short",0.0416286464071135,0.512919832724165,NA,0.21267686433287,"localGP"
"572",3,14,9,2,80.7274963103288,80.7274963103288,"Smooth","Avg. Reward Condition",20,"3",15,0,32,19,"Short",0.0416286464071135,0.512919832724165,NA,0.21267686433287,"localGP"
"573",3,15,8,2,70.4382048809147,80.7274963103288,"Smooth","Avg. Reward Condition",20,"3",15,0,31,19,"Short",0.0416286464071135,0.512919832724165,NA,0.21267686433287,"localGP"
"574",3,16,9,3,76.9729164746691,80.7274963103288,"Smooth","Avg. Reward Condition",20,"3",15,0,43,19,"Short",0.0416286464071135,0.512919832724165,NA,0.21267686433287,"localGP"
"575",3,17,10,3,68.1676938664988,80.7274963103288,"Smooth","Avg. Reward Condition",20,"3",15,2,44,19,"Short",0.0416286464071135,0.512919832724165,NA,0.21267686433287,"localGP"
"576",3,18,6,1,47.8003239133114,80.7274963103288,"Smooth","Avg. Reward Condition",20,"3",15,2,18,19,"Short",0.0416286464071135,0.512919832724165,NA,0.21267686433287,"localGP"
"577",3,19,5,1,30.4951165770028,80.7274963103288,"Smooth","Avg. Reward Condition",20,"3",15,1,17,19,"Short",0.0416286464071135,0.512919832724165,NA,0.21267686433287,"localGP"
"578",3,20,6,2,70.2102889372843,80.7274963103288,"Smooth","Avg. Reward Condition",20,"3",15,4,29,19,"Short",0.0416286464071135,0.512919832724165,NA,0.21267686433287,"localGP"
"579",3,21,9,1,71.6538266812366,80.7274963103288,"Smooth","Avg. Reward Condition",20,"3",15,2,21,19,"Short",0.0416286464071135,0.512919832724165,NA,0.21267686433287,"localGP"
"580",3,1,1,2,35.7010889135408,35.7010889135408,"Smooth","Avg. Reward Condition",40,"4",12,NA,24,20,"Long",0.0226567630202504,3.72043218502137,NA,0.0067379614255361,"localGP"
"581",3,2,10,10,82.1633669638576,82.1633669638576,"Smooth","Avg. Reward Condition",40,"4",12,1,121,20,"Long",0.0226567630202504,3.72043218502137,NA,0.0067379614255361,"localGP"
"582",3,3,9,10,67.4802551534836,82.1633669638576,"Smooth","Avg. Reward Condition",40,"4",12,3,120,20,"Long",0.0226567630202504,3.72043218502137,NA,0.0067379614255361,"localGP"
"583",3,4,10,10,82.1633669638576,82.1633669638576,"Smooth","Avg. Reward Condition",40,"4",12,2,121,20,"Long",0.0226567630202504,3.72043218502137,NA,0.0067379614255361,"localGP"
"584",3,5,10,10,82.1633669638576,82.1633669638576,"Smooth","Avg. Reward Condition",40,"4",12,2,121,20,"Long",0.0226567630202504,3.72043218502137,NA,0.0067379614255361,"localGP"
"585",3,6,10,9,82.6126094041151,82.6126094041151,"Smooth","Avg. Reward Condition",40,"4",12,1,110,20,"Long",0.0226567630202504,3.72043218502137,NA,0.0067379614255361,"localGP"
"586",3,7,10,8,81.5439013979377,82.6126094041151,"Smooth","Avg. Reward Condition",40,"4",12,2,99,20,"Long",0.0226567630202504,3.72043218502137,NA,0.0067379614255361,"localGP"
"587",3,8,10,9,82.6126094041151,82.6126094041151,"Smooth","Avg. Reward Condition",40,"4",12,5,110,20,"Long",0.0226567630202504,3.72043218502137,NA,0.0067379614255361,"localGP"
"588",3,9,10,8,81.5439013979377,82.6126094041151,"Smooth","Avg. Reward Condition",40,"4",12,1,99,20,"Long",0.0226567630202504,3.72043218502137,NA,0.0067379614255361,"localGP"
"589",3,10,10,9,82.6126094041151,82.6126094041151,"Smooth","Avg. Reward Condition",40,"4",12,2,110,20,"Long",0.0226567630202504,3.72043218502137,NA,0.0067379614255361,"localGP"
"590",3,11,10,10,82.1633669638576,82.6126094041151,"Smooth","Avg. Reward Condition",40,"4",12,2,121,20,"Long",0.0226567630202504,3.72043218502137,NA,0.0067379614255361,"localGP"
"591",3,12,10,10,82.1633669638576,82.6126094041151,"Smooth","Avg. Reward Condition",40,"4",12,3,121,20,"Long",0.0226567630202504,3.72043218502137,NA,0.0067379614255361,"localGP"
"592",3,13,10,9,82.6126094041151,82.6126094041151,"Smooth","Avg. Reward Condition",40,"4",12,1,110,20,"Long",0.0226567630202504,3.72043218502137,NA,0.0067379614255361,"localGP"
"593",3,14,10,9,82.6126094041151,82.6126094041151,"Smooth","Avg. Reward Condition",40,"4",12,3,110,20,"Long",0.0226567630202504,3.72043218502137,NA,0.0067379614255361,"localGP"
"594",3,15,10,10,82.1633669638576,82.6126094041151,"Smooth","Avg. Reward Condition",40,"4",12,2,121,20,"Long",0.0226567630202504,3.72043218502137,NA,0.0067379614255361,"localGP"
"595",3,16,10,10,82.1633669638576,82.6126094041151,"Smooth","Avg. Reward Condition",40,"4",12,4,121,20,"Long",0.0226567630202504,3.72043218502137,NA,0.0067379614255361,"localGP"
"596",3,17,10,9,82.6126094041151,82.6126094041151,"Smooth","Avg. Reward Condition",40,"4",12,2,110,20,"Long",0.0226567630202504,3.72043218502137,NA,0.0067379614255361,"localGP"
"597",3,18,10,10,82.1633669638576,82.6126094041151,"Smooth","Avg. Reward Condition",40,"4",12,3,121,20,"Long",0.0226567630202504,3.72043218502137,NA,0.0067379614255361,"localGP"
"598",3,19,10,9,82.6126094041151,82.6126094041151,"Smooth","Avg. Reward Condition",40,"4",12,0,110,20,"Long",0.0226567630202504,3.72043218502137,NA,0.0067379614255361,"localGP"
"599",3,20,10,8,81.5439013979377,82.6126094041151,"Smooth","Avg. Reward Condition",40,"4",12,0,99,20,"Long",0.0226567630202504,3.72043218502137,NA,0.0067379614255361,"localGP"
"600",3,21,10,7,59.9919604087236,82.6126094041151,"Smooth","Avg. Reward Condition",40,"4",12,0,88,20,"Long",0.0226567630202504,3.72043218502137,NA,0.0067379614255361,"localGP"
"601",3,22,10,8,81.5439013979377,82.6126094041151,"Smooth","Avg. Reward Condition",40,"4",12,0,99,20,"Long",0.0226567630202504,3.72043218502137,NA,0.0067379614255361,"localGP"
"602",3,23,10,8,81.5439013979377,82.6126094041151,"Smooth","Avg. Reward Condition",40,"4",12,0,99,20,"Long",0.0226567630202504,3.72043218502137,NA,0.0067379614255361,"localGP"
"603",3,24,10,8,81.5439013979377,82.6126094041151,"Smooth","Avg. Reward Condition",40,"4",12,0,99,20,"Long",0.0226567630202504,3.72043218502137,NA,0.0067379614255361,"localGP"
"604",3,25,10,9,82.6126094041151,82.6126094041151,"Smooth","Avg. Reward Condition",40,"4",12,0,110,20,"Long",0.0226567630202504,3.72043218502137,NA,0.0067379614255361,"localGP"
"605",3,26,9,9,79.9813230498627,82.6126094041151,"Smooth","Avg. Reward Condition",40,"4",12,0,109,20,"Long",0.0226567630202504,3.72043218502137,NA,0.0067379614255361,"localGP"
"606",3,27,9,8,85.7573935505375,85.7573935505375,"Smooth","Avg. Reward Condition",40,"4",12,0,98,20,"Long",0.0226567630202504,3.72043218502137,NA,0.0067379614255361,"localGP"
"607",3,28,8,8,74.2665096632298,85.7573935505375,"Smooth","Avg. Reward Condition",40,"4",12,0,97,20,"Long",0.0226567630202504,3.72043218502137,NA,0.0067379614255361,"localGP"
"608",3,29,9,8,85.7573935505375,85.7573935505375,"Smooth","Avg. Reward Condition",40,"4",12,0,98,20,"Long",0.0226567630202504,3.72043218502137,NA,0.0067379614255361,"localGP"
"609",3,30,9,8,85.7573935505375,85.7573935505375,"Smooth","Avg. Reward Condition",40,"4",12,0,98,20,"Long",0.0226567630202504,3.72043218502137,NA,0.0067379614255361,"localGP"
"610",3,31,9,8,85.7573935505375,85.7573935505375,"Smooth","Avg. Reward Condition",40,"4",12,0,98,20,"Long",0.0226567630202504,3.72043218502137,NA,0.0067379614255361,"localGP"
"611",3,32,10,8,81.5439013979377,85.7573935505375,"Smooth","Avg. Reward Condition",40,"4",12,0,99,20,"Long",0.0226567630202504,3.72043218502137,NA,0.0067379614255361,"localGP"
"612",3,33,9,8,85.7573935505375,85.7573935505375,"Smooth","Avg. Reward Condition",40,"4",12,0,98,20,"Long",0.0226567630202504,3.72043218502137,NA,0.0067379614255361,"localGP"
"613",3,34,9,8,85.7573935505375,85.7573935505375,"Smooth","Avg. Reward Condition",40,"4",12,0,98,20,"Long",0.0226567630202504,3.72043218502137,NA,0.0067379614255361,"localGP"
"614",3,35,9,8,85.7573935505375,85.7573935505375,"Smooth","Avg. Reward Condition",40,"4",12,0,98,20,"Long",0.0226567630202504,3.72043218502137,NA,0.0067379614255361,"localGP"
"615",3,36,9,8,85.7573935505375,85.7573935505375,"Smooth","Avg. Reward Condition",40,"4",12,0,98,20,"Long",0.0226567630202504,3.72043218502137,NA,0.0067379614255361,"localGP"
"616",3,37,9,8,85.7573935505375,85.7573935505375,"Smooth","Avg. Reward Condition",40,"4",12,0,98,20,"Long",0.0226567630202504,3.72043218502137,NA,0.0067379614255361,"localGP"
"617",3,38,9,8,85.7573935505375,85.7573935505375,"Smooth","Avg. Reward Condition",40,"4",12,0,98,20,"Long",0.0226567630202504,3.72043218502137,NA,0.0067379614255361,"localGP"
"618",3,39,9,8,85.7573935505375,85.7573935505375,"Smooth","Avg. Reward Condition",40,"4",12,0,98,20,"Long",0.0226567630202504,3.72043218502137,NA,0.0067379614255361,"localGP"
"619",3,40,9,8,85.7573935505375,85.7573935505375,"Smooth","Avg. Reward Condition",40,"4",12,0,98,20,"Long",0.0226567630202504,3.72043218502137,NA,0.0067379614255361,"localGP"
"620",3,41,9,9,79.9813230498627,85.7573935505375,"Smooth","Avg. Reward Condition",40,"4",12,0,109,20,"Long",0.0226567630202504,3.72043218502137,NA,0.0067379614255361,"localGP"
"621",3,1,7,0,21.4630619894753,21.4630619894753,"Smooth","Avg. Reward Condition",20,"5",0,NA,8,21,"Short",0.0557073457049516,0.677957379829557,NA,0.219117073291716,"localGP"
"622",3,2,7,3,30.9043108896153,30.9043108896153,"Smooth","Avg. Reward Condition",20,"5",0,1,41,21,"Short",0.0557073457049516,0.677957379829557,NA,0.219117073291716,"localGP"
"623",3,3,2,7,42.7772511233164,42.7772511233164,"Smooth","Avg. Reward Condition",20,"5",0,1,80,21,"Short",0.0557073457049516,0.677957379829557,NA,0.219117073291716,"localGP"
"624",3,4,1,6,76.1819602246697,76.1819602246697,"Smooth","Avg. Reward Condition",20,"5",0,1,68,21,"Short",0.0557073457049516,0.677957379829557,NA,0.219117073291716,"localGP"
"625",3,5,2,6,50.7364669239803,76.1819602246697,"Smooth","Avg. Reward Condition",20,"5",0,1,69,21,"Short",0.0557073457049516,0.677957379829557,NA,0.219117073291716,"localGP"
"626",3,6,9,2,59.0192052842826,76.1819602246697,"Smooth","Avg. Reward Condition",20,"5",0,1,32,21,"Short",0.0557073457049516,0.677957379829557,NA,0.219117073291716,"localGP"
"627",3,7,9,0,44.764827701854,76.1819602246697,"Smooth","Avg. Reward Condition",20,"5",0,1,10,21,"Short",0.0557073457049516,0.677957379829557,NA,0.219117073291716,"localGP"
"628",3,8,5,1,27.9959182394562,76.1819602246697,"Smooth","Avg. Reward Condition",20,"5",0,3,17,21,"Short",0.0557073457049516,0.677957379829557,NA,0.219117073291716,"localGP"
"629",3,9,4,1,16.9242628027693,76.1819602246697,"Smooth","Avg. Reward Condition",20,"5",0,1,16,21,"Short",0.0557073457049516,0.677957379829557,NA,0.219117073291716,"localGP"
"630",3,10,3,2,44.1450806306014,76.1819602246697,"Smooth","Avg. Reward Condition",20,"5",0,2,26,21,"Short",0.0557073457049516,0.677957379829557,NA,0.219117073291716,"localGP"
"631",3,11,3,4,72.1209794617426,76.1819602246697,"Smooth","Avg. Reward Condition",20,"5",0,2,48,21,"Short",0.0557073457049516,0.677957379829557,NA,0.219117073291716,"localGP"
"632",3,12,3,5,42.0356921571109,76.1819602246697,"Smooth","Avg. Reward Condition",20,"5",0,2,59,21,"Short",0.0557073457049516,0.677957379829557,NA,0.219117073291716,"localGP"
"633",3,13,7,4,41.500031362003,76.1819602246697,"Smooth","Avg. Reward Condition",20,"5",0,0,52,21,"Short",0.0557073457049516,0.677957379829557,NA,0.219117073291716,"localGP"
"634",3,14,6,7,57.6061006011955,76.1819602246697,"Smooth","Avg. Reward Condition",20,"5",0,0,84,21,"Short",0.0557073457049516,0.677957379829557,NA,0.219117073291716,"localGP"
"635",3,15,7,1,9.61047525275772,76.1819602246697,"Smooth","Avg. Reward Condition",20,"5",0,0,19,21,"Short",0.0557073457049516,0.677957379829557,NA,0.219117073291716,"localGP"
"636",3,16,10,5,1.48105880791409,76.1819602246697,"Smooth","Avg. Reward Condition",20,"5",0,0,66,21,"Short",0.0557073457049516,0.677957379829557,NA,0.219117073291716,"localGP"
"637",3,17,10,6,47.7902004449391,76.1819602246697,"Smooth","Avg. Reward Condition",20,"5",0,0,77,21,"Short",0.0557073457049516,0.677957379829557,NA,0.219117073291716,"localGP"
"638",3,18,10,7,82.7698657970911,82.7698657970911,"Smooth","Avg. Reward Condition",20,"5",0,0,88,21,"Short",0.0557073457049516,0.677957379829557,NA,0.219117073291716,"localGP"
"639",3,19,9,8,92.8491332342499,92.8491332342499,"Smooth","Avg. Reward Condition",20,"5",0,0,98,21,"Short",0.0557073457049516,0.677957379829557,NA,0.219117073291716,"localGP"
"640",3,20,9,7,93.0900522357202,93.0900522357202,"Smooth","Avg. Reward Condition",20,"5",0,0,87,21,"Short",0.0557073457049516,0.677957379829557,NA,0.219117073291716,"localGP"
"641",3,21,9,7,93.0900522357202,93.0900522357202,"Smooth","Avg. Reward Condition",20,"5",0,0,87,21,"Short",0.0557073457049516,0.677957379829557,NA,0.219117073291716,"localGP"
"642",3,1,2,7,5.78700600623116,5.78700600623116,"Smooth","Avg. Reward Condition",40,"6",18,NA,80,22,"Long",0.0429934352019163,3.39071856585626,NA,0.00673794869099037,"localGP"
"643",3,2,6,4,24.0248838436953,24.0248838436953,"Smooth","Avg. Reward Condition",40,"6",18,1,51,22,"Long",0.0429934352019163,3.39071856585626,NA,0.00673794869099037,"localGP"
"644",3,3,0,9,63.7273848369045,63.7273848369045,"Smooth","Avg. Reward Condition",40,"6",18,1,100,22,"Long",0.0429934352019163,3.39071856585626,NA,0.00673794869099037,"localGP"
"645",3,4,0,10,44.7774903870151,63.7273848369045,"Smooth","Avg. Reward Condition",40,"6",18,1,111,22,"Long",0.0429934352019163,3.39071856585626,NA,0.00673794869099037,"localGP"
"646",3,5,10,3,47.7289893692748,63.7273848369045,"Smooth","Avg. Reward Condition",40,"6",18,0,44,22,"Long",0.0429934352019163,3.39071856585626,NA,0.00673794869099037,"localGP"
"647",3,6,2,5,28.3106281722044,63.7273848369045,"Smooth","Avg. Reward Condition",40,"6",18,1,58,22,"Long",0.0429934352019163,3.39071856585626,NA,0.00673794869099037,"localGP"
"648",3,7,0,4,2.73847542307962,63.7273848369045,"Smooth","Avg. Reward Condition",40,"6",18,1,45,22,"Long",0.0429934352019163,3.39071856585626,NA,0.00673794869099037,"localGP"
"649",3,8,8,8,58.8343770395875,63.7273848369045,"Smooth","Avg. Reward Condition",40,"6",18,1,97,22,"Long",0.0429934352019163,3.39071856585626,NA,0.00673794869099037,"localGP"
"650",3,9,10,9,68.5571263747788,68.5571263747788,"Smooth","Avg. Reward Condition",40,"6",18,1,110,22,"Long",0.0429934352019163,3.39071856585626,NA,0.00673794869099037,"localGP"
"651",3,10,10,8,59.2407992793453,68.5571263747788,"Smooth","Avg. Reward Condition",40,"6",18,2,99,22,"Long",0.0429934352019163,3.39071856585626,NA,0.00673794869099037,"localGP"
"652",3,11,10,9,68.5571263747788,68.5571263747788,"Smooth","Avg. Reward Condition",40,"6",18,2,110,22,"Long",0.0429934352019163,3.39071856585626,NA,0.00673794869099037,"localGP"
"653",3,12,7,1,20.2621772906114,68.5571263747788,"Smooth","Avg. Reward Condition",40,"6",18,1,19,22,"Long",0.0429934352019163,3.39071856585626,NA,0.00673794869099037,"localGP"
"654",3,13,3,10,32.5695318981662,68.5571263747788,"Smooth","Avg. Reward Condition",40,"6",18,0,114,22,"Long",0.0429934352019163,3.39071856585626,NA,0.00673794869099037,"localGP"
"655",3,14,7,10,39.5407952471519,68.5571263747788,"Smooth","Avg. Reward Condition",40,"6",18,0,118,22,"Long",0.0429934352019163,3.39071856585626,NA,0.00673794869099037,"localGP"
"656",3,15,8,10,43.0920417226209,68.5571263747788,"Smooth","Avg. Reward Condition",40,"6",18,0,119,22,"Long",0.0429934352019163,3.39071856585626,NA,0.00673794869099037,"localGP"
"657",3,16,10,0,38.2617250048476,68.5571263747788,"Smooth","Avg. Reward Condition",40,"6",18,0,11,22,"Long",0.0429934352019163,3.39071856585626,NA,0.00673794869099037,"localGP"
"658",3,17,4,6,56.6641694320835,68.5571263747788,"Smooth","Avg. Reward Condition",40,"6",18,0,71,22,"Long",0.0429934352019163,3.39071856585626,NA,0.00673794869099037,"localGP"
"659",3,18,3,3,53.9768384538052,68.5571263747788,"Smooth","Avg. Reward Condition",40,"6",18,0,37,22,"Long",0.0429934352019163,3.39071856585626,NA,0.00673794869099037,"localGP"
"660",3,19,5,4,37.8791272787462,68.5571263747788,"Smooth","Avg. Reward Condition",40,"6",18,0,50,22,"Long",0.0429934352019163,3.39071856585626,NA,0.00673794869099037,"localGP"
"661",3,20,4,1,62.7752571733289,68.5571263747788,"Smooth","Avg. Reward Condition",40,"6",18,0,16,22,"Long",0.0429934352019163,3.39071856585626,NA,0.00673794869099037,"localGP"
"662",3,21,4,0,48.2728545381987,68.5571263747788,"Smooth","Avg. Reward Condition",40,"6",18,0,5,22,"Long",0.0429934352019163,3.39071856585626,NA,0.00673794869099037,"localGP"
"663",3,22,0,9,63.7273848369045,68.5571263747788,"Smooth","Avg. Reward Condition",40,"6",18,0,100,22,"Long",0.0429934352019163,3.39071856585626,NA,0.00673794869099037,"localGP"
"664",3,23,4,5,66.1329906623103,68.5571263747788,"Smooth","Avg. Reward Condition",40,"6",18,0,60,22,"Long",0.0429934352019163,3.39071856585626,NA,0.00673794869099037,"localGP"
"665",3,24,0,9,63.7273848369045,68.5571263747788,"Smooth","Avg. Reward Condition",40,"6",18,0,100,22,"Long",0.0429934352019163,3.39071856585626,NA,0.00673794869099037,"localGP"
"666",3,25,0,1,37.2422418931396,68.5571263747788,"Smooth","Avg. Reward Condition",40,"6",18,0,12,22,"Long",0.0429934352019163,3.39071856585626,NA,0.00673794869099037,"localGP"
"667",3,26,3,0,28.442618018304,68.5571263747788,"Smooth","Avg. Reward Condition",40,"6",18,0,4,22,"Long",0.0429934352019163,3.39071856585626,NA,0.00673794869099037,"localGP"
"668",3,27,8,1,22.4638703652577,68.5571263747788,"Smooth","Avg. Reward Condition",40,"6",18,0,20,22,"Long",0.0429934352019163,3.39071856585626,NA,0.00673794869099037,"localGP"
"669",3,28,0,8,40.1557616499508,68.5571263747788,"Smooth","Avg. Reward Condition",40,"6",18,0,89,22,"Long",0.0429934352019163,3.39071856585626,NA,0.00673794869099037,"localGP"
"670",3,29,10,4,53.5685725301176,68.5571263747788,"Smooth","Avg. Reward Condition",40,"6",18,0,55,22,"Long",0.0429934352019163,3.39071856585626,NA,0.00673794869099037,"localGP"
"671",3,30,1,2,56.0034935119072,68.5571263747788,"Smooth","Avg. Reward Condition",40,"6",18,0,24,22,"Long",0.0429934352019163,3.39071856585626,NA,0.00673794869099037,"localGP"
"672",3,31,8,7,51.6253344127728,68.5571263747788,"Smooth","Avg. Reward Condition",40,"6",18,0,86,22,"Long",0.0429934352019163,3.39071856585626,NA,0.00673794869099037,"localGP"
"673",3,32,7,3,0,68.5571263747788,"Smooth","Avg. Reward Condition",40,"6",18,0,41,22,"Long",0.0429934352019163,3.39071856585626,NA,0.00673794869099037,"localGP"
"674",3,33,8,10,43.0920417226209,68.5571263747788,"Smooth","Avg. Reward Condition",40,"6",18,0,119,22,"Long",0.0429934352019163,3.39071856585626,NA,0.00673794869099037,"localGP"
"675",3,34,0,0,58.6812427635904,68.5571263747788,"Smooth","Avg. Reward Condition",40,"6",18,0,1,22,"Long",0.0429934352019163,3.39071856585626,NA,0.00673794869099037,"localGP"
"676",3,35,6,8,37.9736257778301,68.5571263747788,"Smooth","Avg. Reward Condition",40,"6",18,0,95,22,"Long",0.0429934352019163,3.39071856585626,NA,0.00673794869099037,"localGP"
"677",3,36,4,8,45.2794014613118,68.5571263747788,"Smooth","Avg. Reward Condition",40,"6",18,0,93,22,"Long",0.0429934352019163,3.39071856585626,NA,0.00673794869099037,"localGP"
"678",3,37,10,0,38.2617250048476,68.5571263747788,"Smooth","Avg. Reward Condition",40,"6",18,0,11,22,"Long",0.0429934352019163,3.39071856585626,NA,0.00673794869099037,"localGP"
"679",3,38,8,1,22.4638703652577,68.5571263747788,"Smooth","Avg. Reward Condition",40,"6",18,0,20,22,"Long",0.0429934352019163,3.39071856585626,NA,0.00673794869099037,"localGP"
"680",3,39,5,7,60.8656482156471,68.5571263747788,"Smooth","Avg. Reward Condition",40,"6",18,0,83,22,"Long",0.0429934352019163,3.39071856585626,NA,0.00673794869099037,"localGP"
"681",3,40,10,1,51.8458396113601,68.5571263747788,"Smooth","Avg. Reward Condition",40,"6",18,0,22,22,"Long",0.0429934352019163,3.39071856585626,NA,0.00673794869099037,"localGP"
"682",3,41,8,10,43.0920417226209,68.5571263747788,"Smooth","Avg. Reward Condition",40,"6",18,0,119,22,"Long",0.0429934352019163,3.39071856585626,NA,0.00673794869099037,"localGP"
"683",3,1,4,2,41.5181075048439,41.5181075048439,"Smooth","Avg. Reward Condition",20,"7",17,NA,27,23,"Short",0.0540120426958202,0.738660285047926,NA,0.259591790819981,"localGP"
"684",3,2,4,7,36.7346397615748,41.5181075048439,"Smooth","Avg. Reward Condition",20,"7",17,2,82,23,"Short",0.0540120426958202,0.738660285047926,NA,0.259591790819981,"localGP"
"685",3,3,10,6,67.2792889568495,67.2792889568495,"Smooth","Avg. Reward Condition",20,"7",17,1,77,23,"Short",0.0540120426958202,0.738660285047926,NA,0.259591790819981,"localGP"
"686",3,4,10,5,66.9387480102746,67.2792889568495,"Smooth","Avg. Reward Condition",20,"7",17,2,66,23,"Short",0.0540120426958202,0.738660285047926,NA,0.259591790819981,"localGP"
"687",3,5,10,4,60.9323536427728,67.2792889568495,"Smooth","Avg. Reward Condition",20,"7",17,3,55,23,"Short",0.0540120426958202,0.738660285047926,NA,0.259591790819981,"localGP"
"688",3,6,9,4,37.4189636336299,67.2792889568495,"Smooth","Avg. Reward Condition",20,"7",17,1,54,23,"Short",0.0540120426958202,0.738660285047926,NA,0.259591790819981,"localGP"
"689",3,7,6,3,42.4608725278466,67.2792889568495,"Smooth","Avg. Reward Condition",20,"7",17,1,40,23,"Short",0.0540120426958202,0.738660285047926,NA,0.259591790819981,"localGP"
"690",3,8,8,3,41.0422069840065,67.2792889568495,"Smooth","Avg. Reward Condition",20,"7",17,3,42,23,"Short",0.0540120426958202,0.738660285047926,NA,0.259591790819981,"localGP"
"691",3,9,8,2,58.6698020983596,67.2792889568495,"Smooth","Avg. Reward Condition",20,"7",17,1,31,23,"Short",0.0540120426958202,0.738660285047926,NA,0.259591790819981,"localGP"
"692",3,10,8,1,72.482907273136,72.482907273136,"Smooth","Avg. Reward Condition",20,"7",17,1,20,23,"Short",0.0540120426958202,0.738660285047926,NA,0.259591790819981,"localGP"
"693",3,11,0,7,75.6546500292789,75.6546500292789,"Smooth","Avg. Reward Condition",20,"7",17,1,78,23,"Short",0.0540120426958202,0.738660285047926,NA,0.259591790819981,"localGP"
"694",3,12,1,7,56.599176854759,75.6546500292789,"Smooth","Avg. Reward Condition",20,"7",17,0,79,23,"Short",0.0540120426958202,0.738660285047926,NA,0.259591790819981,"localGP"
"695",3,13,0,7,75.6546500292789,75.6546500292789,"Smooth","Avg. Reward Condition",20,"7",17,0,78,23,"Short",0.0540120426958202,0.738660285047926,NA,0.259591790819981,"localGP"
"696",3,14,0,6,45.728251505355,75.6546500292789,"Smooth","Avg. Reward Condition",20,"7",17,0,67,23,"Short",0.0540120426958202,0.738660285047926,NA,0.259591790819981,"localGP"
"697",3,15,6,9,16.1161494292061,75.6546500292789,"Smooth","Avg. Reward Condition",20,"7",17,0,106,23,"Short",0.0540120426958202,0.738660285047926,NA,0.259591790819981,"localGP"
"698",3,16,9,5,49.3600787974706,75.6546500292789,"Smooth","Avg. Reward Condition",20,"7",17,0,65,23,"Short",0.0540120426958202,0.738660285047926,NA,0.259591790819981,"localGP"
"699",3,17,9,2,61.2328313853332,75.6546500292789,"Smooth","Avg. Reward Condition",20,"7",17,0,32,23,"Short",0.0540120426958202,0.738660285047926,NA,0.259591790819981,"localGP"
"700",3,18,4,5,82.6609311486781,82.6609311486781,"Smooth","Avg. Reward Condition",20,"7",17,0,60,23,"Short",0.0540120426958202,0.738660285047926,NA,0.259591790819981,"localGP"
"701",3,19,5,5,42.2377203459465,82.6609311486781,"Smooth","Avg. Reward Condition",20,"7",17,0,61,23,"Short",0.0540120426958202,0.738660285047926,NA,0.259591790819981,"localGP"
"702",3,20,2,0,54.8642131935896,82.6609311486781,"Smooth","Avg. Reward Condition",20,"7",17,0,3,23,"Short",0.0540120426958202,0.738660285047926,NA,0.259591790819981,"localGP"
"703",3,21,9,8,75.2770769943809,82.6609311486781,"Smooth","Avg. Reward Condition",20,"7",17,0,98,23,"Short",0.0540120426958202,0.738660285047926,NA,0.259591790819981,"localGP"
"704",3,1,4,4,49.5091600763757,49.5091600763757,"Smooth","Avg. Reward Condition",40,"8",4,NA,49,24,"Long",0.0401123572494342,1.14042298764336,NA,0.236641353112633,"localGP"
"705",3,2,8,2,61.3718007278431,61.3718007278431,"Smooth","Avg. Reward Condition",40,"8",4,2,31,24,"Long",0.0401123572494342,1.14042298764336,NA,0.236641353112633,"localGP"
"706",3,3,9,2,58.1650037764681,61.3718007278431,"Smooth","Avg. Reward Condition",40,"8",4,2,32,24,"Long",0.0401123572494342,1.14042298764336,NA,0.236641353112633,"localGP"
"707",3,4,6,0,33.2351530302692,61.3718007278431,"Smooth","Avg. Reward Condition",40,"8",4,2,7,24,"Long",0.0401123572494342,1.14042298764336,NA,0.236641353112633,"localGP"
"708",3,5,2,5,52.9476469260849,61.3718007278431,"Smooth","Avg. Reward Condition",40,"8",4,1,58,24,"Long",0.0401123572494342,1.14042298764336,NA,0.236641353112633,"localGP"
"709",3,6,1,0,44.1381856766965,61.3718007278431,"Smooth","Avg. Reward Condition",40,"8",4,2,2,24,"Long",0.0401123572494342,1.14042298764336,NA,0.236641353112633,"localGP"
"710",3,7,10,2,51.2894760836585,61.3718007278431,"Smooth","Avg. Reward Condition",40,"8",4,2,33,24,"Long",0.0401123572494342,1.14042298764336,NA,0.236641353112633,"localGP"
"711",3,8,10,3,29.4064021858765,61.3718007278431,"Smooth","Avg. Reward Condition",40,"8",4,1,44,24,"Long",0.0401123572494342,1.14042298764336,NA,0.236641353112633,"localGP"
"712",3,9,7,7,31.8600199928014,61.3718007278431,"Smooth","Avg. Reward Condition",40,"8",4,2,85,24,"Long",0.0401123572494342,1.14042298764336,NA,0.236641353112633,"localGP"
"713",3,10,7,6,33.7698034361065,61.3718007278431,"Smooth","Avg. Reward Condition",40,"8",4,0,74,24,"Long",0.0401123572494342,1.14042298764336,NA,0.236641353112633,"localGP"
"714",3,11,7,4,41.2492240825344,61.3718007278431,"Smooth","Avg. Reward Condition",40,"8",4,0,52,24,"Long",0.0401123572494342,1.14042298764336,NA,0.236641353112633,"localGP"
"715",3,12,6,2,47.7797456303013,61.3718007278431,"Smooth","Avg. Reward Condition",40,"8",4,0,29,24,"Long",0.0401123572494342,1.14042298764336,NA,0.236641353112633,"localGP"
"716",3,13,1,8,27.6316672751783,61.3718007278431,"Smooth","Avg. Reward Condition",40,"8",4,0,90,24,"Long",0.0401123572494342,1.14042298764336,NA,0.236641353112633,"localGP"
"717",3,14,3,10,56.7304025391651,61.3718007278431,"Smooth","Avg. Reward Condition",40,"8",4,0,114,24,"Long",0.0401123572494342,1.14042298764336,NA,0.236641353112633,"localGP"
"718",3,15,5,10,11.1782861371887,61.3718007278431,"Smooth","Avg. Reward Condition",40,"8",4,0,116,24,"Long",0.0401123572494342,1.14042298764336,NA,0.236641353112633,"localGP"
"719",3,16,5,7,68.7904053516684,68.7904053516684,"Smooth","Avg. Reward Condition",40,"8",4,0,83,24,"Long",0.0401123572494342,1.14042298764336,NA,0.236641353112633,"localGP"
"720",3,17,5,6,67.055437287635,68.7904053516684,"Smooth","Avg. Reward Condition",40,"8",4,0,72,24,"Long",0.0401123572494342,1.14042298764336,NA,0.236641353112633,"localGP"
"721",3,18,4,6,62.1617444201005,68.7904053516684,"Smooth","Avg. Reward Condition",40,"8",4,0,71,24,"Long",0.0401123572494342,1.14042298764336,NA,0.236641353112633,"localGP"
"722",3,19,5,6,67.055437287635,68.7904053516684,"Smooth","Avg. Reward Condition",40,"8",4,0,72,24,"Long",0.0401123572494342,1.14042298764336,NA,0.236641353112633,"localGP"
"723",3,20,5,7,68.7904053516684,68.7904053516684,"Smooth","Avg. Reward Condition",40,"8",4,0,83,24,"Long",0.0401123572494342,1.14042298764336,NA,0.236641353112633,"localGP"
"724",3,21,4,7,64.0825409576954,68.7904053516684,"Smooth","Avg. Reward Condition",40,"8",4,0,82,24,"Long",0.0401123572494342,1.14042298764336,NA,0.236641353112633,"localGP"
"725",3,22,5,7,68.7904053516684,68.7904053516684,"Smooth","Avg. Reward Condition",40,"8",4,0,83,24,"Long",0.0401123572494342,1.14042298764336,NA,0.236641353112633,"localGP"
"726",3,23,0,6,25.7438670840663,68.7904053516684,"Smooth","Avg. Reward Condition",40,"8",4,0,67,24,"Long",0.0401123572494342,1.14042298764336,NA,0.236641353112633,"localGP"
"727",3,24,3,9,71.5447698498277,71.5447698498277,"Smooth","Avg. Reward Condition",40,"8",4,0,103,24,"Long",0.0401123572494342,1.14042298764336,NA,0.236641353112633,"localGP"
"728",3,25,3,8,66.9283199969529,71.5447698498277,"Smooth","Avg. Reward Condition",40,"8",4,0,92,24,"Long",0.0401123572494342,1.14042298764336,NA,0.236641353112633,"localGP"
"729",3,26,4,10,14.42380895843,71.5447698498277,"Smooth","Avg. Reward Condition",40,"8",4,0,115,24,"Long",0.0401123572494342,1.14042298764336,NA,0.236641353112633,"localGP"
"730",3,27,3,1,24.1019825166846,71.5447698498277,"Smooth","Avg. Reward Condition",40,"8",4,0,15,24,"Long",0.0401123572494342,1.14042298764336,NA,0.236641353112633,"localGP"
"731",3,28,8,9,44.028878775324,71.5447698498277,"Smooth","Avg. Reward Condition",40,"8",4,0,108,24,"Long",0.0401123572494342,1.14042298764336,NA,0.236641353112633,"localGP"
"732",3,29,9,9,55.0944127232389,71.5447698498277,"Smooth","Avg. Reward Condition",40,"8",4,0,109,24,"Long",0.0401123572494342,1.14042298764336,NA,0.236641353112633,"localGP"
"733",3,30,10,6,0,71.5447698498277,"Smooth","Avg. Reward Condition",40,"8",4,0,77,24,"Long",0.0401123572494342,1.14042298764336,NA,0.236641353112633,"localGP"
"734",3,31,2,0,60.1885036644996,71.5447698498277,"Smooth","Avg. Reward Condition",40,"8",4,0,3,24,"Long",0.0401123572494342,1.14042298764336,NA,0.236641353112633,"localGP"
"735",3,32,6,5,27.715879819657,71.5447698498277,"Smooth","Avg. Reward Condition",40,"8",4,0,62,24,"Long",0.0401123572494342,1.14042298764336,NA,0.236641353112633,"localGP"
"736",3,33,4,5,36.1447579478145,71.5447698498277,"Smooth","Avg. Reward Condition",40,"8",4,0,60,24,"Long",0.0401123572494342,1.14042298764336,NA,0.236641353112633,"localGP"
"737",3,34,1,4,31.2670409305907,71.5447698498277,"Smooth","Avg. Reward Condition",40,"8",4,0,46,24,"Long",0.0401123572494342,1.14042298764336,NA,0.236641353112633,"localGP"
"738",3,35,2,4,48.1844951677525,71.5447698498277,"Smooth","Avg. Reward Condition",40,"8",4,0,47,24,"Long",0.0401123572494342,1.14042298764336,NA,0.236641353112633,"localGP"
"739",3,36,9,2,58.1650037764681,71.5447698498277,"Smooth","Avg. Reward Condition",40,"8",4,0,32,24,"Long",0.0401123572494342,1.14042298764336,NA,0.236641353112633,"localGP"
"740",3,37,0,5,22.8294473469867,71.5447698498277,"Smooth","Avg. Reward Condition",40,"8",4,0,56,24,"Long",0.0401123572494342,1.14042298764336,NA,0.236641353112633,"localGP"
"741",3,38,3,0,32.6932648884738,71.5447698498277,"Smooth","Avg. Reward Condition",40,"8",4,0,4,24,"Long",0.0401123572494342,1.14042298764336,NA,0.236641353112633,"localGP"
"742",3,39,7,5,24.0038701954065,71.5447698498277,"Smooth","Avg. Reward Condition",40,"8",4,0,63,24,"Long",0.0401123572494342,1.14042298764336,NA,0.236641353112633,"localGP"
"743",3,40,9,3,44.908976431908,71.5447698498277,"Smooth","Avg. Reward Condition",40,"8",4,0,43,24,"Long",0.0401123572494342,1.14042298764336,NA,0.236641353112633,"localGP"
"744",3,41,8,3,59.0490578971639,71.5447698498277,"Smooth","Avg. Reward Condition",40,"8",4,0,42,24,"Long",0.0401123572494342,1.14042298764336,NA,0.236641353112633,"localGP"
"745",4,1,4,0,27.0153724932925,27.0153724932925,"Smooth","Avg. Reward Condition",40,"1",1,NA,5,25,"Long",0.0424921333875281,1.34851816184538,NA,0.201577234948901,"localGP"
"746",4,2,8,2,77.798359488466,77.798359488466,"Smooth","Avg. Reward Condition",40,"1",1,1,31,25,"Long",0.0424921333875281,1.34851816184538,NA,0.201577234948901,"localGP"
"747",4,3,9,2,45.6743517242672,77.798359488466,"Smooth","Avg. Reward Condition",40,"1",1,1,32,25,"Long",0.0424921333875281,1.34851816184538,NA,0.201577234948901,"localGP"
"748",4,4,8,2,77.798359488466,77.798359488466,"Smooth","Avg. Reward Condition",40,"1",1,1,31,25,"Long",0.0424921333875281,1.34851816184538,NA,0.201577234948901,"localGP"
"749",4,5,7,2,87.3844592186431,87.3844592186431,"Smooth","Avg. Reward Condition",40,"1",1,5,30,25,"Long",0.0424921333875281,1.34851816184538,NA,0.201577234948901,"localGP"
"750",4,6,7,1,78.9605492405504,87.3844592186431,"Smooth","Avg. Reward Condition",40,"1",1,3,19,25,"Long",0.0424921333875281,1.34851816184538,NA,0.201577234948901,"localGP"
"751",4,7,7,2,87.3844592186431,87.3844592186431,"Smooth","Avg. Reward Condition",40,"1",1,5,30,25,"Long",0.0424921333875281,1.34851816184538,NA,0.201577234948901,"localGP"
"752",4,8,7,2,87.3844592186431,87.3844592186431,"Smooth","Avg. Reward Condition",40,"1",1,5,30,25,"Long",0.0424921333875281,1.34851816184538,NA,0.201577234948901,"localGP"
"753",4,9,7,3,90.8008789663477,90.8008789663477,"Smooth","Avg. Reward Condition",40,"1",1,4,41,25,"Long",0.0424921333875281,1.34851816184538,NA,0.201577234948901,"localGP"
"754",4,10,7,4,77.4616893062404,90.8008789663477,"Smooth","Avg. Reward Condition",40,"1",1,2,52,25,"Long",0.0424921333875281,1.34851816184538,NA,0.201577234948901,"localGP"
"755",4,11,7,3,90.8008789663477,90.8008789663477,"Smooth","Avg. Reward Condition",40,"1",1,3,41,25,"Long",0.0424921333875281,1.34851816184538,NA,0.201577234948901,"localGP"
"756",4,12,8,3,73.1545333653025,90.8008789663477,"Smooth","Avg. Reward Condition",40,"1",1,1,42,25,"Long",0.0424921333875281,1.34851816184538,NA,0.201577234948901,"localGP"
"757",4,13,6,3,82.7136870116885,90.8008789663477,"Smooth","Avg. Reward Condition",40,"1",1,1,40,25,"Long",0.0424921333875281,1.34851816184538,NA,0.201577234948901,"localGP"
"758",4,14,7,3,90.8008789663477,90.8008789663477,"Smooth","Avg. Reward Condition",40,"1",1,2,41,25,"Long",0.0424921333875281,1.34851816184538,NA,0.201577234948901,"localGP"
"759",4,15,7,3,90.8008789663477,90.8008789663477,"Smooth","Avg. Reward Condition",40,"1",1,3,41,25,"Long",0.0424921333875281,1.34851816184538,NA,0.201577234948901,"localGP"
"760",4,16,7,4,77.4616893062404,90.8008789663477,"Smooth","Avg. Reward Condition",40,"1",1,1,52,25,"Long",0.0424921333875281,1.34851816184538,NA,0.201577234948901,"localGP"
"761",4,17,7,3,90.8008789663477,90.8008789663477,"Smooth","Avg. Reward Condition",40,"1",1,8,41,25,"Long",0.0424921333875281,1.34851816184538,NA,0.201577234948901,"localGP"
"762",4,18,7,2,87.3844592186431,90.8008789663477,"Smooth","Avg. Reward Condition",40,"1",1,4,30,25,"Long",0.0424921333875281,1.34851816184538,NA,0.201577234948901,"localGP"
"763",4,19,7,3,90.8008789663477,90.8008789663477,"Smooth","Avg. Reward Condition",40,"1",1,1,41,25,"Long",0.0424921333875281,1.34851816184538,NA,0.201577234948901,"localGP"
"764",4,20,7,3,90.8008789663477,90.8008789663477,"Smooth","Avg. Reward Condition",40,"1",1,2,41,25,"Long",0.0424921333875281,1.34851816184538,NA,0.201577234948901,"localGP"
"765",4,21,7,3,90.8008789663477,90.8008789663477,"Smooth","Avg. Reward Condition",40,"1",1,1,41,25,"Long",0.0424921333875281,1.34851816184538,NA,0.201577234948901,"localGP"
"766",4,22,7,3,90.8008789663477,90.8008789663477,"Smooth","Avg. Reward Condition",40,"1",1,1,41,25,"Long",0.0424921333875281,1.34851816184538,NA,0.201577234948901,"localGP"
"767",4,23,7,3,90.8008789663477,90.8008789663477,"Smooth","Avg. Reward Condition",40,"1",1,1,41,25,"Long",0.0424921333875281,1.34851816184538,NA,0.201577234948901,"localGP"
"768",4,24,7,3,90.8008789663477,90.8008789663477,"Smooth","Avg. Reward Condition",40,"1",1,1,41,25,"Long",0.0424921333875281,1.34851816184538,NA,0.201577234948901,"localGP"
"769",4,25,7,3,90.8008789663477,90.8008789663477,"Smooth","Avg. Reward Condition",40,"1",1,1,41,25,"Long",0.0424921333875281,1.34851816184538,NA,0.201577234948901,"localGP"
"770",4,26,7,2,87.3844592186431,90.8008789663477,"Smooth","Avg. Reward Condition",40,"1",1,0,30,25,"Long",0.0424921333875281,1.34851816184538,NA,0.201577234948901,"localGP"
"771",4,27,7,3,90.8008789663477,90.8008789663477,"Smooth","Avg. Reward Condition",40,"1",1,1,41,25,"Long",0.0424921333875281,1.34851816184538,NA,0.201577234948901,"localGP"
"772",4,28,7,2,87.3844592186431,90.8008789663477,"Smooth","Avg. Reward Condition",40,"1",1,2,30,25,"Long",0.0424921333875281,1.34851816184538,NA,0.201577234948901,"localGP"
"773",4,29,7,3,90.8008789663477,90.8008789663477,"Smooth","Avg. Reward Condition",40,"1",1,3,41,25,"Long",0.0424921333875281,1.34851816184538,NA,0.201577234948901,"localGP"
"774",4,30,7,2,87.3844592186431,90.8008789663477,"Smooth","Avg. Reward Condition",40,"1",1,1,30,25,"Long",0.0424921333875281,1.34851816184538,NA,0.201577234948901,"localGP"
"775",4,31,7,3,90.8008789663477,90.8008789663477,"Smooth","Avg. Reward Condition",40,"1",1,0,41,25,"Long",0.0424921333875281,1.34851816184538,NA,0.201577234948901,"localGP"
"776",4,32,7,3,90.8008789663477,90.8008789663477,"Smooth","Avg. Reward Condition",40,"1",1,0,41,25,"Long",0.0424921333875281,1.34851816184538,NA,0.201577234948901,"localGP"
"777",4,33,7,3,90.8008789663477,90.8008789663477,"Smooth","Avg. Reward Condition",40,"1",1,0,41,25,"Long",0.0424921333875281,1.34851816184538,NA,0.201577234948901,"localGP"
"778",4,34,7,2,87.3844592186431,90.8008789663477,"Smooth","Avg. Reward Condition",40,"1",1,0,30,25,"Long",0.0424921333875281,1.34851816184538,NA,0.201577234948901,"localGP"
"779",4,35,7,3,90.8008789663477,90.8008789663477,"Smooth","Avg. Reward Condition",40,"1",1,0,41,25,"Long",0.0424921333875281,1.34851816184538,NA,0.201577234948901,"localGP"
"780",4,36,7,3,90.8008789663477,90.8008789663477,"Smooth","Avg. Reward Condition",40,"1",1,1,41,25,"Long",0.0424921333875281,1.34851816184538,NA,0.201577234948901,"localGP"
"781",4,37,7,3,90.8008789663477,90.8008789663477,"Smooth","Avg. Reward Condition",40,"1",1,0,41,25,"Long",0.0424921333875281,1.34851816184538,NA,0.201577234948901,"localGP"
"782",4,38,7,2,87.3844592186431,90.8008789663477,"Smooth","Avg. Reward Condition",40,"1",1,1,30,25,"Long",0.0424921333875281,1.34851816184538,NA,0.201577234948901,"localGP"
"783",4,39,7,2,87.3844592186431,90.8008789663477,"Smooth","Avg. Reward Condition",40,"1",1,1,30,25,"Long",0.0424921333875281,1.34851816184538,NA,0.201577234948901,"localGP"
"784",4,40,7,3,90.8008789663477,90.8008789663477,"Smooth","Avg. Reward Condition",40,"1",1,2,41,25,"Long",0.0424921333875281,1.34851816184538,NA,0.201577234948901,"localGP"
"785",4,41,7,3,90.8008789663477,90.8008789663477,"Smooth","Avg. Reward Condition",40,"1",1,1,41,25,"Long",0.0424921333875281,1.34851816184538,NA,0.201577234948901,"localGP"
"786",4,1,7,4,41.506316602299,41.506316602299,"Smooth","Avg. Reward Condition",20,"2",5,NA,52,26,"Short",0.058439654287615,1.03033130423294,NA,0.312655368238045,"localGP"
"787",4,2,1,3,44.7929276438267,44.7929276438267,"Smooth","Avg. Reward Condition",20,"2",5,0,35,26,"Short",0.058439654287615,1.03033130423294,NA,0.312655368238045,"localGP"
"788",4,3,1,9,34.121650392825,44.7929276438267,"Smooth","Avg. Reward Condition",20,"2",5,1,101,26,"Short",0.058439654287615,1.03033130423294,NA,0.312655368238045,"localGP"
"789",4,4,1,8,46.9498069203708,46.9498069203708,"Smooth","Avg. Reward Condition",20,"2",5,1,90,26,"Short",0.058439654287615,1.03033130423294,NA,0.312655368238045,"localGP"
"790",4,5,2,5,55.6706913285101,55.6706913285101,"Smooth","Avg. Reward Condition",20,"2",5,2,58,26,"Short",0.058439654287615,1.03033130423294,NA,0.312655368238045,"localGP"
"791",4,6,2,6,69.3656436525534,69.3656436525534,"Smooth","Avg. Reward Condition",20,"2",5,1,69,26,"Short",0.058439654287615,1.03033130423294,NA,0.312655368238045,"localGP"
"792",4,7,2,7,63.0009414809194,69.3656436525534,"Smooth","Avg. Reward Condition",20,"2",5,1,80,26,"Short",0.058439654287615,1.03033130423294,NA,0.312655368238045,"localGP"
"793",4,8,1,5,50.8339680932968,69.3656436525534,"Smooth","Avg. Reward Condition",20,"2",5,1,57,26,"Short",0.058439654287615,1.03033130423294,NA,0.312655368238045,"localGP"
"794",4,9,4,9,37.7107355403065,69.3656436525534,"Smooth","Avg. Reward Condition",20,"2",5,3,104,26,"Short",0.058439654287615,1.03033130423294,NA,0.312655368238045,"localGP"
"795",4,10,3,10,41.0178581811012,69.3656436525534,"Smooth","Avg. Reward Condition",20,"2",5,2,114,26,"Short",0.058439654287615,1.03033130423294,NA,0.312655368238045,"localGP"
"796",4,11,3,7,57.0516260288864,69.3656436525534,"Smooth","Avg. Reward Condition",20,"2",5,1,81,26,"Short",0.058439654287615,1.03033130423294,NA,0.312655368238045,"localGP"
"797",4,12,3,6,53.9386192872813,69.3656436525534,"Smooth","Avg. Reward Condition",20,"2",5,2,70,26,"Short",0.058439654287615,1.03033130423294,NA,0.312655368238045,"localGP"
"798",4,13,5,6,48.862030975187,69.3656436525534,"Smooth","Avg. Reward Condition",20,"2",5,1,72,26,"Short",0.058439654287615,1.03033130423294,NA,0.312655368238045,"localGP"
"799",4,14,6,6,86.9756652326962,86.9756652326962,"Smooth","Avg. Reward Condition",20,"2",5,1,73,26,"Short",0.058439654287615,1.03033130423294,NA,0.312655368238045,"localGP"
"800",4,15,7,6,95.8234728185907,95.8234728185907,"Smooth","Avg. Reward Condition",20,"2",5,1,74,26,"Short",0.058439654287615,1.03033130423294,NA,0.312655368238045,"localGP"
"801",4,16,7,7,68.4962011684434,95.8234728185907,"Smooth","Avg. Reward Condition",20,"2",5,1,85,26,"Short",0.058439654287615,1.03033130423294,NA,0.312655368238045,"localGP"
"802",4,17,7,6,95.8234728185907,95.8234728185907,"Smooth","Avg. Reward Condition",20,"2",5,3,74,26,"Short",0.058439654287615,1.03033130423294,NA,0.312655368238045,"localGP"
"803",4,18,7,6,95.8234728185907,95.8234728185907,"Smooth","Avg. Reward Condition",20,"2",5,1,74,26,"Short",0.058439654287615,1.03033130423294,NA,0.312655368238045,"localGP"
"804",4,19,8,6,91.4722545331952,95.8234728185907,"Smooth","Avg. Reward Condition",20,"2",5,5,75,26,"Short",0.058439654287615,1.03033130423294,NA,0.312655368238045,"localGP"
"805",4,20,7,6,95.8234728185907,95.8234728185907,"Smooth","Avg. Reward Condition",20,"2",5,3,74,26,"Short",0.058439654287615,1.03033130423294,NA,0.312655368238045,"localGP"
"806",4,21,8,6,91.4722545331952,95.8234728185907,"Smooth","Avg. Reward Condition",20,"2",5,1,75,26,"Short",0.058439654287615,1.03033130423294,NA,0.312655368238045,"localGP"
"807",4,1,2,4,21.3736470887722,21.3736470887722,"Smooth","Avg. Reward Condition",40,"3",19,NA,47,27,"Long",0.0566451740443368,0.930876762023603,NA,0.307170079658656,"localGP"
"808",4,2,9,3,70.6956959323297,70.6956959323297,"Smooth","Avg. Reward Condition",40,"3",19,0,43,27,"Long",0.0566451740443368,0.930876762023603,NA,0.307170079658656,"localGP"
"809",4,3,9,4,63.2727485984867,70.6956959323297,"Smooth","Avg. Reward Condition",40,"3",19,1,54,27,"Long",0.0566451740443368,0.930876762023603,NA,0.307170079658656,"localGP"
"810",4,4,10,4,53.8434324955223,70.6956959323297,"Smooth","Avg. Reward Condition",40,"3",19,1,55,27,"Long",0.0566451740443368,0.930876762023603,NA,0.307170079658656,"localGP"
"811",4,5,10,3,69.2905062907233,70.6956959323297,"Smooth","Avg. Reward Condition",40,"3",19,5,44,27,"Long",0.0566451740443368,0.930876762023603,NA,0.307170079658656,"localGP"
"812",4,6,10,2,77.6423295803119,77.6423295803119,"Smooth","Avg. Reward Condition",40,"3",19,2,33,27,"Long",0.0566451740443368,0.930876762023603,NA,0.307170079658656,"localGP"
"813",4,7,2,7,24.965768710391,77.6423295803119,"Smooth","Avg. Reward Condition",40,"3",19,1,80,27,"Long",0.0566451740443368,0.930876762023603,NA,0.307170079658656,"localGP"
"814",4,8,2,6,38.2584697728782,77.6423295803119,"Smooth","Avg. Reward Condition",40,"3",19,1,69,27,"Long",0.0566451740443368,0.930876762023603,NA,0.307170079658656,"localGP"
"815",4,9,4,2,6.18277273554001,77.6423295803119,"Smooth","Avg. Reward Condition",40,"3",19,2,27,27,"Long",0.0566451740443368,0.930876762023603,NA,0.307170079658656,"localGP"
"816",4,10,0,3,39.9926393261546,77.6423295803119,"Smooth","Avg. Reward Condition",40,"3",19,1,34,27,"Long",0.0566451740443368,0.930876762023603,NA,0.307170079658656,"localGP"
"817",4,11,0,4,43.1655586548984,77.6423295803119,"Smooth","Avg. Reward Condition",40,"3",19,0,45,27,"Long",0.0566451740443368,0.930876762023603,NA,0.307170079658656,"localGP"
"818",4,12,0,5,28.3977534031237,77.6423295803119,"Smooth","Avg. Reward Condition",40,"3",19,0,56,27,"Long",0.0566451740443368,0.930876762023603,NA,0.307170079658656,"localGP"
"819",4,13,10,4,53.8434324955223,77.6423295803119,"Smooth","Avg. Reward Condition",40,"3",19,0,55,27,"Long",0.0566451740443368,0.930876762023603,NA,0.307170079658656,"localGP"
"820",4,14,7,1,25.7013105457165,77.6423295803119,"Smooth","Avg. Reward Condition",40,"3",19,0,19,27,"Long",0.0566451740443368,0.930876762023603,NA,0.307170079658656,"localGP"
"821",4,15,1,0,30.9199294769584,77.6423295803119,"Smooth","Avg. Reward Condition",40,"3",19,0,2,27,"Long",0.0566451740443368,0.930876762023603,NA,0.307170079658656,"localGP"
"822",4,16,5,6,67.4863424571412,77.6423295803119,"Smooth","Avg. Reward Condition",40,"3",19,0,72,27,"Long",0.0566451740443368,0.930876762023603,NA,0.307170079658656,"localGP"
"823",4,17,5,5,69.1135856267553,77.6423295803119,"Smooth","Avg. Reward Condition",40,"3",19,0,61,27,"Long",0.0566451740443368,0.930876762023603,NA,0.307170079658656,"localGP"
"824",4,18,6,5,64.8120312113293,77.6423295803119,"Smooth","Avg. Reward Condition",40,"3",19,0,62,27,"Long",0.0566451740443368,0.930876762023603,NA,0.307170079658656,"localGP"
"825",4,19,6,6,73.1570356560972,77.6423295803119,"Smooth","Avg. Reward Condition",40,"3",19,0,73,27,"Long",0.0566451740443368,0.930876762023603,NA,0.307170079658656,"localGP"
"826",4,20,6,7,40.7675652395294,77.6423295803119,"Smooth","Avg. Reward Condition",40,"3",19,0,84,27,"Long",0.0566451740443368,0.930876762023603,NA,0.307170079658656,"localGP"
"827",4,21,3,1,65.6803696524248,77.6423295803119,"Smooth","Avg. Reward Condition",40,"3",19,0,15,27,"Long",0.0566451740443368,0.930876762023603,NA,0.307170079658656,"localGP"
"828",4,22,8,2,57.747723924339,77.6423295803119,"Smooth","Avg. Reward Condition",40,"3",19,0,31,27,"Long",0.0566451740443368,0.930876762023603,NA,0.307170079658656,"localGP"
"829",4,23,9,2,72.7930930430247,77.6423295803119,"Smooth","Avg. Reward Condition",40,"3",19,0,32,27,"Long",0.0566451740443368,0.930876762023603,NA,0.307170079658656,"localGP"
"830",4,24,10,2,77.6423295803119,77.6423295803119,"Smooth","Avg. Reward Condition",40,"3",19,0,33,27,"Long",0.0566451740443368,0.930876762023603,NA,0.307170079658656,"localGP"
"831",4,25,10,1,72.8353068382427,77.6423295803119,"Smooth","Avg. Reward Condition",40,"3",19,0,22,27,"Long",0.0566451740443368,0.930876762023603,NA,0.307170079658656,"localGP"
"832",4,26,10,2,77.6423295803119,77.6423295803119,"Smooth","Avg. Reward Condition",40,"3",19,0,33,27,"Long",0.0566451740443368,0.930876762023603,NA,0.307170079658656,"localGP"
"833",4,27,2,5,21.5023436912401,77.6423295803119,"Smooth","Avg. Reward Condition",40,"3",19,0,58,27,"Long",0.0566451740443368,0.930876762023603,NA,0.307170079658656,"localGP"
"834",4,28,8,0,54.8770550942249,77.6423295803119,"Smooth","Avg. Reward Condition",40,"3",19,0,9,27,"Long",0.0566451740443368,0.930876762023603,NA,0.307170079658656,"localGP"
"835",4,29,9,0,57.2100931574182,77.6423295803119,"Smooth","Avg. Reward Condition",40,"3",19,0,10,27,"Long",0.0566451740443368,0.930876762023603,NA,0.307170079658656,"localGP"
"836",4,30,9,1,60.8910168599768,77.6423295803119,"Smooth","Avg. Reward Condition",40,"3",19,0,21,27,"Long",0.0566451740443368,0.930876762023603,NA,0.307170079658656,"localGP"
"837",4,31,6,0,27.3009941701534,77.6423295803119,"Smooth","Avg. Reward Condition",40,"3",19,0,7,27,"Long",0.0566451740443368,0.930876762023603,NA,0.307170079658656,"localGP"
"838",4,32,2,2,85.7983244921108,85.7983244921108,"Smooth","Avg. Reward Condition",40,"3",19,0,25,27,"Long",0.0566451740443368,0.930876762023603,NA,0.307170079658656,"localGP"
"839",4,33,2,1,73.5415165064452,85.7983244921108,"Smooth","Avg. Reward Condition",40,"3",19,0,14,27,"Long",0.0566451740443368,0.930876762023603,NA,0.307170079658656,"localGP"
"840",4,34,3,0,41.1602043670531,85.7983244921108,"Smooth","Avg. Reward Condition",40,"3",19,0,4,27,"Long",0.0566451740443368,0.930876762023603,NA,0.307170079658656,"localGP"
"841",4,35,0,2,43.4289249279307,85.7983244921108,"Smooth","Avg. Reward Condition",40,"3",19,0,23,27,"Long",0.0566451740443368,0.930876762023603,NA,0.307170079658656,"localGP"
"842",4,36,1,2,57.7851669507592,85.7983244921108,"Smooth","Avg. Reward Condition",40,"3",19,0,24,27,"Long",0.0566451740443368,0.930876762023603,NA,0.307170079658656,"localGP"
"843",4,37,1,5,0,85.7983244921108,"Smooth","Avg. Reward Condition",40,"3",19,0,57,27,"Long",0.0566451740443368,0.930876762023603,NA,0.307170079658656,"localGP"
"844",4,38,4,5,30.6880368467941,85.7983244921108,"Smooth","Avg. Reward Condition",40,"3",19,0,60,27,"Long",0.0566451740443368,0.930876762023603,NA,0.307170079658656,"localGP"
"845",4,39,4,9,36.8213901880563,85.7983244921108,"Smooth","Avg. Reward Condition",40,"3",19,0,104,27,"Long",0.0566451740443368,0.930876762023603,NA,0.307170079658656,"localGP"
"846",4,40,10,9,46.6801278336504,85.7983244921108,"Smooth","Avg. Reward Condition",40,"3",19,0,110,27,"Long",0.0566451740443368,0.930876762023603,NA,0.307170079658656,"localGP"
"847",4,41,6,10,74.1112237297594,85.7983244921108,"Smooth","Avg. Reward Condition",40,"3",19,0,117,27,"Long",0.0566451740443368,0.930876762023603,NA,0.307170079658656,"localGP"
"848",4,1,8,1,52.8904958122933,52.8904958122933,"Smooth","Avg. Reward Condition",20,"4",16,NA,20,28,"Short",0.0693438883849172,0.952632729969616,NA,0.332934521925406,"localGP"
"849",4,2,8,2,32.4684678328566,52.8904958122933,"Smooth","Avg. Reward Condition",20,"4",16,11,31,28,"Short",0.0693438883849172,0.952632729969616,NA,0.332934521925406,"localGP"
"850",4,3,1,2,17.0104767919916,52.8904958122933,"Smooth","Avg. Reward Condition",20,"4",16,2,24,28,"Short",0.0693438883849172,0.952632729969616,NA,0.332934521925406,"localGP"
"851",4,4,1,1,62.6840921632326,62.6840921632326,"Smooth","Avg. Reward Condition",20,"4",16,8,13,28,"Short",0.0693438883849172,0.952632729969616,NA,0.332934521925406,"localGP"
"852",4,5,4,7,38.4038441768744,62.6840921632326,"Smooth","Avg. Reward Condition",20,"4",16,7,82,28,"Short",0.0693438883849172,0.952632729969616,NA,0.332934521925406,"localGP"
"853",4,6,1,2,17.0104767919916,62.6840921632326,"Smooth","Avg. Reward Condition",20,"4",16,1,24,28,"Short",0.0693438883849172,0.952632729969616,NA,0.332934521925406,"localGP"
"854",4,7,0,4,9.44675850929692,62.6840921632326,"Smooth","Avg. Reward Condition",20,"4",16,1,45,28,"Short",0.0693438883849172,0.952632729969616,NA,0.332934521925406,"localGP"
"855",4,8,5,9,27.8877377842442,62.6840921632326,"Smooth","Avg. Reward Condition",20,"4",16,1,105,28,"Short",0.0693438883849172,0.952632729969616,NA,0.332934521925406,"localGP"
"856",4,9,9,8,70.9435815561283,70.9435815561283,"Smooth","Avg. Reward Condition",20,"4",16,2,98,28,"Short",0.0693438883849172,0.952632729969616,NA,0.332934521925406,"localGP"
"857",4,10,7,1,57.8916852099034,70.9435815561283,"Smooth","Avg. Reward Condition",20,"4",16,3,19,28,"Short",0.0693438883849172,0.952632729969616,NA,0.332934521925406,"localGP"
"858",4,11,9,0,28.4138633075893,70.9435815561283,"Smooth","Avg. Reward Condition",20,"4",16,1,10,28,"Short",0.0693438883849172,0.952632729969616,NA,0.332934521925406,"localGP"
"859",4,12,2,10,27.4676161449989,70.9435815561283,"Smooth","Avg. Reward Condition",20,"4",16,1,113,28,"Short",0.0693438883849172,0.952632729969616,NA,0.332934521925406,"localGP"
"860",4,13,8,2,32.4684678328566,70.9435815561283,"Smooth","Avg. Reward Condition",20,"4",16,1,31,28,"Short",0.0693438883849172,0.952632729969616,NA,0.332934521925406,"localGP"
"861",4,14,7,3,32.8647798695032,70.9435815561283,"Smooth","Avg. Reward Condition",20,"4",16,1,41,28,"Short",0.0693438883849172,0.952632729969616,NA,0.332934521925406,"localGP"
"862",4,15,4,3,46.0518251136076,70.9435815561283,"Smooth","Avg. Reward Condition",20,"4",16,1,38,28,"Short",0.0693438883849172,0.952632729969616,NA,0.332934521925406,"localGP"
"863",4,16,5,9,27.8877377842442,70.9435815561283,"Smooth","Avg. Reward Condition",20,"4",16,1,105,28,"Short",0.0693438883849172,0.952632729969616,NA,0.332934521925406,"localGP"
"864",4,17,0,9,12.3134748029018,70.9435815561283,"Smooth","Avg. Reward Condition",20,"4",16,1,100,28,"Short",0.0693438883849172,0.952632729969616,NA,0.332934521925406,"localGP"
"865",4,18,5,7,14.4741321431637,70.9435815561283,"Smooth","Avg. Reward Condition",20,"4",16,1,83,28,"Short",0.0693438883849172,0.952632729969616,NA,0.332934521925406,"localGP"
"866",4,19,10,10,60.953630023244,70.9435815561283,"Smooth","Avg. Reward Condition",20,"4",16,1,121,28,"Short",0.0693438883849172,0.952632729969616,NA,0.332934521925406,"localGP"
"867",4,20,9,10,29.5582991168429,70.9435815561283,"Smooth","Avg. Reward Condition",20,"4",16,0,120,28,"Short",0.0693438883849172,0.952632729969616,NA,0.332934521925406,"localGP"
"868",4,21,4,6,48.5193217731592,70.9435815561283,"Smooth","Avg. Reward Condition",20,"4",16,0,71,28,"Short",0.0693438883849172,0.952632729969616,NA,0.332934521925406,"localGP"
"869",4,1,7,0,36.7201386585293,36.7201386585293,"Smooth","Avg. Reward Condition",40,"5",9,NA,8,29,"Long",0.0565856127648875,0.869609781265117,NA,0.285183716632099,"localGP"
"870",4,2,2,0,46.5810288004854,46.5810288004854,"Smooth","Avg. Reward Condition",40,"5",9,5,3,29,"Long",0.0565856127648875,0.869609781265117,NA,0.285183716632099,"localGP"
"871",4,3,5,3,31.7363408535339,46.5810288004854,"Smooth","Avg. Reward Condition",40,"5",9,2,39,29,"Long",0.0565856127648875,0.869609781265117,NA,0.285183716632099,"localGP"
"872",4,4,3,3,37.5306230011578,46.5810288004854,"Smooth","Avg. Reward Condition",40,"5",9,1,37,29,"Long",0.0565856127648875,0.869609781265117,NA,0.285183716632099,"localGP"
"873",4,5,3,1,40.3499664940064,46.5810288004854,"Smooth","Avg. Reward Condition",40,"5",9,1,15,29,"Long",0.0565856127648875,0.869609781265117,NA,0.285183716632099,"localGP"
"874",4,6,5,1,62.2178044014381,62.2178044014381,"Smooth","Avg. Reward Condition",40,"5",9,3,17,29,"Long",0.0565856127648875,0.869609781265117,NA,0.285183716632099,"localGP"
"875",4,7,5,0,63.7023993468335,63.7023993468335,"Smooth","Avg. Reward Condition",40,"5",9,1,6,29,"Long",0.0565856127648875,0.869609781265117,NA,0.285183716632099,"localGP"
"876",4,8,5,10,51.4501450041282,63.7023993468335,"Smooth","Avg. Reward Condition",40,"5",9,1,116,29,"Long",0.0565856127648875,0.869609781265117,NA,0.285183716632099,"localGP"
"877",4,9,4,9,76.5336766063453,76.5336766063453,"Smooth","Avg. Reward Condition",40,"5",9,1,104,29,"Long",0.0565856127648875,0.869609781265117,NA,0.285183716632099,"localGP"
"878",4,10,3,10,39.8581222940404,76.5336766063453,"Smooth","Avg. Reward Condition",40,"5",9,1,114,29,"Long",0.0565856127648875,0.869609781265117,NA,0.285183716632099,"localGP"
"879",4,11,4,8,60.4776805465143,76.5336766063453,"Smooth","Avg. Reward Condition",40,"5",9,1,93,29,"Long",0.0565856127648875,0.869609781265117,NA,0.285183716632099,"localGP"
"880",4,12,3,8,56.9817501368753,76.5336766063453,"Smooth","Avg. Reward Condition",40,"5",9,2,92,29,"Long",0.0565856127648875,0.869609781265117,NA,0.285183716632099,"localGP"
"881",4,13,3,8,56.9817501368753,76.5336766063453,"Smooth","Avg. Reward Condition",40,"5",9,0,92,29,"Long",0.0565856127648875,0.869609781265117,NA,0.285183716632099,"localGP"
"882",4,14,2,7,27.9615833854138,76.5336766063453,"Smooth","Avg. Reward Condition",40,"5",9,0,80,29,"Long",0.0565856127648875,0.869609781265117,NA,0.285183716632099,"localGP"
"883",4,15,2,5,39.0745307223915,76.5336766063453,"Smooth","Avg. Reward Condition",40,"5",9,0,58,29,"Long",0.0565856127648875,0.869609781265117,NA,0.285183716632099,"localGP"
"884",4,16,7,4,7.61116353320149,76.5336766063453,"Smooth","Avg. Reward Condition",40,"5",9,0,52,29,"Long",0.0565856127648875,0.869609781265117,NA,0.285183716632099,"localGP"
"885",4,17,3,5,65.8441011417539,76.5336766063453,"Smooth","Avg. Reward Condition",40,"5",9,0,59,29,"Long",0.0565856127648875,0.869609781265117,NA,0.285183716632099,"localGP"
"886",4,18,4,5,65.4711627445738,76.5336766063453,"Smooth","Avg. Reward Condition",40,"5",9,0,60,29,"Long",0.0565856127648875,0.869609781265117,NA,0.285183716632099,"localGP"
"887",4,19,9,1,31.5526478854245,76.5336766063453,"Smooth","Avg. Reward Condition",40,"5",9,0,21,29,"Long",0.0565856127648875,0.869609781265117,NA,0.285183716632099,"localGP"
"888",4,20,2,2,29.9562633330357,76.5336766063453,"Smooth","Avg. Reward Condition",40,"5",9,0,25,29,"Long",0.0565856127648875,0.869609781265117,NA,0.285183716632099,"localGP"
"889",4,21,1,4,24.6705634918407,76.5336766063453,"Smooth","Avg. Reward Condition",40,"5",9,0,46,29,"Long",0.0565856127648875,0.869609781265117,NA,0.285183716632099,"localGP"
"890",4,22,9,0,18.5206183987232,76.5336766063453,"Smooth","Avg. Reward Condition",40,"5",9,0,10,29,"Long",0.0565856127648875,0.869609781265117,NA,0.285183716632099,"localGP"
"891",4,23,9,3,52.5751779693642,76.5336766063453,"Smooth","Avg. Reward Condition",40,"5",9,0,43,29,"Long",0.0565856127648875,0.869609781265117,NA,0.285183716632099,"localGP"
"892",4,24,7,1,45.4129619985676,76.5336766063453,"Smooth","Avg. Reward Condition",40,"5",9,0,19,29,"Long",0.0565856127648875,0.869609781265117,NA,0.285183716632099,"localGP"
"893",4,25,7,2,45.3020225853978,76.5336766063453,"Smooth","Avg. Reward Condition",40,"5",9,0,30,29,"Long",0.0565856127648875,0.869609781265117,NA,0.285183716632099,"localGP"
"894",4,26,7,8,48.5069548575254,76.5336766063453,"Smooth","Avg. Reward Condition",40,"5",9,0,96,29,"Long",0.0565856127648875,0.869609781265117,NA,0.285183716632099,"localGP"
"895",4,27,8,8,67.1128582001085,76.5336766063453,"Smooth","Avg. Reward Condition",40,"5",9,0,97,29,"Long",0.0565856127648875,0.869609781265117,NA,0.285183716632099,"localGP"
"896",4,28,9,8,100,100,"Smooth","Avg. Reward Condition",40,"5",9,0,98,29,"Long",0.0565856127648875,0.869609781265117,NA,0.285183716632099,"localGP"
"897",4,29,9,8,100,100,"Smooth","Avg. Reward Condition",40,"5",9,0,98,29,"Long",0.0565856127648875,0.869609781265117,NA,0.285183716632099,"localGP"
"898",4,30,9,8,100,100,"Smooth","Avg. Reward Condition",40,"5",9,0,98,29,"Long",0.0565856127648875,0.869609781265117,NA,0.285183716632099,"localGP"
"899",4,31,9,9,56.1300557046755,100,"Smooth","Avg. Reward Condition",40,"5",9,0,109,29,"Long",0.0565856127648875,0.869609781265117,NA,0.285183716632099,"localGP"
"900",4,32,9,8,100,100,"Smooth","Avg. Reward Condition",40,"5",9,0,98,29,"Long",0.0565856127648875,0.869609781265117,NA,0.285183716632099,"localGP"
"901",4,33,9,7,82.8870600418845,100,"Smooth","Avg. Reward Condition",40,"5",9,0,87,29,"Long",0.0565856127648875,0.869609781265117,NA,0.285183716632099,"localGP"
"902",4,34,9,8,100,100,"Smooth","Avg. Reward Condition",40,"5",9,0,98,29,"Long",0.0565856127648875,0.869609781265117,NA,0.285183716632099,"localGP"
"903",4,35,9,8,100,100,"Smooth","Avg. Reward Condition",40,"5",9,0,98,29,"Long",0.0565856127648875,0.869609781265117,NA,0.285183716632099,"localGP"
"904",4,36,10,8,84.8321481843009,100,"Smooth","Avg. Reward Condition",40,"5",9,0,99,29,"Long",0.0565856127648875,0.869609781265117,NA,0.285183716632099,"localGP"
"905",4,37,9,8,100,100,"Smooth","Avg. Reward Condition",40,"5",9,0,98,29,"Long",0.0565856127648875,0.869609781265117,NA,0.285183716632099,"localGP"
"906",4,38,9,8,100,100,"Smooth","Avg. Reward Condition",40,"5",9,0,98,29,"Long",0.0565856127648875,0.869609781265117,NA,0.285183716632099,"localGP"
"907",4,39,9,8,100,100,"Smooth","Avg. Reward Condition",40,"5",9,0,98,29,"Long",0.0565856127648875,0.869609781265117,NA,0.285183716632099,"localGP"
"908",4,40,9,8,100,100,"Smooth","Avg. Reward Condition",40,"5",9,0,98,29,"Long",0.0565856127648875,0.869609781265117,NA,0.285183716632099,"localGP"
"909",4,41,10,8,84.8321481843009,100,"Smooth","Avg. Reward Condition",40,"5",9,0,99,29,"Long",0.0565856127648875,0.869609781265117,NA,0.285183716632099,"localGP"
"910",4,1,10,1,22.4632600371913,22.4632600371913,"Smooth","Avg. Reward Condition",20,"6",17,NA,22,30,"Short",0.0785364587007381,0.874955437958939,NA,0.455247307204453,"localGP"
"911",4,2,3,8,42.84962574602,42.84962574602,"Smooth","Avg. Reward Condition",20,"6",17,0,92,30,"Short",0.0785364587007381,0.874955437958939,NA,0.455247307204453,"localGP"
"912",4,3,3,7,48.1203452766967,48.1203452766967,"Smooth","Avg. Reward Condition",20,"6",17,1,81,30,"Short",0.0785364587007381,0.874955437958939,NA,0.455247307204453,"localGP"
"913",4,4,1,4,59.7275307327632,59.7275307327632,"Smooth","Avg. Reward Condition",20,"6",17,1,46,30,"Short",0.0785364587007381,0.874955437958939,NA,0.455247307204453,"localGP"
"914",4,5,0,4,42.8036360256074,59.7275307327632,"Smooth","Avg. Reward Condition",20,"6",17,2,45,30,"Short",0.0785364587007381,0.874955437958939,NA,0.455247307204453,"localGP"
"915",4,6,2,4,78.1145537046303,78.1145537046303,"Smooth","Avg. Reward Condition",20,"6",17,1,47,30,"Short",0.0785364587007381,0.874955437958939,NA,0.455247307204453,"localGP"
"916",4,7,3,4,81.7432518785976,81.7432518785976,"Smooth","Avg. Reward Condition",20,"6",17,2,48,30,"Short",0.0785364587007381,0.874955437958939,NA,0.455247307204453,"localGP"
"917",4,8,4,4,91.0453666765183,91.0453666765183,"Smooth","Avg. Reward Condition",20,"6",17,1,49,30,"Short",0.0785364587007381,0.874955437958939,NA,0.455247307204453,"localGP"
"918",4,9,4,5,82.6609311486781,91.0453666765183,"Smooth","Avg. Reward Condition",20,"6",17,1,60,30,"Short",0.0785364587007381,0.874955437958939,NA,0.455247307204453,"localGP"
"919",4,10,5,5,42.2377203459465,91.0453666765183,"Smooth","Avg. Reward Condition",20,"6",17,2,61,30,"Short",0.0785364587007381,0.874955437958939,NA,0.455247307204453,"localGP"
"920",4,11,6,4,22.1592765349326,91.0453666765183,"Smooth","Avg. Reward Condition",20,"6",17,0,51,30,"Short",0.0785364587007381,0.874955437958939,NA,0.455247307204453,"localGP"
"921",4,12,7,4,42.6028889590444,91.0453666765183,"Smooth","Avg. Reward Condition",20,"6",17,0,52,30,"Short",0.0785364587007381,0.874955437958939,NA,0.455247307204453,"localGP"
"922",4,13,8,4,25.5290036062029,91.0453666765183,"Smooth","Avg. Reward Condition",20,"6",17,0,53,30,"Short",0.0785364587007381,0.874955437958939,NA,0.455247307204453,"localGP"
"923",4,14,0,9,6.38846062924272,91.0453666765183,"Smooth","Avg. Reward Condition",20,"6",17,0,100,30,"Short",0.0785364587007381,0.874955437958939,NA,0.455247307204453,"localGP"
"924",4,15,4,0,41.9364610570647,91.0453666765183,"Smooth","Avg. Reward Condition",20,"6",17,0,5,30,"Short",0.0785364587007381,0.874955437958939,NA,0.455247307204453,"localGP"
"925",4,16,4,1,41.9723015643252,91.0453666765183,"Smooth","Avg. Reward Condition",20,"6",17,0,16,30,"Short",0.0785364587007381,0.874955437958939,NA,0.455247307204453,"localGP"
"926",4,17,3,3,36.5733542977154,91.0453666765183,"Smooth","Avg. Reward Condition",20,"6",17,0,37,30,"Short",0.0785364587007381,0.874955437958939,NA,0.455247307204453,"localGP"
"927",4,18,3,4,81.7432518785976,91.0453666765183,"Smooth","Avg. Reward Condition",20,"6",17,0,48,30,"Short",0.0785364587007381,0.874955437958939,NA,0.455247307204453,"localGP"
"928",4,19,3,5,100,100,"Smooth","Avg. Reward Condition",20,"6",17,0,59,30,"Short",0.0785364587007381,0.874955437958939,NA,0.455247307204453,"localGP"
"929",4,20,2,5,96.5712701527156,100,"Smooth","Avg. Reward Condition",20,"6",17,0,58,30,"Short",0.0785364587007381,0.874955437958939,NA,0.455247307204453,"localGP"
"930",4,21,2,6,67.9735102315088,100,"Smooth","Avg. Reward Condition",20,"6",17,0,69,30,"Short",0.0785364587007381,0.874955437958939,NA,0.455247307204453,"localGP"
"931",4,1,2,10,50.1552784295293,50.1552784295293,"Smooth","Avg. Reward Condition",40,"7",6,NA,113,31,"Long",0.0502566294549508,0.849700402138607,NA,0.380821498902369,"localGP"
"932",4,2,0,10,82.527541309215,82.527541309215,"Smooth","Avg. Reward Condition",40,"7",6,3,111,31,"Long",0.0502566294549508,0.849700402138607,NA,0.380821498902369,"localGP"
"933",4,3,0,9,70.7016784293051,82.527541309215,"Smooth","Avg. Reward Condition",40,"7",6,6,100,31,"Long",0.0502566294549508,0.849700402138607,NA,0.380821498902369,"localGP"
"934",4,4,0,10,82.527541309215,82.527541309215,"Smooth","Avg. Reward Condition",40,"7",6,13,111,31,"Long",0.0502566294549508,0.849700402138607,NA,0.380821498902369,"localGP"
"935",4,5,1,10,67.9554499447788,82.527541309215,"Smooth","Avg. Reward Condition",40,"7",6,15,112,31,"Long",0.0502566294549508,0.849700402138607,NA,0.380821498902369,"localGP"
"936",4,6,1,9,36.7437798963148,82.527541309215,"Smooth","Avg. Reward Condition",40,"7",6,2,101,31,"Long",0.0502566294549508,0.849700402138607,NA,0.380821498902369,"localGP"
"937",4,7,0,9,70.7016784293051,82.527541309215,"Smooth","Avg. Reward Condition",40,"7",6,0,100,31,"Long",0.0502566294549508,0.849700402138607,NA,0.380821498902369,"localGP"
"938",4,8,0,8,61.7889867982793,82.527541309215,"Smooth","Avg. Reward Condition",40,"7",6,2,89,31,"Long",0.0502566294549508,0.849700402138607,NA,0.380821498902369,"localGP"
"939",4,9,0,7,56.7102070439247,82.527541309215,"Smooth","Avg. Reward Condition",40,"7",6,2,78,31,"Long",0.0502566294549508,0.849700402138607,NA,0.380821498902369,"localGP"
"940",4,10,0,6,46.0544782889019,82.527541309215,"Smooth","Avg. Reward Condition",40,"7",6,3,67,31,"Long",0.0502566294549508,0.849700402138607,NA,0.380821498902369,"localGP"
"941",4,11,1,6,54.3370472689451,82.527541309215,"Smooth","Avg. Reward Condition",40,"7",6,1,68,31,"Long",0.0502566294549508,0.849700402138607,NA,0.380821498902369,"localGP"
"942",4,12,2,7,22.5684927641823,82.527541309215,"Smooth","Avg. Reward Condition",40,"7",6,2,80,31,"Long",0.0502566294549508,0.849700402138607,NA,0.380821498902369,"localGP"
"943",4,13,4,6,16.9158331978678,82.527541309215,"Smooth","Avg. Reward Condition",40,"7",6,3,71,31,"Long",0.0502566294549508,0.849700402138607,NA,0.380821498902369,"localGP"
"944",4,14,3,1,50.2100304142553,82.527541309215,"Smooth","Avg. Reward Condition",40,"7",6,2,15,31,"Long",0.0502566294549508,0.849700402138607,NA,0.380821498902369,"localGP"
"945",4,15,3,2,33.1157535503822,82.527541309215,"Smooth","Avg. Reward Condition",40,"7",6,2,26,31,"Long",0.0502566294549508,0.849700402138607,NA,0.380821498902369,"localGP"
"946",4,16,5,2,26.5214537157222,82.527541309215,"Smooth","Avg. Reward Condition",40,"7",6,0,28,31,"Long",0.0502566294549508,0.849700402138607,NA,0.380821498902369,"localGP"
"947",4,17,5,3,48.1996361335517,82.527541309215,"Smooth","Avg. Reward Condition",40,"7",6,1,39,31,"Long",0.0502566294549508,0.849700402138607,NA,0.380821498902369,"localGP"
"948",4,18,6,4,34.0889045478091,82.527541309215,"Smooth","Avg. Reward Condition",40,"7",6,1,51,31,"Long",0.0502566294549508,0.849700402138607,NA,0.380821498902369,"localGP"
"949",4,19,1,4,80.1452331951454,82.527541309215,"Smooth","Avg. Reward Condition",40,"7",6,2,46,31,"Long",0.0502566294549508,0.849700402138607,NA,0.380821498902369,"localGP"
"950",4,20,1,5,100,100,"Smooth","Avg. Reward Condition",40,"7",6,1,57,31,"Long",0.0502566294549508,0.849700402138607,NA,0.380821498902369,"localGP"
"951",4,21,2,5,39.0984637940291,100,"Smooth","Avg. Reward Condition",40,"7",6,1,58,31,"Long",0.0502566294549508,0.849700402138607,NA,0.380821498902369,"localGP"
"952",4,22,1,5,100,100,"Smooth","Avg. Reward Condition",40,"7",6,0,57,31,"Long",0.0502566294549508,0.849700402138607,NA,0.380821498902369,"localGP"
"953",4,23,0,5,85.1317086337792,100,"Smooth","Avg. Reward Condition",40,"7",6,0,56,31,"Long",0.0502566294549508,0.849700402138607,NA,0.380821498902369,"localGP"
"954",4,24,1,5,100,100,"Smooth","Avg. Reward Condition",40,"7",6,0,57,31,"Long",0.0502566294549508,0.849700402138607,NA,0.380821498902369,"localGP"
"955",4,25,1,5,100,100,"Smooth","Avg. Reward Condition",40,"7",6,0,57,31,"Long",0.0502566294549508,0.849700402138607,NA,0.380821498902369,"localGP"
"956",4,26,1,5,100,100,"Smooth","Avg. Reward Condition",40,"7",6,0,57,31,"Long",0.0502566294549508,0.849700402138607,NA,0.380821498902369,"localGP"
"957",4,27,1,5,100,100,"Smooth","Avg. Reward Condition",40,"7",6,0,57,31,"Long",0.0502566294549508,0.849700402138607,NA,0.380821498902369,"localGP"
"958",4,28,1,5,100,100,"Smooth","Avg. Reward Condition",40,"7",6,0,57,31,"Long",0.0502566294549508,0.849700402138607,NA,0.380821498902369,"localGP"
"959",4,29,1,5,100,100,"Smooth","Avg. Reward Condition",40,"7",6,0,57,31,"Long",0.0502566294549508,0.849700402138607,NA,0.380821498902369,"localGP"
"960",4,30,1,5,100,100,"Smooth","Avg. Reward Condition",40,"7",6,0,57,31,"Long",0.0502566294549508,0.849700402138607,NA,0.380821498902369,"localGP"
"961",4,31,1,5,100,100,"Smooth","Avg. Reward Condition",40,"7",6,0,57,31,"Long",0.0502566294549508,0.849700402138607,NA,0.380821498902369,"localGP"
"962",4,32,1,5,100,100,"Smooth","Avg. Reward Condition",40,"7",6,1,57,31,"Long",0.0502566294549508,0.849700402138607,NA,0.380821498902369,"localGP"
"963",4,33,0,5,85.1317086337792,100,"Smooth","Avg. Reward Condition",40,"7",6,0,56,31,"Long",0.0502566294549508,0.849700402138607,NA,0.380821498902369,"localGP"
"964",4,34,0,4,74.8791108715427,100,"Smooth","Avg. Reward Condition",40,"7",6,0,45,31,"Long",0.0502566294549508,0.849700402138607,NA,0.380821498902369,"localGP"
"965",4,35,0,5,85.1317086337792,100,"Smooth","Avg. Reward Condition",40,"7",6,0,56,31,"Long",0.0502566294549508,0.849700402138607,NA,0.380821498902369,"localGP"
"966",4,36,1,5,100,100,"Smooth","Avg. Reward Condition",40,"7",6,0,57,31,"Long",0.0502566294549508,0.849700402138607,NA,0.380821498902369,"localGP"
"967",4,37,1,5,100,100,"Smooth","Avg. Reward Condition",40,"7",6,0,57,31,"Long",0.0502566294549508,0.849700402138607,NA,0.380821498902369,"localGP"
"968",4,38,1,6,54.3370472689451,100,"Smooth","Avg. Reward Condition",40,"7",6,0,68,31,"Long",0.0502566294549508,0.849700402138607,NA,0.380821498902369,"localGP"
"969",4,39,1,5,100,100,"Smooth","Avg. Reward Condition",40,"7",6,0,57,31,"Long",0.0502566294549508,0.849700402138607,NA,0.380821498902369,"localGP"
"970",4,40,1,5,100,100,"Smooth","Avg. Reward Condition",40,"7",6,0,57,31,"Long",0.0502566294549508,0.849700402138607,NA,0.380821498902369,"localGP"
"971",4,41,1,5,100,100,"Smooth","Avg. Reward Condition",40,"7",6,0,57,31,"Long",0.0502566294549508,0.849700402138607,NA,0.380821498902369,"localGP"
"972",4,1,7,5,24.0038701954065,24.0038701954065,"Smooth","Avg. Reward Condition",20,"8",4,NA,63,32,"Short",0.0674010869847306,1.18554953811723,NA,0.353794001004712,"localGP"
"973",4,2,9,1,39.5345898107298,39.5345898107298,"Smooth","Avg. Reward Condition",20,"8",4,2,21,32,"Short",0.0674010869847306,1.18554953811723,NA,0.353794001004712,"localGP"
"974",4,3,1,2,73.4445687616828,73.4445687616828,"Smooth","Avg. Reward Condition",20,"8",4,1,24,32,"Short",0.0674010869847306,1.18554953811723,NA,0.353794001004712,"localGP"
"975",4,4,9,3,44.908976431908,73.4445687616828,"Smooth","Avg. Reward Condition",20,"8",4,2,43,32,"Short",0.0674010869847306,1.18554953811723,NA,0.353794001004712,"localGP"
"976",4,5,0,3,33.2695809306562,73.4445687616828,"Smooth","Avg. Reward Condition",20,"8",4,3,34,32,"Short",0.0674010869847306,1.18554953811723,NA,0.353794001004712,"localGP"
"977",4,6,7,7,31.8600199928014,73.4445687616828,"Smooth","Avg. Reward Condition",20,"8",4,1,85,32,"Short",0.0674010869847306,1.18554953811723,NA,0.353794001004712,"localGP"
"978",4,7,1,5,42.3282812740103,73.4445687616828,"Smooth","Avg. Reward Condition",20,"8",4,0,57,32,"Short",0.0674010869847306,1.18554953811723,NA,0.353794001004712,"localGP"
"979",4,8,1,7,1.24285436035292,73.4445687616828,"Smooth","Avg. Reward Condition",20,"8",4,1,79,32,"Short",0.0674010869847306,1.18554953811723,NA,0.353794001004712,"localGP"
"980",4,9,4,7,64.0825409576954,73.4445687616828,"Smooth","Avg. Reward Condition",20,"8",4,0,82,32,"Short",0.0674010869847306,1.18554953811723,NA,0.353794001004712,"localGP"
"981",4,10,4,6,62.1617444201005,73.4445687616828,"Smooth","Avg. Reward Condition",20,"8",4,2,71,32,"Short",0.0674010869847306,1.18554953811723,NA,0.353794001004712,"localGP"
"982",4,11,3,7,47.3255867438029,73.4445687616828,"Smooth","Avg. Reward Condition",20,"8",4,1,81,32,"Short",0.0674010869847306,1.18554953811723,NA,0.353794001004712,"localGP"
"983",4,12,7,6,33.7698034361065,73.4445687616828,"Smooth","Avg. Reward Condition",20,"8",4,2,74,32,"Short",0.0674010869847306,1.18554953811723,NA,0.353794001004712,"localGP"
"984",4,13,9,5,68.6489850017742,73.4445687616828,"Smooth","Avg. Reward Condition",20,"8",4,1,65,32,"Short",0.0674010869847306,1.18554953811723,NA,0.353794001004712,"localGP"
"985",4,14,9,6,37.8754043106106,73.4445687616828,"Smooth","Avg. Reward Condition",20,"8",4,1,76,32,"Short",0.0674010869847306,1.18554953811723,NA,0.353794001004712,"localGP"
"986",4,15,6,9,52.8376225982162,73.4445687616828,"Smooth","Avg. Reward Condition",20,"8",4,3,106,32,"Short",0.0674010869847306,1.18554953811723,NA,0.353794001004712,"localGP"
"987",4,16,5,9,23.8348743374816,73.4445687616828,"Smooth","Avg. Reward Condition",20,"8",4,1,105,32,"Short",0.0674010869847306,1.18554953811723,NA,0.353794001004712,"localGP"
"988",4,17,10,2,51.2894760836585,73.4445687616828,"Smooth","Avg. Reward Condition",20,"8",4,1,33,32,"Short",0.0674010869847306,1.18554953811723,NA,0.353794001004712,"localGP"
"989",4,18,4,5,36.1447579478145,73.4445687616828,"Smooth","Avg. Reward Condition",20,"8",4,1,60,32,"Short",0.0674010869847306,1.18554953811723,NA,0.353794001004712,"localGP"
"990",4,19,6,1,31.833699427692,73.4445687616828,"Smooth","Avg. Reward Condition",20,"8",4,1,18,32,"Short",0.0674010869847306,1.18554953811723,NA,0.353794001004712,"localGP"
"991",4,20,1,0,44.1381856766965,73.4445687616828,"Smooth","Avg. Reward Condition",20,"8",4,1,2,32,"Short",0.0674010869847306,1.18554953811723,NA,0.353794001004712,"localGP"
"992",4,21,1,1,71.1759996690276,73.4445687616828,"Smooth","Avg. Reward Condition",20,"8",4,1,13,32,"Short",0.0674010869847306,1.18554953811723,NA,0.353794001004712,"localGP"
"993",5,1,4,1,62.7752571733289,62.7752571733289,"Rough","Max. Reward Condition",20,"1",18,NA,16,33,"Short",0.0270619229995543,0.581965441596036,NA,0.00673794701433304,"localGP"
"994",5,2,4,1,62.7752571733289,62.7752571733289,"Rough","Max. Reward Condition",20,"1",18,4,16,33,"Short",0.0270619229995543,0.581965441596036,NA,0.00673794701433304,"localGP"
"995",5,3,4,1,62.7752571733289,62.7752571733289,"Rough","Max. Reward Condition",20,"1",18,2,16,33,"Short",0.0270619229995543,0.581965441596036,NA,0.00673794701433304,"localGP"
"996",5,4,7,3,0,62.7752571733289,"Rough","Max. Reward Condition",20,"1",18,3,41,33,"Short",0.0270619229995543,0.581965441596036,NA,0.00673794701433304,"localGP"
"997",5,5,7,4,21.5751534071113,62.7752571733289,"Rough","Max. Reward Condition",20,"1",18,2,52,33,"Short",0.0270619229995543,0.581965441596036,NA,0.00673794701433304,"localGP"
"998",5,6,7,4,21.5751534071113,62.7752571733289,"Rough","Max. Reward Condition",20,"1",18,3,52,33,"Short",0.0270619229995543,0.581965441596036,NA,0.00673794701433304,"localGP"
"999",5,7,3,10,32.5695318981662,62.7752571733289,"Rough","Max. Reward Condition",20,"1",18,1,114,33,"Short",0.0270619229995543,0.581965441596036,NA,0.00673794701433304,"localGP"
"1000",5,8,1,10,30.5577705769791,62.7752571733289,"Rough","Max. Reward Condition",20,"1",18,1,112,33,"Short",0.0270619229995543,0.581965441596036,NA,0.00673794701433304,"localGP"
"1001",5,9,2,2,100,100,"Rough","Max. Reward Condition",20,"1",18,1,25,33,"Short",0.0270619229995543,0.581965441596036,NA,0.00673794701433304,"localGP"
"1002",5,10,2,2,100,100,"Rough","Max. Reward Condition",20,"1",18,2,25,33,"Short",0.0270619229995543,0.581965441596036,NA,0.00673794701433304,"localGP"
"1003",5,11,2,2,100,100,"Rough","Max. Reward Condition",20,"1",18,1,25,33,"Short",0.0270619229995543,0.581965441596036,NA,0.00673794701433304,"localGP"
"1004",5,12,2,2,100,100,"Rough","Max. Reward Condition",20,"1",18,1,25,33,"Short",0.0270619229995543,0.581965441596036,NA,0.00673794701433304,"localGP"
"1005",5,13,2,2,100,100,"Rough","Max. Reward Condition",20,"1",18,2,25,33,"Short",0.0270619229995543,0.581965441596036,NA,0.00673794701433304,"localGP"
"1006",5,14,2,2,100,100,"Rough","Max. Reward Condition",20,"1",18,0,25,33,"Short",0.0270619229995543,0.581965441596036,NA,0.00673794701433304,"localGP"
"1007",5,15,2,2,100,100,"Rough","Max. Reward Condition",20,"1",18,0,25,33,"Short",0.0270619229995543,0.581965441596036,NA,0.00673794701433304,"localGP"
"1008",5,16,2,2,100,100,"Rough","Max. Reward Condition",20,"1",18,1,25,33,"Short",0.0270619229995543,0.581965441596036,NA,0.00673794701433304,"localGP"
"1009",5,17,2,2,100,100,"Rough","Max. Reward Condition",20,"1",18,0,25,33,"Short",0.0270619229995543,0.581965441596036,NA,0.00673794701433304,"localGP"
"1010",5,18,2,2,100,100,"Rough","Max. Reward Condition",20,"1",18,1,25,33,"Short",0.0270619229995543,0.581965441596036,NA,0.00673794701433304,"localGP"
"1011",5,19,2,2,100,100,"Rough","Max. Reward Condition",20,"1",18,0,25,33,"Short",0.0270619229995543,0.581965441596036,NA,0.00673794701433304,"localGP"
"1012",5,20,2,2,100,100,"Rough","Max. Reward Condition",20,"1",18,0,25,33,"Short",0.0270619229995543,0.581965441596036,NA,0.00673794701433304,"localGP"
"1013",5,21,2,2,100,100,"Rough","Max. Reward Condition",20,"1",18,1,25,33,"Short",0.0270619229995543,0.581965441596036,NA,0.00673794701433304,"localGP"
"1014",5,1,0,0,44.0135944380154,44.0135944380154,"Rough","Max. Reward Condition",40,"2",3,NA,1,34,"Long",0.0218010449308488,0.927667833753529,NA,0.00673794704758844,"localGP"
"1015",5,2,4,1,12.1703970520116,44.0135944380154,"Rough","Max. Reward Condition",40,"2",3,1,16,34,"Long",0.0218010449308488,0.927667833753529,NA,0.00673794704758844,"localGP"
"1016",5,3,5,6,47.8129336861214,47.8129336861214,"Rough","Max. Reward Condition",40,"2",3,2,72,34,"Long",0.0218010449308488,0.927667833753529,NA,0.00673794704758844,"localGP"
"1017",5,4,5,5,43.9510730907808,47.8129336861214,"Rough","Max. Reward Condition",40,"2",3,1,61,34,"Long",0.0218010449308488,0.927667833753529,NA,0.00673794704758844,"localGP"
"1018",5,5,10,8,89.8653397577546,89.8653397577546,"Rough","Max. Reward Condition",40,"2",3,1,99,34,"Long",0.0218010449308488,0.927667833753529,NA,0.00673794704758844,"localGP"
"1019",5,6,10,8,89.8653397577546,89.8653397577546,"Rough","Max. Reward Condition",40,"2",3,1,99,34,"Long",0.0218010449308488,0.927667833753529,NA,0.00673794704758844,"localGP"
"1020",5,7,10,8,89.8653397577546,89.8653397577546,"Rough","Max. Reward Condition",40,"2",3,2,99,34,"Long",0.0218010449308488,0.927667833753529,NA,0.00673794704758844,"localGP"
"1021",5,8,10,8,89.8653397577546,89.8653397577546,"Rough","Max. Reward Condition",40,"2",3,0,99,34,"Long",0.0218010449308488,0.927667833753529,NA,0.00673794704758844,"localGP"
"1022",5,9,10,8,89.8653397577546,89.8653397577546,"Rough","Max. Reward Condition",40,"2",3,0,99,34,"Long",0.0218010449308488,0.927667833753529,NA,0.00673794704758844,"localGP"
"1023",5,10,10,8,89.8653397577546,89.8653397577546,"Rough","Max. Reward Condition",40,"2",3,0,99,34,"Long",0.0218010449308488,0.927667833753529,NA,0.00673794704758844,"localGP"
"1024",5,11,10,8,89.8653397577546,89.8653397577546,"Rough","Max. Reward Condition",40,"2",3,0,99,34,"Long",0.0218010449308488,0.927667833753529,NA,0.00673794704758844,"localGP"
"1025",5,12,10,8,89.8653397577546,89.8653397577546,"Rough","Max. Reward Condition",40,"2",3,0,99,34,"Long",0.0218010449308488,0.927667833753529,NA,0.00673794704758844,"localGP"
"1026",5,13,10,8,89.8653397577546,89.8653397577546,"Rough","Max. Reward Condition",40,"2",3,0,99,34,"Long",0.0218010449308488,0.927667833753529,NA,0.00673794704758844,"localGP"
"1027",5,14,10,8,89.8653397577546,89.8653397577546,"Rough","Max. Reward Condition",40,"2",3,0,99,34,"Long",0.0218010449308488,0.927667833753529,NA,0.00673794704758844,"localGP"
"1028",5,15,10,8,89.8653397577546,89.8653397577546,"Rough","Max. Reward Condition",40,"2",3,0,99,34,"Long",0.0218010449308488,0.927667833753529,NA,0.00673794704758844,"localGP"
"1029",5,16,10,8,89.8653397577546,89.8653397577546,"Rough","Max. Reward Condition",40,"2",3,0,99,34,"Long",0.0218010449308488,0.927667833753529,NA,0.00673794704758844,"localGP"
"1030",5,17,10,8,89.8653397577546,89.8653397577546,"Rough","Max. Reward Condition",40,"2",3,0,99,34,"Long",0.0218010449308488,0.927667833753529,NA,0.00673794704758844,"localGP"
"1031",5,18,10,8,89.8653397577546,89.8653397577546,"Rough","Max. Reward Condition",40,"2",3,0,99,34,"Long",0.0218010449308488,0.927667833753529,NA,0.00673794704758844,"localGP"
"1032",5,19,10,8,89.8653397577546,89.8653397577546,"Rough","Max. Reward Condition",40,"2",3,0,99,34,"Long",0.0218010449308488,0.927667833753529,NA,0.00673794704758844,"localGP"
"1033",5,20,10,8,89.8653397577546,89.8653397577546,"Rough","Max. Reward Condition",40,"2",3,0,99,34,"Long",0.0218010449308488,0.927667833753529,NA,0.00673794704758844,"localGP"
"1034",5,21,10,8,89.8653397577546,89.8653397577546,"Rough","Max. Reward Condition",40,"2",3,0,99,34,"Long",0.0218010449308488,0.927667833753529,NA,0.00673794704758844,"localGP"
"1035",5,22,10,8,89.8653397577546,89.8653397577546,"Rough","Max. Reward Condition",40,"2",3,0,99,34,"Long",0.0218010449308488,0.927667833753529,NA,0.00673794704758844,"localGP"
"1036",5,23,10,8,89.8653397577546,89.8653397577546,"Rough","Max. Reward Condition",40,"2",3,0,99,34,"Long",0.0218010449308488,0.927667833753529,NA,0.00673794704758844,"localGP"
"1037",5,24,10,8,89.8653397577546,89.8653397577546,"Rough","Max. Reward Condition",40,"2",3,0,99,34,"Long",0.0218010449308488,0.927667833753529,NA,0.00673794704758844,"localGP"
"1038",5,25,10,8,89.8653397577546,89.8653397577546,"Rough","Max. Reward Condition",40,"2",3,0,99,34,"Long",0.0218010449308488,0.927667833753529,NA,0.00673794704758844,"localGP"
"1039",5,26,10,8,89.8653397577546,89.8653397577546,"Rough","Max. Reward Condition",40,"2",3,0,99,34,"Long",0.0218010449308488,0.927667833753529,NA,0.00673794704758844,"localGP"
"1040",5,27,10,8,89.8653397577546,89.8653397577546,"Rough","Max. Reward Condition",40,"2",3,0,99,34,"Long",0.0218010449308488,0.927667833753529,NA,0.00673794704758844,"localGP"
"1041",5,28,10,8,89.8653397577546,89.8653397577546,"Rough","Max. Reward Condition",40,"2",3,0,99,34,"Long",0.0218010449308488,0.927667833753529,NA,0.00673794704758844,"localGP"
"1042",5,29,10,8,89.8653397577546,89.8653397577546,"Rough","Max. Reward Condition",40,"2",3,0,99,34,"Long",0.0218010449308488,0.927667833753529,NA,0.00673794704758844,"localGP"
"1043",5,30,10,8,89.8653397577546,89.8653397577546,"Rough","Max. Reward Condition",40,"2",3,0,99,34,"Long",0.0218010449308488,0.927667833753529,NA,0.00673794704758844,"localGP"
"1044",5,31,10,8,89.8653397577546,89.8653397577546,"Rough","Max. Reward Condition",40,"2",3,0,99,34,"Long",0.0218010449308488,0.927667833753529,NA,0.00673794704758844,"localGP"
"1045",5,32,10,8,89.8653397577546,89.8653397577546,"Rough","Max. Reward Condition",40,"2",3,0,99,34,"Long",0.0218010449308488,0.927667833753529,NA,0.00673794704758844,"localGP"
"1046",5,33,10,8,89.8653397577546,89.8653397577546,"Rough","Max. Reward Condition",40,"2",3,0,99,34,"Long",0.0218010449308488,0.927667833753529,NA,0.00673794704758844,"localGP"
"1047",5,34,10,8,89.8653397577546,89.8653397577546,"Rough","Max. Reward Condition",40,"2",3,0,99,34,"Long",0.0218010449308488,0.927667833753529,NA,0.00673794704758844,"localGP"
"1048",5,35,10,8,89.8653397577546,89.8653397577546,"Rough","Max. Reward Condition",40,"2",3,0,99,34,"Long",0.0218010449308488,0.927667833753529,NA,0.00673794704758844,"localGP"
"1049",5,36,10,8,89.8653397577546,89.8653397577546,"Rough","Max. Reward Condition",40,"2",3,0,99,34,"Long",0.0218010449308488,0.927667833753529,NA,0.00673794704758844,"localGP"
"1050",5,37,10,8,89.8653397577546,89.8653397577546,"Rough","Max. Reward Condition",40,"2",3,0,99,34,"Long",0.0218010449308488,0.927667833753529,NA,0.00673794704758844,"localGP"
"1051",5,38,10,8,89.8653397577546,89.8653397577546,"Rough","Max. Reward Condition",40,"2",3,0,99,34,"Long",0.0218010449308488,0.927667833753529,NA,0.00673794704758844,"localGP"
"1052",5,39,10,8,89.8653397577546,89.8653397577546,"Rough","Max. Reward Condition",40,"2",3,0,99,34,"Long",0.0218010449308488,0.927667833753529,NA,0.00673794704758844,"localGP"
"1053",5,40,10,8,89.8653397577546,89.8653397577546,"Rough","Max. Reward Condition",40,"2",3,0,99,34,"Long",0.0218010449308488,0.927667833753529,NA,0.00673794704758844,"localGP"
"1054",5,41,10,8,89.8653397577546,89.8653397577546,"Rough","Max. Reward Condition",40,"2",3,0,99,34,"Long",0.0218010449308488,0.927667833753529,NA,0.00673794704758844,"localGP"
"1055",5,1,3,4,59.6168211558576,59.6168211558576,"Rough","Max. Reward Condition",20,"3",2,NA,48,35,"Short",0.0330603893459692,0.0201955078814381,NA,0.0879666986429339,"localGP"
"1056",5,2,4,5,25.2003501997717,59.6168211558576,"Rough","Max. Reward Condition",20,"3",2,5,60,35,"Short",0.0330603893459692,0.0201955078814381,NA,0.0879666986429339,"localGP"
"1057",5,3,6,6,56.4950247425191,59.6168211558576,"Rough","Max. Reward Condition",20,"3",2,7,73,35,"Short",0.0330603893459692,0.0201955078814381,NA,0.0879666986429339,"localGP"
"1058",5,4,7,6,53.9752952053274,59.6168211558576,"Rough","Max. Reward Condition",20,"3",2,8,74,35,"Short",0.0330603893459692,0.0201955078814381,NA,0.0879666986429339,"localGP"
"1059",5,5,7,1,46.9542697073233,59.6168211558576,"Rough","Max. Reward Condition",20,"3",2,12,19,35,"Short",0.0330603893459692,0.0201955078814381,NA,0.0879666986429339,"localGP"
"1060",5,6,7,0,60.7510737906873,60.7510737906873,"Rough","Max. Reward Condition",20,"3",2,5,8,35,"Short",0.0330603893459692,0.0201955078814381,NA,0.0879666986429339,"localGP"
"1061",5,7,8,1,43.3216867242377,60.7510737906873,"Rough","Max. Reward Condition",20,"3",2,0,20,35,"Short",0.0330603893459692,0.0201955078814381,NA,0.0879666986429339,"localGP"
"1062",5,8,2,5,29.9250214426935,60.7510737906873,"Rough","Max. Reward Condition",20,"3",2,0,58,35,"Short",0.0330603893459692,0.0201955078814381,NA,0.0879666986429339,"localGP"
"1063",5,9,7,2,36.6509044186879,60.7510737906873,"Rough","Max. Reward Condition",20,"3",2,0,30,35,"Short",0.0330603893459692,0.0201955078814381,NA,0.0879666986429339,"localGP"
"1064",5,10,1,2,35.3675070791492,60.7510737906873,"Rough","Max. Reward Condition",20,"3",2,0,24,35,"Short",0.0330603893459692,0.0201955078814381,NA,0.0879666986429339,"localGP"
"1065",5,11,3,5,7.23441579303476,60.7510737906873,"Rough","Max. Reward Condition",20,"3",2,0,59,35,"Short",0.0330603893459692,0.0201955078814381,NA,0.0879666986429339,"localGP"
"1066",5,12,8,10,50.0631766898922,60.7510737906873,"Rough","Max. Reward Condition",20,"3",2,0,119,35,"Short",0.0330603893459692,0.0201955078814381,NA,0.0879666986429339,"localGP"
"1067",5,13,9,10,39.8149202593405,60.7510737906873,"Rough","Max. Reward Condition",20,"3",2,0,120,35,"Short",0.0330603893459692,0.0201955078814381,NA,0.0879666986429339,"localGP"
"1068",5,14,5,6,69.4199837896596,69.4199837896596,"Rough","Max. Reward Condition",20,"3",2,0,72,35,"Short",0.0330603893459692,0.0201955078814381,NA,0.0879666986429339,"localGP"
"1069",5,15,5,6,69.4199837896596,69.4199837896596,"Rough","Max. Reward Condition",20,"3",2,0,72,35,"Short",0.0330603893459692,0.0201955078814381,NA,0.0879666986429339,"localGP"
"1070",5,16,5,6,69.4199837896596,69.4199837896596,"Rough","Max. Reward Condition",20,"3",2,0,72,35,"Short",0.0330603893459692,0.0201955078814381,NA,0.0879666986429339,"localGP"
"1071",5,17,5,2,15.5993196852058,69.4199837896596,"Rough","Max. Reward Condition",20,"3",2,0,28,35,"Short",0.0330603893459692,0.0201955078814381,NA,0.0879666986429339,"localGP"
"1072",5,18,10,7,56.407307630686,69.4199837896596,"Rough","Max. Reward Condition",20,"3",2,0,88,35,"Short",0.0330603893459692,0.0201955078814381,NA,0.0879666986429339,"localGP"
"1073",5,19,10,6,72.5002768176028,72.5002768176028,"Rough","Max. Reward Condition",20,"3",2,1,77,35,"Short",0.0330603893459692,0.0201955078814381,NA,0.0879666986429339,"localGP"
"1074",5,20,10,6,72.5002768176028,72.5002768176028,"Rough","Max. Reward Condition",20,"3",2,1,77,35,"Short",0.0330603893459692,0.0201955078814381,NA,0.0879666986429339,"localGP"
"1075",5,21,10,6,72.5002768176028,72.5002768176028,"Rough","Max. Reward Condition",20,"3",2,0,77,35,"Short",0.0330603893459692,0.0201955078814381,NA,0.0879666986429339,"localGP"
"1076",5,1,6,9,54.5546785707911,54.5546785707911,"Rough","Max. Reward Condition",40,"4",8,NA,106,36,"Long",0.0241109273007202,1.03818360638763,NA,0.00673794993851057,"localGP"
"1077",5,2,9,6,36.3129176389145,54.5546785707911,"Rough","Max. Reward Condition",40,"4",8,0,76,36,"Long",0.0241109273007202,1.03818360638763,NA,0.00673794993851057,"localGP"
"1078",5,3,2,4,66.8505188208105,66.8505188208105,"Rough","Max. Reward Condition",40,"4",8,0,47,36,"Long",0.0241109273007202,1.03818360638763,NA,0.00673794993851057,"localGP"
"1079",5,4,2,4,66.8505188208105,66.8505188208105,"Rough","Max. Reward Condition",40,"4",8,0,47,36,"Long",0.0241109273007202,1.03818360638763,NA,0.00673794993851057,"localGP"
"1080",5,5,10,7,59.5768375787062,66.8505188208105,"Rough","Max. Reward Condition",40,"4",8,0,88,36,"Long",0.0241109273007202,1.03818360638763,NA,0.00673794993851057,"localGP"
"1081",5,6,7,8,32.7481973120659,66.8505188208105,"Rough","Max. Reward Condition",40,"4",8,0,96,36,"Long",0.0241109273007202,1.03818360638763,NA,0.00673794993851057,"localGP"
"1082",5,7,7,0,41.9382069240684,66.8505188208105,"Rough","Max. Reward Condition",40,"4",8,0,8,36,"Long",0.0241109273007202,1.03818360638763,NA,0.00673794993851057,"localGP"
"1083",5,8,5,7,35.7264911415369,66.8505188208105,"Rough","Max. Reward Condition",40,"4",8,0,83,36,"Long",0.0241109273007202,1.03818360638763,NA,0.00673794993851057,"localGP"
"1084",5,9,3,5,100,100,"Rough","Max. Reward Condition",40,"4",8,0,59,36,"Long",0.0241109273007202,1.03818360638763,NA,0.00673794993851057,"localGP"
"1085",5,10,3,5,100,100,"Rough","Max. Reward Condition",40,"4",8,0,59,36,"Long",0.0241109273007202,1.03818360638763,NA,0.00673794993851057,"localGP"
"1086",5,11,3,5,100,100,"Rough","Max. Reward Condition",40,"4",8,0,59,36,"Long",0.0241109273007202,1.03818360638763,NA,0.00673794993851057,"localGP"
"1087",5,12,3,5,100,100,"Rough","Max. Reward Condition",40,"4",8,0,59,36,"Long",0.0241109273007202,1.03818360638763,NA,0.00673794993851057,"localGP"
"1088",5,13,3,5,100,100,"Rough","Max. Reward Condition",40,"4",8,0,59,36,"Long",0.0241109273007202,1.03818360638763,NA,0.00673794993851057,"localGP"
"1089",5,14,3,5,100,100,"Rough","Max. Reward Condition",40,"4",8,0,59,36,"Long",0.0241109273007202,1.03818360638763,NA,0.00673794993851057,"localGP"
"1090",5,15,3,5,100,100,"Rough","Max. Reward Condition",40,"4",8,0,59,36,"Long",0.0241109273007202,1.03818360638763,NA,0.00673794993851057,"localGP"
"1091",5,16,3,5,100,100,"Rough","Max. Reward Condition",40,"4",8,0,59,36,"Long",0.0241109273007202,1.03818360638763,NA,0.00673794993851057,"localGP"
"1092",5,17,3,5,100,100,"Rough","Max. Reward Condition",40,"4",8,0,59,36,"Long",0.0241109273007202,1.03818360638763,NA,0.00673794993851057,"localGP"
"1093",5,18,3,5,100,100,"Rough","Max. Reward Condition",40,"4",8,0,59,36,"Long",0.0241109273007202,1.03818360638763,NA,0.00673794993851057,"localGP"
"1094",5,19,3,5,100,100,"Rough","Max. Reward Condition",40,"4",8,0,59,36,"Long",0.0241109273007202,1.03818360638763,NA,0.00673794993851057,"localGP"
"1095",5,20,3,5,100,100,"Rough","Max. Reward Condition",40,"4",8,0,59,36,"Long",0.0241109273007202,1.03818360638763,NA,0.00673794993851057,"localGP"
"1096",5,21,3,5,100,100,"Rough","Max. Reward Condition",40,"4",8,0,59,36,"Long",0.0241109273007202,1.03818360638763,NA,0.00673794993851057,"localGP"
"1097",5,22,3,5,100,100,"Rough","Max. Reward Condition",40,"4",8,0,59,36,"Long",0.0241109273007202,1.03818360638763,NA,0.00673794993851057,"localGP"
"1098",5,23,3,5,100,100,"Rough","Max. Reward Condition",40,"4",8,0,59,36,"Long",0.0241109273007202,1.03818360638763,NA,0.00673794993851057,"localGP"
"1099",5,24,3,5,100,100,"Rough","Max. Reward Condition",40,"4",8,0,59,36,"Long",0.0241109273007202,1.03818360638763,NA,0.00673794993851057,"localGP"
"1100",5,25,3,5,100,100,"Rough","Max. Reward Condition",40,"4",8,0,59,36,"Long",0.0241109273007202,1.03818360638763,NA,0.00673794993851057,"localGP"
"1101",5,26,3,5,100,100,"Rough","Max. Reward Condition",40,"4",8,0,59,36,"Long",0.0241109273007202,1.03818360638763,NA,0.00673794993851057,"localGP"
"1102",5,27,3,5,100,100,"Rough","Max. Reward Condition",40,"4",8,0,59,36,"Long",0.0241109273007202,1.03818360638763,NA,0.00673794993851057,"localGP"
"1103",5,28,3,5,100,100,"Rough","Max. Reward Condition",40,"4",8,0,59,36,"Long",0.0241109273007202,1.03818360638763,NA,0.00673794993851057,"localGP"
"1104",5,29,3,5,100,100,"Rough","Max. Reward Condition",40,"4",8,0,59,36,"Long",0.0241109273007202,1.03818360638763,NA,0.00673794993851057,"localGP"
"1105",5,30,3,5,100,100,"Rough","Max. Reward Condition",40,"4",8,0,59,36,"Long",0.0241109273007202,1.03818360638763,NA,0.00673794993851057,"localGP"
"1106",5,31,3,5,100,100,"Rough","Max. Reward Condition",40,"4",8,0,59,36,"Long",0.0241109273007202,1.03818360638763,NA,0.00673794993851057,"localGP"
"1107",5,32,3,5,100,100,"Rough","Max. Reward Condition",40,"4",8,0,59,36,"Long",0.0241109273007202,1.03818360638763,NA,0.00673794993851057,"localGP"
"1108",5,33,3,5,100,100,"Rough","Max. Reward Condition",40,"4",8,0,59,36,"Long",0.0241109273007202,1.03818360638763,NA,0.00673794993851057,"localGP"
"1109",5,34,3,5,100,100,"Rough","Max. Reward Condition",40,"4",8,0,59,36,"Long",0.0241109273007202,1.03818360638763,NA,0.00673794993851057,"localGP"
"1110",5,35,3,5,100,100,"Rough","Max. Reward Condition",40,"4",8,0,59,36,"Long",0.0241109273007202,1.03818360638763,NA,0.00673794993851057,"localGP"
"1111",5,36,3,5,100,100,"Rough","Max. Reward Condition",40,"4",8,0,59,36,"Long",0.0241109273007202,1.03818360638763,NA,0.00673794993851057,"localGP"
"1112",5,37,3,5,100,100,"Rough","Max. Reward Condition",40,"4",8,0,59,36,"Long",0.0241109273007202,1.03818360638763,NA,0.00673794993851057,"localGP"
"1113",5,38,3,5,100,100,"Rough","Max. Reward Condition",40,"4",8,0,59,36,"Long",0.0241109273007202,1.03818360638763,NA,0.00673794993851057,"localGP"
"1114",5,39,3,5,100,100,"Rough","Max. Reward Condition",40,"4",8,0,59,36,"Long",0.0241109273007202,1.03818360638763,NA,0.00673794993851057,"localGP"
"1115",5,40,3,5,100,100,"Rough","Max. Reward Condition",40,"4",8,0,59,36,"Long",0.0241109273007202,1.03818360638763,NA,0.00673794993851057,"localGP"
"1116",5,41,3,5,100,100,"Rough","Max. Reward Condition",40,"4",8,0,59,36,"Long",0.0241109273007202,1.03818360638763,NA,0.00673794993851057,"localGP"
"1117",5,1,0,1,39.3177147292541,39.3177147292541,"Rough","Max. Reward Condition",20,"5",19,NA,12,37,"Short",0.0227485323583741,0.13344591063226,NA,0.0602759670968504,"localGP"
"1118",5,2,2,2,85.7983244921108,85.7983244921108,"Rough","Max. Reward Condition",20,"5",19,3,25,37,"Short",0.0227485323583741,0.13344591063226,NA,0.0602759670968504,"localGP"
"1119",5,3,2,2,85.7983244921108,85.7983244921108,"Rough","Max. Reward Condition",20,"5",19,11,25,37,"Short",0.0227485323583741,0.13344591063226,NA,0.0602759670968504,"localGP"
"1120",5,4,2,2,85.7983244921108,85.7983244921108,"Rough","Max. Reward Condition",20,"5",19,11,25,37,"Short",0.0227485323583741,0.13344591063226,NA,0.0602759670968504,"localGP"
"1121",5,5,2,2,85.7983244921108,85.7983244921108,"Rough","Max. Reward Condition",20,"5",19,12,25,37,"Short",0.0227485323583741,0.13344591063226,NA,0.0602759670968504,"localGP"
"1122",5,6,2,2,85.7983244921108,85.7983244921108,"Rough","Max. Reward Condition",20,"5",19,12,25,37,"Short",0.0227485323583741,0.13344591063226,NA,0.0602759670968504,"localGP"
"1123",5,7,2,2,85.7983244921108,85.7983244921108,"Rough","Max. Reward Condition",20,"5",19,0,25,37,"Short",0.0227485323583741,0.13344591063226,NA,0.0602759670968504,"localGP"
"1124",5,8,2,2,85.7983244921108,85.7983244921108,"Rough","Max. Reward Condition",20,"5",19,0,25,37,"Short",0.0227485323583741,0.13344591063226,NA,0.0602759670968504,"localGP"
"1125",5,9,2,2,85.7983244921108,85.7983244921108,"Rough","Max. Reward Condition",20,"5",19,0,25,37,"Short",0.0227485323583741,0.13344591063226,NA,0.0602759670968504,"localGP"
"1126",5,10,2,2,85.7983244921108,85.7983244921108,"Rough","Max. Reward Condition",20,"5",19,0,25,37,"Short",0.0227485323583741,0.13344591063226,NA,0.0602759670968504,"localGP"
"1127",5,11,2,2,85.7983244921108,85.7983244921108,"Rough","Max. Reward Condition",20,"5",19,0,25,37,"Short",0.0227485323583741,0.13344591063226,NA,0.0602759670968504,"localGP"
"1128",5,12,2,2,85.7983244921108,85.7983244921108,"Rough","Max. Reward Condition",20,"5",19,0,25,37,"Short",0.0227485323583741,0.13344591063226,NA,0.0602759670968504,"localGP"
"1129",5,13,2,2,85.7983244921108,85.7983244921108,"Rough","Max. Reward Condition",20,"5",19,0,25,37,"Short",0.0227485323583741,0.13344591063226,NA,0.0602759670968504,"localGP"
"1130",5,14,2,2,85.7983244921108,85.7983244921108,"Rough","Max. Reward Condition",20,"5",19,0,25,37,"Short",0.0227485323583741,0.13344591063226,NA,0.0602759670968504,"localGP"
"1131",5,15,2,2,85.7983244921108,85.7983244921108,"Rough","Max. Reward Condition",20,"5",19,0,25,37,"Short",0.0227485323583741,0.13344591063226,NA,0.0602759670968504,"localGP"
"1132",5,16,2,2,85.7983244921108,85.7983244921108,"Rough","Max. Reward Condition",20,"5",19,0,25,37,"Short",0.0227485323583741,0.13344591063226,NA,0.0602759670968504,"localGP"
"1133",5,17,2,2,85.7983244921108,85.7983244921108,"Rough","Max. Reward Condition",20,"5",19,0,25,37,"Short",0.0227485323583741,0.13344591063226,NA,0.0602759670968504,"localGP"
"1134",5,18,2,2,85.7983244921108,85.7983244921108,"Rough","Max. Reward Condition",20,"5",19,0,25,37,"Short",0.0227485323583741,0.13344591063226,NA,0.0602759670968504,"localGP"
"1135",5,19,2,2,85.7983244921108,85.7983244921108,"Rough","Max. Reward Condition",20,"5",19,0,25,37,"Short",0.0227485323583741,0.13344591063226,NA,0.0602759670968504,"localGP"
"1136",5,20,2,2,85.7983244921108,85.7983244921108,"Rough","Max. Reward Condition",20,"5",19,0,25,37,"Short",0.0227485323583741,0.13344591063226,NA,0.0602759670968504,"localGP"
"1137",5,21,2,2,85.7983244921108,85.7983244921108,"Rough","Max. Reward Condition",20,"5",19,0,25,37,"Short",0.0227485323583741,0.13344591063226,NA,0.0602759670968504,"localGP"
"1138",5,1,4,8,3.8244891492963,3.8244891492963,"Rough","Max. Reward Condition",40,"6",15,NA,93,38,"Long",0.0332276297366099,0.710679343247989,NA,0.0854770472912933,"localGP"
"1139",5,2,0,7,33.8332215321882,33.8332215321882,"Rough","Max. Reward Condition",40,"6",15,7,78,38,"Long",0.0332276297366099,0.710679343247989,NA,0.0854770472912933,"localGP"
"1140",5,3,3,2,46.0666798716987,46.0666798716987,"Rough","Max. Reward Condition",40,"6",15,12,26,38,"Long",0.0332276297366099,0.710679343247989,NA,0.0854770472912933,"localGP"
"1141",5,4,0,2,95.1832335243152,95.1832335243152,"Rough","Max. Reward Condition",40,"6",15,1,23,38,"Long",0.0332276297366099,0.710679343247989,NA,0.0854770472912933,"localGP"
"1142",5,5,0,2,95.1832335243152,95.1832335243152,"Rough","Max. Reward Condition",40,"6",15,1,23,38,"Long",0.0332276297366099,0.710679343247989,NA,0.0854770472912933,"localGP"
"1143",5,6,0,2,95.1832335243152,95.1832335243152,"Rough","Max. Reward Condition",40,"6",15,0,23,38,"Long",0.0332276297366099,0.710679343247989,NA,0.0854770472912933,"localGP"
"1144",5,7,0,2,95.1832335243152,95.1832335243152,"Rough","Max. Reward Condition",40,"6",15,0,23,38,"Long",0.0332276297366099,0.710679343247989,NA,0.0854770472912933,"localGP"
"1145",5,8,0,2,95.1832335243152,95.1832335243152,"Rough","Max. Reward Condition",40,"6",15,0,23,38,"Long",0.0332276297366099,0.710679343247989,NA,0.0854770472912933,"localGP"
"1146",5,9,0,2,95.1832335243152,95.1832335243152,"Rough","Max. Reward Condition",40,"6",15,0,23,38,"Long",0.0332276297366099,0.710679343247989,NA,0.0854770472912933,"localGP"
"1147",5,10,0,2,95.1832335243152,95.1832335243152,"Rough","Max. Reward Condition",40,"6",15,0,23,38,"Long",0.0332276297366099,0.710679343247989,NA,0.0854770472912933,"localGP"
"1148",5,11,0,2,95.1832335243152,95.1832335243152,"Rough","Max. Reward Condition",40,"6",15,0,23,38,"Long",0.0332276297366099,0.710679343247989,NA,0.0854770472912933,"localGP"
"1149",5,12,0,2,95.1832335243152,95.1832335243152,"Rough","Max. Reward Condition",40,"6",15,0,23,38,"Long",0.0332276297366099,0.710679343247989,NA,0.0854770472912933,"localGP"
"1150",5,13,0,2,95.1832335243152,95.1832335243152,"Rough","Max. Reward Condition",40,"6",15,0,23,38,"Long",0.0332276297366099,0.710679343247989,NA,0.0854770472912933,"localGP"
"1151",5,14,0,2,95.1832335243152,95.1832335243152,"Rough","Max. Reward Condition",40,"6",15,0,23,38,"Long",0.0332276297366099,0.710679343247989,NA,0.0854770472912933,"localGP"
"1152",5,15,0,2,95.1832335243152,95.1832335243152,"Rough","Max. Reward Condition",40,"6",15,0,23,38,"Long",0.0332276297366099,0.710679343247989,NA,0.0854770472912933,"localGP"
"1153",5,16,0,2,95.1832335243152,95.1832335243152,"Rough","Max. Reward Condition",40,"6",15,0,23,38,"Long",0.0332276297366099,0.710679343247989,NA,0.0854770472912933,"localGP"
"1154",5,17,0,2,95.1832335243152,95.1832335243152,"Rough","Max. Reward Condition",40,"6",15,0,23,38,"Long",0.0332276297366099,0.710679343247989,NA,0.0854770472912933,"localGP"
"1155",5,18,0,2,95.1832335243152,95.1832335243152,"Rough","Max. Reward Condition",40,"6",15,0,23,38,"Long",0.0332276297366099,0.710679343247989,NA,0.0854770472912933,"localGP"
"1156",5,19,0,2,95.1832335243152,95.1832335243152,"Rough","Max. Reward Condition",40,"6",15,0,23,38,"Long",0.0332276297366099,0.710679343247989,NA,0.0854770472912933,"localGP"
"1157",5,20,0,2,95.1832335243152,95.1832335243152,"Rough","Max. Reward Condition",40,"6",15,0,23,38,"Long",0.0332276297366099,0.710679343247989,NA,0.0854770472912933,"localGP"
"1158",5,21,0,2,95.1832335243152,95.1832335243152,"Rough","Max. Reward Condition",40,"6",15,0,23,38,"Long",0.0332276297366099,0.710679343247989,NA,0.0854770472912933,"localGP"
"1159",5,22,0,2,95.1832335243152,95.1832335243152,"Rough","Max. Reward Condition",40,"6",15,0,23,38,"Long",0.0332276297366099,0.710679343247989,NA,0.0854770472912933,"localGP"
"1160",5,23,0,2,95.1832335243152,95.1832335243152,"Rough","Max. Reward Condition",40,"6",15,0,23,38,"Long",0.0332276297366099,0.710679343247989,NA,0.0854770472912933,"localGP"
"1161",5,24,0,2,95.1832335243152,95.1832335243152,"Rough","Max. Reward Condition",40,"6",15,0,23,38,"Long",0.0332276297366099,0.710679343247989,NA,0.0854770472912933,"localGP"
"1162",5,25,0,2,95.1832335243152,95.1832335243152,"Rough","Max. Reward Condition",40,"6",15,0,23,38,"Long",0.0332276297366099,0.710679343247989,NA,0.0854770472912933,"localGP"
"1163",5,26,0,2,95.1832335243152,95.1832335243152,"Rough","Max. Reward Condition",40,"6",15,0,23,38,"Long",0.0332276297366099,0.710679343247989,NA,0.0854770472912933,"localGP"
"1164",5,27,0,2,95.1832335243152,95.1832335243152,"Rough","Max. Reward Condition",40,"6",15,0,23,38,"Long",0.0332276297366099,0.710679343247989,NA,0.0854770472912933,"localGP"
"1165",5,28,0,2,95.1832335243152,95.1832335243152,"Rough","Max. Reward Condition",40,"6",15,0,23,38,"Long",0.0332276297366099,0.710679343247989,NA,0.0854770472912933,"localGP"
"1166",5,29,0,2,95.1832335243152,95.1832335243152,"Rough","Max. Reward Condition",40,"6",15,0,23,38,"Long",0.0332276297366099,0.710679343247989,NA,0.0854770472912933,"localGP"
"1167",5,30,0,2,95.1832335243152,95.1832335243152,"Rough","Max. Reward Condition",40,"6",15,0,23,38,"Long",0.0332276297366099,0.710679343247989,NA,0.0854770472912933,"localGP"
"1168",5,31,0,2,95.1832335243152,95.1832335243152,"Rough","Max. Reward Condition",40,"6",15,0,23,38,"Long",0.0332276297366099,0.710679343247989,NA,0.0854770472912933,"localGP"
"1169",5,32,0,2,95.1832335243152,95.1832335243152,"Rough","Max. Reward Condition",40,"6",15,0,23,38,"Long",0.0332276297366099,0.710679343247989,NA,0.0854770472912933,"localGP"
"1170",5,33,0,2,95.1832335243152,95.1832335243152,"Rough","Max. Reward Condition",40,"6",15,0,23,38,"Long",0.0332276297366099,0.710679343247989,NA,0.0854770472912933,"localGP"
"1171",5,34,0,2,95.1832335243152,95.1832335243152,"Rough","Max. Reward Condition",40,"6",15,0,23,38,"Long",0.0332276297366099,0.710679343247989,NA,0.0854770472912933,"localGP"
"1172",5,35,0,2,95.1832335243152,95.1832335243152,"Rough","Max. Reward Condition",40,"6",15,0,23,38,"Long",0.0332276297366099,0.710679343247989,NA,0.0854770472912933,"localGP"
"1173",5,36,0,2,95.1832335243152,95.1832335243152,"Rough","Max. Reward Condition",40,"6",15,0,23,38,"Long",0.0332276297366099,0.710679343247989,NA,0.0854770472912933,"localGP"
"1174",5,37,0,2,95.1832335243152,95.1832335243152,"Rough","Max. Reward Condition",40,"6",15,0,23,38,"Long",0.0332276297366099,0.710679343247989,NA,0.0854770472912933,"localGP"
"1175",5,38,0,2,95.1832335243152,95.1832335243152,"Rough","Max. Reward Condition",40,"6",15,0,23,38,"Long",0.0332276297366099,0.710679343247989,NA,0.0854770472912933,"localGP"
"1176",5,39,0,2,95.1832335243152,95.1832335243152,"Rough","Max. Reward Condition",40,"6",15,0,23,38,"Long",0.0332276297366099,0.710679343247989,NA,0.0854770472912933,"localGP"
"1177",5,40,0,2,95.1832335243152,95.1832335243152,"Rough","Max. Reward Condition",40,"6",15,0,23,38,"Long",0.0332276297366099,0.710679343247989,NA,0.0854770472912933,"localGP"
"1178",5,41,0,2,95.1832335243152,95.1832335243152,"Rough","Max. Reward Condition",40,"6",15,0,23,38,"Long",0.0332276297366099,0.710679343247989,NA,0.0854770472912933,"localGP"
"1179",5,1,8,8,38.0062708258148,38.0062708258148,"Rough","Max. Reward Condition",20,"7",11,NA,97,39,"Short",0.0247362693073618,0.133788849655608,NA,0.0552749683800126,"localGP"
"1180",5,2,3,10,47.1514098553432,47.1514098553432,"Rough","Max. Reward Condition",20,"7",11,8,114,39,"Short",0.0247362693073618,0.133788849655608,NA,0.0552749683800126,"localGP"
"1181",5,3,6,4,60.614772799294,60.614772799294,"Rough","Max. Reward Condition",20,"7",11,0,51,39,"Short",0.0247362693073618,0.133788849655608,NA,0.0552749683800126,"localGP"
"1182",5,4,6,4,60.614772799294,60.614772799294,"Rough","Max. Reward Condition",20,"7",11,0,51,39,"Short",0.0247362693073618,0.133788849655608,NA,0.0552749683800126,"localGP"
"1183",5,5,6,4,60.614772799294,60.614772799294,"Rough","Max. Reward Condition",20,"7",11,0,51,39,"Short",0.0247362693073618,0.133788849655608,NA,0.0552749683800126,"localGP"
"1184",5,6,10,4,30.4922270378704,60.614772799294,"Rough","Max. Reward Condition",20,"7",11,0,55,39,"Short",0.0247362693073618,0.133788849655608,NA,0.0552749683800126,"localGP"
"1185",5,7,2,3,41.0550340200253,60.614772799294,"Rough","Max. Reward Condition",20,"7",11,0,36,39,"Short",0.0247362693073618,0.133788849655608,NA,0.0552749683800126,"localGP"
"1186",5,8,3,8,64.4887240517494,64.4887240517494,"Rough","Max. Reward Condition",20,"7",11,0,92,39,"Short",0.0247362693073618,0.133788849655608,NA,0.0552749683800126,"localGP"
"1187",5,9,1,1,53.9274395779777,64.4887240517494,"Rough","Max. Reward Condition",20,"7",11,0,13,39,"Short",0.0247362693073618,0.133788849655608,NA,0.0552749683800126,"localGP"
"1188",5,10,6,7,34.4381373712981,64.4887240517494,"Rough","Max. Reward Condition",20,"7",11,0,84,39,"Short",0.0247362693073618,0.133788849655608,NA,0.0552749683800126,"localGP"
"1189",5,11,7,3,55.8044866187351,64.4887240517494,"Rough","Max. Reward Condition",20,"7",11,0,41,39,"Short",0.0247362693073618,0.133788849655608,NA,0.0552749683800126,"localGP"
"1190",5,12,8,6,60.0661393407619,64.4887240517494,"Rough","Max. Reward Condition",20,"7",11,0,75,39,"Short",0.0247362693073618,0.133788849655608,NA,0.0552749683800126,"localGP"
"1191",5,13,8,6,60.0661393407619,64.4887240517494,"Rough","Max. Reward Condition",20,"7",11,0,75,39,"Short",0.0247362693073618,0.133788849655608,NA,0.0552749683800126,"localGP"
"1192",5,14,8,7,44.4895686177393,64.4887240517494,"Rough","Max. Reward Condition",20,"7",11,0,86,39,"Short",0.0247362693073618,0.133788849655608,NA,0.0552749683800126,"localGP"
"1193",5,15,0,3,52.5672318356315,64.4887240517494,"Rough","Max. Reward Condition",20,"7",11,0,34,39,"Short",0.0247362693073618,0.133788849655608,NA,0.0552749683800126,"localGP"
"1194",5,16,6,9,46.6920205360619,64.4887240517494,"Rough","Max. Reward Condition",20,"7",11,0,106,39,"Short",0.0247362693073618,0.133788849655608,NA,0.0552749683800126,"localGP"
"1195",5,17,10,7,37.1719234376725,64.4887240517494,"Rough","Max. Reward Condition",20,"7",11,0,88,39,"Short",0.0247362693073618,0.133788849655608,NA,0.0552749683800126,"localGP"
"1196",5,18,6,0,24.4563131020633,64.4887240517494,"Rough","Max. Reward Condition",20,"7",11,0,7,39,"Short",0.0247362693073618,0.133788849655608,NA,0.0552749683800126,"localGP"
"1197",5,19,6,4,60.614772799294,64.4887240517494,"Rough","Max. Reward Condition",20,"7",11,0,51,39,"Short",0.0247362693073618,0.133788849655608,NA,0.0552749683800126,"localGP"
"1198",5,20,6,4,60.614772799294,64.4887240517494,"Rough","Max. Reward Condition",20,"7",11,0,51,39,"Short",0.0247362693073618,0.133788849655608,NA,0.0552749683800126,"localGP"
"1199",5,21,6,10,64.4156192445451,64.4887240517494,"Rough","Max. Reward Condition",20,"7",11,0,117,39,"Short",0.0247362693073618,0.133788849655608,NA,0.0552749683800126,"localGP"
"1200",5,1,5,8,82.0331276528132,82.0331276528132,"Rough","Max. Reward Condition",40,"8",12,NA,94,40,"Long",0.022087489776906,1.18541390456011,NA,0.00673794867490884,"localGP"
"1201",5,2,5,8,82.0331276528132,82.0331276528132,"Rough","Max. Reward Condition",40,"8",12,1,94,40,"Long",0.022087489776906,1.18541390456011,NA,0.00673794867490884,"localGP"
"1202",5,3,5,8,82.0331276528132,82.0331276528132,"Rough","Max. Reward Condition",40,"8",12,12,94,40,"Long",0.022087489776906,1.18541390456011,NA,0.00673794867490884,"localGP"
"1203",5,4,5,8,82.0331276528132,82.0331276528132,"Rough","Max. Reward Condition",40,"8",12,15,94,40,"Long",0.022087489776906,1.18541390456011,NA,0.00673794867490884,"localGP"
"1204",5,5,6,8,66.326299077943,82.0331276528132,"Rough","Max. Reward Condition",40,"8",12,5,95,40,"Long",0.022087489776906,1.18541390456011,NA,0.00673794867490884,"localGP"
"1205",5,6,5,8,82.0331276528132,82.0331276528132,"Rough","Max. Reward Condition",40,"8",12,9,94,40,"Long",0.022087489776906,1.18541390456011,NA,0.00673794867490884,"localGP"
"1206",5,7,5,8,82.0331276528132,82.0331276528132,"Rough","Max. Reward Condition",40,"8",12,10,94,40,"Long",0.022087489776906,1.18541390456011,NA,0.00673794867490884,"localGP"
"1207",5,8,5,8,82.0331276528132,82.0331276528132,"Rough","Max. Reward Condition",40,"8",12,0,94,40,"Long",0.022087489776906,1.18541390456011,NA,0.00673794867490884,"localGP"
"1208",5,9,5,8,82.0331276528132,82.0331276528132,"Rough","Max. Reward Condition",40,"8",12,0,94,40,"Long",0.022087489776906,1.18541390456011,NA,0.00673794867490884,"localGP"
"1209",5,10,5,8,82.0331276528132,82.0331276528132,"Rough","Max. Reward Condition",40,"8",12,0,94,40,"Long",0.022087489776906,1.18541390456011,NA,0.00673794867490884,"localGP"
"1210",5,11,5,8,82.0331276528132,82.0331276528132,"Rough","Max. Reward Condition",40,"8",12,0,94,40,"Long",0.022087489776906,1.18541390456011,NA,0.00673794867490884,"localGP"
"1211",5,12,5,8,82.0331276528132,82.0331276528132,"Rough","Max. Reward Condition",40,"8",12,0,94,40,"Long",0.022087489776906,1.18541390456011,NA,0.00673794867490884,"localGP"
"1212",5,13,5,8,82.0331276528132,82.0331276528132,"Rough","Max. Reward Condition",40,"8",12,0,94,40,"Long",0.022087489776906,1.18541390456011,NA,0.00673794867490884,"localGP"
"1213",5,14,5,8,82.0331276528132,82.0331276528132,"Rough","Max. Reward Condition",40,"8",12,0,94,40,"Long",0.022087489776906,1.18541390456011,NA,0.00673794867490884,"localGP"
"1214",5,15,5,8,82.0331276528132,82.0331276528132,"Rough","Max. Reward Condition",40,"8",12,0,94,40,"Long",0.022087489776906,1.18541390456011,NA,0.00673794867490884,"localGP"
"1215",5,16,5,8,82.0331276528132,82.0331276528132,"Rough","Max. Reward Condition",40,"8",12,0,94,40,"Long",0.022087489776906,1.18541390456011,NA,0.00673794867490884,"localGP"
"1216",5,17,5,8,82.0331276528132,82.0331276528132,"Rough","Max. Reward Condition",40,"8",12,0,94,40,"Long",0.022087489776906,1.18541390456011,NA,0.00673794867490884,"localGP"
"1217",5,18,5,8,82.0331276528132,82.0331276528132,"Rough","Max. Reward Condition",40,"8",12,0,94,40,"Long",0.022087489776906,1.18541390456011,NA,0.00673794867490884,"localGP"
"1218",5,19,5,8,82.0331276528132,82.0331276528132,"Rough","Max. Reward Condition",40,"8",12,0,94,40,"Long",0.022087489776906,1.18541390456011,NA,0.00673794867490884,"localGP"
"1219",5,20,5,8,82.0331276528132,82.0331276528132,"Rough","Max. Reward Condition",40,"8",12,0,94,40,"Long",0.022087489776906,1.18541390456011,NA,0.00673794867490884,"localGP"
"1220",5,21,5,8,82.0331276528132,82.0331276528132,"Rough","Max. Reward Condition",40,"8",12,0,94,40,"Long",0.022087489776906,1.18541390456011,NA,0.00673794867490884,"localGP"
"1221",5,22,5,8,82.0331276528132,82.0331276528132,"Rough","Max. Reward Condition",40,"8",12,0,94,40,"Long",0.022087489776906,1.18541390456011,NA,0.00673794867490884,"localGP"
"1222",5,23,5,8,82.0331276528132,82.0331276528132,"Rough","Max. Reward Condition",40,"8",12,0,94,40,"Long",0.022087489776906,1.18541390456011,NA,0.00673794867490884,"localGP"
"1223",5,24,5,8,82.0331276528132,82.0331276528132,"Rough","Max. Reward Condition",40,"8",12,0,94,40,"Long",0.022087489776906,1.18541390456011,NA,0.00673794867490884,"localGP"
"1224",5,25,5,8,82.0331276528132,82.0331276528132,"Rough","Max. Reward Condition",40,"8",12,0,94,40,"Long",0.022087489776906,1.18541390456011,NA,0.00673794867490884,"localGP"
"1225",5,26,5,8,82.0331276528132,82.0331276528132,"Rough","Max. Reward Condition",40,"8",12,0,94,40,"Long",0.022087489776906,1.18541390456011,NA,0.00673794867490884,"localGP"
"1226",5,27,5,8,82.0331276528132,82.0331276528132,"Rough","Max. Reward Condition",40,"8",12,0,94,40,"Long",0.022087489776906,1.18541390456011,NA,0.00673794867490884,"localGP"
"1227",5,28,5,8,82.0331276528132,82.0331276528132,"Rough","Max. Reward Condition",40,"8",12,0,94,40,"Long",0.022087489776906,1.18541390456011,NA,0.00673794867490884,"localGP"
"1228",5,29,5,8,82.0331276528132,82.0331276528132,"Rough","Max. Reward Condition",40,"8",12,0,94,40,"Long",0.022087489776906,1.18541390456011,NA,0.00673794867490884,"localGP"
"1229",5,30,5,8,82.0331276528132,82.0331276528132,"Rough","Max. Reward Condition",40,"8",12,0,94,40,"Long",0.022087489776906,1.18541390456011,NA,0.00673794867490884,"localGP"
"1230",5,31,5,8,82.0331276528132,82.0331276528132,"Rough","Max. Reward Condition",40,"8",12,0,94,40,"Long",0.022087489776906,1.18541390456011,NA,0.00673794867490884,"localGP"
"1231",5,32,5,8,82.0331276528132,82.0331276528132,"Rough","Max. Reward Condition",40,"8",12,0,94,40,"Long",0.022087489776906,1.18541390456011,NA,0.00673794867490884,"localGP"
"1232",5,33,5,8,82.0331276528132,82.0331276528132,"Rough","Max. Reward Condition",40,"8",12,0,94,40,"Long",0.022087489776906,1.18541390456011,NA,0.00673794867490884,"localGP"
"1233",5,34,5,8,82.0331276528132,82.0331276528132,"Rough","Max. Reward Condition",40,"8",12,0,94,40,"Long",0.022087489776906,1.18541390456011,NA,0.00673794867490884,"localGP"
"1234",5,35,5,8,82.0331276528132,82.0331276528132,"Rough","Max. Reward Condition",40,"8",12,0,94,40,"Long",0.022087489776906,1.18541390456011,NA,0.00673794867490884,"localGP"
"1235",5,36,5,8,82.0331276528132,82.0331276528132,"Rough","Max. Reward Condition",40,"8",12,0,94,40,"Long",0.022087489776906,1.18541390456011,NA,0.00673794867490884,"localGP"
"1236",5,37,5,8,82.0331276528132,82.0331276528132,"Rough","Max. Reward Condition",40,"8",12,0,94,40,"Long",0.022087489776906,1.18541390456011,NA,0.00673794867490884,"localGP"
"1237",5,38,5,8,82.0331276528132,82.0331276528132,"Rough","Max. Reward Condition",40,"8",12,0,94,40,"Long",0.022087489776906,1.18541390456011,NA,0.00673794867490884,"localGP"
"1238",5,39,5,8,82.0331276528132,82.0331276528132,"Rough","Max. Reward Condition",40,"8",12,0,94,40,"Long",0.022087489776906,1.18541390456011,NA,0.00673794867490884,"localGP"
"1239",5,40,5,8,82.0331276528132,82.0331276528132,"Rough","Max. Reward Condition",40,"8",12,1,94,40,"Long",0.022087489776906,1.18541390456011,NA,0.00673794867490884,"localGP"
"1240",5,41,5,8,82.0331276528132,82.0331276528132,"Rough","Max. Reward Condition",40,"8",12,1,94,40,"Long",0.022087489776906,1.18541390456011,NA,0.00673794867490884,"localGP"
"1241",6,1,3,9,34.0662277236417,34.0662277236417,"Rough","Max. Reward Condition",40,"1",13,NA,103,41,"Long",0.0529165590520337,0.393690590804057,NA,0.255755117353893,"localGP"
"1242",6,2,4,9,23.3245697103386,34.0662277236417,"Rough","Max. Reward Condition",40,"1",13,9,104,41,"Long",0.0529165590520337,0.393690590804057,NA,0.255755117353893,"localGP"
"1243",6,3,1,10,0.804134309136922,34.0662277236417,"Rough","Max. Reward Condition",40,"1",13,5,112,41,"Long",0.0529165590520337,0.393690590804057,NA,0.255755117353893,"localGP"
"1244",6,4,2,10,46.7671401163618,46.7671401163618,"Rough","Max. Reward Condition",40,"1",13,2,113,41,"Long",0.0529165590520337,0.393690590804057,NA,0.255755117353893,"localGP"
"1245",6,5,5,9,27.5584141998454,46.7671401163618,"Rough","Max. Reward Condition",40,"1",13,1,105,41,"Long",0.0529165590520337,0.393690590804057,NA,0.255755117353893,"localGP"
"1246",6,6,7,10,6.16027342838367,46.7671401163618,"Rough","Max. Reward Condition",40,"1",13,1,118,41,"Long",0.0529165590520337,0.393690590804057,NA,0.255755117353893,"localGP"
"1247",6,7,0,5,57.5103295606755,57.5103295606755,"Rough","Max. Reward Condition",40,"1",13,1,56,41,"Long",0.0529165590520337,0.393690590804057,NA,0.255755117353893,"localGP"
"1248",6,8,1,5,64.6815173963215,64.6815173963215,"Rough","Max. Reward Condition",40,"1",13,5,57,41,"Long",0.0529165590520337,0.393690590804057,NA,0.255755117353893,"localGP"
"1249",6,9,2,5,73.5182942872348,73.5182942872348,"Rough","Max. Reward Condition",40,"1",13,2,58,41,"Long",0.0529165590520337,0.393690590804057,NA,0.255755117353893,"localGP"
"1250",6,10,2,4,86.7630388184153,86.7630388184153,"Rough","Max. Reward Condition",40,"1",13,4,47,41,"Long",0.0529165590520337,0.393690590804057,NA,0.255755117353893,"localGP"
"1251",6,11,2,4,86.7630388184153,86.7630388184153,"Rough","Max. Reward Condition",40,"1",13,2,47,41,"Long",0.0529165590520337,0.393690590804057,NA,0.255755117353893,"localGP"
"1252",6,12,2,7,35.359724006426,86.7630388184153,"Rough","Max. Reward Condition",40,"1",13,6,80,41,"Long",0.0529165590520337,0.393690590804057,NA,0.255755117353893,"localGP"
"1253",6,13,3,8,30.4607303474872,86.7630388184153,"Rough","Max. Reward Condition",40,"1",13,5,92,41,"Long",0.0529165590520337,0.393690590804057,NA,0.255755117353893,"localGP"
"1254",6,14,5,3,56.2859882283375,86.7630388184153,"Rough","Max. Reward Condition",40,"1",13,3,39,41,"Long",0.0529165590520337,0.393690590804057,NA,0.255755117353893,"localGP"
"1255",6,15,2,1,67.2278837680135,86.7630388184153,"Rough","Max. Reward Condition",40,"1",13,3,14,41,"Long",0.0529165590520337,0.393690590804057,NA,0.255755117353893,"localGP"
"1256",6,16,4,0,76.6677425610664,86.7630388184153,"Rough","Max. Reward Condition",40,"1",13,2,5,41,"Long",0.0529165590520337,0.393690590804057,NA,0.255755117353893,"localGP"
"1257",6,17,3,0,52.2562561155338,86.7630388184153,"Rough","Max. Reward Condition",40,"1",13,2,4,41,"Long",0.0529165590520337,0.393690590804057,NA,0.255755117353893,"localGP"
"1258",6,18,2,0,45.4901469017811,86.7630388184153,"Rough","Max. Reward Condition",40,"1",13,11,3,41,"Long",0.0529165590520337,0.393690590804057,NA,0.255755117353893,"localGP"
"1259",6,19,4,2,29.018522629385,86.7630388184153,"Rough","Max. Reward Condition",40,"1",13,3,27,41,"Long",0.0529165590520337,0.393690590804057,NA,0.255755117353893,"localGP"
"1260",6,20,6,2,4.35555688035975,86.7630388184153,"Rough","Max. Reward Condition",40,"1",13,5,29,41,"Long",0.0529165590520337,0.393690590804057,NA,0.255755117353893,"localGP"
"1261",6,21,7,2,13.4842610715727,86.7630388184153,"Rough","Max. Reward Condition",40,"1",13,5,30,41,"Long",0.0529165590520337,0.393690590804057,NA,0.255755117353893,"localGP"
"1262",6,22,7,1,24.4745500697421,86.7630388184153,"Rough","Max. Reward Condition",40,"1",13,4,19,41,"Long",0.0529165590520337,0.393690590804057,NA,0.255755117353893,"localGP"
"1263",6,23,9,1,33.2193816371395,86.7630388184153,"Rough","Max. Reward Condition",40,"1",13,9,21,41,"Long",0.0529165590520337,0.393690590804057,NA,0.255755117353893,"localGP"
"1264",6,24,9,0,44.4816550255405,86.7630388184153,"Rough","Max. Reward Condition",40,"1",13,7,10,41,"Long",0.0529165590520337,0.393690590804057,NA,0.255755117353893,"localGP"
"1265",6,25,2,1,67.2278837680135,86.7630388184153,"Rough","Max. Reward Condition",40,"1",13,3,14,41,"Long",0.0529165590520337,0.393690590804057,NA,0.255755117353893,"localGP"
"1266",6,26,3,1,57.0124014871528,86.7630388184153,"Rough","Max. Reward Condition",40,"1",13,6,15,41,"Long",0.0529165590520337,0.393690590804057,NA,0.255755117353893,"localGP"
"1267",6,27,9,6,20.0963903815858,86.7630388184153,"Rough","Max. Reward Condition",40,"1",13,3,76,41,"Long",0.0529165590520337,0.393690590804057,NA,0.255755117353893,"localGP"
"1268",6,28,9,5,26.612488577666,86.7630388184153,"Rough","Max. Reward Condition",40,"1",13,1,65,41,"Long",0.0529165590520337,0.393690590804057,NA,0.255755117353893,"localGP"
"1269",6,29,7,0,37.9803640535325,86.7630388184153,"Rough","Max. Reward Condition",40,"1",13,3,8,41,"Long",0.0529165590520337,0.393690590804057,NA,0.255755117353893,"localGP"
"1270",6,30,8,0,39.1668824511725,86.7630388184153,"Rough","Max. Reward Condition",40,"1",13,2,9,41,"Long",0.0529165590520337,0.393690590804057,NA,0.255755117353893,"localGP"
"1271",6,31,10,8,70.6098250573604,86.7630388184153,"Rough","Max. Reward Condition",40,"1",13,5,99,41,"Long",0.0529165590520337,0.393690590804057,NA,0.255755117353893,"localGP"
"1272",6,32,9,8,52.3170386231255,86.7630388184153,"Rough","Max. Reward Condition",40,"1",13,2,98,41,"Long",0.0529165590520337,0.393690590804057,NA,0.255755117353893,"localGP"
"1273",6,33,9,9,62.7122285843456,86.7630388184153,"Rough","Max. Reward Condition",40,"1",13,7,109,41,"Long",0.0529165590520337,0.393690590804057,NA,0.255755117353893,"localGP"
"1274",6,34,2,2,91.2685637119397,91.2685637119397,"Rough","Max. Reward Condition",40,"1",13,3,25,41,"Long",0.0529165590520337,0.393690590804057,NA,0.255755117353893,"localGP"
"1275",6,35,2,2,91.2685637119397,91.2685637119397,"Rough","Max. Reward Condition",40,"1",13,2,25,41,"Long",0.0529165590520337,0.393690590804057,NA,0.255755117353893,"localGP"
"1276",6,36,10,7,43.7318226156506,91.2685637119397,"Rough","Max. Reward Condition",40,"1",13,15,88,41,"Long",0.0529165590520337,0.393690590804057,NA,0.255755117353893,"localGP"
"1277",6,37,6,6,81.5801840646008,91.2685637119397,"Rough","Max. Reward Condition",40,"1",13,2,73,41,"Long",0.0529165590520337,0.393690590804057,NA,0.255755117353893,"localGP"
"1278",6,38,5,6,67.8000614723364,91.2685637119397,"Rough","Max. Reward Condition",40,"1",13,4,72,41,"Long",0.0529165590520337,0.393690590804057,NA,0.255755117353893,"localGP"
"1279",6,39,10,1,84.1387204630061,91.2685637119397,"Rough","Max. Reward Condition",40,"1",13,9,22,41,"Long",0.0529165590520337,0.393690590804057,NA,0.255755117353893,"localGP"
"1280",6,40,10,1,84.1387204630061,91.2685637119397,"Rough","Max. Reward Condition",40,"1",13,4,22,41,"Long",0.0529165590520337,0.393690590804057,NA,0.255755117353893,"localGP"
"1281",6,41,10,1,84.1387204630061,91.2685637119397,"Rough","Max. Reward Condition",40,"1",13,9,22,41,"Long",0.0529165590520337,0.393690590804057,NA,0.255755117353893,"localGP"
"1282",6,1,9,7,52.0950905321092,52.0950905321092,"Rough","Max. Reward Condition",20,"2",6,NA,87,42,"Short",0.0620495339488968,0.40462467427421,NA,0.34376801930278,"localGP"
"1283",6,2,10,7,45.5021698511978,52.0950905321092,"Rough","Max. Reward Condition",20,"2",6,9,88,42,"Short",0.0620495339488968,0.40462467427421,NA,0.34376801930278,"localGP"
"1284",6,3,10,6,56.8143010916022,56.8143010916022,"Rough","Max. Reward Condition",20,"2",6,3,77,42,"Short",0.0620495339488968,0.40462467427421,NA,0.34376801930278,"localGP"
"1285",6,4,8,7,50.5413361109473,56.8143010916022,"Rough","Max. Reward Condition",20,"2",6,4,86,42,"Short",0.0620495339488968,0.40462467427421,NA,0.34376801930278,"localGP"
"1286",6,5,7,7,33.8108043843731,56.8143010916022,"Rough","Max. Reward Condition",20,"2",6,6,85,42,"Short",0.0620495339488968,0.40462467427421,NA,0.34376801930278,"localGP"
"1287",6,6,8,6,60.0245821381091,60.0245821381091,"Rough","Max. Reward Condition",20,"2",6,3,75,42,"Short",0.0620495339488968,0.40462467427421,NA,0.34376801930278,"localGP"
"1288",6,7,10,0,10.3010804163192,60.0245821381091,"Rough","Max. Reward Condition",20,"2",6,2,11,42,"Short",0.0620495339488968,0.40462467427421,NA,0.34376801930278,"localGP"
"1289",6,8,9,0,42.7227287180246,60.0245821381091,"Rough","Max. Reward Condition",20,"2",6,1,10,42,"Short",0.0620495339488968,0.40462467427421,NA,0.34376801930278,"localGP"
"1290",6,9,9,1,48.6385669083933,60.0245821381091,"Rough","Max. Reward Condition",20,"2",6,8,21,42,"Short",0.0620495339488968,0.40462467427421,NA,0.34376801930278,"localGP"
"1291",6,10,8,1,68.8502438954186,68.8502438954186,"Rough","Max. Reward Condition",20,"2",6,12,20,42,"Short",0.0620495339488968,0.40462467427421,NA,0.34376801930278,"localGP"
"1292",6,11,8,3,35.8284389219026,68.8502438954186,"Rough","Max. Reward Condition",20,"2",6,7,42,42,"Short",0.0620495339488968,0.40462467427421,NA,0.34376801930278,"localGP"
"1293",6,12,8,2,56.1209576242771,68.8502438954186,"Rough","Max. Reward Condition",20,"2",6,8,31,42,"Short",0.0620495339488968,0.40462467427421,NA,0.34376801930278,"localGP"
"1294",6,13,7,2,60.5825002841952,68.8502438954186,"Rough","Max. Reward Condition",20,"2",6,2,30,42,"Short",0.0620495339488968,0.40462467427421,NA,0.34376801930278,"localGP"
"1295",6,14,7,3,29.6760895076296,68.8502438954186,"Rough","Max. Reward Condition",20,"2",6,3,41,42,"Short",0.0620495339488968,0.40462467427421,NA,0.34376801930278,"localGP"
"1296",6,15,7,4,44.475034820107,68.8502438954186,"Rough","Max. Reward Condition",20,"2",6,8,52,42,"Short",0.0620495339488968,0.40462467427421,NA,0.34376801930278,"localGP"
"1297",6,16,7,5,62.7685778639352,68.8502438954186,"Rough","Max. Reward Condition",20,"2",6,5,63,42,"Short",0.0620495339488968,0.40462467427421,NA,0.34376801930278,"localGP"
"1298",6,17,7,6,39.4865899773576,68.8502438954186,"Rough","Max. Reward Condition",20,"2",6,1,74,42,"Short",0.0620495339488968,0.40462467427421,NA,0.34376801930278,"localGP"
"1299",6,18,8,9,49.0885670492111,68.8502438954186,"Rough","Max. Reward Condition",20,"2",6,4,108,42,"Short",0.0620495339488968,0.40462467427421,NA,0.34376801930278,"localGP"
"1300",6,19,9,10,34.3418785557881,68.8502438954186,"Rough","Max. Reward Condition",20,"2",6,8,120,42,"Short",0.0620495339488968,0.40462467427421,NA,0.34376801930278,"localGP"
"1301",6,20,9,9,83.6268655538995,83.6268655538995,"Rough","Max. Reward Condition",20,"2",6,1,109,42,"Short",0.0620495339488968,0.40462467427421,NA,0.34376801930278,"localGP"
"1302",6,21,6,6,15.4430797014751,83.6268655538995,"Rough","Max. Reward Condition",20,"2",6,5,73,42,"Short",0.0620495339488968,0.40462467427421,NA,0.34376801930278,"localGP"
"1303",6,1,2,2,65.3400315275743,65.3400315275743,"Rough","Max. Reward Condition",40,"3",0,NA,25,43,"Long",0.0555248686888688,0.40626774959273,NA,0.235712935596137,"localGP"
"1304",6,2,1,2,77.703125599037,77.703125599037,"Rough","Max. Reward Condition",40,"3",0,6,24,43,"Long",0.0555248686888688,0.40626774959273,NA,0.235712935596137,"localGP"
"1305",6,3,1,1,60.5425505864623,77.703125599037,"Rough","Max. Reward Condition",40,"3",0,5,13,43,"Long",0.0555248686888688,0.40626774959273,NA,0.235712935596137,"localGP"
"1306",6,4,1,2,77.703125599037,77.703125599037,"Rough","Max. Reward Condition",40,"3",0,5,24,43,"Long",0.0555248686888688,0.40626774959273,NA,0.235712935596137,"localGP"
"1307",6,5,0,2,53.4074849522853,77.703125599037,"Rough","Max. Reward Condition",40,"3",0,6,23,43,"Long",0.0555248686888688,0.40626774959273,NA,0.235712935596137,"localGP"
"1308",6,6,4,1,16.9242628027693,77.703125599037,"Rough","Max. Reward Condition",40,"3",0,5,16,43,"Long",0.0555248686888688,0.40626774959273,NA,0.235712935596137,"localGP"
"1309",6,7,3,0,24.0642449228446,77.703125599037,"Rough","Max. Reward Condition",40,"3",0,8,4,43,"Long",0.0555248686888688,0.40626774959273,NA,0.235712935596137,"localGP"
"1310",6,8,6,10,20.7252504989893,77.703125599037,"Rough","Max. Reward Condition",40,"3",0,3,117,43,"Long",0.0555248686888688,0.40626774959273,NA,0.235712935596137,"localGP"
"1311",6,9,2,0,73.189103748547,77.703125599037,"Rough","Max. Reward Condition",40,"3",0,3,3,43,"Long",0.0555248686888688,0.40626774959273,NA,0.235712935596137,"localGP"
"1312",6,10,2,1,57.0497014200341,77.703125599037,"Rough","Max. Reward Condition",40,"3",0,5,14,43,"Long",0.0555248686888688,0.40626774959273,NA,0.235712935596137,"localGP"
"1313",6,11,2,0,73.189103748547,77.703125599037,"Rough","Max. Reward Condition",40,"3",0,2,3,43,"Long",0.0555248686888688,0.40626774959273,NA,0.235712935596137,"localGP"
"1314",6,12,9,9,79.2865457179187,79.2865457179187,"Rough","Max. Reward Condition",40,"3",0,2,109,43,"Long",0.0555248686888688,0.40626774959273,NA,0.235712935596137,"localGP"
"1315",6,13,9,9,79.2865457179187,79.2865457179187,"Rough","Max. Reward Condition",40,"3",0,2,109,43,"Long",0.0555248686888688,0.40626774959273,NA,0.235712935596137,"localGP"
"1316",6,14,6,1,20.6016999282739,79.2865457179187,"Rough","Max. Reward Condition",40,"3",0,9,18,43,"Long",0.0555248686888688,0.40626774959273,NA,0.235712935596137,"localGP"
"1317",6,15,1,9,30.951213640869,79.2865457179187,"Rough","Max. Reward Condition",40,"3",0,0,101,43,"Long",0.0555248686888688,0.40626774959273,NA,0.235712935596137,"localGP"
"1318",6,16,1,8,57.1437083477446,79.2865457179187,"Rough","Max. Reward Condition",40,"3",0,1,90,43,"Long",0.0555248686888688,0.40626774959273,NA,0.235712935596137,"localGP"
"1319",6,17,1,6,76.1819602246697,79.2865457179187,"Rough","Max. Reward Condition",40,"3",0,4,68,43,"Long",0.0555248686888688,0.40626774959273,NA,0.235712935596137,"localGP"
"1320",6,18,3,6,45.9504807109025,79.2865457179187,"Rough","Max. Reward Condition",40,"3",0,5,70,43,"Long",0.0555248686888688,0.40626774959273,NA,0.235712935596137,"localGP"
"1321",6,19,5,9,38.2276325889547,79.2865457179187,"Rough","Max. Reward Condition",40,"3",0,11,105,43,"Long",0.0555248686888688,0.40626774959273,NA,0.235712935596137,"localGP"
"1322",6,20,4,9,40.5959555269918,79.2865457179187,"Rough","Max. Reward Condition",40,"3",0,4,104,43,"Long",0.0555248686888688,0.40626774959273,NA,0.235712935596137,"localGP"
"1323",6,21,6,3,44.3716523377351,79.2865457179187,"Rough","Max. Reward Condition",40,"3",0,7,40,43,"Long",0.0555248686888688,0.40626774959273,NA,0.235712935596137,"localGP"
"1324",6,22,6,7,57.6061006011955,79.2865457179187,"Rough","Max. Reward Condition",40,"3",0,2,84,43,"Long",0.0555248686888688,0.40626774959273,NA,0.235712935596137,"localGP"
"1325",6,23,6,2,14.151020308226,79.2865457179187,"Rough","Max. Reward Condition",40,"3",0,3,29,43,"Long",0.0555248686888688,0.40626774959273,NA,0.235712935596137,"localGP"
"1326",6,24,3,3,58.6757331286265,79.2865457179187,"Rough","Max. Reward Condition",40,"3",0,2,37,43,"Long",0.0555248686888688,0.40626774959273,NA,0.235712935596137,"localGP"
"1327",6,25,1,9,30.951213640869,79.2865457179187,"Rough","Max. Reward Condition",40,"3",0,1,101,43,"Long",0.0555248686888688,0.40626774959273,NA,0.235712935596137,"localGP"
"1328",6,26,0,9,31.7722689774849,79.2865457179187,"Rough","Max. Reward Condition",40,"3",0,3,100,43,"Long",0.0555248686888688,0.40626774959273,NA,0.235712935596137,"localGP"
"1329",6,27,7,8,55.9864237907349,79.2865457179187,"Rough","Max. Reward Condition",40,"3",0,1,96,43,"Long",0.0555248686888688,0.40626774959273,NA,0.235712935596137,"localGP"
"1330",6,28,9,8,92.8491332342499,92.8491332342499,"Rough","Max. Reward Condition",40,"3",0,2,98,43,"Long",0.0555248686888688,0.40626774959273,NA,0.235712935596137,"localGP"
"1331",6,29,9,8,92.8491332342499,92.8491332342499,"Rough","Max. Reward Condition",40,"3",0,1,98,43,"Long",0.0555248686888688,0.40626774959273,NA,0.235712935596137,"localGP"
"1332",6,30,9,8,92.8491332342499,92.8491332342499,"Rough","Max. Reward Condition",40,"3",0,1,98,43,"Long",0.0555248686888688,0.40626774959273,NA,0.235712935596137,"localGP"
"1333",6,31,9,8,92.8491332342499,92.8491332342499,"Rough","Max. Reward Condition",40,"3",0,1,98,43,"Long",0.0555248686888688,0.40626774959273,NA,0.235712935596137,"localGP"
"1334",6,32,9,8,92.8491332342499,92.8491332342499,"Rough","Max. Reward Condition",40,"3",0,4,98,43,"Long",0.0555248686888688,0.40626774959273,NA,0.235712935596137,"localGP"
"1335",6,33,0,3,67.8002087512036,92.8491332342499,"Rough","Max. Reward Condition",40,"3",0,2,34,43,"Long",0.0555248686888688,0.40626774959273,NA,0.235712935596137,"localGP"
"1336",6,34,0,4,73.5825236697953,92.8491332342499,"Rough","Max. Reward Condition",40,"3",0,1,45,43,"Long",0.0555248686888688,0.40626774959273,NA,0.235712935596137,"localGP"
"1337",6,35,0,7,100,100,"Rough","Max. Reward Condition",40,"3",0,2,78,43,"Long",0.0555248686888688,0.40626774959273,NA,0.235712935596137,"localGP"
"1338",6,36,0,7,100,100,"Rough","Max. Reward Condition",40,"3",0,2,78,43,"Long",0.0555248686888688,0.40626774959273,NA,0.235712935596137,"localGP"
"1339",6,37,0,7,100,100,"Rough","Max. Reward Condition",40,"3",0,3,78,43,"Long",0.0555248686888688,0.40626774959273,NA,0.235712935596137,"localGP"
"1340",6,38,0,7,100,100,"Rough","Max. Reward Condition",40,"3",0,1,78,43,"Long",0.0555248686888688,0.40626774959273,NA,0.235712935596137,"localGP"
"1341",6,39,0,7,100,100,"Rough","Max. Reward Condition",40,"3",0,2,78,43,"Long",0.0555248686888688,0.40626774959273,NA,0.235712935596137,"localGP"
"1342",6,40,0,7,100,100,"Rough","Max. Reward Condition",40,"3",0,1,78,43,"Long",0.0555248686888688,0.40626774959273,NA,0.235712935596137,"localGP"
"1343",6,41,0,7,100,100,"Rough","Max. Reward Condition",40,"3",0,1,78,43,"Long",0.0555248686888688,0.40626774959273,NA,0.235712935596137,"localGP"
"1344",6,1,4,4,51.1456416516227,51.1456416516227,"Rough","Max. Reward Condition",20,"4",10,NA,49,44,"Short",0.0621266539021751,0.493041850665697,NA,0.295975634069312,"localGP"
"1345",6,2,1,8,51.8595364200522,51.8595364200522,"Rough","Max. Reward Condition",20,"4",10,7,90,44,"Short",0.0621266539021751,0.493041850665697,NA,0.295975634069312,"localGP"
"1346",6,3,0,8,27.8068500245275,51.8595364200522,"Rough","Max. Reward Condition",20,"4",10,2,89,44,"Short",0.0621266539021751,0.493041850665697,NA,0.295975634069312,"localGP"
"1347",6,4,9,2,45.2192972308501,51.8595364200522,"Rough","Max. Reward Condition",20,"4",10,3,32,44,"Short",0.0621266539021751,0.493041850665697,NA,0.295975634069312,"localGP"
"1348",6,5,9,3,43.0768959430653,51.8595364200522,"Rough","Max. Reward Condition",20,"4",10,2,43,44,"Short",0.0621266539021751,0.493041850665697,NA,0.295975634069312,"localGP"
"1349",6,6,9,4,30.3366861320128,51.8595364200522,"Rough","Max. Reward Condition",20,"4",10,1,54,44,"Short",0.0621266539021751,0.493041850665697,NA,0.295975634069312,"localGP"
"1350",6,7,7,5,66.0456136537345,66.0456136537345,"Rough","Max. Reward Condition",20,"4",10,1,63,44,"Short",0.0621266539021751,0.493041850665697,NA,0.295975634069312,"localGP"
"1351",6,8,7,4,67.8088166465802,67.8088166465802,"Rough","Max. Reward Condition",20,"4",10,2,52,44,"Short",0.0621266539021751,0.493041850665697,NA,0.295975634069312,"localGP"
"1352",6,9,7,3,51.9507469793725,67.8088166465802,"Rough","Max. Reward Condition",20,"4",10,1,41,44,"Short",0.0621266539021751,0.493041850665697,NA,0.295975634069312,"localGP"
"1353",6,10,4,8,26.4974309908262,67.8088166465802,"Rough","Max. Reward Condition",20,"4",10,2,93,44,"Short",0.0621266539021751,0.493041850665697,NA,0.295975634069312,"localGP"
"1354",6,11,4,6,46.5482672237454,67.8088166465802,"Rough","Max. Reward Condition",20,"4",10,1,71,44,"Short",0.0621266539021751,0.493041850665697,NA,0.295975634069312,"localGP"
"1355",6,12,5,6,44.3936408013236,67.8088166465802,"Rough","Max. Reward Condition",20,"4",10,1,72,44,"Short",0.0621266539021751,0.493041850665697,NA,0.295975634069312,"localGP"
"1356",6,13,5,5,32.9255511589724,67.8088166465802,"Rough","Max. Reward Condition",20,"4",10,2,61,44,"Short",0.0621266539021751,0.493041850665697,NA,0.295975634069312,"localGP"
"1357",6,14,6,4,54.6685625446388,67.8088166465802,"Rough","Max. Reward Condition",20,"4",10,2,51,44,"Short",0.0621266539021751,0.493041850665697,NA,0.295975634069312,"localGP"
"1358",6,15,6,6,43.5674810058941,67.8088166465802,"Rough","Max. Reward Condition",20,"4",10,1,73,44,"Short",0.0621266539021751,0.493041850665697,NA,0.295975634069312,"localGP"
"1359",6,16,5,0,61.2584278059806,67.8088166465802,"Rough","Max. Reward Condition",20,"4",10,4,6,44,"Short",0.0621266539021751,0.493041850665697,NA,0.295975634069312,"localGP"
"1360",6,17,6,0,68.3343050142511,68.3343050142511,"Rough","Max. Reward Condition",20,"4",10,2,7,44,"Short",0.0621266539021751,0.493041850665697,NA,0.295975634069312,"localGP"
"1361",6,18,6,0,68.3343050142511,68.3343050142511,"Rough","Max. Reward Condition",20,"4",10,1,7,44,"Short",0.0621266539021751,0.493041850665697,NA,0.295975634069312,"localGP"
"1362",6,19,10,9,28.3067992353855,68.3343050142511,"Rough","Max. Reward Condition",20,"4",10,2,110,44,"Short",0.0621266539021751,0.493041850665697,NA,0.295975634069312,"localGP"
"1363",6,20,9,9,50.1504839805643,68.3343050142511,"Rough","Max. Reward Condition",20,"4",10,1,109,44,"Short",0.0621266539021751,0.493041850665697,NA,0.295975634069312,"localGP"
"1364",6,21,9,8,39.8812443557939,68.3343050142511,"Rough","Max. Reward Condition",20,"4",10,5,98,44,"Short",0.0621266539021751,0.493041850665697,NA,0.295975634069312,"localGP"
"1365",6,1,5,5,67.9178322502487,67.9178322502487,"Rough","Max. Reward Condition",40,"5",12,NA,61,45,"Long",0.0547444840036866,0.35267976613286,NA,0.196438625586523,"localGP"
"1366",6,2,5,5,67.9178322502487,67.9178322502487,"Rough","Max. Reward Condition",40,"5",12,8,61,45,"Long",0.0547444840036866,0.35267976613286,NA,0.196438625586523,"localGP"
"1367",6,3,4,4,47.4352685864359,67.9178322502487,"Rough","Max. Reward Condition",40,"5",12,7,49,45,"Long",0.0547444840036866,0.35267976613286,NA,0.196438625586523,"localGP"
"1368",6,4,5,4,12.1215486834465,67.9178322502487,"Rough","Max. Reward Condition",40,"5",12,3,50,45,"Long",0.0547444840036866,0.35267976613286,NA,0.196438625586523,"localGP"
"1369",6,5,4,3,65.5943555027251,67.9178322502487,"Rough","Max. Reward Condition",40,"5",12,1,38,45,"Long",0.0547444840036866,0.35267976613286,NA,0.196438625586523,"localGP"
"1370",6,6,7,3,39.8382948822968,67.9178322502487,"Rough","Max. Reward Condition",40,"5",12,2,41,45,"Long",0.0547444840036866,0.35267976613286,NA,0.196438625586523,"localGP"
"1371",6,7,3,4,34.4456880068481,67.9178322502487,"Rough","Max. Reward Condition",40,"5",12,3,48,45,"Long",0.0547444840036866,0.35267976613286,NA,0.196438625586523,"localGP"
"1372",6,8,3,1,68.4386100251646,68.4386100251646,"Rough","Max. Reward Condition",40,"5",12,2,15,45,"Long",0.0547444840036866,0.35267976613286,NA,0.196438625586523,"localGP"
"1373",6,9,3,0,64.7269948092112,68.4386100251646,"Rough","Max. Reward Condition",40,"5",12,1,4,45,"Long",0.0547444840036866,0.35267976613286,NA,0.196438625586523,"localGP"
"1374",6,10,4,1,56.1038322690093,68.4386100251646,"Rough","Max. Reward Condition",40,"5",12,2,16,45,"Long",0.0547444840036866,0.35267976613286,NA,0.196438625586523,"localGP"
"1375",6,11,2,7,41.0584762362061,68.4386100251646,"Rough","Max. Reward Condition",40,"5",12,3,80,45,"Long",0.0547444840036866,0.35267976613286,NA,0.196438625586523,"localGP"
"1376",6,12,3,8,33.3403735872843,68.4386100251646,"Rough","Max. Reward Condition",40,"5",12,2,92,45,"Long",0.0547444840036866,0.35267976613286,NA,0.196438625586523,"localGP"
"1377",6,13,3,7,42.7325962499658,68.4386100251646,"Rough","Max. Reward Condition",40,"5",12,1,81,45,"Long",0.0547444840036866,0.35267976613286,NA,0.196438625586523,"localGP"
"1378",6,14,3,6,20.8670491008818,68.4386100251646,"Rough","Max. Reward Condition",40,"5",12,1,70,45,"Long",0.0547444840036866,0.35267976613286,NA,0.196438625586523,"localGP"
"1379",6,15,1,6,45.9269738346831,68.4386100251646,"Rough","Max. Reward Condition",40,"5",12,1,68,45,"Long",0.0547444840036866,0.35267976613286,NA,0.196438625586523,"localGP"
"1380",6,16,1,1,21.0804063375276,68.4386100251646,"Rough","Max. Reward Condition",40,"5",12,1,13,45,"Long",0.0547444840036866,0.35267976613286,NA,0.196438625586523,"localGP"
"1381",6,17,1,0,41.1943881385289,68.4386100251646,"Rough","Max. Reward Condition",40,"5",12,2,2,45,"Long",0.0547444840036866,0.35267976613286,NA,0.196438625586523,"localGP"
"1382",6,18,7,4,50.9267348648604,68.4386100251646,"Rough","Max. Reward Condition",40,"5",12,1,52,45,"Long",0.0547444840036866,0.35267976613286,NA,0.196438625586523,"localGP"
"1383",6,19,3,5,12.152517891431,68.4386100251646,"Rough","Max. Reward Condition",40,"5",12,2,59,45,"Long",0.0547444840036866,0.35267976613286,NA,0.196438625586523,"localGP"
"1384",6,20,4,5,57.6305415572569,68.4386100251646,"Rough","Max. Reward Condition",40,"5",12,1,60,45,"Long",0.0547444840036866,0.35267976613286,NA,0.196438625586523,"localGP"
"1385",6,21,9,3,31.6251889945826,68.4386100251646,"Rough","Max. Reward Condition",40,"5",12,1,43,45,"Long",0.0547444840036866,0.35267976613286,NA,0.196438625586523,"localGP"
"1386",6,22,10,10,82.1633669638576,82.1633669638576,"Rough","Max. Reward Condition",40,"5",12,1,121,45,"Long",0.0547444840036866,0.35267976613286,NA,0.196438625586523,"localGP"
"1387",6,23,10,7,59.9919604087236,82.1633669638576,"Rough","Max. Reward Condition",40,"5",12,1,88,45,"Long",0.0547444840036866,0.35267976613286,NA,0.196438625586523,"localGP"
"1388",6,24,10,6,45.8452635270677,82.1633669638576,"Rough","Max. Reward Condition",40,"5",12,2,77,45,"Long",0.0547444840036866,0.35267976613286,NA,0.196438625586523,"localGP"
"1389",6,25,2,8,43.3826449218407,82.1633669638576,"Rough","Max. Reward Condition",40,"5",12,1,91,45,"Long",0.0547444840036866,0.35267976613286,NA,0.196438625586523,"localGP"
"1390",6,26,2,9,40.8922396927792,82.1633669638576,"Rough","Max. Reward Condition",40,"5",12,1,102,45,"Long",0.0547444840036866,0.35267976613286,NA,0.196438625586523,"localGP"
"1391",6,27,3,10,38.2936585715873,82.1633669638576,"Rough","Max. Reward Condition",40,"5",12,1,114,45,"Long",0.0547444840036866,0.35267976613286,NA,0.196438625586523,"localGP"
"1392",6,28,4,4,47.4352685864359,82.1633669638576,"Rough","Max. Reward Condition",40,"5",12,3,49,45,"Long",0.0547444840036866,0.35267976613286,NA,0.196438625586523,"localGP"
"1393",6,29,0,4,73.4344016997412,82.1633669638576,"Rough","Max. Reward Condition",40,"5",12,1,45,45,"Long",0.0547444840036866,0.35267976613286,NA,0.196438625586523,"localGP"
"1394",6,30,0,5,77.2112954701878,82.1633669638576,"Rough","Max. Reward Condition",40,"5",12,3,56,45,"Long",0.0547444840036866,0.35267976613286,NA,0.196438625586523,"localGP"
"1395",6,31,0,5,77.2112954701878,82.1633669638576,"Rough","Max. Reward Condition",40,"5",12,0,56,45,"Long",0.0547444840036866,0.35267976613286,NA,0.196438625586523,"localGP"
"1396",6,32,8,3,42.1360242670956,82.1633669638576,"Rough","Max. Reward Condition",40,"5",12,1,42,45,"Long",0.0547444840036866,0.35267976613286,NA,0.196438625586523,"localGP"
"1397",6,33,10,3,22.9154847675258,82.1633669638576,"Rough","Max. Reward Condition",40,"5",12,1,44,45,"Long",0.0547444840036866,0.35267976613286,NA,0.196438625586523,"localGP"
"1398",6,34,0,5,77.2112954701878,82.1633669638576,"Rough","Max. Reward Condition",40,"5",12,2,56,45,"Long",0.0547444840036866,0.35267976613286,NA,0.196438625586523,"localGP"
"1399",6,35,0,4,73.4344016997412,82.1633669638576,"Rough","Max. Reward Condition",40,"5",12,3,45,45,"Long",0.0547444840036866,0.35267976613286,NA,0.196438625586523,"localGP"
"1400",6,36,0,5,77.2112954701878,82.1633669638576,"Rough","Max. Reward Condition",40,"5",12,4,56,45,"Long",0.0547444840036866,0.35267976613286,NA,0.196438625586523,"localGP"
"1401",6,37,0,6,58.8033747549074,82.1633669638576,"Rough","Max. Reward Condition",40,"5",12,1,67,45,"Long",0.0547444840036866,0.35267976613286,NA,0.196438625586523,"localGP"
"1402",6,38,0,7,44.8614559760383,82.1633669638576,"Rough","Max. Reward Condition",40,"5",12,3,78,45,"Long",0.0547444840036866,0.35267976613286,NA,0.196438625586523,"localGP"
"1403",6,39,0,8,55.1046465604385,82.1633669638576,"Rough","Max. Reward Condition",40,"5",12,0,89,45,"Long",0.0547444840036866,0.35267976613286,NA,0.196438625586523,"localGP"
"1404",6,40,0,9,63.3478366048468,82.1633669638576,"Rough","Max. Reward Condition",40,"5",12,5,100,45,"Long",0.0547444840036866,0.35267976613286,NA,0.196438625586523,"localGP"
"1405",6,41,0,8,55.1046465604385,82.1633669638576,"Rough","Max. Reward Condition",40,"5",12,1,89,45,"Long",0.0547444840036866,0.35267976613286,NA,0.196438625586523,"localGP"
"1406",6,1,2,2,35.4180456791571,35.4180456791571,"Rough","Max. Reward Condition",20,"6",4,NA,25,46,"Short",0.0680213734583825,0.541956904294205,NA,0.289437699514121,"localGP"
"1407",6,2,5,8,42.4332277403281,42.4332277403281,"Rough","Max. Reward Condition",20,"6",4,1,94,46,"Short",0.0680213734583825,0.541956904294205,NA,0.289437699514121,"localGP"
"1408",6,3,3,8,66.9283199969529,66.9283199969529,"Rough","Max. Reward Condition",20,"6",4,1,92,46,"Short",0.0680213734583825,0.541956904294205,NA,0.289437699514121,"localGP"
"1409",6,4,10,7,16.2974098604969,66.9283199969529,"Rough","Max. Reward Condition",20,"6",4,1,88,46,"Short",0.0680213734583825,0.541956904294205,NA,0.289437699514121,"localGP"
"1410",6,5,8,8,37.2485540840057,66.9283199969529,"Rough","Max. Reward Condition",20,"6",4,1,97,46,"Short",0.0680213734583825,0.541956904294205,NA,0.289437699514121,"localGP"
"1411",6,6,2,1,51.6085825276977,66.9283199969529,"Rough","Max. Reward Condition",20,"6",4,1,14,46,"Short",0.0680213734583825,0.541956904294205,NA,0.289437699514121,"localGP"
"1412",6,7,10,4,26.9255221357028,66.9283199969529,"Rough","Max. Reward Condition",20,"6",4,3,55,46,"Short",0.0680213734583825,0.541956904294205,NA,0.289437699514121,"localGP"
"1413",6,8,10,5,13.5240325022362,66.9283199969529,"Rough","Max. Reward Condition",20,"6",4,1,66,46,"Short",0.0680213734583825,0.541956904294205,NA,0.289437699514121,"localGP"
"1414",6,9,2,10,54.5646114683312,66.9283199969529,"Rough","Max. Reward Condition",20,"6",4,3,113,46,"Short",0.0680213734583825,0.541956904294205,NA,0.289437699514121,"localGP"
"1415",6,10,2,9,75.1501969131058,75.1501969131058,"Rough","Max. Reward Condition",20,"6",4,1,102,46,"Short",0.0680213734583825,0.541956904294205,NA,0.289437699514121,"localGP"
"1416",6,11,1,9,44.6574479048921,75.1501969131058,"Rough","Max. Reward Condition",20,"6",4,1,101,46,"Short",0.0680213734583825,0.541956904294205,NA,0.289437699514121,"localGP"
"1417",6,12,2,0,60.1885036644996,75.1501969131058,"Rough","Max. Reward Condition",20,"6",4,1,3,46,"Short",0.0680213734583825,0.541956904294205,NA,0.289437699514121,"localGP"
"1418",6,13,1,0,44.1381856766965,75.1501969131058,"Rough","Max. Reward Condition",20,"6",4,1,2,46,"Short",0.0680213734583825,0.541956904294205,NA,0.289437699514121,"localGP"
"1419",6,14,1,7,1.24285436035292,75.1501969131058,"Rough","Max. Reward Condition",20,"6",4,3,79,46,"Short",0.0680213734583825,0.541956904294205,NA,0.289437699514121,"localGP"
"1420",6,15,0,7,18.1408343228351,75.1501969131058,"Rough","Max. Reward Condition",20,"6",4,5,78,46,"Short",0.0680213734583825,0.541956904294205,NA,0.289437699514121,"localGP"
"1421",6,16,9,5,68.6489850017742,75.1501969131058,"Rough","Max. Reward Condition",20,"6",4,1,65,46,"Short",0.0680213734583825,0.541956904294205,NA,0.289437699514121,"localGP"
"1422",6,17,7,2,55.9275751413252,75.1501969131058,"Rough","Max. Reward Condition",20,"6",4,2,30,46,"Short",0.0680213734583825,0.541956904294205,NA,0.289437699514121,"localGP"
"1423",6,18,1,1,71.1759996690276,75.1501969131058,"Rough","Max. Reward Condition",20,"6",4,1,13,46,"Short",0.0680213734583825,0.541956904294205,NA,0.289437699514121,"localGP"
"1424",6,19,1,2,73.4445687616828,75.1501969131058,"Rough","Max. Reward Condition",20,"6",4,2,24,46,"Short",0.0680213734583825,0.541956904294205,NA,0.289437699514121,"localGP"
"1425",6,20,1,6,18.0731253832357,75.1501969131058,"Rough","Max. Reward Condition",20,"6",4,1,68,46,"Short",0.0680213734583825,0.541956904294205,NA,0.289437699514121,"localGP"
"1426",6,21,2,4,48.1844951677525,75.1501969131058,"Rough","Max. Reward Condition",20,"6",4,2,47,46,"Short",0.0680213734583825,0.541956904294205,NA,0.289437699514121,"localGP"
"1427",6,1,5,10,83.4515170389364,83.4515170389364,"Rough","Max. Reward Condition",40,"7",15,NA,116,47,"Long",0.107258473140251,0.426939268076559,NA,0.435677247613939,"localGP"
"1428",6,2,6,10,60.2558059319283,83.4515170389364,"Rough","Max. Reward Condition",40,"7",15,1,117,47,"Long",0.107258473140251,0.426939268076559,NA,0.435677247613939,"localGP"
"1429",6,3,9,0,56.7976440911413,83.4515170389364,"Rough","Max. Reward Condition",40,"7",15,1,10,47,"Long",0.107258473140251,0.426939268076559,NA,0.435677247613939,"localGP"
"1430",6,4,2,1,64.9541194011158,83.4515170389364,"Rough","Max. Reward Condition",40,"7",15,1,14,47,"Long",0.107258473140251,0.426939268076559,NA,0.435677247613939,"localGP"
"1431",6,5,6,6,24.1302467883987,83.4515170389364,"Rough","Max. Reward Condition",40,"7",15,2,73,47,"Long",0.107258473140251,0.426939268076559,NA,0.435677247613939,"localGP"
"1432",6,6,5,6,48.2722078874415,83.4515170389364,"Rough","Max. Reward Condition",40,"7",15,0,72,47,"Long",0.107258473140251,0.426939268076559,NA,0.435677247613939,"localGP"
"1433",6,7,4,6,37.3241203107058,83.4515170389364,"Rough","Max. Reward Condition",40,"7",15,0,71,47,"Long",0.107258473140251,0.426939268076559,NA,0.435677247613939,"localGP"
"1434",6,8,4,5,83.3494721532076,83.4515170389364,"Rough","Max. Reward Condition",40,"7",15,0,60,47,"Long",0.107258473140251,0.426939268076559,NA,0.435677247613939,"localGP"
"1435",6,9,5,5,46.1370569424132,83.4515170389364,"Rough","Max. Reward Condition",40,"7",15,0,61,47,"Long",0.107258473140251,0.426939268076559,NA,0.435677247613939,"localGP"
"1436",6,10,8,0,50.7188657068744,83.4515170389364,"Rough","Max. Reward Condition",40,"7",15,0,9,47,"Long",0.107258473140251,0.426939268076559,NA,0.435677247613939,"localGP"
"1437",6,11,4,5,83.3494721532076,83.4515170389364,"Rough","Max. Reward Condition",40,"7",15,0,60,47,"Long",0.107258473140251,0.426939268076559,NA,0.435677247613939,"localGP"
"1438",6,12,3,6,54.3433653304578,83.4515170389364,"Rough","Max. Reward Condition",40,"7",15,0,70,47,"Long",0.107258473140251,0.426939268076559,NA,0.435677247613939,"localGP"
"1439",6,13,10,0,40.8689661512174,83.4515170389364,"Rough","Max. Reward Condition",40,"7",15,0,11,47,"Long",0.107258473140251,0.426939268076559,NA,0.435677247613939,"localGP"
"1440",6,14,10,2,72.5729702325588,83.4515170389364,"Rough","Max. Reward Condition",40,"7",15,0,33,47,"Long",0.107258473140251,0.426939268076559,NA,0.435677247613939,"localGP"
"1441",6,15,10,3,68.1676938664988,83.4515170389364,"Rough","Max. Reward Condition",40,"7",15,0,44,47,"Long",0.107258473140251,0.426939268076559,NA,0.435677247613939,"localGP"
"1442",6,16,0,1,88.0859970924016,88.0859970924016,"Rough","Max. Reward Condition",40,"7",15,0,12,47,"Long",0.107258473140251,0.426939268076559,NA,0.435677247613939,"localGP"
"1443",6,17,3,6,54.3433653304578,88.0859970924016,"Rough","Max. Reward Condition",40,"7",15,0,70,47,"Long",0.107258473140251,0.426939268076559,NA,0.435677247613939,"localGP"
"1444",6,18,5,2,59.1350535655929,88.0859970924016,"Rough","Max. Reward Condition",40,"7",15,0,28,47,"Long",0.107258473140251,0.426939268076559,NA,0.435677247613939,"localGP"
"1445",6,19,3,7,0,88.0859970924016,"Rough","Max. Reward Condition",40,"7",15,0,81,47,"Long",0.107258473140251,0.426939268076559,NA,0.435677247613939,"localGP"
"1446",6,20,5,5,46.1370569424132,88.0859970924016,"Rough","Max. Reward Condition",40,"7",15,0,61,47,"Long",0.107258473140251,0.426939268076559,NA,0.435677247613939,"localGP"
"1447",6,21,4,5,83.3494721532076,88.0859970924016,"Rough","Max. Reward Condition",40,"7",15,0,60,47,"Long",0.107258473140251,0.426939268076559,NA,0.435677247613939,"localGP"
"1448",6,22,2,4,51.9546837041907,88.0859970924016,"Rough","Max. Reward Condition",40,"7",15,0,47,47,"Long",0.107258473140251,0.426939268076559,NA,0.435677247613939,"localGP"
"1449",6,23,4,7,3.93003367896105,88.0859970924016,"Rough","Max. Reward Condition",40,"7",15,0,82,47,"Long",0.107258473140251,0.426939268076559,NA,0.435677247613939,"localGP"
"1450",6,24,4,8,3.8244891492963,88.0859970924016,"Rough","Max. Reward Condition",40,"7",15,0,93,47,"Long",0.107258473140251,0.426939268076559,NA,0.435677247613939,"localGP"
"1451",6,25,3,5,91.5692138938096,91.5692138938096,"Rough","Max. Reward Condition",40,"7",15,0,59,47,"Long",0.107258473140251,0.426939268076559,NA,0.435677247613939,"localGP"
"1452",6,26,3,5,91.5692138938096,91.5692138938096,"Rough","Max. Reward Condition",40,"7",15,0,59,47,"Long",0.107258473140251,0.426939268076559,NA,0.435677247613939,"localGP"
"1453",6,27,4,4,91.6833131282772,91.6833131282772,"Rough","Max. Reward Condition",40,"7",15,0,49,47,"Long",0.107258473140251,0.426939268076559,NA,0.435677247613939,"localGP"
"1454",6,28,4,0,68.1149801380177,91.6833131282772,"Rough","Max. Reward Condition",40,"7",15,0,5,47,"Long",0.107258473140251,0.426939268076559,NA,0.435677247613939,"localGP"
"1455",6,29,3,0,54.228682490005,91.6833131282772,"Rough","Max. Reward Condition",40,"7",15,0,4,47,"Long",0.107258473140251,0.426939268076559,NA,0.435677247613939,"localGP"
"1456",6,30,4,5,83.3494721532076,91.6833131282772,"Rough","Max. Reward Condition",40,"7",15,0,60,47,"Long",0.107258473140251,0.426939268076559,NA,0.435677247613939,"localGP"
"1457",6,31,2,5,87.9015805668821,91.6833131282772,"Rough","Max. Reward Condition",40,"7",15,0,58,47,"Long",0.107258473140251,0.426939268076559,NA,0.435677247613939,"localGP"
"1458",6,32,2,6,90.2125642232632,91.6833131282772,"Rough","Max. Reward Condition",40,"7",15,0,69,47,"Long",0.107258473140251,0.426939268076559,NA,0.435677247613939,"localGP"
"1459",6,33,6,3,78.683438969698,91.6833131282772,"Rough","Max. Reward Condition",40,"7",15,0,40,47,"Long",0.107258473140251,0.426939268076559,NA,0.435677247613939,"localGP"
"1460",6,34,7,3,80.8182816244535,91.6833131282772,"Rough","Max. Reward Condition",40,"7",15,0,41,47,"Long",0.107258473140251,0.426939268076559,NA,0.435677247613939,"localGP"
"1461",6,35,5,2,59.1350535655929,91.6833131282772,"Rough","Max. Reward Condition",40,"7",15,0,28,47,"Long",0.107258473140251,0.426939268076559,NA,0.435677247613939,"localGP"
"1462",6,36,5,6,48.2722078874415,91.6833131282772,"Rough","Max. Reward Condition",40,"7",15,0,72,47,"Long",0.107258473140251,0.426939268076559,NA,0.435677247613939,"localGP"
"1463",6,37,6,7,41.6142577670901,91.6833131282772,"Rough","Max. Reward Condition",40,"7",15,0,84,47,"Long",0.107258473140251,0.426939268076559,NA,0.435677247613939,"localGP"
"1464",6,38,0,5,81.07604936737,91.6833131282772,"Rough","Max. Reward Condition",40,"7",15,0,56,47,"Long",0.107258473140251,0.426939268076559,NA,0.435677247613939,"localGP"
"1465",6,39,9,7,37.6760460592712,91.6833131282772,"Rough","Max. Reward Condition",40,"7",15,0,87,47,"Long",0.107258473140251,0.426939268076559,NA,0.435677247613939,"localGP"
"1466",6,40,8,7,53.4490280982268,91.6833131282772,"Rough","Max. Reward Condition",40,"7",15,0,86,47,"Long",0.107258473140251,0.426939268076559,NA,0.435677247613939,"localGP"
"1467",6,41,8,8,77.4510822017491,91.6833131282772,"Rough","Max. Reward Condition",40,"7",15,0,97,47,"Long",0.107258473140251,0.426939268076559,NA,0.435677247613939,"localGP"
"1468",6,1,4,6,92.5612285235121,92.5612285235121,"Rough","Max. Reward Condition",20,"8",8,NA,71,48,"Short",0.0933563146586192,0.525223200377045,NA,0.430990499894501,"localGP"
"1469",6,2,4,7,87.7929185379322,92.5612285235121,"Rough","Max. Reward Condition",20,"8",8,1,82,48,"Short",0.0933563146586192,0.525223200377045,NA,0.430990499894501,"localGP"
"1470",6,3,7,5,62.0812481900124,92.5612285235121,"Rough","Max. Reward Condition",20,"8",8,1,63,48,"Short",0.0933563146586192,0.525223200377045,NA,0.430990499894501,"localGP"
"1471",6,4,7,6,46.0927708056765,92.5612285235121,"Rough","Max. Reward Condition",20,"8",8,3,74,48,"Short",0.0933563146586192,0.525223200377045,NA,0.430990499894501,"localGP"
"1472",6,5,9,7,12.1031590785717,92.5612285235121,"Rough","Max. Reward Condition",20,"8",8,2,87,48,"Short",0.0933563146586192,0.525223200377045,NA,0.430990499894501,"localGP"
"1473",6,6,9,5,83.9959054519375,92.5612285235121,"Rough","Max. Reward Condition",20,"8",8,3,65,48,"Short",0.0933563146586192,0.525223200377045,NA,0.430990499894501,"localGP"
"1474",6,7,9,6,36.3129176389145,92.5612285235121,"Rough","Max. Reward Condition",20,"8",8,2,76,48,"Short",0.0933563146586192,0.525223200377045,NA,0.430990499894501,"localGP"
"1475",6,8,9,5,83.9959054519375,92.5612285235121,"Rough","Max. Reward Condition",20,"8",8,2,65,48,"Short",0.0933563146586192,0.525223200377045,NA,0.430990499894501,"localGP"
"1476",6,9,10,5,84.8597235153552,92.5612285235121,"Rough","Max. Reward Condition",20,"8",8,1,66,48,"Short",0.0933563146586192,0.525223200377045,NA,0.430990499894501,"localGP"
"1477",6,10,10,3,75.7135998190363,92.5612285235121,"Rough","Max. Reward Condition",20,"8",8,1,44,48,"Short",0.0933563146586192,0.525223200377045,NA,0.430990499894501,"localGP"
"1478",6,11,10,4,82.6261489879953,92.5612285235121,"Rough","Max. Reward Condition",20,"8",8,2,55,48,"Short",0.0933563146586192,0.525223200377045,NA,0.430990499894501,"localGP"
"1479",6,12,1,2,51.3385212336399,92.5612285235121,"Rough","Max. Reward Condition",20,"8",8,1,24,48,"Short",0.0933563146586192,0.525223200377045,NA,0.430990499894501,"localGP"
"1480",6,13,9,4,91.0101706017793,92.5612285235121,"Rough","Max. Reward Condition",20,"8",8,1,54,48,"Short",0.0933563146586192,0.525223200377045,NA,0.430990499894501,"localGP"
"1481",6,14,1,3,30.8979610069097,92.5612285235121,"Rough","Max. Reward Condition",20,"8",8,0,35,48,"Short",0.0933563146586192,0.525223200377045,NA,0.430990499894501,"localGP"
"1482",6,15,1,4,55.5969206133783,92.5612285235121,"Rough","Max. Reward Condition",20,"8",8,0,46,48,"Short",0.0933563146586192,0.525223200377045,NA,0.430990499894501,"localGP"
"1483",6,16,1,1,43.0875243946016,92.5612285235121,"Rough","Max. Reward Condition",20,"8",8,0,13,48,"Short",0.0933563146586192,0.525223200377045,NA,0.430990499894501,"localGP"
"1484",6,17,1,0,27.8861757237678,92.5612285235121,"Rough","Max. Reward Condition",20,"8",8,0,2,48,"Short",0.0933563146586192,0.525223200377045,NA,0.430990499894501,"localGP"
"1485",6,18,2,0,8.34725250773847,92.5612285235121,"Rough","Max. Reward Condition",20,"8",8,0,3,48,"Short",0.0933563146586192,0.525223200377045,NA,0.430990499894501,"localGP"
"1486",6,19,3,0,29.1521872579162,92.5612285235121,"Rough","Max. Reward Condition",20,"8",8,0,4,48,"Short",0.0933563146586192,0.525223200377045,NA,0.430990499894501,"localGP"
"1487",6,20,8,4,60.2211526419582,92.5612285235121,"Rough","Max. Reward Condition",20,"8",8,0,53,48,"Short",0.0933563146586192,0.525223200377045,NA,0.430990499894501,"localGP"
"1488",6,21,7,4,51.6827805309329,92.5612285235121,"Rough","Max. Reward Condition",20,"8",8,0,52,48,"Short",0.0933563146586192,0.525223200377045,NA,0.430990499894501,"localGP"
"1489",7,1,5,10,34.5994838474691,34.5994838474691,"Smooth","Max. Reward Condition",20,"1",0,NA,116,49,"Short",0.111826257007693,1.25050063708265,NA,0.49929506582745,"localGP"
"1490",7,2,4,10,33.7085018505347,34.5994838474691,"Smooth","Max. Reward Condition",20,"1",0,9,115,49,"Short",0.111826257007693,1.25050063708265,NA,0.49929506582745,"localGP"
"1491",7,3,10,10,51.9145522661239,51.9145522661239,"Smooth","Max. Reward Condition",20,"1",0,10,121,49,"Short",0.111826257007693,1.25050063708265,NA,0.49929506582745,"localGP"
"1492",7,4,7,5,54.6376414443385,54.6376414443385,"Smooth","Max. Reward Condition",20,"1",0,9,63,49,"Short",0.111826257007693,1.25050063708265,NA,0.49929506582745,"localGP"
"1493",7,5,7,6,58.4137969202167,58.4137969202167,"Smooth","Max. Reward Condition",20,"1",0,1,74,49,"Short",0.111826257007693,1.25050063708265,NA,0.49929506582745,"localGP"
"1494",7,6,6,2,14.151020308226,58.4137969202167,"Smooth","Max. Reward Condition",20,"1",0,6,29,49,"Short",0.111826257007693,1.25050063708265,NA,0.49929506582745,"localGP"
"1495",7,7,9,8,92.8491332342499,92.8491332342499,"Smooth","Max. Reward Condition",20,"1",0,11,98,49,"Short",0.111826257007693,1.25050063708265,NA,0.49929506582745,"localGP"
"1496",7,8,4,6,4.57974265293169,92.8491332342499,"Smooth","Max. Reward Condition",20,"1",0,1,71,49,"Short",0.111826257007693,1.25050063708265,NA,0.49929506582745,"localGP"
"1497",7,9,7,2,5.67992727418949,92.8491332342499,"Smooth","Max. Reward Condition",20,"1",0,1,30,49,"Short",0.111826257007693,1.25050063708265,NA,0.49929506582745,"localGP"
"1498",7,10,8,7,98.0758057854271,98.0758057854271,"Smooth","Max. Reward Condition",20,"1",0,1,86,49,"Short",0.111826257007693,1.25050063708265,NA,0.49929506582745,"localGP"
"1499",7,11,9,7,93.0900522357202,98.0758057854271,"Smooth","Max. Reward Condition",20,"1",0,1,87,49,"Short",0.111826257007693,1.25050063708265,NA,0.49929506582745,"localGP"
"1500",7,12,0,3,67.8002087512036,98.0758057854271,"Smooth","Max. Reward Condition",20,"1",0,1,34,49,"Short",0.111826257007693,1.25050063708265,NA,0.49929506582745,"localGP"
"1501",7,13,1,6,76.1819602246697,98.0758057854271,"Smooth","Max. Reward Condition",20,"1",0,1,68,49,"Short",0.111826257007693,1.25050063708265,NA,0.49929506582745,"localGP"
"1502",7,14,1,5,62.1319695197463,98.0758057854271,"Smooth","Max. Reward Condition",20,"1",0,3,57,49,"Short",0.111826257007693,1.25050063708265,NA,0.49929506582745,"localGP"
"1503",7,15,3,7,55.5467645036046,98.0758057854271,"Smooth","Max. Reward Condition",20,"1",0,4,81,49,"Short",0.111826257007693,1.25050063708265,NA,0.49929506582745,"localGP"
"1504",7,16,2,7,42.7772511233164,98.0758057854271,"Smooth","Max. Reward Condition",20,"1",0,1,80,49,"Short",0.111826257007693,1.25050063708265,NA,0.49929506582745,"localGP"
"1505",7,17,9,4,26.0631617428535,98.0758057854271,"Smooth","Max. Reward Condition",20,"1",0,2,54,49,"Short",0.111826257007693,1.25050063708265,NA,0.49929506582745,"localGP"
"1506",7,18,8,9,62.5269000754681,98.0758057854271,"Smooth","Max. Reward Condition",20,"1",0,1,108,49,"Short",0.111826257007693,1.25050063708265,NA,0.49929506582745,"localGP"
"1507",7,19,7,9,29.4163528194198,98.0758057854271,"Smooth","Max. Reward Condition",20,"1",0,3,107,49,"Short",0.111826257007693,1.25050063708265,NA,0.49929506582745,"localGP"
"1508",7,20,8,5,25.4664364845841,98.0758057854271,"Smooth","Max. Reward Condition",20,"1",0,2,64,49,"Short",0.111826257007693,1.25050063708265,NA,0.49929506582745,"localGP"
"1509",7,21,2,10,24.8474427773121,98.0758057854271,"Smooth","Max. Reward Condition",20,"1",0,4,113,49,"Short",0.111826257007693,1.25050063708265,NA,0.49929506582745,"localGP"
"1510",7,1,1,1,62.6840921632326,62.6840921632326,"Smooth","Max. Reward Condition",40,"2",16,NA,13,50,"Long",0.132719040226256,0.828340004516644,NA,0.585652326440324,"localGP"
"1511",7,2,1,2,17.0104767919916,62.6840921632326,"Smooth","Max. Reward Condition",40,"2",16,7,24,50,"Long",0.132719040226256,0.828340004516644,NA,0.585652326440324,"localGP"
"1512",7,3,2,7,20.8380154740656,62.6840921632326,"Smooth","Max. Reward Condition",40,"2",16,8,80,50,"Long",0.132719040226256,0.828340004516644,NA,0.585652326440324,"localGP"
"1513",7,4,1,7,30.6098170794807,62.6840921632326,"Smooth","Max. Reward Condition",40,"2",16,9,79,50,"Long",0.132719040226256,0.828340004516644,NA,0.585652326440324,"localGP"
"1514",7,5,9,3,6.15546941628624,62.6840921632326,"Smooth","Max. Reward Condition",40,"2",16,2,43,50,"Long",0.132719040226256,0.828340004516644,NA,0.585652326440324,"localGP"
"1515",7,6,10,3,46.319630109496,62.6840921632326,"Smooth","Max. Reward Condition",40,"2",16,16,44,50,"Long",0.132719040226256,0.828340004516644,NA,0.585652326440324,"localGP"
"1516",7,7,4,9,52.7069887453694,62.6840921632326,"Smooth","Max. Reward Condition",40,"2",16,8,104,50,"Long",0.132719040226256,0.828340004516644,NA,0.585652326440324,"localGP"
"1517",7,8,4,10,54.7578057805641,62.6840921632326,"Smooth","Max. Reward Condition",40,"2",16,6,115,50,"Long",0.132719040226256,0.828340004516644,NA,0.585652326440324,"localGP"
"1518",7,9,0,5,14.7037346704813,62.6840921632326,"Smooth","Max. Reward Condition",40,"2",16,10,56,50,"Long",0.132719040226256,0.828340004516644,NA,0.585652326440324,"localGP"
"1519",7,10,7,4,33.4912199403317,62.6840921632326,"Smooth","Max. Reward Condition",40,"2",16,6,52,50,"Long",0.132719040226256,0.828340004516644,NA,0.585652326440324,"localGP"
"1520",7,11,9,3,6.15546941628624,62.6840921632326,"Smooth","Max. Reward Condition",40,"2",16,4,43,50,"Long",0.132719040226256,0.828340004516644,NA,0.585652326440324,"localGP"
"1521",7,12,7,3,32.8647798695032,62.6840921632326,"Smooth","Max. Reward Condition",40,"2",16,1,41,50,"Long",0.132719040226256,0.828340004516644,NA,0.585652326440324,"localGP"
"1522",7,13,7,2,50.3250287772855,62.6840921632326,"Smooth","Max. Reward Condition",40,"2",16,3,30,50,"Long",0.132719040226256,0.828340004516644,NA,0.585652326440324,"localGP"
"1523",7,14,10,2,56.4762656457171,62.6840921632326,"Smooth","Max. Reward Condition",40,"2",16,1,33,50,"Long",0.132719040226256,0.828340004516644,NA,0.585652326440324,"localGP"
"1524",7,15,2,8,47.6806943266492,62.6840921632326,"Smooth","Max. Reward Condition",40,"2",16,2,91,50,"Long",0.132719040226256,0.828340004516644,NA,0.585652326440324,"localGP"
"1525",7,16,2,9,67.2457029271411,67.2457029271411,"Smooth","Max. Reward Condition",40,"2",16,1,102,50,"Long",0.132719040226256,0.828340004516644,NA,0.585652326440324,"localGP"
"1526",7,17,1,9,37.1316762368546,67.2457029271411,"Smooth","Max. Reward Condition",40,"2",16,2,101,50,"Long",0.132719040226256,0.828340004516644,NA,0.585652326440324,"localGP"
"1527",7,18,7,8,21.7601105267846,67.2457029271411,"Smooth","Max. Reward Condition",40,"2",16,1,96,50,"Long",0.132719040226256,0.828340004516644,NA,0.585652326440324,"localGP"
"1528",7,19,7,7,17.2801623922948,67.2457029271411,"Smooth","Max. Reward Condition",40,"2",16,2,85,50,"Long",0.132719040226256,0.828340004516644,NA,0.585652326440324,"localGP"
"1529",7,20,6,7,11.109165355926,67.2457029271411,"Smooth","Max. Reward Condition",40,"2",16,1,84,50,"Long",0.132719040226256,0.828340004516644,NA,0.585652326440324,"localGP"
"1530",7,21,9,9,48.2469413431705,67.2457029271411,"Smooth","Max. Reward Condition",40,"2",16,1,109,50,"Long",0.132719040226256,0.828340004516644,NA,0.585652326440324,"localGP"
"1531",7,22,8,10,71.5964693856376,71.5964693856376,"Smooth","Max. Reward Condition",40,"2",16,6,119,50,"Long",0.132719040226256,0.828340004516644,NA,0.585652326440324,"localGP"
"1532",7,23,10,9,72.5110425569696,72.5110425569696,"Smooth","Max. Reward Condition",40,"2",16,1,110,50,"Long",0.132719040226256,0.828340004516644,NA,0.585652326440324,"localGP"
"1533",7,24,10,10,60.953630023244,72.5110425569696,"Smooth","Max. Reward Condition",40,"2",16,5,121,50,"Long",0.132719040226256,0.828340004516644,NA,0.585652326440324,"localGP"
"1534",7,25,1,4,16.6041970073858,72.5110425569696,"Smooth","Max. Reward Condition",40,"2",16,4,46,50,"Long",0.132719040226256,0.828340004516644,NA,0.585652326440324,"localGP"
"1535",7,26,4,4,37.2247549071549,72.5110425569696,"Smooth","Max. Reward Condition",40,"2",16,4,49,50,"Long",0.132719040226256,0.828340004516644,NA,0.585652326440324,"localGP"
"1536",7,27,5,4,27.745691269728,72.5110425569696,"Smooth","Max. Reward Condition",40,"2",16,2,50,50,"Long",0.132719040226256,0.828340004516644,NA,0.585652326440324,"localGP"
"1537",7,28,2,10,27.4676161449989,72.5110425569696,"Smooth","Max. Reward Condition",40,"2",16,2,113,50,"Long",0.132719040226256,0.828340004516644,NA,0.585652326440324,"localGP"
"1538",7,29,3,6,61.712476104061,72.5110425569696,"Smooth","Max. Reward Condition",40,"2",16,11,70,50,"Long",0.132719040226256,0.828340004516644,NA,0.585652326440324,"localGP"
"1539",7,30,3,5,75.0250883463196,75.0250883463196,"Smooth","Max. Reward Condition",40,"2",16,4,59,50,"Long",0.132719040226256,0.828340004516644,NA,0.585652326440324,"localGP"
"1540",7,31,3,3,100,100,"Smooth","Max. Reward Condition",40,"2",16,1,37,50,"Long",0.132719040226256,0.828340004516644,NA,0.585652326440324,"localGP"
"1541",7,32,3,2,83.8378126303431,100,"Smooth","Max. Reward Condition",40,"2",16,2,26,50,"Long",0.132719040226256,0.828340004516644,NA,0.585652326440324,"localGP"
"1542",7,33,4,2,29.6795865237045,100,"Smooth","Max. Reward Condition",40,"2",16,2,27,50,"Long",0.132719040226256,0.828340004516644,NA,0.585652326440324,"localGP"
"1543",7,34,4,3,46.0518251136076,100,"Smooth","Max. Reward Condition",40,"2",16,7,38,50,"Long",0.132719040226256,0.828340004516644,NA,0.585652326440324,"localGP"
"1544",7,35,7,5,45.3166315681639,100,"Smooth","Max. Reward Condition",40,"2",16,5,63,50,"Long",0.132719040226256,0.828340004516644,NA,0.585652326440324,"localGP"
"1545",7,36,8,5,55.4827017867846,100,"Smooth","Max. Reward Condition",40,"2",16,2,64,50,"Long",0.132719040226256,0.828340004516644,NA,0.585652326440324,"localGP"
"1546",7,37,8,1,52.8904958122933,100,"Smooth","Max. Reward Condition",40,"2",16,3,20,50,"Long",0.132719040226256,0.828340004516644,NA,0.585652326440324,"localGP"
"1547",7,38,10,2,56.4762656457171,100,"Smooth","Max. Reward Condition",40,"2",16,9,33,50,"Long",0.132719040226256,0.828340004516644,NA,0.585652326440324,"localGP"
"1548",7,39,9,0,28.4138633075893,100,"Smooth","Max. Reward Condition",40,"2",16,5,10,50,"Long",0.132719040226256,0.828340004516644,NA,0.585652326440324,"localGP"
"1549",7,40,5,10,12.2429925631197,100,"Smooth","Max. Reward Condition",40,"2",16,2,116,50,"Long",0.132719040226256,0.828340004516644,NA,0.585652326440324,"localGP"
"1550",7,41,10,4,47.4832881916052,100,"Smooth","Max. Reward Condition",40,"2",16,1,55,50,"Long",0.132719040226256,0.828340004516644,NA,0.585652326440324,"localGP"
"1551",7,1,0,1,42.1655197788006,42.1655197788006,"Smooth","Max. Reward Condition",20,"3",11,NA,12,51,"Short",0.102598720554321,1.30245693643361,NA,0.520287538256967,"localGP"
"1552",7,2,7,4,66.5199662009468,66.5199662009468,"Smooth","Max. Reward Condition",20,"3",11,18,52,51,"Short",0.102598720554321,1.30245693643361,NA,0.520287538256967,"localGP"
"1553",7,3,7,3,55.8044866187351,66.5199662009468,"Smooth","Max. Reward Condition",20,"3",11,7,41,51,"Short",0.102598720554321,1.30245693643361,NA,0.520287538256967,"localGP"
"1554",7,4,6,6,71.604411900564,71.604411900564,"Smooth","Max. Reward Condition",20,"3",11,1,73,51,"Short",0.102598720554321,1.30245693643361,NA,0.520287538256967,"localGP"
"1555",7,5,10,5,24.0277528362219,71.604411900564,"Smooth","Max. Reward Condition",20,"3",11,6,66,51,"Short",0.102598720554321,1.30245693643361,NA,0.520287538256967,"localGP"
"1556",7,6,8,3,49.8615329660386,71.604411900564,"Smooth","Max. Reward Condition",20,"3",11,12,42,51,"Short",0.102598720554321,1.30245693643361,NA,0.520287538256967,"localGP"
"1557",7,7,8,0,36.3714446151272,71.604411900564,"Smooth","Max. Reward Condition",20,"3",11,1,9,51,"Short",0.102598720554321,1.30245693643361,NA,0.520287538256967,"localGP"
"1558",7,8,4,4,12.8086319556226,71.604411900564,"Smooth","Max. Reward Condition",20,"3",11,2,49,51,"Short",0.102598720554321,1.30245693643361,NA,0.520287538256967,"localGP"
"1559",7,9,3,6,2.87635542151745,71.604411900564,"Smooth","Max. Reward Condition",20,"3",11,2,70,51,"Short",0.102598720554321,1.30245693643361,NA,0.520287538256967,"localGP"
"1560",7,10,4,8,79.4784884383396,79.4784884383396,"Smooth","Max. Reward Condition",20,"3",11,3,93,51,"Short",0.102598720554321,1.30245693643361,NA,0.520287538256967,"localGP"
"1561",7,11,5,8,54.8387102771574,79.4784884383396,"Smooth","Max. Reward Condition",20,"3",11,2,94,51,"Short",0.102598720554321,1.30245693643361,NA,0.520287538256967,"localGP"
"1562",7,12,0,1,42.1655197788006,79.4784884383396,"Smooth","Max. Reward Condition",20,"3",11,1,12,51,"Short",0.102598720554321,1.30245693643361,NA,0.520287538256967,"localGP"
"1563",7,13,7,8,32.5498412116833,79.4784884383396,"Smooth","Max. Reward Condition",20,"3",11,2,96,51,"Short",0.102598720554321,1.30245693643361,NA,0.520287538256967,"localGP"
"1564",7,14,10,8,36.9684379010422,79.4784884383396,"Smooth","Max. Reward Condition",20,"3",11,2,99,51,"Short",0.102598720554321,1.30245693643361,NA,0.520287538256967,"localGP"
"1565",7,15,10,7,37.1719234376725,79.4784884383396,"Smooth","Max. Reward Condition",20,"3",11,1,88,51,"Short",0.102598720554321,1.30245693643361,NA,0.520287538256967,"localGP"
"1566",7,16,8,10,41.6884701008907,79.4784884383396,"Smooth","Max. Reward Condition",20,"3",11,4,119,51,"Short",0.102598720554321,1.30245693643361,NA,0.520287538256967,"localGP"
"1567",7,17,10,10,11.4208125415598,79.4784884383396,"Smooth","Max. Reward Condition",20,"3",11,1,121,51,"Short",0.102598720554321,1.30245693643361,NA,0.520287538256967,"localGP"
"1568",7,18,5,10,87.2658829250153,87.2658829250153,"Smooth","Max. Reward Condition",20,"3",11,1,116,51,"Short",0.102598720554321,1.30245693643361,NA,0.520287538256967,"localGP"
"1569",7,19,4,10,100,100,"Smooth","Max. Reward Condition",20,"3",11,4,115,51,"Short",0.102598720554321,1.30245693643361,NA,0.520287538256967,"localGP"
"1570",7,20,5,4,30.7989766906586,100,"Smooth","Max. Reward Condition",20,"3",11,1,50,51,"Short",0.102598720554321,1.30245693643361,NA,0.520287538256967,"localGP"
"1571",7,21,8,7,44.4895686177393,100,"Smooth","Max. Reward Condition",20,"3",11,2,86,51,"Short",0.102598720554321,1.30245693643361,NA,0.520287538256967,"localGP"
"1572",7,1,5,9,24.8190311871749,24.8190311871749,"Smooth","Max. Reward Condition",40,"4",6,NA,105,52,"Long",0.129025562378864,0.845208617586282,NA,0.533207812613948,"localGP"
"1573",7,2,5,10,51.4215648628106,51.4215648628106,"Smooth","Max. Reward Condition",40,"4",6,1,116,52,"Long",0.129025562378864,0.845208617586282,NA,0.533207812613948,"localGP"
"1574",7,3,10,8,49.0427197755467,51.4215648628106,"Smooth","Max. Reward Condition",40,"4",6,1,99,52,"Long",0.129025562378864,0.845208617586282,NA,0.533207812613948,"localGP"
"1575",7,4,10,5,28.65801545199,51.4215648628106,"Smooth","Max. Reward Condition",40,"4",6,4,66,52,"Long",0.129025562378864,0.845208617586282,NA,0.533207812613948,"localGP"
"1576",7,5,8,2,56.1209576242771,56.1209576242771,"Smooth","Max. Reward Condition",40,"4",6,3,31,52,"Long",0.129025562378864,0.845208617586282,NA,0.533207812613948,"localGP"
"1577",7,6,7,2,60.5825002841952,60.5825002841952,"Smooth","Max. Reward Condition",40,"4",6,12,30,52,"Long",0.129025562378864,0.845208617586282,NA,0.533207812613948,"localGP"
"1578",7,7,7,1,83.5475141176989,83.5475141176989,"Smooth","Max. Reward Condition",40,"4",6,6,19,52,"Long",0.129025562378864,0.845208617586282,NA,0.533207812613948,"localGP"
"1579",7,8,7,0,94.4174730147353,94.4174730147353,"Smooth","Max. Reward Condition",40,"4",6,4,8,52,"Long",0.129025562378864,0.845208617586282,NA,0.533207812613948,"localGP"
"1580",7,9,8,0,72.9354979095338,94.4174730147353,"Smooth","Max. Reward Condition",40,"4",6,18,9,52,"Long",0.129025562378864,0.845208617586282,NA,0.533207812613948,"localGP"
"1581",7,10,7,1,83.5475141176989,94.4174730147353,"Smooth","Max. Reward Condition",40,"4",6,6,19,52,"Long",0.129025562378864,0.845208617586282,NA,0.533207812613948,"localGP"
"1582",7,11,6,1,58.9505924012191,94.4174730147353,"Smooth","Max. Reward Condition",40,"4",6,5,18,52,"Long",0.129025562378864,0.845208617586282,NA,0.533207812613948,"localGP"
"1583",7,12,9,5,16.2842425403002,94.4174730147353,"Smooth","Max. Reward Condition",40,"4",6,4,65,52,"Long",0.129025562378864,0.845208617586282,NA,0.533207812613948,"localGP"
"1584",7,13,5,5,11.8133453526905,94.4174730147353,"Smooth","Max. Reward Condition",40,"4",6,1,61,52,"Long",0.129025562378864,0.845208617586282,NA,0.533207812613948,"localGP"
"1585",7,14,6,6,15.4430797014751,94.4174730147353,"Smooth","Max. Reward Condition",40,"4",6,1,73,52,"Long",0.129025562378864,0.845208617586282,NA,0.533207812613948,"localGP"
"1586",7,15,0,0,47.2297106742419,94.4174730147353,"Smooth","Max. Reward Condition",40,"4",6,1,1,52,"Long",0.129025562378864,0.845208617586282,NA,0.533207812613948,"localGP"
"1587",7,16,0,1,36.3388197833164,94.4174730147353,"Smooth","Max. Reward Condition",40,"4",6,1,12,52,"Long",0.129025562378864,0.845208617586282,NA,0.533207812613948,"localGP"
"1588",7,17,3,3,53.304494443318,94.4174730147353,"Smooth","Max. Reward Condition",40,"4",6,3,37,52,"Long",0.129025562378864,0.845208617586282,NA,0.533207812613948,"localGP"
"1589",7,18,3,2,33.1157535503822,94.4174730147353,"Smooth","Max. Reward Condition",40,"4",6,2,26,52,"Long",0.129025562378864,0.845208617586282,NA,0.533207812613948,"localGP"
"1590",7,19,4,1,54.7263505752768,94.4174730147353,"Smooth","Max. Reward Condition",40,"4",6,1,16,52,"Long",0.129025562378864,0.845208617586282,NA,0.533207812613948,"localGP"
"1591",7,20,4,1,54.7263505752768,94.4174730147353,"Smooth","Max. Reward Condition",40,"4",6,2,16,52,"Long",0.129025562378864,0.845208617586282,NA,0.533207812613948,"localGP"
"1592",7,21,3,1,50.2100304142553,94.4174730147353,"Smooth","Max. Reward Condition",40,"4",6,4,15,52,"Long",0.129025562378864,0.845208617586282,NA,0.533207812613948,"localGP"
"1593",7,22,5,1,54.7135189925466,94.4174730147353,"Smooth","Max. Reward Condition",40,"4",6,4,17,52,"Long",0.129025562378864,0.845208617586282,NA,0.533207812613948,"localGP"
"1594",7,23,3,0,63.3554027374264,94.4174730147353,"Smooth","Max. Reward Condition",40,"4",6,3,4,52,"Long",0.129025562378864,0.845208617586282,NA,0.533207812613948,"localGP"
"1595",7,24,3,0,63.3554027374264,94.4174730147353,"Smooth","Max. Reward Condition",40,"4",6,2,4,52,"Long",0.129025562378864,0.845208617586282,NA,0.533207812613948,"localGP"
"1596",7,25,10,0,10.3010804163192,94.4174730147353,"Smooth","Max. Reward Condition",40,"4",6,3,11,52,"Long",0.129025562378864,0.845208617586282,NA,0.533207812613948,"localGP"
"1597",7,26,0,10,82.527541309215,94.4174730147353,"Smooth","Max. Reward Condition",40,"4",6,4,111,52,"Long",0.129025562378864,0.845208617586282,NA,0.533207812613948,"localGP"
"1598",7,27,6,3,37.4132597632544,94.4174730147353,"Smooth","Max. Reward Condition",40,"4",6,7,40,52,"Long",0.129025562378864,0.845208617586282,NA,0.533207812613948,"localGP"
"1599",7,28,3,3,53.304494443318,94.4174730147353,"Smooth","Max. Reward Condition",40,"4",6,2,37,52,"Long",0.129025562378864,0.845208617586282,NA,0.533207812613948,"localGP"
"1600",7,29,3,4,19.5910841909591,94.4174730147353,"Smooth","Max. Reward Condition",40,"4",6,4,48,52,"Long",0.129025562378864,0.845208617586282,NA,0.533207812613948,"localGP"
"1601",7,30,0,10,82.527541309215,94.4174730147353,"Smooth","Max. Reward Condition",40,"4",6,2,111,52,"Long",0.129025562378864,0.845208617586282,NA,0.533207812613948,"localGP"
"1602",7,31,3,5,0,94.4174730147353,"Smooth","Max. Reward Condition",40,"4",6,1,59,52,"Long",0.129025562378864,0.845208617586282,NA,0.533207812613948,"localGP"
"1603",7,32,9,2,38.9021292283964,94.4174730147353,"Smooth","Max. Reward Condition",40,"4",6,4,32,52,"Long",0.129025562378864,0.845208617586282,NA,0.533207812613948,"localGP"
"1604",7,33,9,3,30.7578099709399,94.4174730147353,"Smooth","Max. Reward Condition",40,"4",6,4,43,52,"Long",0.129025562378864,0.845208617586282,NA,0.533207812613948,"localGP"
"1605",7,34,8,3,35.8284389219026,94.4174730147353,"Smooth","Max. Reward Condition",40,"4",6,1,42,52,"Long",0.129025562378864,0.845208617586282,NA,0.533207812613948,"localGP"
"1606",7,35,9,10,34.3418785557881,94.4174730147353,"Smooth","Max. Reward Condition",40,"4",6,1,120,52,"Long",0.129025562378864,0.845208617586282,NA,0.533207812613948,"localGP"
"1607",7,36,9,9,83.6268655538995,94.4174730147353,"Smooth","Max. Reward Condition",40,"4",6,4,109,52,"Long",0.129025562378864,0.845208617586282,NA,0.533207812613948,"localGP"
"1608",7,37,8,9,49.0885670492111,94.4174730147353,"Smooth","Max. Reward Condition",40,"4",6,1,108,52,"Long",0.129025562378864,0.845208617586282,NA,0.533207812613948,"localGP"
"1609",7,38,9,8,81.6907585501877,94.4174730147353,"Smooth","Max. Reward Condition",40,"4",6,2,98,52,"Long",0.129025562378864,0.845208617586282,NA,0.533207812613948,"localGP"
"1610",7,39,8,8,59.0034109397581,94.4174730147353,"Smooth","Max. Reward Condition",40,"4",6,2,97,52,"Long",0.129025562378864,0.845208617586282,NA,0.533207812613948,"localGP"
"1611",7,40,8,7,50.5413361109473,94.4174730147353,"Smooth","Max. Reward Condition",40,"4",6,1,86,52,"Long",0.129025562378864,0.845208617586282,NA,0.533207812613948,"localGP"
"1612",7,41,7,5,62.7685778639352,94.4174730147353,"Smooth","Max. Reward Condition",40,"4",6,1,63,52,"Long",0.129025562378864,0.845208617586282,NA,0.533207812613948,"localGP"
"1613",7,1,10,0,73.1299582594774,73.1299582594774,"Smooth","Max. Reward Condition",20,"5",9,NA,11,53,"Short",0.100701114328902,1.0635625611564,NA,0.428961400444728,"localGP"
"1614",7,2,9,0,18.5206183987232,73.1299582594774,"Smooth","Max. Reward Condition",20,"5",9,2,10,53,"Short",0.100701114328902,1.0635625611564,NA,0.428961400444728,"localGP"
"1615",7,3,10,1,42.9509969441746,73.1299582594774,"Smooth","Max. Reward Condition",20,"5",9,13,22,53,"Short",0.100701114328902,1.0635625611564,NA,0.428961400444728,"localGP"
"1616",7,4,10,0,73.1299582594774,73.1299582594774,"Smooth","Max. Reward Condition",20,"5",9,8,11,53,"Short",0.100701114328902,1.0635625611564,NA,0.428961400444728,"localGP"
"1617",7,5,3,7,43.3114026076978,73.1299582594774,"Smooth","Max. Reward Condition",20,"5",9,3,81,53,"Short",0.100701114328902,1.0635625611564,NA,0.428961400444728,"localGP"
"1618",7,6,9,6,26.8828036594209,73.1299582594774,"Smooth","Max. Reward Condition",20,"5",9,1,76,53,"Short",0.100701114328902,1.0635625611564,NA,0.428961400444728,"localGP"
"1619",7,7,7,5,4.73175051861213,73.1299582594774,"Smooth","Max. Reward Condition",20,"5",9,2,63,53,"Short",0.100701114328902,1.0635625611564,NA,0.428961400444728,"localGP"
"1620",7,8,4,2,55.6576112274651,73.1299582594774,"Smooth","Max. Reward Condition",20,"5",9,9,27,53,"Short",0.100701114328902,1.0635625611564,NA,0.428961400444728,"localGP"
"1621",7,9,0,0,80.3515759217729,80.3515759217729,"Smooth","Max. Reward Condition",20,"5",9,10,1,53,"Short",0.100701114328902,1.0635625611564,NA,0.428961400444728,"localGP"
"1622",7,10,0,1,72.3819209739553,80.3515759217729,"Smooth","Max. Reward Condition",20,"5",9,1,12,53,"Short",0.100701114328902,1.0635625611564,NA,0.428961400444728,"localGP"
"1623",7,11,8,8,67.1128582001085,80.3515759217729,"Smooth","Max. Reward Condition",20,"5",9,1,97,53,"Short",0.100701114328902,1.0635625611564,NA,0.428961400444728,"localGP"
"1624",7,12,7,7,34.6539502400698,80.3515759217729,"Smooth","Max. Reward Condition",20,"5",9,6,85,53,"Short",0.100701114328902,1.0635625611564,NA,0.428961400444728,"localGP"
"1625",7,13,8,7,42.1666103712664,80.3515759217729,"Smooth","Max. Reward Condition",20,"5",9,2,86,53,"Short",0.100701114328902,1.0635625611564,NA,0.428961400444728,"localGP"
"1626",7,14,6,2,57.8143678139961,80.3515759217729,"Smooth","Max. Reward Condition",20,"5",9,2,29,53,"Short",0.100701114328902,1.0635625611564,NA,0.428961400444728,"localGP"
"1627",7,15,7,2,45.3020225853978,80.3515759217729,"Smooth","Max. Reward Condition",20,"5",9,1,30,53,"Short",0.100701114328902,1.0635625611564,NA,0.428961400444728,"localGP"
"1628",7,16,8,4,25.3679855103689,80.3515759217729,"Smooth","Max. Reward Condition",20,"5",9,1,53,53,"Short",0.100701114328902,1.0635625611564,NA,0.428961400444728,"localGP"
"1629",7,17,9,2,54.6848187444457,80.3515759217729,"Smooth","Max. Reward Condition",20,"5",9,2,32,53,"Short",0.100701114328902,1.0635625611564,NA,0.428961400444728,"localGP"
"1630",7,18,9,8,100,100,"Smooth","Max. Reward Condition",20,"5",9,1,98,53,"Short",0.100701114328902,1.0635625611564,NA,0.428961400444728,"localGP"
"1631",7,19,9,9,56.1300557046755,100,"Smooth","Max. Reward Condition",20,"5",9,13,109,53,"Short",0.100701114328902,1.0635625611564,NA,0.428961400444728,"localGP"
"1632",7,20,6,7,31.2453009050804,100,"Smooth","Max. Reward Condition",20,"5",9,1,84,53,"Short",0.100701114328902,1.0635625611564,NA,0.428961400444728,"localGP"
"1633",7,21,6,6,30.335879587278,100,"Smooth","Max. Reward Condition",20,"5",9,2,73,53,"Short",0.100701114328902,1.0635625611564,NA,0.428961400444728,"localGP"
"1634",7,1,2,2,91.2685637119397,91.2685637119397,"Smooth","Max. Reward Condition",40,"6",13,NA,25,54,"Long",0.129788833774831,0.805266774559373,NA,0.552235001593249,"localGP"
"1635",7,2,3,2,75.9223381375201,91.2685637119397,"Smooth","Max. Reward Condition",40,"6",13,12,26,54,"Long",0.129788833774831,0.805266774559373,NA,0.552235001593249,"localGP"
"1636",7,3,4,2,29.018522629385,91.2685637119397,"Smooth","Max. Reward Condition",40,"6",13,2,27,54,"Long",0.129788833774831,0.805266774559373,NA,0.552235001593249,"localGP"
"1637",7,4,2,2,91.2685637119397,91.2685637119397,"Smooth","Max. Reward Condition",40,"6",13,6,25,54,"Long",0.129788833774831,0.805266774559373,NA,0.552235001593249,"localGP"
"1638",7,5,2,3,88.3048631958372,91.2685637119397,"Smooth","Max. Reward Condition",40,"6",13,6,36,54,"Long",0.129788833774831,0.805266774559373,NA,0.552235001593249,"localGP"
"1639",7,6,1,1,60.4080576029201,91.2685637119397,"Smooth","Max. Reward Condition",40,"6",13,1,13,54,"Long",0.129788833774831,0.805266774559373,NA,0.552235001593249,"localGP"
"1640",7,7,1,2,38.3504915671492,91.2685637119397,"Smooth","Max. Reward Condition",40,"6",13,2,24,54,"Long",0.129788833774831,0.805266774559373,NA,0.552235001593249,"localGP"
"1641",7,8,6,4,11.152859969979,91.2685637119397,"Smooth","Max. Reward Condition",40,"6",13,3,51,54,"Long",0.129788833774831,0.805266774559373,NA,0.552235001593249,"localGP"
"1642",7,9,7,3,27.7085834681235,91.2685637119397,"Smooth","Max. Reward Condition",40,"6",13,1,41,54,"Long",0.129788833774831,0.805266774559373,NA,0.552235001593249,"localGP"
"1643",7,10,9,2,23.0068274963979,91.2685637119397,"Smooth","Max. Reward Condition",40,"6",13,2,32,54,"Long",0.129788833774831,0.805266774559373,NA,0.552235001593249,"localGP"
"1644",7,11,9,6,20.0963903815858,91.2685637119397,"Smooth","Max. Reward Condition",40,"6",13,3,76,54,"Long",0.129788833774831,0.805266774559373,NA,0.552235001593249,"localGP"
"1645",7,12,3,7,6.9262905686919,91.2685637119397,"Smooth","Max. Reward Condition",40,"6",13,4,81,54,"Long",0.129788833774831,0.805266774559373,NA,0.552235001593249,"localGP"
"1646",7,13,2,4,86.7630388184153,91.2685637119397,"Smooth","Max. Reward Condition",40,"6",13,1,47,54,"Long",0.129788833774831,0.805266774559373,NA,0.552235001593249,"localGP"
"1647",7,14,5,2,18.276410658703,91.2685637119397,"Smooth","Max. Reward Condition",40,"6",13,3,28,54,"Long",0.129788833774831,0.805266774559373,NA,0.552235001593249,"localGP"
"1648",7,15,10,3,44.4882911977957,91.2685637119397,"Smooth","Max. Reward Condition",40,"6",13,9,44,54,"Long",0.129788833774831,0.805266774559373,NA,0.552235001593249,"localGP"
"1649",7,16,10,4,46.4286824642032,91.2685637119397,"Smooth","Max. Reward Condition",40,"6",13,2,55,54,"Long",0.129788833774831,0.805266774559373,NA,0.552235001593249,"localGP"
"1650",7,17,10,5,36.4623399771375,91.2685637119397,"Smooth","Max. Reward Condition",40,"6",13,3,66,54,"Long",0.129788833774831,0.805266774559373,NA,0.552235001593249,"localGP"
"1651",7,18,10,2,58.403808913581,91.2685637119397,"Smooth","Max. Reward Condition",40,"6",13,2,33,54,"Long",0.129788833774831,0.805266774559373,NA,0.552235001593249,"localGP"
"1652",7,19,2,7,35.359724006426,91.2685637119397,"Smooth","Max. Reward Condition",40,"6",13,2,80,54,"Long",0.129788833774831,0.805266774559373,NA,0.552235001593249,"localGP"
"1653",7,20,6,5,40.403960166515,91.2685637119397,"Smooth","Max. Reward Condition",40,"6",13,1,62,54,"Long",0.129788833774831,0.805266774559373,NA,0.552235001593249,"localGP"
"1654",7,21,10,2,58.403808913581,91.2685637119397,"Smooth","Max. Reward Condition",40,"6",13,2,33,54,"Long",0.129788833774831,0.805266774559373,NA,0.552235001593249,"localGP"
"1655",7,22,5,8,17.7476651044899,91.2685637119397,"Smooth","Max. Reward Condition",40,"6",13,10,94,54,"Long",0.129788833774831,0.805266774559373,NA,0.552235001593249,"localGP"
"1656",7,23,8,0,39.1668824511725,91.2685637119397,"Smooth","Max. Reward Condition",40,"6",13,8,9,54,"Long",0.129788833774831,0.805266774559373,NA,0.552235001593249,"localGP"
"1657",7,24,1,0,62.1042117184929,91.2685637119397,"Smooth","Max. Reward Condition",40,"6",13,1,2,54,"Long",0.129788833774831,0.805266774559373,NA,0.552235001593249,"localGP"
"1658",7,25,2,0,45.4901469017811,91.2685637119397,"Smooth","Max. Reward Condition",40,"6",13,2,3,54,"Long",0.129788833774831,0.805266774559373,NA,0.552235001593249,"localGP"
"1659",7,26,3,9,34.0662277236417,91.2685637119397,"Smooth","Max. Reward Condition",40,"6",13,1,103,54,"Long",0.129788833774831,0.805266774559373,NA,0.552235001593249,"localGP"
"1660",7,27,2,9,27.7793506085113,91.2685637119397,"Smooth","Max. Reward Condition",40,"6",13,5,102,54,"Long",0.129788833774831,0.805266774559373,NA,0.552235001593249,"localGP"
"1661",7,28,4,8,29.543409633079,91.2685637119397,"Smooth","Max. Reward Condition",40,"6",13,3,93,54,"Long",0.129788833774831,0.805266774559373,NA,0.552235001593249,"localGP"
"1662",7,29,4,9,23.3245697103386,91.2685637119397,"Smooth","Max. Reward Condition",40,"6",13,3,104,54,"Long",0.129788833774831,0.805266774559373,NA,0.552235001593249,"localGP"
"1663",7,30,7,6,59.1670306987151,91.2685637119397,"Smooth","Max. Reward Condition",40,"6",13,4,74,54,"Long",0.129788833774831,0.805266774559373,NA,0.552235001593249,"localGP"
"1664",7,31,10,7,43.7318226156506,91.2685637119397,"Smooth","Max. Reward Condition",40,"6",13,1,88,54,"Long",0.129788833774831,0.805266774559373,NA,0.552235001593249,"localGP"
"1665",7,32,0,1,47.5057536535345,91.2685637119397,"Smooth","Max. Reward Condition",40,"6",13,1,12,54,"Long",0.129788833774831,0.805266774559373,NA,0.552235001593249,"localGP"
"1666",7,33,1,5,64.6815173963215,91.2685637119397,"Smooth","Max. Reward Condition",40,"6",13,2,57,54,"Long",0.129788833774831,0.805266774559373,NA,0.552235001593249,"localGP"
"1667",7,34,1,6,39.9812394486691,91.2685637119397,"Smooth","Max. Reward Condition",40,"6",13,2,68,54,"Long",0.129788833774831,0.805266774559373,NA,0.552235001593249,"localGP"
"1668",7,35,1,4,57.8821067127826,91.2685637119397,"Smooth","Max. Reward Condition",40,"6",13,0,46,54,"Long",0.129788833774831,0.805266774559373,NA,0.552235001593249,"localGP"
"1669",7,36,2,5,73.5182942872348,91.2685637119397,"Smooth","Max. Reward Condition",40,"6",13,1,58,54,"Long",0.129788833774831,0.805266774559373,NA,0.552235001593249,"localGP"
"1670",7,37,3,4,69.0645761763699,91.2685637119397,"Smooth","Max. Reward Condition",40,"6",13,3,48,54,"Long",0.129788833774831,0.805266774559373,NA,0.552235001593249,"localGP"
"1671",7,38,2,7,35.359724006426,91.2685637119397,"Smooth","Max. Reward Condition",40,"6",13,1,80,54,"Long",0.129788833774831,0.805266774559373,NA,0.552235001593249,"localGP"
"1672",7,39,1,4,57.8821067127826,91.2685637119397,"Smooth","Max. Reward Condition",40,"6",13,3,46,54,"Long",0.129788833774831,0.805266774559373,NA,0.552235001593249,"localGP"
"1673",7,40,3,7,6.9262905686919,91.2685637119397,"Smooth","Max. Reward Condition",40,"6",13,5,81,54,"Long",0.129788833774831,0.805266774559373,NA,0.552235001593249,"localGP"
"1674",7,41,1,8,49.5943667659217,91.2685637119397,"Smooth","Max. Reward Condition",40,"6",13,3,90,54,"Long",0.129788833774831,0.805266774559373,NA,0.552235001593249,"localGP"
"1675",7,1,2,3,51.4694994418352,51.4694994418352,"Smooth","Max. Reward Condition",20,"7",17,NA,36,55,"Short",0.118376523852553,0.918021628733637,NA,0.524914968077283,"localGP"
"1676",7,2,1,6,46.8743954250285,51.4694994418352,"Smooth","Max. Reward Condition",20,"7",17,13,68,55,"Short",0.118376523852553,0.918021628733637,NA,0.524914968077283,"localGP"
"1677",7,3,1,5,55.0007890272568,55.0007890272568,"Smooth","Max. Reward Condition",20,"7",17,9,57,55,"Short",0.118376523852553,0.918021628733637,NA,0.524914968077283,"localGP"
"1678",7,4,1,3,74.4820518548536,74.4820518548536,"Smooth","Max. Reward Condition",20,"7",17,4,35,55,"Short",0.118376523852553,0.918021628733637,NA,0.524914968077283,"localGP"
"1679",7,5,2,1,38.0642763953082,74.4820518548536,"Smooth","Max. Reward Condition",20,"7",17,15,14,55,"Short",0.118376523852553,0.918021628733637,NA,0.524914968077283,"localGP"
"1680",7,6,5,4,61.0193303568798,74.4820518548536,"Smooth","Max. Reward Condition",20,"7",17,4,50,55,"Short",0.118376523852553,0.918021628733637,NA,0.524914968077283,"localGP"
"1681",7,7,8,2,58.6698020983596,74.4820518548536,"Smooth","Max. Reward Condition",20,"7",17,3,31,55,"Short",0.118376523852553,0.918021628733637,NA,0.524914968077283,"localGP"
"1682",7,8,8,3,41.0422069840065,74.4820518548536,"Smooth","Max. Reward Condition",20,"7",17,11,42,55,"Short",0.118376523852553,0.918021628733637,NA,0.524914968077283,"localGP"
"1683",7,9,2,8,56.749621146005,74.4820518548536,"Smooth","Max. Reward Condition",20,"7",17,2,91,55,"Short",0.118376523852553,0.918021628733637,NA,0.524914968077283,"localGP"
"1684",7,10,5,8,11.4143082127456,74.4820518548536,"Smooth","Max. Reward Condition",20,"7",17,3,94,55,"Short",0.118376523852553,0.918021628733637,NA,0.524914968077283,"localGP"
"1685",7,11,7,9,30.9576770826755,74.4820518548536,"Smooth","Max. Reward Condition",20,"7",17,10,107,55,"Short",0.118376523852553,0.918021628733637,NA,0.524914968077283,"localGP"
"1686",7,12,3,10,66.9843682918031,74.4820518548536,"Smooth","Max. Reward Condition",20,"7",17,3,114,55,"Short",0.118376523852553,0.918021628733637,NA,0.524914968077283,"localGP"
"1687",7,13,3,7,48.1203452766967,74.4820518548536,"Smooth","Max. Reward Condition",20,"7",17,9,81,55,"Short",0.118376523852553,0.918021628733637,NA,0.524914968077283,"localGP"
"1688",7,14,7,4,42.6028889590444,74.4820518548536,"Smooth","Max. Reward Condition",20,"7",17,3,52,55,"Short",0.118376523852553,0.918021628733637,NA,0.524914968077283,"localGP"
"1689",7,15,6,2,61.2748558274339,74.4820518548536,"Smooth","Max. Reward Condition",20,"7",17,6,29,55,"Short",0.118376523852553,0.918021628733637,NA,0.524914968077283,"localGP"
"1690",7,16,5,2,42.0898431676423,74.4820518548536,"Smooth","Max. Reward Condition",20,"7",17,4,28,55,"Short",0.118376523852553,0.918021628733637,NA,0.524914968077283,"localGP"
"1691",7,17,6,2,61.2748558274339,74.4820518548536,"Smooth","Max. Reward Condition",20,"7",17,7,29,55,"Short",0.118376523852553,0.918021628733637,NA,0.524914968077283,"localGP"
"1692",7,18,3,9,57.8931465906352,74.4820518548536,"Smooth","Max. Reward Condition",20,"7",17,2,103,55,"Short",0.118376523852553,0.918021628733637,NA,0.524914968077283,"localGP"
"1693",7,19,1,10,38.833322433852,74.4820518548536,"Smooth","Max. Reward Condition",20,"7",17,2,112,55,"Short",0.118376523852553,0.918021628733637,NA,0.524914968077283,"localGP"
"1694",7,20,5,0,55.6526152943926,74.4820518548536,"Smooth","Max. Reward Condition",20,"7",17,1,6,55,"Short",0.118376523852553,0.918021628733637,NA,0.524914968077283,"localGP"
"1695",7,21,6,4,22.1592765349326,74.4820518548536,"Smooth","Max. Reward Condition",20,"7",17,2,51,55,"Short",0.118376523852553,0.918021628733637,NA,0.524914968077283,"localGP"
"1696",7,1,6,0,63.3442305024088,63.3442305024088,"Smooth","Max. Reward Condition",40,"8",5,NA,7,56,"Long",0.119636188574303,0.810463082883658,NA,0.51169306578319,"localGP"
"1697",7,2,5,0,55.5275348715588,63.3442305024088,"Smooth","Max. Reward Condition",40,"8",5,6,6,56,"Long",0.119636188574303,0.810463082883658,NA,0.51169306578319,"localGP"
"1698",7,3,5,1,65.3608725522841,65.3608725522841,"Smooth","Max. Reward Condition",40,"8",5,2,17,56,"Long",0.119636188574303,0.810463082883658,NA,0.51169306578319,"localGP"
"1699",7,4,5,2,42.3575427746737,65.3608725522841,"Smooth","Max. Reward Condition",40,"8",5,1,28,56,"Long",0.119636188574303,0.810463082883658,NA,0.51169306578319,"localGP"
"1700",7,5,9,0,92.5470885084956,92.5470885084956,"Smooth","Max. Reward Condition",40,"8",5,9,10,56,"Long",0.119636188574303,0.810463082883658,NA,0.51169306578319,"localGP"
"1701",7,6,8,0,96.125082157983,96.125082157983,"Smooth","Max. Reward Condition",40,"8",5,1,9,56,"Long",0.119636188574303,0.810463082883658,NA,0.51169306578319,"localGP"
"1702",7,7,8,1,86.7518912658619,96.125082157983,"Smooth","Max. Reward Condition",40,"8",5,19,20,56,"Long",0.119636188574303,0.810463082883658,NA,0.51169306578319,"localGP"
"1703",7,8,7,1,81.9911885215714,96.125082157983,"Smooth","Max. Reward Condition",40,"8",5,2,19,56,"Long",0.119636188574303,0.810463082883658,NA,0.51169306578319,"localGP"
"1704",7,9,8,7,100,100,"Smooth","Max. Reward Condition",40,"8",5,12,86,56,"Long",0.119636188574303,0.810463082883658,NA,0.51169306578319,"localGP"
"1705",7,10,8,7,100,100,"Smooth","Max. Reward Condition",40,"8",5,1,86,56,"Long",0.119636188574303,0.810463082883658,NA,0.51169306578319,"localGP"
"1706",7,11,7,7,68.4962011684434,100,"Smooth","Max. Reward Condition",40,"8",5,1,85,56,"Long",0.119636188574303,0.810463082883658,NA,0.51169306578319,"localGP"
"1707",7,12,7,8,38.3612104416698,100,"Smooth","Max. Reward Condition",40,"8",5,3,96,56,"Long",0.119636188574303,0.810463082883658,NA,0.51169306578319,"localGP"
"1708",7,13,8,8,82.5602297507619,100,"Smooth","Max. Reward Condition",40,"8",5,1,97,56,"Long",0.119636188574303,0.810463082883658,NA,0.51169306578319,"localGP"
"1709",7,14,9,8,81.2433897221898,100,"Smooth","Max. Reward Condition",40,"8",5,2,98,56,"Long",0.119636188574303,0.810463082883658,NA,0.51169306578319,"localGP"
"1710",7,15,2,8,25.1092880006294,100,"Smooth","Max. Reward Condition",40,"8",5,1,91,56,"Long",0.119636188574303,0.810463082883658,NA,0.51169306578319,"localGP"
"1711",7,16,0,2,58.4045209406956,100,"Smooth","Max. Reward Condition",40,"8",5,3,23,56,"Long",0.119636188574303,0.810463082883658,NA,0.51169306578319,"localGP"
"1712",7,17,2,9,6.68128638580311,100,"Smooth","Max. Reward Condition",40,"8",5,1,102,56,"Long",0.119636188574303,0.810463082883658,NA,0.51169306578319,"localGP"
"1713",7,18,1,9,34.121650392825,100,"Smooth","Max. Reward Condition",40,"8",5,2,101,56,"Long",0.119636188574303,0.810463082883658,NA,0.51169306578319,"localGP"
"1714",7,19,7,4,41.506316602299,100,"Smooth","Max. Reward Condition",40,"8",5,1,52,56,"Long",0.119636188574303,0.810463082883658,NA,0.51169306578319,"localGP"
"1715",7,20,6,4,31.2378142572628,100,"Smooth","Max. Reward Condition",40,"8",5,2,51,56,"Long",0.119636188574303,0.810463082883658,NA,0.51169306578319,"localGP"
"1716",7,21,6,4,31.2378142572628,100,"Smooth","Max. Reward Condition",40,"8",5,1,51,56,"Long",0.119636188574303,0.810463082883658,NA,0.51169306578319,"localGP"
"1717",7,22,4,4,22.6938996654939,100,"Smooth","Max. Reward Condition",40,"8",5,4,49,56,"Long",0.119636188574303,0.810463082883658,NA,0.51169306578319,"localGP"
"1718",7,23,0,9,38.8483371292891,100,"Smooth","Max. Reward Condition",40,"8",5,1,100,56,"Long",0.119636188574303,0.810463082883658,NA,0.51169306578319,"localGP"
"1719",7,24,10,3,0,100,"Smooth","Max. Reward Condition",40,"8",5,4,44,56,"Long",0.119636188574303,0.810463082883658,NA,0.51169306578319,"localGP"
"1720",7,25,0,1,66.1941053311197,100,"Smooth","Max. Reward Condition",40,"8",5,3,12,56,"Long",0.119636188574303,0.810463082883658,NA,0.51169306578319,"localGP"
"1721",7,26,9,2,40.6256617216609,100,"Smooth","Max. Reward Condition",40,"8",5,4,32,56,"Long",0.119636188574303,0.810463082883658,NA,0.51169306578319,"localGP"
"1722",7,27,9,1,68.5223309875422,100,"Smooth","Max. Reward Condition",40,"8",5,2,21,56,"Long",0.119636188574303,0.810463082883658,NA,0.51169306578319,"localGP"
"1723",7,28,10,1,59.8039431461058,100,"Smooth","Max. Reward Condition",40,"8",5,5,22,56,"Long",0.119636188574303,0.810463082883658,NA,0.51169306578319,"localGP"
"1724",7,29,7,0,68.4752649344305,100,"Smooth","Max. Reward Condition",40,"8",5,2,8,56,"Long",0.119636188574303,0.810463082883658,NA,0.51169306578319,"localGP"
"1725",7,30,6,3,31.2645262268698,100,"Smooth","Max. Reward Condition",40,"8",5,2,40,56,"Long",0.119636188574303,0.810463082883658,NA,0.51169306578319,"localGP"
"1726",7,31,1,1,76.3592435056854,100,"Smooth","Max. Reward Condition",40,"8",5,0,13,56,"Long",0.119636188574303,0.810463082883658,NA,0.51169306578319,"localGP"
"1727",7,32,1,2,63.2638935825621,100,"Smooth","Max. Reward Condition",40,"8",5,1,24,56,"Long",0.119636188574303,0.810463082883658,NA,0.51169306578319,"localGP"
"1728",7,33,2,7,63.0009414809194,100,"Smooth","Max. Reward Condition",40,"8",5,2,80,56,"Long",0.119636188574303,0.810463082883658,NA,0.51169306578319,"localGP"
"1729",7,34,1,7,45.1757644968322,100,"Smooth","Max. Reward Condition",40,"8",5,2,79,56,"Long",0.119636188574303,0.810463082883658,NA,0.51169306578319,"localGP"
"1730",7,35,3,10,41.0178581811012,100,"Smooth","Max. Reward Condition",40,"8",5,2,114,56,"Long",0.119636188574303,0.810463082883658,NA,0.51169306578319,"localGP"
"1731",7,36,4,0,48.9349746000449,100,"Smooth","Max. Reward Condition",40,"8",5,5,5,56,"Long",0.119636188574303,0.810463082883658,NA,0.51169306578319,"localGP"
"1732",7,37,2,6,69.3656436525534,100,"Smooth","Max. Reward Condition",40,"8",5,1,69,56,"Long",0.119636188574303,0.810463082883658,NA,0.51169306578319,"localGP"
"1733",7,38,2,4,23.662499097667,100,"Smooth","Max. Reward Condition",40,"8",5,7,47,56,"Long",0.119636188574303,0.810463082883658,NA,0.51169306578319,"localGP"
"1734",7,39,8,4,50.6311411543037,100,"Smooth","Max. Reward Condition",40,"8",5,4,53,56,"Long",0.119636188574303,0.810463082883658,NA,0.51169306578319,"localGP"
"1735",7,40,9,1,68.5223309875422,100,"Smooth","Max. Reward Condition",40,"8",5,3,21,56,"Long",0.119636188574303,0.810463082883658,NA,0.51169306578319,"localGP"
"1736",7,41,5,5,35.9893886726837,100,"Smooth","Max. Reward Condition",40,"8",5,7,61,56,"Long",0.119636188574303,0.810463082883658,NA,0.51169306578319,"localGP"
"1737",8,1,4,1,7.52216933154133,7.52216933154133,"Smooth","Max. Reward Condition",40,"1",2,NA,16,57,"Long",0.126611177726422,1.25277856755391,NA,0.702515083310082,"localGP"
"1738",8,2,3,2,43.186831415249,43.186831415249,"Smooth","Max. Reward Condition",40,"1",2,1,26,57,"Long",0.126611177726422,1.25277856755391,NA,0.702515083310082,"localGP"
"1739",8,3,2,0,27.6666761639388,43.186831415249,"Smooth","Max. Reward Condition",40,"1",2,2,3,57,"Long",0.126611177726422,1.25277856755391,NA,0.702515083310082,"localGP"
"1740",8,4,7,3,50.3085292278085,50.3085292278085,"Smooth","Max. Reward Condition",40,"1",2,1,41,57,"Long",0.126611177726422,1.25277856755391,NA,0.702515083310082,"localGP"
"1741",8,5,7,5,65.2858713745774,65.2858713745774,"Smooth","Max. Reward Condition",40,"1",2,3,63,57,"Long",0.126611177726422,1.25277856755391,NA,0.702515083310082,"localGP"
"1742",8,6,6,5,58.989470043494,65.2858713745774,"Smooth","Max. Reward Condition",40,"1",2,1,62,57,"Long",0.126611177726422,1.25277856755391,NA,0.702515083310082,"localGP"
"1743",8,7,2,7,36.5665227563517,65.2858713745774,"Smooth","Max. Reward Condition",40,"1",2,2,80,57,"Long",0.126611177726422,1.25277856755391,NA,0.702515083310082,"localGP"
"1744",8,8,3,6,11.9639341167165,65.2858713745774,"Smooth","Max. Reward Condition",40,"1",2,2,70,57,"Long",0.126611177726422,1.25277856755391,NA,0.702515083310082,"localGP"
"1745",8,9,4,9,50.5750945891225,65.2858713745774,"Smooth","Max. Reward Condition",40,"1",2,2,104,57,"Long",0.126611177726422,1.25277856755391,NA,0.702515083310082,"localGP"
"1746",8,10,3,9,100,100,"Smooth","Max. Reward Condition",40,"1",2,1,103,57,"Long",0.126611177726422,1.25277856755391,NA,0.702515083310082,"localGP"
"1747",8,11,3,10,55.7632671935158,100,"Smooth","Max. Reward Condition",40,"1",2,2,114,57,"Long",0.126611177726422,1.25277856755391,NA,0.702515083310082,"localGP"
"1748",8,12,2,9,94.3317374885778,100,"Smooth","Max. Reward Condition",40,"1",2,4,102,57,"Long",0.126611177726422,1.25277856755391,NA,0.702515083310082,"localGP"
"1749",8,13,2,8,88.5776069712184,100,"Smooth","Max. Reward Condition",40,"1",2,1,91,57,"Long",0.126611177726422,1.25277856755391,NA,0.702515083310082,"localGP"
"1750",8,14,0,8,30.123955458874,100,"Smooth","Max. Reward Condition",40,"1",2,2,89,57,"Long",0.126611177726422,1.25277856755391,NA,0.702515083310082,"localGP"
"1751",8,15,0,2,52.0793629083007,100,"Smooth","Max. Reward Condition",40,"1",2,5,23,57,"Long",0.126611177726422,1.25277856755391,NA,0.702515083310082,"localGP"
"1752",8,16,0,4,18.3881659852616,100,"Smooth","Max. Reward Condition",40,"1",2,5,45,57,"Long",0.126611177726422,1.25277856755391,NA,0.702515083310082,"localGP"
"1753",8,17,10,10,30.2622000163483,100,"Smooth","Max. Reward Condition",40,"1",2,2,121,57,"Long",0.126611177726422,1.25277856755391,NA,0.702515083310082,"localGP"
"1754",8,18,5,6,69.4199837896596,100,"Smooth","Max. Reward Condition",40,"1",2,7,72,57,"Long",0.126611177726422,1.25277856755391,NA,0.702515083310082,"localGP"
"1755",8,19,4,2,17.4226376876341,100,"Smooth","Max. Reward Condition",40,"1",2,2,27,57,"Long",0.126611177726422,1.25277856755391,NA,0.702515083310082,"localGP"
"1756",8,20,1,8,53.0522742783677,100,"Smooth","Max. Reward Condition",40,"1",2,3,90,57,"Long",0.126611177726422,1.25277856755391,NA,0.702515083310082,"localGP"
"1757",8,21,4,6,42.855932628209,100,"Smooth","Max. Reward Condition",40,"1",2,1,71,57,"Long",0.126611177726422,1.25277856755391,NA,0.702515083310082,"localGP"
"1758",8,22,1,10,33.6796759387102,100,"Smooth","Max. Reward Condition",40,"1",2,3,112,57,"Long",0.126611177726422,1.25277856755391,NA,0.702515083310082,"localGP"
"1759",8,23,7,6,53.9752952053274,100,"Smooth","Max. Reward Condition",40,"1",2,1,74,57,"Long",0.126611177726422,1.25277856755391,NA,0.702515083310082,"localGP"
"1760",8,24,7,2,36.6509044186879,100,"Smooth","Max. Reward Condition",40,"1",2,1,30,57,"Long",0.126611177726422,1.25277856755391,NA,0.702515083310082,"localGP"
"1761",8,25,6,7,38.7212084303539,100,"Smooth","Max. Reward Condition",40,"1",2,1,84,57,"Long",0.126611177726422,1.25277856755391,NA,0.702515083310082,"localGP"
"1762",8,26,10,3,60.6679429845796,100,"Smooth","Max. Reward Condition",40,"1",2,1,44,57,"Long",0.126611177726422,1.25277856755391,NA,0.702515083310082,"localGP"
"1763",8,27,9,2,19.7845577092185,100,"Smooth","Max. Reward Condition",40,"1",2,1,32,57,"Long",0.126611177726422,1.25277856755391,NA,0.702515083310082,"localGP"
"1764",8,28,3,8,78.6066779803956,100,"Smooth","Max. Reward Condition",40,"1",2,1,92,57,"Long",0.126611177726422,1.25277856755391,NA,0.702515083310082,"localGP"
"1765",8,29,3,9,100,100,"Smooth","Max. Reward Condition",40,"1",2,8,103,57,"Long",0.126611177726422,1.25277856755391,NA,0.702515083310082,"localGP"
"1766",8,30,3,10,55.7632671935158,100,"Smooth","Max. Reward Condition",40,"1",2,2,114,57,"Long",0.126611177726422,1.25277856755391,NA,0.702515083310082,"localGP"
"1767",8,31,7,1,46.9542697073233,100,"Smooth","Max. Reward Condition",40,"1",2,2,19,57,"Long",0.126611177726422,1.25277856755391,NA,0.702515083310082,"localGP"
"1768",8,32,6,0,43.9679034067022,100,"Smooth","Max. Reward Condition",40,"1",2,3,7,57,"Long",0.126611177726422,1.25277856755391,NA,0.702515083310082,"localGP"
"1769",8,33,7,4,44.3010414414356,100,"Smooth","Max. Reward Condition",40,"1",2,1,52,57,"Long",0.126611177726422,1.25277856755391,NA,0.702515083310082,"localGP"
"1770",8,34,0,8,30.123955458874,100,"Smooth","Max. Reward Condition",40,"1",2,1,89,57,"Long",0.126611177726422,1.25277856755391,NA,0.702515083310082,"localGP"
"1771",8,35,1,8,53.0522742783677,100,"Smooth","Max. Reward Condition",40,"1",2,2,90,57,"Long",0.126611177726422,1.25277856755391,NA,0.702515083310082,"localGP"
"1772",8,36,7,9,45.2247389588236,100,"Smooth","Max. Reward Condition",40,"1",2,1,107,57,"Long",0.126611177726422,1.25277856755391,NA,0.702515083310082,"localGP"
"1773",8,37,9,0,39.4161310997979,100,"Smooth","Max. Reward Condition",40,"1",2,2,10,57,"Long",0.126611177726422,1.25277856755391,NA,0.702515083310082,"localGP"
"1774",8,38,1,1,53.5541131096444,100,"Smooth","Max. Reward Condition",40,"1",2,2,13,57,"Long",0.126611177726422,1.25277856755391,NA,0.702515083310082,"localGP"
"1775",8,39,8,10,50.0631766898922,100,"Smooth","Max. Reward Condition",40,"1",2,1,119,57,"Long",0.126611177726422,1.25277856755391,NA,0.702515083310082,"localGP"
"1776",8,40,10,0,37.7307124403184,100,"Smooth","Max. Reward Condition",40,"1",2,2,11,57,"Long",0.126611177726422,1.25277856755391,NA,0.702515083310082,"localGP"
"1777",8,41,7,4,44.3010414414356,100,"Smooth","Max. Reward Condition",40,"1",2,8,52,57,"Long",0.126611177726422,1.25277856755391,NA,0.702515083310082,"localGP"
"1778",8,1,0,10,82.527541309215,82.527541309215,"Smooth","Max. Reward Condition",20,"2",6,NA,111,58,"Short",0.0983792261399441,1.17735800343622,NA,0.404941737485969,"localGP"
"1779",8,2,10,9,86.1457429128577,86.1457429128577,"Smooth","Max. Reward Condition",20,"2",6,5,110,58,"Short",0.0983792261399441,1.17735800343622,NA,0.404941737485969,"localGP"
"1780",8,3,9,9,83.6268655538995,86.1457429128577,"Smooth","Max. Reward Condition",20,"2",6,4,109,58,"Short",0.0983792261399441,1.17735800343622,NA,0.404941737485969,"localGP"
"1781",8,4,10,10,61.5766654698321,86.1457429128577,"Smooth","Max. Reward Condition",20,"2",6,3,121,58,"Short",0.0983792261399441,1.17735800343622,NA,0.404941737485969,"localGP"
"1782",8,5,8,9,49.0885670492111,86.1457429128577,"Smooth","Max. Reward Condition",20,"2",6,11,108,58,"Short",0.0983792261399441,1.17735800343622,NA,0.404941737485969,"localGP"
"1783",8,6,2,2,34.5579265575561,86.1457429128577,"Smooth","Max. Reward Condition",20,"2",6,4,25,58,"Short",0.0983792261399441,1.17735800343622,NA,0.404941737485969,"localGP"
"1784",8,7,2,1,32.7608851957518,86.1457429128577,"Smooth","Max. Reward Condition",20,"2",6,6,14,58,"Short",0.0983792261399441,1.17735800343622,NA,0.404941737485969,"localGP"
"1785",8,8,3,4,19.5910841909591,86.1457429128577,"Smooth","Max. Reward Condition",20,"2",6,5,48,58,"Short",0.0983792261399441,1.17735800343622,NA,0.404941737485969,"localGP"
"1786",8,9,10,3,32.6350825351917,86.1457429128577,"Smooth","Max. Reward Condition",20,"2",6,2,44,58,"Short",0.0983792261399441,1.17735800343622,NA,0.404941737485969,"localGP"
"1787",8,10,5,9,24.8190311871749,86.1457429128577,"Smooth","Max. Reward Condition",20,"2",6,3,105,58,"Short",0.0983792261399441,1.17735800343622,NA,0.404941737485969,"localGP"
"1788",8,11,0,5,85.1317086337792,86.1457429128577,"Smooth","Max. Reward Condition",20,"2",6,9,56,58,"Short",0.0983792261399441,1.17735800343622,NA,0.404941737485969,"localGP"
"1789",8,12,0,6,46.0544782889019,86.1457429128577,"Smooth","Max. Reward Condition",20,"2",6,2,67,58,"Short",0.0983792261399441,1.17735800343622,NA,0.404941737485969,"localGP"
"1790",8,13,10,4,30.3789218972409,86.1457429128577,"Smooth","Max. Reward Condition",20,"2",6,1,55,58,"Short",0.0983792261399441,1.17735800343622,NA,0.404941737485969,"localGP"
"1791",8,14,7,9,30.1286651387231,86.1457429128577,"Smooth","Max. Reward Condition",20,"2",6,2,107,58,"Short",0.0983792261399441,1.17735800343622,NA,0.404941737485969,"localGP"
"1792",8,15,3,8,24.7062704261568,86.1457429128577,"Smooth","Max. Reward Condition",20,"2",6,1,92,58,"Short",0.0983792261399441,1.17735800343622,NA,0.404941737485969,"localGP"
"1793",8,16,7,3,29.6760895076296,86.1457429128577,"Smooth","Max. Reward Condition",20,"2",6,1,41,58,"Short",0.0983792261399441,1.17735800343622,NA,0.404941737485969,"localGP"
"1794",8,17,3,2,33.1157535503822,86.1457429128577,"Smooth","Max. Reward Condition",20,"2",6,1,26,58,"Short",0.0983792261399441,1.17735800343622,NA,0.404941737485969,"localGP"
"1795",8,18,5,8,46.7235740972404,86.1457429128577,"Smooth","Max. Reward Condition",20,"2",6,2,94,58,"Short",0.0983792261399441,1.17735800343622,NA,0.404941737485969,"localGP"
"1796",8,19,5,7,40.6549349788525,86.1457429128577,"Smooth","Max. Reward Condition",20,"2",6,3,83,58,"Short",0.0983792261399441,1.17735800343622,NA,0.404941737485969,"localGP"
"1797",8,20,6,4,34.0889045478091,86.1457429128577,"Smooth","Max. Reward Condition",20,"2",6,0,51,58,"Short",0.0983792261399441,1.17735800343622,NA,0.404941737485969,"localGP"
"1798",8,21,1,6,54.3370472689451,86.1457429128577,"Smooth","Max. Reward Condition",20,"2",6,1,68,58,"Short",0.0983792261399441,1.17735800343622,NA,0.404941737485969,"localGP"
"1799",8,1,9,6,44.0877983401219,44.0877983401219,"Smooth","Max. Reward Condition",40,"3",11,NA,76,59,"Long",0.127084899444081,1.0258592985071,NA,0.609639655031096,"localGP"
"1800",8,2,2,9,30.1299532832918,44.0877983401219,"Smooth","Max. Reward Condition",40,"3",11,2,102,59,"Long",0.127084899444081,1.0258592985071,NA,0.609639655031096,"localGP"
"1801",8,3,3,10,47.1514098553432,47.1514098553432,"Smooth","Max. Reward Condition",40,"3",11,3,114,59,"Long",0.127084899444081,1.0258592985071,NA,0.609639655031096,"localGP"
"1802",8,4,4,9,78.163385341713,78.163385341713,"Smooth","Max. Reward Condition",40,"3",11,3,104,59,"Long",0.127084899444081,1.0258592985071,NA,0.609639655031096,"localGP"
"1803",8,5,3,7,59.6140621219219,78.163385341713,"Smooth","Max. Reward Condition",40,"3",11,3,81,59,"Long",0.127084899444081,1.0258592985071,NA,0.609639655031096,"localGP"
"1804",8,6,3,8,64.4887240517494,78.163385341713,"Smooth","Max. Reward Condition",40,"3",11,1,92,59,"Long",0.127084899444081,1.0258592985071,NA,0.609639655031096,"localGP"
"1805",8,7,3,9,46.9814894388447,78.163385341713,"Smooth","Max. Reward Condition",40,"3",11,1,103,59,"Long",0.127084899444081,1.0258592985071,NA,0.609639655031096,"localGP"
"1806",8,8,4,8,79.4784884383396,79.4784884383396,"Smooth","Max. Reward Condition",40,"3",11,1,93,59,"Long",0.127084899444081,1.0258592985071,NA,0.609639655031096,"localGP"
"1807",8,9,7,7,41.1147763409862,79.4784884383396,"Smooth","Max. Reward Condition",40,"3",11,4,85,59,"Long",0.127084899444081,1.0258592985071,NA,0.609639655031096,"localGP"
"1808",8,10,2,5,2.60066814407864,79.4784884383396,"Smooth","Max. Reward Condition",40,"3",11,6,58,59,"Long",0.127084899444081,1.0258592985071,NA,0.609639655031096,"localGP"
"1809",8,11,2,3,41.0550340200253,79.4784884383396,"Smooth","Max. Reward Condition",40,"3",11,3,36,59,"Long",0.127084899444081,1.0258592985071,NA,0.609639655031096,"localGP"
"1810",8,12,1,3,57.3052531096848,79.4784884383396,"Smooth","Max. Reward Condition",40,"3",11,2,35,59,"Long",0.127084899444081,1.0258592985071,NA,0.609639655031096,"localGP"
"1811",8,13,3,2,46.913663419152,79.4784884383396,"Smooth","Max. Reward Condition",40,"3",11,1,26,59,"Long",0.127084899444081,1.0258592985071,NA,0.609639655031096,"localGP"
"1812",8,14,3,1,47.2843944908468,79.4784884383396,"Smooth","Max. Reward Condition",40,"3",11,1,15,59,"Long",0.127084899444081,1.0258592985071,NA,0.609639655031096,"localGP"
"1813",8,15,1,0,40.8488487494804,79.4784884383396,"Smooth","Max. Reward Condition",40,"3",11,3,2,59,"Long",0.127084899444081,1.0258592985071,NA,0.609639655031096,"localGP"
"1814",8,16,5,10,87.2658829250153,87.2658829250153,"Smooth","Max. Reward Condition",40,"3",11,1,116,59,"Long",0.127084899444081,1.0258592985071,NA,0.609639655031096,"localGP"
"1815",8,17,6,10,64.4156192445451,87.2658829250153,"Smooth","Max. Reward Condition",40,"3",11,1,117,59,"Long",0.127084899444081,1.0258592985071,NA,0.609639655031096,"localGP"
"1816",8,18,0,5,32.447397425839,87.2658829250153,"Smooth","Max. Reward Condition",40,"3",11,3,56,59,"Long",0.127084899444081,1.0258592985071,NA,0.609639655031096,"localGP"
"1817",8,19,9,9,48.1183497019652,87.2658829250153,"Smooth","Max. Reward Condition",40,"3",11,2,109,59,"Long",0.127084899444081,1.0258592985071,NA,0.609639655031096,"localGP"
"1818",8,20,7,5,74.6263346102851,87.2658829250153,"Smooth","Max. Reward Condition",40,"3",11,2,63,59,"Long",0.127084899444081,1.0258592985071,NA,0.609639655031096,"localGP"
"1819",8,21,8,5,25.4104652088754,87.2658829250153,"Smooth","Max. Reward Condition",40,"3",11,2,64,59,"Long",0.127084899444081,1.0258592985071,NA,0.609639655031096,"localGP"
"1820",8,22,7,2,35.7041281850423,87.2658829250153,"Smooth","Max. Reward Condition",40,"3",11,4,30,59,"Long",0.127084899444081,1.0258592985071,NA,0.609639655031096,"localGP"
"1821",8,23,8,3,49.8615329660386,87.2658829250153,"Smooth","Max. Reward Condition",40,"3",11,3,42,59,"Long",0.127084899444081,1.0258592985071,NA,0.609639655031096,"localGP"
"1822",8,24,6,2,47.8721615024449,87.2658829250153,"Smooth","Max. Reward Condition",40,"3",11,7,29,59,"Long",0.127084899444081,1.0258592985071,NA,0.609639655031096,"localGP"
"1823",8,25,6,3,60.8573330734455,87.2658829250153,"Smooth","Max. Reward Condition",40,"3",11,1,40,59,"Long",0.127084899444081,1.0258592985071,NA,0.609639655031096,"localGP"
"1824",8,26,6,4,60.614772799294,87.2658829250153,"Smooth","Max. Reward Condition",40,"3",11,1,51,59,"Long",0.127084899444081,1.0258592985071,NA,0.609639655031096,"localGP"
"1825",8,27,5,10,87.2658829250153,87.2658829250153,"Smooth","Max. Reward Condition",40,"3",11,1,116,59,"Long",0.127084899444081,1.0258592985071,NA,0.609639655031096,"localGP"
"1826",8,28,5,8,54.8387102771574,87.2658829250153,"Smooth","Max. Reward Condition",40,"3",11,2,94,59,"Long",0.127084899444081,1.0258592985071,NA,0.609639655031096,"localGP"
"1827",8,29,5,9,67.3684283417963,87.2658829250153,"Smooth","Max. Reward Condition",40,"3",11,1,105,59,"Long",0.127084899444081,1.0258592985071,NA,0.609639655031096,"localGP"
"1828",8,30,10,3,16.8579870376679,87.2658829250153,"Smooth","Max. Reward Condition",40,"3",11,4,44,59,"Long",0.127084899444081,1.0258592985071,NA,0.609639655031096,"localGP"
"1829",8,31,3,2,46.913663419152,87.2658829250153,"Smooth","Max. Reward Condition",40,"3",11,2,26,59,"Long",0.127084899444081,1.0258592985071,NA,0.609639655031096,"localGP"
"1830",8,32,2,2,56.4101435079015,87.2658829250153,"Smooth","Max. Reward Condition",40,"3",11,1,25,59,"Long",0.127084899444081,1.0258592985071,NA,0.609639655031096,"localGP"
"1831",8,33,0,8,67.5757211779263,87.2658829250153,"Smooth","Max. Reward Condition",40,"3",11,2,89,59,"Long",0.127084899444081,1.0258592985071,NA,0.609639655031096,"localGP"
"1832",8,34,0,9,39.2599045989107,87.2658829250153,"Smooth","Max. Reward Condition",40,"3",11,2,100,59,"Long",0.127084899444081,1.0258592985071,NA,0.609639655031096,"localGP"
"1833",8,35,4,4,12.8086319556226,87.2658829250153,"Smooth","Max. Reward Condition",40,"3",11,1,49,59,"Long",0.127084899444081,1.0258592985071,NA,0.609639655031096,"localGP"
"1834",8,36,1,3,57.3052531096848,87.2658829250153,"Smooth","Max. Reward Condition",40,"3",11,1,35,59,"Long",0.127084899444081,1.0258592985071,NA,0.609639655031096,"localGP"
"1835",8,37,1,2,66.3313254646448,87.2658829250153,"Smooth","Max. Reward Condition",40,"3",11,7,24,59,"Long",0.127084899444081,1.0258592985071,NA,0.609639655031096,"localGP"
"1836",8,38,2,9,30.1299532832918,87.2658829250153,"Smooth","Max. Reward Condition",40,"3",11,3,102,59,"Long",0.127084899444081,1.0258592985071,NA,0.609639655031096,"localGP"
"1837",8,39,2,7,55.5981513858235,87.2658829250153,"Smooth","Max. Reward Condition",40,"3",11,12,80,59,"Long",0.127084899444081,1.0258592985071,NA,0.609639655031096,"localGP"
"1838",8,40,8,1,46.3164104609932,87.2658829250153,"Smooth","Max. Reward Condition",40,"3",11,4,20,59,"Long",0.127084899444081,1.0258592985071,NA,0.609639655031096,"localGP"
"1839",8,41,8,0,36.3714446151272,87.2658829250153,"Smooth","Max. Reward Condition",40,"3",11,7,9,59,"Long",0.127084899444081,1.0258592985071,NA,0.609639655031096,"localGP"
"1840",8,1,3,9,33.3451376526198,33.3451376526198,"Smooth","Max. Reward Condition",20,"4",7,NA,103,60,"Short",0.0979890232943137,1.06043820290854,NA,0.418524812493025,"localGP"
"1841",8,2,7,2,58.8232550696874,58.8232550696874,"Smooth","Max. Reward Condition",20,"4",7,7,30,60,"Short",0.0979890232943137,1.06043820290854,NA,0.418524812493025,"localGP"
"1842",8,3,7,3,81.9279469354685,81.9279469354685,"Smooth","Max. Reward Condition",20,"4",7,3,41,60,"Short",0.0979890232943137,1.06043820290854,NA,0.418524812493025,"localGP"
"1843",8,4,8,3,69.467939664169,81.9279469354685,"Smooth","Max. Reward Condition",20,"4",7,2,42,60,"Short",0.0979890232943137,1.06043820290854,NA,0.418524812493025,"localGP"
"1844",8,5,5,3,72.1298350478396,81.9279469354685,"Smooth","Max. Reward Condition",20,"4",7,3,39,60,"Short",0.0979890232943137,1.06043820290854,NA,0.418524812493025,"localGP"
"1845",8,6,5,2,72.8242545616826,81.9279469354685,"Smooth","Max. Reward Condition",20,"4",7,11,28,60,"Short",0.0979890232943137,1.06043820290854,NA,0.418524812493025,"localGP"
"1846",8,7,4,2,51.1248580268457,81.9279469354685,"Smooth","Max. Reward Condition",20,"4",7,5,27,60,"Short",0.0979890232943137,1.06043820290854,NA,0.418524812493025,"localGP"
"1847",8,8,5,8,32.817572820121,81.9279469354685,"Smooth","Max. Reward Condition",20,"4",7,3,94,60,"Short",0.0979890232943137,1.06043820290854,NA,0.418524812493025,"localGP"
"1848",8,9,10,10,51.5021845783836,81.9279469354685,"Smooth","Max. Reward Condition",20,"4",7,3,121,60,"Short",0.0979890232943137,1.06043820290854,NA,0.418524812493025,"localGP"
"1849",8,10,4,10,49.1017404834783,81.9279469354685,"Smooth","Max. Reward Condition",20,"4",7,2,115,60,"Short",0.0979890232943137,1.06043820290854,NA,0.418524812493025,"localGP"
"1850",8,11,7,0,61.8816102013835,81.9279469354685,"Smooth","Max. Reward Condition",20,"4",7,1,8,60,"Short",0.0979890232943137,1.06043820290854,NA,0.418524812493025,"localGP"
"1851",8,12,9,7,48.6503812146378,81.9279469354685,"Smooth","Max. Reward Condition",20,"4",7,1,87,60,"Short",0.0979890232943137,1.06043820290854,NA,0.418524812493025,"localGP"
"1852",8,13,9,8,62.1221519136899,81.9279469354685,"Smooth","Max. Reward Condition",20,"4",7,1,98,60,"Short",0.0979890232943137,1.06043820290854,NA,0.418524812493025,"localGP"
"1853",8,14,2,6,61.2240030846988,81.9279469354685,"Smooth","Max. Reward Condition",20,"4",7,5,69,60,"Short",0.0979890232943137,1.06043820290854,NA,0.418524812493025,"localGP"
"1854",8,15,5,6,52.7001484546371,81.9279469354685,"Smooth","Max. Reward Condition",20,"4",7,2,72,60,"Short",0.0979890232943137,1.06043820290854,NA,0.418524812493025,"localGP"
"1855",8,16,3,3,37.3678419356418,81.9279469354685,"Smooth","Max. Reward Condition",20,"4",7,2,37,60,"Short",0.0979890232943137,1.06043820290854,NA,0.418524812493025,"localGP"
"1856",8,17,1,3,41.4633758464049,81.9279469354685,"Smooth","Max. Reward Condition",20,"4",7,3,35,60,"Short",0.0979890232943137,1.06043820290854,NA,0.418524812493025,"localGP"
"1857",8,18,4,2,51.1248580268457,81.9279469354685,"Smooth","Max. Reward Condition",20,"4",7,4,27,60,"Short",0.0979890232943137,1.06043820290854,NA,0.418524812493025,"localGP"
"1858",8,19,4,3,38.855169036226,81.9279469354685,"Smooth","Max. Reward Condition",20,"4",7,1,38,60,"Short",0.0979890232943137,1.06043820290854,NA,0.418524812493025,"localGP"
"1859",8,20,5,5,44.5106092443796,81.9279469354685,"Smooth","Max. Reward Condition",20,"4",7,2,61,60,"Short",0.0979890232943137,1.06043820290854,NA,0.418524812493025,"localGP"
"1860",8,21,6,5,47.1321659100767,81.9279469354685,"Smooth","Max. Reward Condition",20,"4",7,2,62,60,"Short",0.0979890232943137,1.06043820290854,NA,0.418524812493025,"localGP"
"1861",8,1,2,5,39.0745307223915,39.0745307223915,"Smooth","Max. Reward Condition",40,"5",9,NA,58,61,"Long",0.114863386069634,1.21239819587647,NA,0.665256161746115,"localGP"
"1862",8,2,7,6,18.3179262510229,39.0745307223915,"Smooth","Max. Reward Condition",40,"5",9,7,74,61,"Long",0.114863386069634,1.21239819587647,NA,0.665256161746115,"localGP"
"1863",8,3,6,5,36.7517013773069,39.0745307223915,"Smooth","Max. Reward Condition",40,"5",9,5,62,61,"Long",0.114863386069634,1.21239819587647,NA,0.665256161746115,"localGP"
"1864",8,4,9,5,32.4681463140711,39.0745307223915,"Smooth","Max. Reward Condition",40,"5",9,1,65,61,"Long",0.114863386069634,1.21239819587647,NA,0.665256161746115,"localGP"
"1865",8,5,8,1,48.5054292480758,48.5054292480758,"Smooth","Max. Reward Condition",40,"5",9,5,20,61,"Long",0.114863386069634,1.21239819587647,NA,0.665256161746115,"localGP"
"1866",8,6,8,0,41.6535963587684,48.5054292480758,"Smooth","Max. Reward Condition",40,"5",9,4,9,61,"Long",0.114863386069634,1.21239819587647,NA,0.665256161746115,"localGP"
"1867",8,7,7,0,36.7201386585293,48.5054292480758,"Smooth","Max. Reward Condition",40,"5",9,2,8,61,"Long",0.114863386069634,1.21239819587647,NA,0.665256161746115,"localGP"
"1868",8,8,7,8,48.5069548575254,48.5069548575254,"Smooth","Max. Reward Condition",40,"5",9,2,96,61,"Long",0.114863386069634,1.21239819587647,NA,0.665256161746115,"localGP"
"1869",8,9,9,8,100,100,"Smooth","Max. Reward Condition",40,"5",9,1,98,61,"Long",0.114863386069634,1.21239819587647,NA,0.665256161746115,"localGP"
"1870",8,10,9,9,56.1300557046755,100,"Smooth","Max. Reward Condition",40,"5",9,2,109,61,"Long",0.114863386069634,1.21239819587647,NA,0.665256161746115,"localGP"
"1871",8,11,9,7,82.8870600418845,100,"Smooth","Max. Reward Condition",40,"5",9,3,87,61,"Long",0.114863386069634,1.21239819587647,NA,0.665256161746115,"localGP"
"1872",8,12,4,4,44.1531168030834,100,"Smooth","Max. Reward Condition",40,"5",9,1,49,61,"Long",0.114863386069634,1.21239819587647,NA,0.665256161746115,"localGP"
"1873",8,13,1,1,49.8229804022981,100,"Smooth","Max. Reward Condition",40,"5",9,2,13,61,"Long",0.114863386069634,1.21239819587647,NA,0.665256161746115,"localGP"
"1874",8,14,2,2,29.9562633330357,100,"Smooth","Max. Reward Condition",40,"5",9,1,25,61,"Long",0.114863386069634,1.21239819587647,NA,0.665256161746115,"localGP"
"1875",8,15,1,2,36.7054218908071,100,"Smooth","Max. Reward Condition",40,"5",9,2,24,61,"Long",0.114863386069634,1.21239819587647,NA,0.665256161746115,"localGP"
"1876",8,16,3,10,39.8581222940404,100,"Smooth","Max. Reward Condition",40,"5",9,1,114,61,"Long",0.114863386069634,1.21239819587647,NA,0.665256161746115,"localGP"
"1877",8,17,1,7,60.3654685590386,100,"Smooth","Max. Reward Condition",40,"5",9,3,79,61,"Long",0.114863386069634,1.21239819587647,NA,0.665256161746115,"localGP"
"1878",8,18,1,8,35.1070926300529,100,"Smooth","Max. Reward Condition",40,"5",9,5,90,61,"Long",0.114863386069634,1.21239819587647,NA,0.665256161746115,"localGP"
"1879",8,19,0,8,46.0959126703329,100,"Smooth","Max. Reward Condition",40,"5",9,10,89,61,"Long",0.114863386069634,1.21239819587647,NA,0.665256161746115,"localGP"
"1880",8,20,4,7,31.2245968865116,100,"Smooth","Max. Reward Condition",40,"5",9,2,82,61,"Long",0.114863386069634,1.21239819587647,NA,0.665256161746115,"localGP"
"1881",8,21,5,7,31.1556847928287,100,"Smooth","Max. Reward Condition",40,"5",9,5,83,61,"Long",0.114863386069634,1.21239819587647,NA,0.665256161746115,"localGP"
"1882",8,22,4,8,60.4776805465143,100,"Smooth","Max. Reward Condition",40,"5",9,3,93,61,"Long",0.114863386069634,1.21239819587647,NA,0.665256161746115,"localGP"
"1883",8,23,4,9,76.5336766063453,100,"Smooth","Max. Reward Condition",40,"5",9,2,104,61,"Long",0.114863386069634,1.21239819587647,NA,0.665256161746115,"localGP"
"1884",8,24,5,9,75.2199907218667,100,"Smooth","Max. Reward Condition",40,"5",9,7,105,61,"Long",0.114863386069634,1.21239819587647,NA,0.665256161746115,"localGP"
"1885",8,25,8,3,37.2279744875083,100,"Smooth","Max. Reward Condition",40,"5",9,3,42,61,"Long",0.114863386069634,1.21239819587647,NA,0.665256161746115,"localGP"
"1886",8,26,7,1,45.4129619985676,100,"Smooth","Max. Reward Condition",40,"5",9,4,19,61,"Long",0.114863386069634,1.21239819587647,NA,0.665256161746115,"localGP"
"1887",8,27,5,2,51.6174788041229,100,"Smooth","Max. Reward Condition",40,"5",9,5,28,61,"Long",0.114863386069634,1.21239819587647,NA,0.665256161746115,"localGP"
"1888",8,28,10,7,64.0304826931053,100,"Smooth","Max. Reward Condition",40,"5",9,2,88,61,"Long",0.114863386069634,1.21239819587647,NA,0.665256161746115,"localGP"
"1889",8,29,10,8,84.8321481843009,100,"Smooth","Max. Reward Condition",40,"5",9,1,99,61,"Long",0.114863386069634,1.21239819587647,NA,0.665256161746115,"localGP"
"1890",8,30,10,8,84.8321481843009,100,"Smooth","Max. Reward Condition",40,"5",9,3,99,61,"Long",0.114863386069634,1.21239819587647,NA,0.665256161746115,"localGP"
"1891",8,31,10,6,41.1599115765723,100,"Smooth","Max. Reward Condition",40,"5",9,2,77,61,"Long",0.114863386069634,1.21239819587647,NA,0.665256161746115,"localGP"
"1892",8,32,3,7,43.3114026076978,100,"Smooth","Max. Reward Condition",40,"5",9,1,81,61,"Long",0.114863386069634,1.21239819587647,NA,0.665256161746115,"localGP"
"1893",8,33,3,6,56.4526333659953,100,"Smooth","Max. Reward Condition",40,"5",9,3,70,61,"Long",0.114863386069634,1.21239819587647,NA,0.665256161746115,"localGP"
"1894",8,34,2,6,36.7603971386675,100,"Smooth","Max. Reward Condition",40,"5",9,1,69,61,"Long",0.114863386069634,1.21239819587647,NA,0.665256161746115,"localGP"
"1895",8,35,7,9,69.1316756663671,100,"Smooth","Max. Reward Condition",40,"5",9,12,107,61,"Long",0.114863386069634,1.21239819587647,NA,0.665256161746115,"localGP"
"1896",8,36,7,10,78.998388653825,100,"Smooth","Max. Reward Condition",40,"5",9,1,118,61,"Long",0.114863386069634,1.21239819587647,NA,0.665256161746115,"localGP"
"1897",8,37,6,10,59.0349018269821,100,"Smooth","Max. Reward Condition",40,"5",9,1,117,61,"Long",0.114863386069634,1.21239819587647,NA,0.665256161746115,"localGP"
"1898",8,38,0,5,93.2896159771943,100,"Smooth","Max. Reward Condition",40,"5",9,1,56,61,"Long",0.114863386069634,1.21239819587647,NA,0.665256161746115,"localGP"
"1899",8,39,0,6,96.5524227911389,100,"Smooth","Max. Reward Condition",40,"5",9,3,67,61,"Long",0.114863386069634,1.21239819587647,NA,0.665256161746115,"localGP"
"1900",8,40,1,7,60.3654685590386,100,"Smooth","Max. Reward Condition",40,"5",9,1,79,61,"Long",0.114863386069634,1.21239819587647,NA,0.665256161746115,"localGP"
"1901",8,41,8,10,60.2945325402359,100,"Smooth","Max. Reward Condition",40,"5",9,2,119,61,"Long",0.114863386069634,1.21239819587647,NA,0.665256161746115,"localGP"
"1902",8,1,4,8,67.9616061763023,67.9616061763023,"Smooth","Max. Reward Condition",20,"6",0,NA,93,62,"Short",0.0950399806013555,1.36726559023116,NA,0.453530651764247,"localGP"
"1903",8,2,4,1,16.9242628027693,67.9616061763023,"Smooth","Max. Reward Condition",20,"6",0,12,16,62,"Short",0.0950399806013555,1.36726559023116,NA,0.453530651764247,"localGP"
"1904",8,3,1,1,60.5425505864623,67.9616061763023,"Smooth","Max. Reward Condition",20,"6",0,3,13,62,"Short",0.0950399806013555,1.36726559023116,NA,0.453530651764247,"localGP"
"1905",8,4,0,1,25.2534967724465,67.9616061763023,"Smooth","Max. Reward Condition",20,"6",0,5,12,62,"Short",0.0950399806013555,1.36726559023116,NA,0.453530651764247,"localGP"
"1906",8,5,9,6,52.7533090833761,67.9616061763023,"Smooth","Max. Reward Condition",20,"6",0,3,76,62,"Short",0.0950399806013555,1.36726559023116,NA,0.453530651764247,"localGP"
"1907",8,6,8,8,88.0084195550964,88.0084195550964,"Smooth","Max. Reward Condition",20,"6",0,4,97,62,"Short",0.0950399806013555,1.36726559023116,NA,0.453530651764247,"localGP"
"1908",8,7,8,4,38.5202921963772,88.0084195550964,"Smooth","Max. Reward Condition",20,"6",0,3,53,62,"Short",0.0950399806013555,1.36726559023116,NA,0.453530651764247,"localGP"
"1909",8,8,1,3,82.5162957459714,88.0084195550964,"Smooth","Max. Reward Condition",20,"6",0,2,35,62,"Short",0.0950399806013555,1.36726559023116,NA,0.453530651764247,"localGP"
"1910",8,9,1,4,70.1094548150881,88.0084195550964,"Smooth","Max. Reward Condition",20,"6",0,3,46,62,"Short",0.0950399806013555,1.36726559023116,NA,0.453530651764247,"localGP"
"1911",8,10,2,6,50.7364669239803,88.0084195550964,"Smooth","Max. Reward Condition",20,"6",0,1,69,62,"Short",0.0950399806013555,1.36726559023116,NA,0.453530651764247,"localGP"
"1912",8,11,2,2,65.3400315275743,88.0084195550964,"Smooth","Max. Reward Condition",20,"6",0,3,25,62,"Short",0.0950399806013555,1.36726559023116,NA,0.453530651764247,"localGP"
"1913",8,12,2,3,65.4652426884159,88.0084195550964,"Smooth","Max. Reward Condition",20,"6",0,2,36,62,"Short",0.0950399806013555,1.36726559023116,NA,0.453530651764247,"localGP"
"1914",8,13,0,3,67.8002087512036,88.0084195550964,"Smooth","Max. Reward Condition",20,"6",0,1,34,62,"Short",0.0950399806013555,1.36726559023116,NA,0.453530651764247,"localGP"
"1915",8,14,8,10,35.964674339905,88.0084195550964,"Smooth","Max. Reward Condition",20,"6",0,1,119,62,"Short",0.0950399806013555,1.36726559023116,NA,0.453530651764247,"localGP"
"1916",8,15,8,9,62.5269000754681,88.0084195550964,"Smooth","Max. Reward Condition",20,"6",0,2,108,62,"Short",0.0950399806013555,1.36726559023116,NA,0.453530651764247,"localGP"
"1917",8,16,9,9,79.2865457179187,88.0084195550964,"Smooth","Max. Reward Condition",20,"6",0,5,109,62,"Short",0.0950399806013555,1.36726559023116,NA,0.453530651764247,"localGP"
"1918",8,17,8,3,44.148571192128,88.0084195550964,"Smooth","Max. Reward Condition",20,"6",0,1,42,62,"Short",0.0950399806013555,1.36726559023116,NA,0.453530651764247,"localGP"
"1919",8,18,0,8,68.7533579586689,88.0084195550964,"Smooth","Max. Reward Condition",20,"6",0,2,89,62,"Short",0.0950399806013555,1.36726559023116,NA,0.453530651764247,"localGP"
"1920",8,19,1,9,30.951213640869,88.0084195550964,"Smooth","Max. Reward Condition",20,"6",0,2,101,62,"Short",0.0950399806013555,1.36726559023116,NA,0.453530651764247,"localGP"
"1921",8,20,0,9,31.7722689774849,88.0084195550964,"Smooth","Max. Reward Condition",20,"6",0,1,100,62,"Short",0.0950399806013555,1.36726559023116,NA,0.453530651764247,"localGP"
"1922",8,21,0,7,100,100,"Smooth","Max. Reward Condition",20,"6",0,6,78,62,"Short",0.0950399806013555,1.36726559023116,NA,0.453530651764247,"localGP"
"1923",8,1,8,1,31.0005774332624,31.0005774332624,"Smooth","Max. Reward Condition",40,"7",19,NA,20,63,"Long",0.126886266937543,1.10121056092962,NA,0.688715610882556,"localGP"
"1924",8,2,6,7,40.7675652395294,40.7675652395294,"Smooth","Max. Reward Condition",40,"7",19,11,84,63,"Long",0.126886266937543,1.10121056092962,NA,0.688715610882556,"localGP"
"1925",8,3,7,8,55.9050623268235,55.9050623268235,"Smooth","Max. Reward Condition",40,"7",19,3,96,63,"Long",0.126886266937543,1.10121056092962,NA,0.688715610882556,"localGP"
"1926",8,4,7,9,29.4654937800479,55.9050623268235,"Smooth","Max. Reward Condition",40,"7",19,7,107,63,"Long",0.126886266937543,1.10121056092962,NA,0.688715610882556,"localGP"
"1927",8,5,5,7,44.1405788952292,55.9050623268235,"Smooth","Max. Reward Condition",40,"7",19,4,83,63,"Long",0.126886266937543,1.10121056092962,NA,0.688715610882556,"localGP"
"1928",8,6,2,5,21.5023436912401,55.9050623268235,"Smooth","Max. Reward Condition",40,"7",19,3,58,63,"Long",0.126886266937543,1.10121056092962,NA,0.688715610882556,"localGP"
"1929",8,7,1,8,17.4720562138762,55.9050623268235,"Smooth","Max. Reward Condition",40,"7",19,2,90,63,"Long",0.126886266937543,1.10121056092962,NA,0.688715610882556,"localGP"
"1930",8,8,10,5,37.3660974523946,55.9050623268235,"Smooth","Max. Reward Condition",40,"7",19,10,66,63,"Long",0.126886266937543,1.10121056092962,NA,0.688715610882556,"localGP"
"1931",8,9,10,6,47.880592856799,55.9050623268235,"Smooth","Max. Reward Condition",40,"7",19,4,77,63,"Long",0.126886266937543,1.10121056092962,NA,0.688715610882556,"localGP"
"1932",8,10,9,5,25.1177423961982,55.9050623268235,"Smooth","Max. Reward Condition",40,"7",19,1,65,63,"Long",0.126886266937543,1.10121056092962,NA,0.688715610882556,"localGP"
"1933",8,11,9,8,78.8036694153572,78.8036694153572,"Smooth","Max. Reward Condition",40,"7",19,2,98,63,"Long",0.126886266937543,1.10121056092962,NA,0.688715610882556,"localGP"
"1934",8,12,9,0,57.2100931574182,78.8036694153572,"Smooth","Max. Reward Condition",40,"7",19,2,10,63,"Long",0.126886266937543,1.10121056092962,NA,0.688715610882556,"localGP"
"1935",8,13,8,4,65.4001551521178,78.8036694153572,"Smooth","Max. Reward Condition",40,"7",19,1,53,63,"Long",0.126886266937543,1.10121056092962,NA,0.688715610882556,"localGP"
"1936",8,14,10,4,53.8434324955223,78.8036694153572,"Smooth","Max. Reward Condition",40,"7",19,2,55,63,"Long",0.126886266937543,1.10121056092962,NA,0.688715610882556,"localGP"
"1937",8,15,10,10,48.742053566176,78.8036694153572,"Smooth","Max. Reward Condition",40,"7",19,4,121,63,"Long",0.126886266937543,1.10121056092962,NA,0.688715610882556,"localGP"
"1938",8,16,5,1,31.9313461927778,78.8036694153572,"Smooth","Max. Reward Condition",40,"7",19,5,17,63,"Long",0.126886266937543,1.10121056092962,NA,0.688715610882556,"localGP"
"1939",8,17,5,10,47.8987262992674,78.8036694153572,"Smooth","Max. Reward Condition",40,"7",19,1,116,63,"Long",0.126886266937543,1.10121056092962,NA,0.688715610882556,"localGP"
"1940",8,18,2,0,58.6183750190208,78.8036694153572,"Smooth","Max. Reward Condition",40,"7",19,4,3,63,"Long",0.126886266937543,1.10121056092962,NA,0.688715610882556,"localGP"
"1941",8,19,7,7,78.4257216995386,78.8036694153572,"Smooth","Max. Reward Condition",40,"7",19,2,85,63,"Long",0.126886266937543,1.10121056092962,NA,0.688715610882556,"localGP"
"1942",8,20,8,7,93.2880256740387,93.2880256740387,"Smooth","Max. Reward Condition",40,"7",19,5,86,63,"Long",0.126886266937543,1.10121056092962,NA,0.688715610882556,"localGP"
"1943",8,21,8,8,81.8046970917315,93.2880256740387,"Smooth","Max. Reward Condition",40,"7",19,3,97,63,"Long",0.126886266937543,1.10121056092962,NA,0.688715610882556,"localGP"
"1944",8,22,5,5,69.1135856267553,93.2880256740387,"Smooth","Max. Reward Condition",40,"7",19,2,61,63,"Long",0.126886266937543,1.10121056092962,NA,0.688715610882556,"localGP"
"1945",8,23,6,5,64.8120312113293,93.2880256740387,"Smooth","Max. Reward Condition",40,"7",19,3,62,63,"Long",0.126886266937543,1.10121056092962,NA,0.688715610882556,"localGP"
"1946",8,24,0,10,60.8079360936337,93.2880256740387,"Smooth","Max. Reward Condition",40,"7",19,4,111,63,"Long",0.126886266937543,1.10121056092962,NA,0.688715610882556,"localGP"
"1947",8,25,0,9,66.1261892289375,93.2880256740387,"Smooth","Max. Reward Condition",40,"7",19,4,100,63,"Long",0.126886266937543,1.10121056092962,NA,0.688715610882556,"localGP"
"1948",8,26,7,8,55.9050623268235,93.2880256740387,"Smooth","Max. Reward Condition",40,"7",19,1,96,63,"Long",0.126886266937543,1.10121056092962,NA,0.688715610882556,"localGP"
"1949",8,27,10,10,48.742053566176,93.2880256740387,"Smooth","Max. Reward Condition",40,"7",19,9,121,63,"Long",0.126886266937543,1.10121056092962,NA,0.688715610882556,"localGP"
"1950",8,28,0,3,39.9926393261546,93.2880256740387,"Smooth","Max. Reward Condition",40,"7",19,3,34,63,"Long",0.126886266937543,1.10121056092962,NA,0.688715610882556,"localGP"
"1951",8,29,2,2,85.7983244921108,93.2880256740387,"Smooth","Max. Reward Condition",40,"7",19,6,25,63,"Long",0.126886266937543,1.10121056092962,NA,0.688715610882556,"localGP"
"1952",8,30,7,4,73.3248485001287,93.2880256740387,"Smooth","Max. Reward Condition",40,"7",19,10,52,63,"Long",0.126886266937543,1.10121056092962,NA,0.688715610882556,"localGP"
"1953",8,31,3,5,23.8004967817919,93.2880256740387,"Smooth","Max. Reward Condition",40,"7",19,9,59,63,"Long",0.126886266937543,1.10121056092962,NA,0.688715610882556,"localGP"
"1954",8,32,0,5,28.3977534031237,93.2880256740387,"Smooth","Max. Reward Condition",40,"7",19,1,56,63,"Long",0.126886266937543,1.10121056092962,NA,0.688715610882556,"localGP"
"1955",8,33,1,0,30.9199294769584,93.2880256740387,"Smooth","Max. Reward Condition",40,"7",19,3,2,63,"Long",0.126886266937543,1.10121056092962,NA,0.688715610882556,"localGP"
"1956",8,34,1,1,44.7148827500089,93.2880256740387,"Smooth","Max. Reward Condition",40,"7",19,1,13,63,"Long",0.126886266937543,1.10121056092962,NA,0.688715610882556,"localGP"
"1957",8,35,2,1,73.5415165064452,93.2880256740387,"Smooth","Max. Reward Condition",40,"7",19,1,14,63,"Long",0.126886266937543,1.10121056092962,NA,0.688715610882556,"localGP"
"1958",8,36,9,7,60.6742426292071,93.2880256740387,"Smooth","Max. Reward Condition",40,"7",19,5,87,63,"Long",0.126886266937543,1.10121056092962,NA,0.688715610882556,"localGP"
"1959",8,37,9,3,70.6956959323297,93.2880256740387,"Smooth","Max. Reward Condition",40,"7",19,3,43,63,"Long",0.126886266937543,1.10121056092962,NA,0.688715610882556,"localGP"
"1960",8,38,10,7,65.5347594322433,93.2880256740387,"Smooth","Max. Reward Condition",40,"7",19,1,88,63,"Long",0.126886266937543,1.10121056092962,NA,0.688715610882556,"localGP"
"1961",8,39,9,10,65.8121215823365,93.2880256740387,"Smooth","Max. Reward Condition",40,"7",19,2,120,63,"Long",0.126886266937543,1.10121056092962,NA,0.688715610882556,"localGP"
"1962",8,40,5,6,67.4863424571412,93.2880256740387,"Smooth","Max. Reward Condition",40,"7",19,3,72,63,"Long",0.126886266937543,1.10121056092962,NA,0.688715610882556,"localGP"
"1963",8,41,8,9,63.1901515290244,93.2880256740387,"Smooth","Max. Reward Condition",40,"7",19,1,108,63,"Long",0.126886266937543,1.10121056092962,NA,0.688715610882556,"localGP"
"1964",8,1,3,6,61.712476104061,61.712476104061,"Smooth","Max. Reward Condition",20,"8",16,NA,70,64,"Short",0.102946443827145,1.16177068653201,NA,0.463107045271431,"localGP"
"1965",8,2,3,4,78.314172567177,78.314172567177,"Smooth","Max. Reward Condition",20,"8",16,5,48,64,"Short",0.102946443827145,1.16177068653201,NA,0.463107045271431,"localGP"
"1966",8,3,4,4,37.2247549071549,78.314172567177,"Smooth","Max. Reward Condition",20,"8",16,4,49,64,"Short",0.102946443827145,1.16177068653201,NA,0.463107045271431,"localGP"
"1967",8,4,2,4,51.6785957888899,78.314172567177,"Smooth","Max. Reward Condition",20,"8",16,5,47,64,"Short",0.102946443827145,1.16177068653201,NA,0.463107045271431,"localGP"
"1968",8,5,2,5,41.71018551704,78.314172567177,"Smooth","Max. Reward Condition",20,"8",16,4,58,64,"Short",0.102946443827145,1.16177068653201,NA,0.463107045271431,"localGP"
"1969",8,6,4,5,56.5702647427263,78.314172567177,"Smooth","Max. Reward Condition",20,"8",16,3,60,64,"Short",0.102946443827145,1.16177068653201,NA,0.463107045271431,"localGP"
"1970",8,7,3,3,100,100,"Smooth","Max. Reward Condition",20,"8",16,4,37,64,"Short",0.102946443827145,1.16177068653201,NA,0.463107045271431,"localGP"
"1971",8,8,3,2,83.8378126303431,100,"Smooth","Max. Reward Condition",20,"8",16,4,26,64,"Short",0.102946443827145,1.16177068653201,NA,0.463107045271431,"localGP"
"1972",8,9,9,9,48.2469413431705,100,"Smooth","Max. Reward Condition",20,"8",16,0,109,64,"Short",0.102946443827145,1.16177068653201,NA,0.463107045271431,"localGP"
"1973",8,10,8,9,55.0798412458746,100,"Smooth","Max. Reward Condition",20,"8",16,2,108,64,"Short",0.102946443827145,1.16177068653201,NA,0.463107045271431,"localGP"
"1974",8,11,8,10,71.5964693856376,100,"Smooth","Max. Reward Condition",20,"8",16,1,119,64,"Short",0.102946443827145,1.16177068653201,NA,0.463107045271431,"localGP"
"1975",8,12,7,10,56.2743193871667,100,"Smooth","Max. Reward Condition",20,"8",16,3,118,64,"Short",0.102946443827145,1.16177068653201,NA,0.463107045271431,"localGP"
"1976",8,13,6,4,32.9227848500965,100,"Smooth","Max. Reward Condition",20,"8",16,1,51,64,"Short",0.102946443827145,1.16177068653201,NA,0.463107045271431,"localGP"
"1977",8,14,7,4,33.4912199403317,100,"Smooth","Max. Reward Condition",20,"8",16,2,52,64,"Short",0.102946443827145,1.16177068653201,NA,0.463107045271431,"localGP"
"1978",8,15,9,2,31.2786150347164,100,"Smooth","Max. Reward Condition",20,"8",16,1,32,64,"Short",0.102946443827145,1.16177068653201,NA,0.463107045271431,"localGP"
"1979",8,16,6,5,62.1197165528081,100,"Smooth","Max. Reward Condition",20,"8",16,2,62,64,"Short",0.102946443827145,1.16177068653201,NA,0.463107045271431,"localGP"
"1980",8,17,6,6,48.4419076535345,100,"Smooth","Max. Reward Condition",20,"8",16,1,73,64,"Short",0.102946443827145,1.16177068653201,NA,0.463107045271431,"localGP"
"1981",8,18,7,8,21.7601105267846,100,"Smooth","Max. Reward Condition",20,"8",16,2,96,64,"Short",0.102946443827145,1.16177068653201,NA,0.463107045271431,"localGP"
"1982",8,19,9,6,72.6451286930569,100,"Smooth","Max. Reward Condition",20,"8",16,1,76,64,"Short",0.102946443827145,1.16177068653201,NA,0.463107045271431,"localGP"
"1983",8,20,9,5,54.5094189956315,100,"Smooth","Max. Reward Condition",20,"8",16,3,65,64,"Short",0.102946443827145,1.16177068653201,NA,0.463107045271431,"localGP"
"1984",8,21,8,3,14.822879672341,100,"Smooth","Max. Reward Condition",20,"8",16,1,42,64,"Short",0.102946443827145,1.16177068653201,NA,0.463107045271431,"localGP"
"1985",9,1,8,9,44.028878775324,44.028878775324,"Rough","Avg. Reward Condition",20,"1",4,NA,108,65,"Short",0.0116349216286036,0.710068686946516,NA,0.126616366474584,"localGP"
"1986",9,2,9,9,55.0944127232389,55.0944127232389,"Rough","Avg. Reward Condition",20,"1",4,1,109,65,"Short",0.0116349216286036,0.710068686946516,NA,0.126616366474584,"localGP"
"1987",9,3,10,9,53.8163100012315,55.0944127232389,"Rough","Avg. Reward Condition",20,"1",4,2,110,65,"Short",0.0116349216286036,0.710068686946516,NA,0.126616366474584,"localGP"
"1988",9,4,10,8,16.5930440253731,55.0944127232389,"Rough","Avg. Reward Condition",20,"1",4,2,99,65,"Short",0.0116349216286036,0.710068686946516,NA,0.126616366474584,"localGP"
"1989",9,5,10,10,44.6083143024855,55.0944127232389,"Rough","Avg. Reward Condition",20,"1",4,1,121,65,"Short",0.0116349216286036,0.710068686946516,NA,0.126616366474584,"localGP"
"1990",9,6,9,10,49.7040626782217,55.0944127232389,"Rough","Avg. Reward Condition",20,"1",4,1,120,65,"Short",0.0116349216286036,0.710068686946516,NA,0.126616366474584,"localGP"
"1991",9,7,8,10,54.2844228905611,55.0944127232389,"Rough","Avg. Reward Condition",20,"1",4,3,119,65,"Short",0.0116349216286036,0.710068686946516,NA,0.126616366474584,"localGP"
"1992",9,8,7,10,50.1452665258359,55.0944127232389,"Rough","Avg. Reward Condition",20,"1",4,2,118,65,"Short",0.0116349216286036,0.710068686946516,NA,0.126616366474584,"localGP"
"1993",9,9,6,10,48.7082287749255,55.0944127232389,"Rough","Avg. Reward Condition",20,"1",4,1,117,65,"Short",0.0116349216286036,0.710068686946516,NA,0.126616366474584,"localGP"
"1994",9,10,4,10,14.42380895843,55.0944127232389,"Rough","Avg. Reward Condition",20,"1",4,2,115,65,"Short",0.0116349216286036,0.710068686946516,NA,0.126616366474584,"localGP"
"1995",9,11,2,10,54.5646114683312,55.0944127232389,"Rough","Avg. Reward Condition",20,"1",4,1,113,65,"Short",0.0116349216286036,0.710068686946516,NA,0.126616366474584,"localGP"
"1996",9,12,2,9,75.1501969131058,75.1501969131058,"Rough","Avg. Reward Condition",20,"1",4,0,102,65,"Short",0.0116349216286036,0.710068686946516,NA,0.126616366474584,"localGP"
"1997",9,13,2,9,75.1501969131058,75.1501969131058,"Rough","Avg. Reward Condition",20,"1",4,0,102,65,"Short",0.0116349216286036,0.710068686946516,NA,0.126616366474584,"localGP"
"1998",9,14,2,9,75.1501969131058,75.1501969131058,"Rough","Avg. Reward Condition",20,"1",4,0,102,65,"Short",0.0116349216286036,0.710068686946516,NA,0.126616366474584,"localGP"
"1999",9,15,2,9,75.1501969131058,75.1501969131058,"Rough","Avg. Reward Condition",20,"1",4,0,102,65,"Short",0.0116349216286036,0.710068686946516,NA,0.126616366474584,"localGP"
"2000",9,16,2,9,75.1501969131058,75.1501969131058,"Rough","Avg. Reward Condition",20,"1",4,0,102,65,"Short",0.0116349216286036,0.710068686946516,NA,0.126616366474584,"localGP"
"2001",9,17,2,9,75.1501969131058,75.1501969131058,"Rough","Avg. Reward Condition",20,"1",4,0,102,65,"Short",0.0116349216286036,0.710068686946516,NA,0.126616366474584,"localGP"
"2002",9,18,2,9,75.1501969131058,75.1501969131058,"Rough","Avg. Reward Condition",20,"1",4,0,102,65,"Short",0.0116349216286036,0.710068686946516,NA,0.126616366474584,"localGP"
"2003",9,19,2,9,75.1501969131058,75.1501969131058,"Rough","Avg. Reward Condition",20,"1",4,0,102,65,"Short",0.0116349216286036,0.710068686946516,NA,0.126616366474584,"localGP"
"2004",9,20,2,9,75.1501969131058,75.1501969131058,"Rough","Avg. Reward Condition",20,"1",4,0,102,65,"Short",0.0116349216286036,0.710068686946516,NA,0.126616366474584,"localGP"
"2005",9,21,2,9,75.1501969131058,75.1501969131058,"Rough","Avg. Reward Condition",20,"1",4,0,102,65,"Short",0.0116349216286036,0.710068686946516,NA,0.126616366474584,"localGP"
"2006",9,1,1,8,46.9498069203708,46.9498069203708,"Rough","Avg. Reward Condition",40,"2",5,NA,90,66,"Long",0.0419441655726497,0.504021765854292,NA,0.204430964990593,"localGP"
"2007",9,2,0,8,60.0699780954412,60.0699780954412,"Rough","Avg. Reward Condition",40,"2",5,1,89,66,"Long",0.0419441655726497,0.504021765854292,NA,0.204430964990593,"localGP"
"2008",9,3,9,1,68.5223309875422,68.5223309875422,"Rough","Avg. Reward Condition",40,"2",5,1,21,66,"Long",0.0419441655726497,0.504021765854292,NA,0.204430964990593,"localGP"
"2009",9,4,9,2,40.6256617216609,68.5223309875422,"Rough","Avg. Reward Condition",40,"2",5,1,32,66,"Long",0.0419441655726497,0.504021765854292,NA,0.204430964990593,"localGP"
"2010",9,5,0,3,37.5224299882295,68.5223309875422,"Rough","Avg. Reward Condition",40,"2",5,2,34,66,"Long",0.0419441655726497,0.504021765854292,NA,0.204430964990593,"localGP"
"2011",9,6,0,4,49.9176816085481,68.5223309875422,"Rough","Avg. Reward Condition",40,"2",5,2,45,66,"Long",0.0419441655726497,0.504021765854292,NA,0.204430964990593,"localGP"
"2012",9,7,0,5,47.6003789921814,68.5223309875422,"Rough","Avg. Reward Condition",40,"2",5,1,56,66,"Long",0.0419441655726497,0.504021765854292,NA,0.204430964990593,"localGP"
"2013",9,8,0,6,27.6444637033922,68.5223309875422,"Rough","Avg. Reward Condition",40,"2",5,2,67,66,"Long",0.0419441655726497,0.504021765854292,NA,0.204430964990593,"localGP"
"2014",9,9,0,7,66.0642048985975,68.5223309875422,"Rough","Avg. Reward Condition",40,"2",5,2,78,66,"Long",0.0419441655726497,0.504021765854292,NA,0.204430964990593,"localGP"
"2015",9,10,3,7,57.0516260288864,68.5223309875422,"Rough","Avg. Reward Condition",40,"2",5,1,81,66,"Long",0.0419441655726497,0.504021765854292,NA,0.204430964990593,"localGP"
"2016",9,11,3,6,53.9386192872813,68.5223309875422,"Rough","Avg. Reward Condition",40,"2",5,0,70,66,"Long",0.0419441655726497,0.504021765854292,NA,0.204430964990593,"localGP"
"2017",9,12,2,10,8.81939176369258,68.5223309875422,"Rough","Avg. Reward Condition",40,"2",5,0,113,66,"Long",0.0419441655726497,0.504021765854292,NA,0.204430964990593,"localGP"
"2018",9,13,8,10,47.7263891292854,68.5223309875422,"Rough","Avg. Reward Condition",40,"2",5,0,119,66,"Long",0.0419441655726497,0.504021765854292,NA,0.204430964990593,"localGP"
"2019",9,14,9,10,60.0774941518744,68.5223309875422,"Rough","Avg. Reward Condition",40,"2",5,0,120,66,"Long",0.0419441655726497,0.504021765854292,NA,0.204430964990593,"localGP"
"2020",9,15,7,8,38.3612104416698,68.5223309875422,"Rough","Avg. Reward Condition",40,"2",5,0,96,66,"Long",0.0419441655726497,0.504021765854292,NA,0.204430964990593,"localGP"
"2021",9,16,1,2,63.2638935825621,68.5223309875422,"Rough","Avg. Reward Condition",40,"2",5,0,24,66,"Long",0.0419441655726497,0.504021765854292,NA,0.204430964990593,"localGP"
"2022",9,17,2,2,61.7436417215084,68.5223309875422,"Rough","Avg. Reward Condition",40,"2",5,0,25,66,"Long",0.0419441655726497,0.504021765854292,NA,0.204430964990593,"localGP"
"2023",9,18,3,2,22.9115521258941,68.5223309875422,"Rough","Avg. Reward Condition",40,"2",5,0,26,66,"Long",0.0419441655726497,0.504021765854292,NA,0.204430964990593,"localGP"
"2024",9,19,1,4,44.9843227342746,68.5223309875422,"Rough","Avg. Reward Condition",40,"2",5,0,46,66,"Long",0.0419441655726497,0.504021765854292,NA,0.204430964990593,"localGP"
"2025",9,20,8,0,96.125082157983,96.125082157983,"Rough","Avg. Reward Condition",40,"2",5,0,9,66,"Long",0.0419441655726497,0.504021765854292,NA,0.204430964990593,"localGP"
"2026",9,21,8,0,96.125082157983,96.125082157983,"Rough","Avg. Reward Condition",40,"2",5,0,9,66,"Long",0.0419441655726497,0.504021765854292,NA,0.204430964990593,"localGP"
"2027",9,22,8,0,96.125082157983,96.125082157983,"Rough","Avg. Reward Condition",40,"2",5,0,9,66,"Long",0.0419441655726497,0.504021765854292,NA,0.204430964990593,"localGP"
"2028",9,23,8,0,96.125082157983,96.125082157983,"Rough","Avg. Reward Condition",40,"2",5,0,9,66,"Long",0.0419441655726497,0.504021765854292,NA,0.204430964990593,"localGP"
"2029",9,24,8,0,96.125082157983,96.125082157983,"Rough","Avg. Reward Condition",40,"2",5,0,9,66,"Long",0.0419441655726497,0.504021765854292,NA,0.204430964990593,"localGP"
"2030",9,25,8,0,96.125082157983,96.125082157983,"Rough","Avg. Reward Condition",40,"2",5,0,9,66,"Long",0.0419441655726497,0.504021765854292,NA,0.204430964990593,"localGP"
"2031",9,26,8,1,86.7518912658619,96.125082157983,"Rough","Avg. Reward Condition",40,"2",5,0,20,66,"Long",0.0419441655726497,0.504021765854292,NA,0.204430964990593,"localGP"
"2032",9,27,8,0,96.125082157983,96.125082157983,"Rough","Avg. Reward Condition",40,"2",5,0,9,66,"Long",0.0419441655726497,0.504021765854292,NA,0.204430964990593,"localGP"
"2033",9,28,8,0,96.125082157983,96.125082157983,"Rough","Avg. Reward Condition",40,"2",5,0,9,66,"Long",0.0419441655726497,0.504021765854292,NA,0.204430964990593,"localGP"
"2034",9,29,8,0,96.125082157983,96.125082157983,"Rough","Avg. Reward Condition",40,"2",5,0,9,66,"Long",0.0419441655726497,0.504021765854292,NA,0.204430964990593,"localGP"
"2035",9,30,8,0,96.125082157983,96.125082157983,"Rough","Avg. Reward Condition",40,"2",5,0,9,66,"Long",0.0419441655726497,0.504021765854292,NA,0.204430964990593,"localGP"
"2036",9,31,8,0,96.125082157983,96.125082157983,"Rough","Avg. Reward Condition",40,"2",5,0,9,66,"Long",0.0419441655726497,0.504021765854292,NA,0.204430964990593,"localGP"
"2037",9,32,8,0,96.125082157983,96.125082157983,"Rough","Avg. Reward Condition",40,"2",5,0,9,66,"Long",0.0419441655726497,0.504021765854292,NA,0.204430964990593,"localGP"
"2038",9,33,8,0,96.125082157983,96.125082157983,"Rough","Avg. Reward Condition",40,"2",5,0,9,66,"Long",0.0419441655726497,0.504021765854292,NA,0.204430964990593,"localGP"
"2039",9,34,9,0,92.5470885084956,96.125082157983,"Rough","Avg. Reward Condition",40,"2",5,0,10,66,"Long",0.0419441655726497,0.504021765854292,NA,0.204430964990593,"localGP"
"2040",9,35,8,0,96.125082157983,96.125082157983,"Rough","Avg. Reward Condition",40,"2",5,0,9,66,"Long",0.0419441655726497,0.504021765854292,NA,0.204430964990593,"localGP"
"2041",9,36,8,1,86.7518912658619,96.125082157983,"Rough","Avg. Reward Condition",40,"2",5,0,20,66,"Long",0.0419441655726497,0.504021765854292,NA,0.204430964990593,"localGP"
"2042",9,37,8,1,86.7518912658619,96.125082157983,"Rough","Avg. Reward Condition",40,"2",5,0,20,66,"Long",0.0419441655726497,0.504021765854292,NA,0.204430964990593,"localGP"
"2043",9,38,8,0,96.125082157983,96.125082157983,"Rough","Avg. Reward Condition",40,"2",5,0,9,66,"Long",0.0419441655726497,0.504021765854292,NA,0.204430964990593,"localGP"
"2044",9,39,8,0,96.125082157983,96.125082157983,"Rough","Avg. Reward Condition",40,"2",5,0,9,66,"Long",0.0419441655726497,0.504021765854292,NA,0.204430964990593,"localGP"
"2045",9,40,8,0,96.125082157983,96.125082157983,"Rough","Avg. Reward Condition",40,"2",5,0,9,66,"Long",0.0419441655726497,0.504021765854292,NA,0.204430964990593,"localGP"
"2046",9,41,8,1,86.7518912658619,96.125082157983,"Rough","Avg. Reward Condition",40,"2",5,0,20,66,"Long",0.0419441655726497,0.504021765854292,NA,0.204430964990593,"localGP"
"2047",9,1,1,0,40.8488487494804,40.8488487494804,"Rough","Avg. Reward Condition",20,"3",11,NA,2,67,"Short",0.0288224441986168,0.512264153898304,NA,0.182013417334279,"localGP"
"2048",9,2,2,0,19.407077744957,40.8488487494804,"Rough","Avg. Reward Condition",20,"3",11,1,3,67,"Short",0.0288224441986168,0.512264153898304,NA,0.182013417334279,"localGP"
"2049",9,3,2,1,38.8443744327322,40.8488487494804,"Rough","Avg. Reward Condition",20,"3",11,1,14,67,"Short",0.0288224441986168,0.512264153898304,NA,0.182013417334279,"localGP"
"2050",9,4,7,5,74.6263346102851,74.6263346102851,"Rough","Avg. Reward Condition",20,"3",11,2,63,67,"Short",0.0288224441986168,0.512264153898304,NA,0.182013417334279,"localGP"
"2051",9,5,7,5,74.6263346102851,74.6263346102851,"Rough","Avg. Reward Condition",20,"3",11,0,63,67,"Short",0.0288224441986168,0.512264153898304,NA,0.182013417334279,"localGP"
"2052",9,6,7,5,74.6263346102851,74.6263346102851,"Rough","Avg. Reward Condition",20,"3",11,0,63,67,"Short",0.0288224441986168,0.512264153898304,NA,0.182013417334279,"localGP"
"2053",9,7,7,6,78.20301873206,78.20301873206,"Rough","Avg. Reward Condition",20,"3",11,0,74,67,"Short",0.0288224441986168,0.512264153898304,NA,0.182013417334279,"localGP"
"2054",9,8,7,5,74.6263346102851,78.20301873206,"Rough","Avg. Reward Condition",20,"3",11,0,63,67,"Short",0.0288224441986168,0.512264153898304,NA,0.182013417334279,"localGP"
"2055",9,9,6,5,71.4465704662512,78.20301873206,"Rough","Avg. Reward Condition",20,"3",11,0,62,67,"Short",0.0288224441986168,0.512264153898304,NA,0.182013417334279,"localGP"
"2056",9,10,7,5,74.6263346102851,78.20301873206,"Rough","Avg. Reward Condition",20,"3",11,0,63,67,"Short",0.0288224441986168,0.512264153898304,NA,0.182013417334279,"localGP"
"2057",9,11,7,6,78.20301873206,78.20301873206,"Rough","Avg. Reward Condition",20,"3",11,0,74,67,"Short",0.0288224441986168,0.512264153898304,NA,0.182013417334279,"localGP"
"2058",9,12,7,6,78.20301873206,78.20301873206,"Rough","Avg. Reward Condition",20,"3",11,0,74,67,"Short",0.0288224441986168,0.512264153898304,NA,0.182013417334279,"localGP"
"2059",9,13,6,6,71.604411900564,78.20301873206,"Rough","Avg. Reward Condition",20,"3",11,0,73,67,"Short",0.0288224441986168,0.512264153898304,NA,0.182013417334279,"localGP"
"2060",9,14,6,7,34.4381373712981,78.20301873206,"Rough","Avg. Reward Condition",20,"3",11,0,84,67,"Short",0.0288224441986168,0.512264153898304,NA,0.182013417334279,"localGP"
"2061",9,15,7,7,41.1147763409862,78.20301873206,"Rough","Avg. Reward Condition",20,"3",11,0,85,67,"Short",0.0288224441986168,0.512264153898304,NA,0.182013417334279,"localGP"
"2062",9,16,7,6,78.20301873206,78.20301873206,"Rough","Avg. Reward Condition",20,"3",11,0,74,67,"Short",0.0288224441986168,0.512264153898304,NA,0.182013417334279,"localGP"
"2063",9,17,8,6,60.0661393407619,78.20301873206,"Rough","Avg. Reward Condition",20,"3",11,0,75,67,"Short",0.0288224441986168,0.512264153898304,NA,0.182013417334279,"localGP"
"2064",9,18,7,6,78.20301873206,78.20301873206,"Rough","Avg. Reward Condition",20,"3",11,0,74,67,"Short",0.0288224441986168,0.512264153898304,NA,0.182013417334279,"localGP"
"2065",9,19,7,6,78.20301873206,78.20301873206,"Rough","Avg. Reward Condition",20,"3",11,0,74,67,"Short",0.0288224441986168,0.512264153898304,NA,0.182013417334279,"localGP"
"2066",9,20,7,6,78.20301873206,78.20301873206,"Rough","Avg. Reward Condition",20,"3",11,0,74,67,"Short",0.0288224441986168,0.512264153898304,NA,0.182013417334279,"localGP"
"2067",9,21,7,6,78.20301873206,78.20301873206,"Rough","Avg. Reward Condition",20,"3",11,0,74,67,"Short",0.0288224441986168,0.512264153898304,NA,0.182013417334279,"localGP"
"2068",9,1,3,9,63.3340745487714,63.3340745487714,"Rough","Avg. Reward Condition",40,"4",9,NA,103,68,"Long",0.0384532874129399,0.421809503433322,NA,0.253966215123008,"localGP"
"2069",9,2,2,8,43.6838621835881,63.3340745487714,"Rough","Avg. Reward Condition",40,"4",9,6,91,68,"Long",0.0384532874129399,0.421809503433322,NA,0.253966215123008,"localGP"
"2070",9,3,2,7,27.9615833854138,63.3340745487714,"Rough","Avg. Reward Condition",40,"4",9,1,80,68,"Long",0.0384532874129399,0.421809503433322,NA,0.253966215123008,"localGP"
"2071",9,4,2,6,36.7603971386675,63.3340745487714,"Rough","Avg. Reward Condition",40,"4",9,2,69,68,"Long",0.0384532874129399,0.421809503433322,NA,0.253966215123008,"localGP"
"2072",9,5,3,6,56.4526333659953,63.3340745487714,"Rough","Avg. Reward Condition",40,"4",9,2,70,68,"Long",0.0384532874129399,0.421809503433322,NA,0.253966215123008,"localGP"
"2073",9,6,3,5,65.8441011417539,65.8441011417539,"Rough","Avg. Reward Condition",40,"4",9,2,59,68,"Long",0.0384532874129399,0.421809503433322,NA,0.253966215123008,"localGP"
"2074",9,7,2,5,39.0745307223915,65.8441011417539,"Rough","Avg. Reward Condition",40,"4",9,5,58,68,"Long",0.0384532874129399,0.421809503433322,NA,0.253966215123008,"localGP"
"2075",9,8,2,4,13.5403872252535,65.8441011417539,"Rough","Avg. Reward Condition",40,"4",9,12,47,68,"Long",0.0384532874129399,0.421809503433322,NA,0.253966215123008,"localGP"
"2076",9,9,1,5,55.4257093623145,65.8441011417539,"Rough","Avg. Reward Condition",40,"4",9,1,57,68,"Long",0.0384532874129399,0.421809503433322,NA,0.253966215123008,"localGP"
"2077",9,10,1,6,71.1930582119882,71.1930582119882,"Rough","Avg. Reward Condition",40,"4",9,2,68,68,"Long",0.0384532874129399,0.421809503433322,NA,0.253966215123008,"localGP"
"2078",9,11,0,6,96.5524227911389,96.5524227911389,"Rough","Avg. Reward Condition",40,"4",9,3,67,68,"Long",0.0384532874129399,0.421809503433322,NA,0.253966215123008,"localGP"
"2079",9,12,0,6,96.5524227911389,96.5524227911389,"Rough","Avg. Reward Condition",40,"4",9,2,67,68,"Long",0.0384532874129399,0.421809503433322,NA,0.253966215123008,"localGP"
"2080",9,13,0,6,96.5524227911389,96.5524227911389,"Rough","Avg. Reward Condition",40,"4",9,1,67,68,"Long",0.0384532874129399,0.421809503433322,NA,0.253966215123008,"localGP"
"2081",9,14,0,6,96.5524227911389,96.5524227911389,"Rough","Avg. Reward Condition",40,"4",9,2,67,68,"Long",0.0384532874129399,0.421809503433322,NA,0.253966215123008,"localGP"
"2082",9,15,0,6,96.5524227911389,96.5524227911389,"Rough","Avg. Reward Condition",40,"4",9,2,67,68,"Long",0.0384532874129399,0.421809503433322,NA,0.253966215123008,"localGP"
"2083",9,16,0,6,96.5524227911389,96.5524227911389,"Rough","Avg. Reward Condition",40,"4",9,1,67,68,"Long",0.0384532874129399,0.421809503433322,NA,0.253966215123008,"localGP"
"2084",9,17,0,6,96.5524227911389,96.5524227911389,"Rough","Avg. Reward Condition",40,"4",9,5,67,68,"Long",0.0384532874129399,0.421809503433322,NA,0.253966215123008,"localGP"
"2085",9,18,0,6,96.5524227911389,96.5524227911389,"Rough","Avg. Reward Condition",40,"4",9,1,67,68,"Long",0.0384532874129399,0.421809503433322,NA,0.253966215123008,"localGP"
"2086",9,19,0,6,96.5524227911389,96.5524227911389,"Rough","Avg. Reward Condition",40,"4",9,1,67,68,"Long",0.0384532874129399,0.421809503433322,NA,0.253966215123008,"localGP"
"2087",9,20,0,6,96.5524227911389,96.5524227911389,"Rough","Avg. Reward Condition",40,"4",9,4,67,68,"Long",0.0384532874129399,0.421809503433322,NA,0.253966215123008,"localGP"
"2088",9,21,0,6,96.5524227911389,96.5524227911389,"Rough","Avg. Reward Condition",40,"4",9,1,67,68,"Long",0.0384532874129399,0.421809503433322,NA,0.253966215123008,"localGP"
"2089",9,22,0,6,96.5524227911389,96.5524227911389,"Rough","Avg. Reward Condition",40,"4",9,2,67,68,"Long",0.0384532874129399,0.421809503433322,NA,0.253966215123008,"localGP"
"2090",9,23,0,6,96.5524227911389,96.5524227911389,"Rough","Avg. Reward Condition",40,"4",9,0,67,68,"Long",0.0384532874129399,0.421809503433322,NA,0.253966215123008,"localGP"
"2091",9,24,0,6,96.5524227911389,96.5524227911389,"Rough","Avg. Reward Condition",40,"4",9,0,67,68,"Long",0.0384532874129399,0.421809503433322,NA,0.253966215123008,"localGP"
"2092",9,25,0,6,96.5524227911389,96.5524227911389,"Rough","Avg. Reward Condition",40,"4",9,0,67,68,"Long",0.0384532874129399,0.421809503433322,NA,0.253966215123008,"localGP"
"2093",9,26,0,6,96.5524227911389,96.5524227911389,"Rough","Avg. Reward Condition",40,"4",9,0,67,68,"Long",0.0384532874129399,0.421809503433322,NA,0.253966215123008,"localGP"
"2094",9,27,0,6,96.5524227911389,96.5524227911389,"Rough","Avg. Reward Condition",40,"4",9,0,67,68,"Long",0.0384532874129399,0.421809503433322,NA,0.253966215123008,"localGP"
"2095",9,28,0,6,96.5524227911389,96.5524227911389,"Rough","Avg. Reward Condition",40,"4",9,0,67,68,"Long",0.0384532874129399,0.421809503433322,NA,0.253966215123008,"localGP"
"2096",9,29,0,6,96.5524227911389,96.5524227911389,"Rough","Avg. Reward Condition",40,"4",9,0,67,68,"Long",0.0384532874129399,0.421809503433322,NA,0.253966215123008,"localGP"
"2097",9,30,0,6,96.5524227911389,96.5524227911389,"Rough","Avg. Reward Condition",40,"4",9,0,67,68,"Long",0.0384532874129399,0.421809503433322,NA,0.253966215123008,"localGP"
"2098",9,31,0,6,96.5524227911389,96.5524227911389,"Rough","Avg. Reward Condition",40,"4",9,0,67,68,"Long",0.0384532874129399,0.421809503433322,NA,0.253966215123008,"localGP"
"2099",9,32,0,6,96.5524227911389,96.5524227911389,"Rough","Avg. Reward Condition",40,"4",9,0,67,68,"Long",0.0384532874129399,0.421809503433322,NA,0.253966215123008,"localGP"
"2100",9,33,0,6,96.5524227911389,96.5524227911389,"Rough","Avg. Reward Condition",40,"4",9,0,67,68,"Long",0.0384532874129399,0.421809503433322,NA,0.253966215123008,"localGP"
"2101",9,34,0,5,93.2896159771943,96.5524227911389,"Rough","Avg. Reward Condition",40,"4",9,0,56,68,"Long",0.0384532874129399,0.421809503433322,NA,0.253966215123008,"localGP"
"2102",9,35,0,5,93.2896159771943,96.5524227911389,"Rough","Avg. Reward Condition",40,"4",9,0,56,68,"Long",0.0384532874129399,0.421809503433322,NA,0.253966215123008,"localGP"
"2103",9,36,0,6,96.5524227911389,96.5524227911389,"Rough","Avg. Reward Condition",40,"4",9,0,67,68,"Long",0.0384532874129399,0.421809503433322,NA,0.253966215123008,"localGP"
"2104",9,37,0,6,96.5524227911389,96.5524227911389,"Rough","Avg. Reward Condition",40,"4",9,0,67,68,"Long",0.0384532874129399,0.421809503433322,NA,0.253966215123008,"localGP"
"2105",9,38,0,6,96.5524227911389,96.5524227911389,"Rough","Avg. Reward Condition",40,"4",9,0,67,68,"Long",0.0384532874129399,0.421809503433322,NA,0.253966215123008,"localGP"
"2106",9,39,0,6,96.5524227911389,96.5524227911389,"Rough","Avg. Reward Condition",40,"4",9,0,67,68,"Long",0.0384532874129399,0.421809503433322,NA,0.253966215123008,"localGP"
"2107",9,40,0,6,96.5524227911389,96.5524227911389,"Rough","Avg. Reward Condition",40,"4",9,0,67,68,"Long",0.0384532874129399,0.421809503433322,NA,0.253966215123008,"localGP"
"2108",9,41,0,6,96.5524227911389,96.5524227911389,"Rough","Avg. Reward Condition",40,"4",9,0,67,68,"Long",0.0384532874129399,0.421809503433322,NA,0.253966215123008,"localGP"
"2109",9,1,0,4,32.731169027758,32.731169027758,"Rough","Avg. Reward Condition",20,"5",13,NA,45,69,"Short",0.0262991911990384,0.557401871254438,NA,0.170302178657024,"localGP"
"2110",9,2,1,4,57.8821067127826,57.8821067127826,"Rough","Avg. Reward Condition",20,"5",13,0,46,69,"Short",0.0262991911990384,0.557401871254438,NA,0.170302178657024,"localGP"
"2111",9,3,2,4,86.7630388184153,86.7630388184153,"Rough","Avg. Reward Condition",20,"5",13,0,47,69,"Short",0.0262991911990384,0.557401871254438,NA,0.170302178657024,"localGP"
"2112",9,4,2,4,86.7630388184153,86.7630388184153,"Rough","Avg. Reward Condition",20,"5",13,0,47,69,"Short",0.0262991911990384,0.557401871254438,NA,0.170302178657024,"localGP"
"2113",9,5,2,4,86.7630388184153,86.7630388184153,"Rough","Avg. Reward Condition",20,"5",13,0,47,69,"Short",0.0262991911990384,0.557401871254438,NA,0.170302178657024,"localGP"
"2114",9,6,2,4,86.7630388184153,86.7630388184153,"Rough","Avg. Reward Condition",20,"5",13,0,47,69,"Short",0.0262991911990384,0.557401871254438,NA,0.170302178657024,"localGP"
"2115",9,7,2,4,86.7630388184153,86.7630388184153,"Rough","Avg. Reward Condition",20,"5",13,0,47,69,"Short",0.0262991911990384,0.557401871254438,NA,0.170302178657024,"localGP"
"2116",9,8,2,4,86.7630388184153,86.7630388184153,"Rough","Avg. Reward Condition",20,"5",13,0,47,69,"Short",0.0262991911990384,0.557401871254438,NA,0.170302178657024,"localGP"
"2117",9,9,2,4,86.7630388184153,86.7630388184153,"Rough","Avg. Reward Condition",20,"5",13,0,47,69,"Short",0.0262991911990384,0.557401871254438,NA,0.170302178657024,"localGP"
"2118",9,10,2,4,86.7630388184153,86.7630388184153,"Rough","Avg. Reward Condition",20,"5",13,0,47,69,"Short",0.0262991911990384,0.557401871254438,NA,0.170302178657024,"localGP"
"2119",9,11,2,4,86.7630388184153,86.7630388184153,"Rough","Avg. Reward Condition",20,"5",13,0,47,69,"Short",0.0262991911990384,0.557401871254438,NA,0.170302178657024,"localGP"
"2120",9,12,2,4,86.7630388184153,86.7630388184153,"Rough","Avg. Reward Condition",20,"5",13,0,47,69,"Short",0.0262991911990384,0.557401871254438,NA,0.170302178657024,"localGP"
"2121",9,13,2,4,86.7630388184153,86.7630388184153,"Rough","Avg. Reward Condition",20,"5",13,0,47,69,"Short",0.0262991911990384,0.557401871254438,NA,0.170302178657024,"localGP"
"2122",9,14,2,4,86.7630388184153,86.7630388184153,"Rough","Avg. Reward Condition",20,"5",13,0,47,69,"Short",0.0262991911990384,0.557401871254438,NA,0.170302178657024,"localGP"
"2123",9,15,2,4,86.7630388184153,86.7630388184153,"Rough","Avg. Reward Condition",20,"5",13,0,47,69,"Short",0.0262991911990384,0.557401871254438,NA,0.170302178657024,"localGP"
"2124",9,16,2,4,86.7630388184153,86.7630388184153,"Rough","Avg. Reward Condition",20,"5",13,0,47,69,"Short",0.0262991911990384,0.557401871254438,NA,0.170302178657024,"localGP"
"2125",9,17,2,4,86.7630388184153,86.7630388184153,"Rough","Avg. Reward Condition",20,"5",13,0,47,69,"Short",0.0262991911990384,0.557401871254438,NA,0.170302178657024,"localGP"
"2126",9,18,2,4,86.7630388184153,86.7630388184153,"Rough","Avg. Reward Condition",20,"5",13,0,47,69,"Short",0.0262991911990384,0.557401871254438,NA,0.170302178657024,"localGP"
"2127",9,19,2,4,86.7630388184153,86.7630388184153,"Rough","Avg. Reward Condition",20,"5",13,0,47,69,"Short",0.0262991911990384,0.557401871254438,NA,0.170302178657024,"localGP"
"2128",9,20,2,4,86.7630388184153,86.7630388184153,"Rough","Avg. Reward Condition",20,"5",13,0,47,69,"Short",0.0262991911990384,0.557401871254438,NA,0.170302178657024,"localGP"
"2129",9,21,2,4,86.7630388184153,86.7630388184153,"Rough","Avg. Reward Condition",20,"5",13,0,47,69,"Short",0.0262991911990384,0.557401871254438,NA,0.170302178657024,"localGP"
"2130",9,1,9,7,48.6503812146378,48.6503812146378,"Rough","Avg. Reward Condition",40,"6",7,NA,87,70,"Long",0.0394471033140912,0.644331015789911,NA,0.228677015834973,"localGP"
"2131",9,2,8,7,60.6485436141064,60.6485436141064,"Rough","Avg. Reward Condition",40,"6",7,1,86,70,"Long",0.0394471033140912,0.644331015789911,NA,0.228677015834973,"localGP"
"2132",9,3,8,8,50.5250509128817,60.6485436141064,"Rough","Avg. Reward Condition",40,"6",7,2,97,70,"Long",0.0394471033140912,0.644331015789911,NA,0.228677015834973,"localGP"
"2133",9,4,2,6,61.2240030846988,61.2240030846988,"Rough","Avg. Reward Condition",40,"6",7,2,69,70,"Long",0.0394471033140912,0.644331015789911,NA,0.228677015834973,"localGP"
"2134",9,5,3,6,90.5286582157079,90.5286582157079,"Rough","Avg. Reward Condition",40,"6",7,2,70,70,"Long",0.0394471033140912,0.644331015789911,NA,0.228677015834973,"localGP"
"2135",9,6,3,7,63.2387067485633,90.5286582157079,"Rough","Avg. Reward Condition",40,"6",7,2,81,70,"Long",0.0394471033140912,0.644331015789911,NA,0.228677015834973,"localGP"
"2136",9,7,3,6,90.5286582157079,90.5286582157079,"Rough","Avg. Reward Condition",40,"6",7,0,70,70,"Long",0.0394471033140912,0.644331015789911,NA,0.228677015834973,"localGP"
"2137",9,8,3,6,90.5286582157079,90.5286582157079,"Rough","Avg. Reward Condition",40,"6",7,0,70,70,"Long",0.0394471033140912,0.644331015789911,NA,0.228677015834973,"localGP"
"2138",9,9,4,6,84.1129360614595,90.5286582157079,"Rough","Avg. Reward Condition",40,"6",7,0,71,70,"Long",0.0394471033140912,0.644331015789911,NA,0.228677015834973,"localGP"
"2139",9,10,3,6,90.5286582157079,90.5286582157079,"Rough","Avg. Reward Condition",40,"6",7,0,70,70,"Long",0.0394471033140912,0.644331015789911,NA,0.228677015834973,"localGP"
"2140",9,11,3,6,90.5286582157079,90.5286582157079,"Rough","Avg. Reward Condition",40,"6",7,0,70,70,"Long",0.0394471033140912,0.644331015789911,NA,0.228677015834973,"localGP"
"2141",9,12,4,6,84.1129360614595,90.5286582157079,"Rough","Avg. Reward Condition",40,"6",7,0,71,70,"Long",0.0394471033140912,0.644331015789911,NA,0.228677015834973,"localGP"
"2142",9,13,5,6,52.7001484546371,90.5286582157079,"Rough","Avg. Reward Condition",40,"6",7,0,72,70,"Long",0.0394471033140912,0.644331015789911,NA,0.228677015834973,"localGP"
"2143",9,14,4,6,84.1129360614595,90.5286582157079,"Rough","Avg. Reward Condition",40,"6",7,0,71,70,"Long",0.0394471033140912,0.644331015789911,NA,0.228677015834973,"localGP"
"2144",9,15,3,6,90.5286582157079,90.5286582157079,"Rough","Avg. Reward Condition",40,"6",7,0,70,70,"Long",0.0394471033140912,0.644331015789911,NA,0.228677015834973,"localGP"
"2145",9,16,4,6,84.1129360614595,90.5286582157079,"Rough","Avg. Reward Condition",40,"6",7,0,71,70,"Long",0.0394471033140912,0.644331015789911,NA,0.228677015834973,"localGP"
"2146",9,17,3,6,90.5286582157079,90.5286582157079,"Rough","Avg. Reward Condition",40,"6",7,0,70,70,"Long",0.0394471033140912,0.644331015789911,NA,0.228677015834973,"localGP"
"2147",9,18,3,6,90.5286582157079,90.5286582157079,"Rough","Avg. Reward Condition",40,"6",7,0,70,70,"Long",0.0394471033140912,0.644331015789911,NA,0.228677015834973,"localGP"
"2148",9,19,3,6,90.5286582157079,90.5286582157079,"Rough","Avg. Reward Condition",40,"6",7,0,70,70,"Long",0.0394471033140912,0.644331015789911,NA,0.228677015834973,"localGP"
"2149",9,20,3,6,90.5286582157079,90.5286582157079,"Rough","Avg. Reward Condition",40,"6",7,0,70,70,"Long",0.0394471033140912,0.644331015789911,NA,0.228677015834973,"localGP"
"2150",9,21,3,5,100,100,"Rough","Avg. Reward Condition",40,"6",7,0,59,70,"Long",0.0394471033140912,0.644331015789911,NA,0.228677015834973,"localGP"
"2151",9,22,4,5,66.807827900394,100,"Rough","Avg. Reward Condition",40,"6",7,0,60,70,"Long",0.0394471033140912,0.644331015789911,NA,0.228677015834973,"localGP"
"2152",9,23,3,5,100,100,"Rough","Avg. Reward Condition",40,"6",7,0,59,70,"Long",0.0394471033140912,0.644331015789911,NA,0.228677015834973,"localGP"
"2153",9,24,3,5,100,100,"Rough","Avg. Reward Condition",40,"6",7,0,59,70,"Long",0.0394471033140912,0.644331015789911,NA,0.228677015834973,"localGP"
"2154",9,25,3,5,100,100,"Rough","Avg. Reward Condition",40,"6",7,0,59,70,"Long",0.0394471033140912,0.644331015789911,NA,0.228677015834973,"localGP"
"2155",9,26,3,5,100,100,"Rough","Avg. Reward Condition",40,"6",7,0,59,70,"Long",0.0394471033140912,0.644331015789911,NA,0.228677015834973,"localGP"
"2156",9,27,3,5,100,100,"Rough","Avg. Reward Condition",40,"6",7,0,59,70,"Long",0.0394471033140912,0.644331015789911,NA,0.228677015834973,"localGP"
"2157",9,28,3,5,100,100,"Rough","Avg. Reward Condition",40,"6",7,0,59,70,"Long",0.0394471033140912,0.644331015789911,NA,0.228677015834973,"localGP"
"2158",9,29,3,5,100,100,"Rough","Avg. Reward Condition",40,"6",7,0,59,70,"Long",0.0394471033140912,0.644331015789911,NA,0.228677015834973,"localGP"
"2159",9,30,3,5,100,100,"Rough","Avg. Reward Condition",40,"6",7,0,59,70,"Long",0.0394471033140912,0.644331015789911,NA,0.228677015834973,"localGP"
"2160",9,31,3,5,100,100,"Rough","Avg. Reward Condition",40,"6",7,0,59,70,"Long",0.0394471033140912,0.644331015789911,NA,0.228677015834973,"localGP"
"2161",9,32,3,5,100,100,"Rough","Avg. Reward Condition",40,"6",7,0,59,70,"Long",0.0394471033140912,0.644331015789911,NA,0.228677015834973,"localGP"
"2162",9,33,3,5,100,100,"Rough","Avg. Reward Condition",40,"6",7,0,59,70,"Long",0.0394471033140912,0.644331015789911,NA,0.228677015834973,"localGP"
"2163",9,34,3,5,100,100,"Rough","Avg. Reward Condition",40,"6",7,0,59,70,"Long",0.0394471033140912,0.644331015789911,NA,0.228677015834973,"localGP"
"2164",9,35,3,5,100,100,"Rough","Avg. Reward Condition",40,"6",7,0,59,70,"Long",0.0394471033140912,0.644331015789911,NA,0.228677015834973,"localGP"
"2165",9,36,3,5,100,100,"Rough","Avg. Reward Condition",40,"6",7,0,59,70,"Long",0.0394471033140912,0.644331015789911,NA,0.228677015834973,"localGP"
"2166",9,37,3,5,100,100,"Rough","Avg. Reward Condition",40,"6",7,0,59,70,"Long",0.0394471033140912,0.644331015789911,NA,0.228677015834973,"localGP"
"2167",9,38,3,5,100,100,"Rough","Avg. Reward Condition",40,"6",7,0,59,70,"Long",0.0394471033140912,0.644331015789911,NA,0.228677015834973,"localGP"
"2168",9,39,3,5,100,100,"Rough","Avg. Reward Condition",40,"6",7,0,59,70,"Long",0.0394471033140912,0.644331015789911,NA,0.228677015834973,"localGP"
"2169",9,40,3,5,100,100,"Rough","Avg. Reward Condition",40,"6",7,0,59,70,"Long",0.0394471033140912,0.644331015789911,NA,0.228677015834973,"localGP"
"2170",9,41,3,5,100,100,"Rough","Avg. Reward Condition",40,"6",7,0,59,70,"Long",0.0394471033140912,0.644331015789911,NA,0.228677015834973,"localGP"
"2171",9,1,1,4,11.2927161708847,11.2927161708847,"Rough","Avg. Reward Condition",20,"7",2,NA,46,71,"Short",0.0282067502773903,0.569119484568458,NA,0.166107900085035,"localGP"
"2172",9,2,9,4,34.0962732882197,34.0962732882197,"Rough","Avg. Reward Condition",20,"7",2,1,54,71,"Short",0.0282067502773903,0.569119484568458,NA,0.166107900085035,"localGP"
"2173",9,3,9,3,35.2167011218061,35.2167011218061,"Rough","Avg. Reward Condition",20,"7",2,1,43,71,"Short",0.0282067502773903,0.569119484568458,NA,0.166107900085035,"localGP"
"2174",9,4,8,3,44.1803510819401,44.1803510819401,"Rough","Avg. Reward Condition",20,"7",2,1,42,71,"Short",0.0282067502773903,0.569119484568458,NA,0.166107900085035,"localGP"
"2175",9,5,9,1,57.6609660514136,57.6609660514136,"Rough","Avg. Reward Condition",20,"7",2,1,21,71,"Short",0.0282067502773903,0.569119484568458,NA,0.166107900085035,"localGP"
"2176",9,6,10,2,42.6956940217487,57.6609660514136,"Rough","Avg. Reward Condition",20,"7",2,2,33,71,"Short",0.0282067502773903,0.569119484568458,NA,0.166107900085035,"localGP"
"2177",9,7,10,1,54.3733183659496,57.6609660514136,"Rough","Avg. Reward Condition",20,"7",2,1,22,71,"Short",0.0282067502773903,0.569119484568458,NA,0.166107900085035,"localGP"
"2178",9,8,10,0,37.7307124403184,57.6609660514136,"Rough","Avg. Reward Condition",20,"7",2,3,11,71,"Short",0.0282067502773903,0.569119484568458,NA,0.166107900085035,"localGP"
"2179",9,9,10,6,72.5002768176028,72.5002768176028,"Rough","Avg. Reward Condition",20,"7",2,1,77,71,"Short",0.0282067502773903,0.569119484568458,NA,0.166107900085035,"localGP"
"2180",9,10,10,6,72.5002768176028,72.5002768176028,"Rough","Avg. Reward Condition",20,"7",2,7,77,71,"Short",0.0282067502773903,0.569119484568458,NA,0.166107900085035,"localGP"
"2181",9,11,10,6,72.5002768176028,72.5002768176028,"Rough","Avg. Reward Condition",20,"7",2,1,77,71,"Short",0.0282067502773903,0.569119484568458,NA,0.166107900085035,"localGP"
"2182",9,12,9,6,60.9966324493762,72.5002768176028,"Rough","Avg. Reward Condition",20,"7",2,0,76,71,"Short",0.0282067502773903,0.569119484568458,NA,0.166107900085035,"localGP"
"2183",9,13,9,7,24.6631121599105,72.5002768176028,"Rough","Avg. Reward Condition",20,"7",2,0,87,71,"Short",0.0282067502773903,0.569119484568458,NA,0.166107900085035,"localGP"
"2184",9,14,5,7,38.2641941861674,72.5002768176028,"Rough","Avg. Reward Condition",20,"7",2,0,83,71,"Short",0.0282067502773903,0.569119484568458,NA,0.166107900085035,"localGP"
"2185",9,15,5,4,53.7953839453932,72.5002768176028,"Rough","Avg. Reward Condition",20,"7",2,0,50,71,"Short",0.0282067502773903,0.569119484568458,NA,0.166107900085035,"localGP"
"2186",9,16,4,4,50.4349667237655,72.5002768176028,"Rough","Avg. Reward Condition",20,"7",2,0,49,71,"Short",0.0282067502773903,0.569119484568458,NA,0.166107900085035,"localGP"
"2187",9,17,4,5,25.2003501997717,72.5002768176028,"Rough","Avg. Reward Condition",20,"7",2,0,60,71,"Short",0.0282067502773903,0.569119484568458,NA,0.166107900085035,"localGP"
"2188",9,18,0,2,52.0793629083007,72.5002768176028,"Rough","Avg. Reward Condition",20,"7",2,0,23,71,"Short",0.0282067502773903,0.569119484568458,NA,0.166107900085035,"localGP"
"2189",9,19,2,5,29.9250214426935,72.5002768176028,"Rough","Avg. Reward Condition",20,"7",2,0,58,71,"Short",0.0282067502773903,0.569119484568458,NA,0.166107900085035,"localGP"
"2190",9,20,2,6,31.0882445544401,72.5002768176028,"Rough","Avg. Reward Condition",20,"7",2,0,69,71,"Short",0.0282067502773903,0.569119484568458,NA,0.166107900085035,"localGP"
"2191",9,21,3,9,100,100,"Rough","Avg. Reward Condition",20,"7",2,0,103,71,"Short",0.0282067502773903,0.569119484568458,NA,0.166107900085035,"localGP"
"2192",9,1,7,0,50.8945892528803,50.8945892528803,"Rough","Avg. Reward Condition",40,"8",15,NA,8,72,"Long",0.0419534161823346,0.484735659877248,NA,0.210622785097304,"localGP"
"2193",9,2,5,0,62.3288785579905,62.3288785579905,"Rough","Avg. Reward Condition",40,"8",15,1,6,72,"Long",0.0419534161823346,0.484735659877248,NA,0.210622785097304,"localGP"
"2194",9,3,5,1,30.4951165770028,62.3288785579905,"Rough","Avg. Reward Condition",40,"8",15,2,17,72,"Long",0.0419534161823346,0.484735659877248,NA,0.210622785097304,"localGP"
"2195",9,4,4,0,68.1149801380177,68.1149801380177,"Rough","Avg. Reward Condition",40,"8",15,2,5,72,"Long",0.0419534161823346,0.484735659877248,NA,0.210622785097304,"localGP"
"2196",9,5,3,0,54.228682490005,68.1149801380177,"Rough","Avg. Reward Condition",40,"8",15,1,4,72,"Long",0.0419534161823346,0.484735659877248,NA,0.210622785097304,"localGP"
"2197",9,6,3,1,45.7237040394925,68.1149801380177,"Rough","Avg. Reward Condition",40,"8",15,2,15,72,"Long",0.0419534161823346,0.484735659877248,NA,0.210622785097304,"localGP"
"2198",9,7,4,1,33.8608437670612,68.1149801380177,"Rough","Avg. Reward Condition",40,"8",15,0,16,72,"Long",0.0419534161823346,0.484735659877248,NA,0.210622785097304,"localGP"
"2199",9,8,0,9,24.6902821477312,68.1149801380177,"Rough","Avg. Reward Condition",40,"8",15,0,100,72,"Long",0.0419534161823346,0.484735659877248,NA,0.210622785097304,"localGP"
"2200",9,9,1,9,59.498137940736,68.1149801380177,"Rough","Avg. Reward Condition",40,"8",15,0,101,72,"Long",0.0419534161823346,0.484735659877248,NA,0.210622785097304,"localGP"
"2201",9,10,1,10,69.8575262469171,69.8575262469171,"Rough","Avg. Reward Condition",40,"8",15,0,112,72,"Long",0.0419534161823346,0.484735659877248,NA,0.210622785097304,"localGP"
"2202",9,11,2,10,36.5421304439871,69.8575262469171,"Rough","Avg. Reward Condition",40,"8",15,0,113,72,"Long",0.0419534161823346,0.484735659877248,NA,0.210622785097304,"localGP"
"2203",9,12,2,9,67.3791409225705,69.8575262469171,"Rough","Avg. Reward Condition",40,"8",15,0,102,72,"Long",0.0419534161823346,0.484735659877248,NA,0.210622785097304,"localGP"
"2204",9,13,1,8,56.8465826807023,69.8575262469171,"Rough","Avg. Reward Condition",40,"8",15,0,90,72,"Long",0.0419534161823346,0.484735659877248,NA,0.210622785097304,"localGP"
"2205",9,14,5,8,12.3881850292677,69.8575262469171,"Rough","Avg. Reward Condition",40,"8",15,0,94,72,"Long",0.0419534161823346,0.484735659877248,NA,0.210622785097304,"localGP"
"2206",9,15,5,6,48.2722078874415,69.8575262469171,"Rough","Avg. Reward Condition",40,"8",15,0,72,72,"Long",0.0419534161823346,0.484735659877248,NA,0.210622785097304,"localGP"
"2207",9,16,5,7,33.835624051002,69.8575262469171,"Rough","Avg. Reward Condition",40,"8",15,0,83,72,"Long",0.0419534161823346,0.484735659877248,NA,0.210622785097304,"localGP"
"2208",9,17,7,8,69.8476397875391,69.8575262469171,"Rough","Avg. Reward Condition",40,"8",15,0,96,72,"Long",0.0419534161823346,0.484735659877248,NA,0.210622785097304,"localGP"
"2209",9,18,7,7,44.6037963682007,69.8575262469171,"Rough","Avg. Reward Condition",40,"8",15,0,85,72,"Long",0.0419534161823346,0.484735659877248,NA,0.210622785097304,"localGP"
"2210",9,19,8,6,33.34523187495,69.8575262469171,"Rough","Avg. Reward Condition",40,"8",15,0,75,72,"Long",0.0419534161823346,0.484735659877248,NA,0.210622785097304,"localGP"
"2211",9,20,8,1,63.1293377459291,69.8575262469171,"Rough","Avg. Reward Condition",40,"8",15,0,20,72,"Long",0.0419534161823346,0.484735659877248,NA,0.210622785097304,"localGP"
"2212",9,21,9,1,71.6538266812366,71.6538266812366,"Rough","Avg. Reward Condition",40,"8",15,0,21,72,"Long",0.0419534161823346,0.484735659877248,NA,0.210622785097304,"localGP"
"2213",9,22,10,3,68.1676938664988,71.6538266812366,"Rough","Avg. Reward Condition",40,"8",15,0,44,72,"Long",0.0419534161823346,0.484735659877248,NA,0.210622785097304,"localGP"
"2214",9,23,2,6,90.2125642232632,90.2125642232632,"Rough","Avg. Reward Condition",40,"8",15,0,69,72,"Long",0.0419534161823346,0.484735659877248,NA,0.210622785097304,"localGP"
"2215",9,24,3,5,91.5692138938096,91.5692138938096,"Rough","Avg. Reward Condition",40,"8",15,0,59,72,"Long",0.0419534161823346,0.484735659877248,NA,0.210622785097304,"localGP"
"2216",9,25,3,5,91.5692138938096,91.5692138938096,"Rough","Avg. Reward Condition",40,"8",15,0,59,72,"Long",0.0419534161823346,0.484735659877248,NA,0.210622785097304,"localGP"
"2217",9,26,3,5,91.5692138938096,91.5692138938096,"Rough","Avg. Reward Condition",40,"8",15,0,59,72,"Long",0.0419534161823346,0.484735659877248,NA,0.210622785097304,"localGP"
"2218",9,27,3,5,91.5692138938096,91.5692138938096,"Rough","Avg. Reward Condition",40,"8",15,0,59,72,"Long",0.0419534161823346,0.484735659877248,NA,0.210622785097304,"localGP"
"2219",9,28,3,5,91.5692138938096,91.5692138938096,"Rough","Avg. Reward Condition",40,"8",15,0,59,72,"Long",0.0419534161823346,0.484735659877248,NA,0.210622785097304,"localGP"
"2220",9,29,3,5,91.5692138938096,91.5692138938096,"Rough","Avg. Reward Condition",40,"8",15,0,59,72,"Long",0.0419534161823346,0.484735659877248,NA,0.210622785097304,"localGP"
"2221",9,30,3,5,91.5692138938096,91.5692138938096,"Rough","Avg. Reward Condition",40,"8",15,0,59,72,"Long",0.0419534161823346,0.484735659877248,NA,0.210622785097304,"localGP"
"2222",9,31,2,5,87.9015805668821,91.5692138938096,"Rough","Avg. Reward Condition",40,"8",15,0,58,72,"Long",0.0419534161823346,0.484735659877248,NA,0.210622785097304,"localGP"
"2223",9,32,2,6,90.2125642232632,91.5692138938096,"Rough","Avg. Reward Condition",40,"8",15,0,69,72,"Long",0.0419534161823346,0.484735659877248,NA,0.210622785097304,"localGP"
"2224",9,33,2,7,47.9284101510965,91.5692138938096,"Rough","Avg. Reward Condition",40,"8",15,0,80,72,"Long",0.0419534161823346,0.484735659877248,NA,0.210622785097304,"localGP"
"2225",9,34,2,6,90.2125642232632,91.5692138938096,"Rough","Avg. Reward Condition",40,"8",15,0,69,72,"Long",0.0419534161823346,0.484735659877248,NA,0.210622785097304,"localGP"
"2226",9,35,2,6,90.2125642232632,91.5692138938096,"Rough","Avg. Reward Condition",40,"8",15,0,69,72,"Long",0.0419534161823346,0.484735659877248,NA,0.210622785097304,"localGP"
"2227",9,36,2,5,87.9015805668821,91.5692138938096,"Rough","Avg. Reward Condition",40,"8",15,0,58,72,"Long",0.0419534161823346,0.484735659877248,NA,0.210622785097304,"localGP"
"2228",9,37,3,5,91.5692138938096,91.5692138938096,"Rough","Avg. Reward Condition",40,"8",15,0,59,72,"Long",0.0419534161823346,0.484735659877248,NA,0.210622785097304,"localGP"
"2229",9,38,2,5,87.9015805668821,91.5692138938096,"Rough","Avg. Reward Condition",40,"8",15,0,58,72,"Long",0.0419534161823346,0.484735659877248,NA,0.210622785097304,"localGP"
"2230",9,39,2,6,90.2125642232632,91.5692138938096,"Rough","Avg. Reward Condition",40,"8",15,0,69,72,"Long",0.0419534161823346,0.484735659877248,NA,0.210622785097304,"localGP"
"2231",9,40,2,5,87.9015805668821,91.5692138938096,"Rough","Avg. Reward Condition",40,"8",15,0,58,72,"Long",0.0419534161823346,0.484735659877248,NA,0.210622785097304,"localGP"
"2232",9,41,2,5,87.9015805668821,91.5692138938096,"Rough","Avg. Reward Condition",40,"8",15,0,58,72,"Long",0.0419534161823346,0.484735659877248,NA,0.210622785097304,"localGP"
"2233",10,1,9,8,62.1221519136899,62.1221519136899,"Rough","Avg. Reward Condition",40,"1",7,NA,98,73,"Long",0.0515928918218598,0.640002959754303,NA,0.211323631048756,"localGP"
"2234",10,2,8,8,50.5250509128817,62.1221519136899,"Rough","Avg. Reward Condition",40,"1",7,5,97,73,"Long",0.0515928918218598,0.640002959754303,NA,0.211323631048756,"localGP"
"2235",10,3,10,7,44.2918220402032,62.1221519136899,"Rough","Avg. Reward Condition",40,"1",7,5,88,73,"Long",0.0515928918218598,0.640002959754303,NA,0.211323631048756,"localGP"
"2236",10,4,6,4,72.5109856479773,72.5109856479773,"Rough","Avg. Reward Condition",40,"1",7,5,51,73,"Long",0.0515928918218598,0.640002959754303,NA,0.211323631048756,"localGP"
"2237",10,5,5,4,43.7941876820187,72.5109856479773,"Rough","Avg. Reward Condition",40,"1",7,1,50,73,"Long",0.0515928918218598,0.640002959754303,NA,0.211323631048756,"localGP"
"2238",10,6,8,3,69.467939664169,72.5109856479773,"Rough","Avg. Reward Condition",40,"1",7,6,42,73,"Long",0.0515928918218598,0.640002959754303,NA,0.211323631048756,"localGP"
"2239",10,7,9,3,45.8562384067227,72.5109856479773,"Rough","Avg. Reward Condition",40,"1",7,5,43,73,"Long",0.0515928918218598,0.640002959754303,NA,0.211323631048756,"localGP"
"2240",10,8,9,2,33.0324980399919,72.5109856479773,"Rough","Avg. Reward Condition",40,"1",7,2,32,73,"Long",0.0515928918218598,0.640002959754303,NA,0.211323631048756,"localGP"
"2241",10,9,0,7,40.3703125808271,72.5109856479773,"Rough","Avg. Reward Condition",40,"1",7,2,78,73,"Long",0.0515928918218598,0.640002959754303,NA,0.211323631048756,"localGP"
"2242",10,10,6,4,72.5109856479773,72.5109856479773,"Rough","Avg. Reward Condition",40,"1",7,2,51,73,"Long",0.0515928918218598,0.640002959754303,NA,0.211323631048756,"localGP"
"2243",10,11,7,4,76.4592320894519,76.4592320894519,"Rough","Avg. Reward Condition",40,"1",7,2,52,73,"Long",0.0515928918218598,0.640002959754303,NA,0.211323631048756,"localGP"
"2244",10,12,7,4,76.4592320894519,76.4592320894519,"Rough","Avg. Reward Condition",40,"1",7,1,52,73,"Long",0.0515928918218598,0.640002959754303,NA,0.211323631048756,"localGP"
"2245",10,13,7,5,60.2449538313095,76.4592320894519,"Rough","Avg. Reward Condition",40,"1",7,2,63,73,"Long",0.0515928918218598,0.640002959754303,NA,0.211323631048756,"localGP"
"2246",10,14,6,5,47.1321659100767,76.4592320894519,"Rough","Avg. Reward Condition",40,"1",7,2,62,73,"Long",0.0515928918218598,0.640002959754303,NA,0.211323631048756,"localGP"
"2247",10,15,7,5,60.2449538313095,76.4592320894519,"Rough","Avg. Reward Condition",40,"1",7,1,63,73,"Long",0.0515928918218598,0.640002959754303,NA,0.211323631048756,"localGP"
"2248",10,16,7,4,76.4592320894519,76.4592320894519,"Rough","Avg. Reward Condition",40,"1",7,2,52,73,"Long",0.0515928918218598,0.640002959754303,NA,0.211323631048756,"localGP"
"2249",10,17,10,2,31.2015949975012,76.4592320894519,"Rough","Avg. Reward Condition",40,"1",7,1,33,73,"Long",0.0515928918218598,0.640002959754303,NA,0.211323631048756,"localGP"
"2250",10,18,7,10,33.4220836815763,76.4592320894519,"Rough","Avg. Reward Condition",40,"1",7,3,118,73,"Long",0.0515928918218598,0.640002959754303,NA,0.211323631048756,"localGP"
"2251",10,19,7,8,65.9206763266324,76.4592320894519,"Rough","Avg. Reward Condition",40,"1",7,1,96,73,"Long",0.0515928918218598,0.640002959754303,NA,0.211323631048756,"localGP"
"2252",10,20,3,6,90.5286582157079,90.5286582157079,"Rough","Avg. Reward Condition",40,"1",7,2,70,73,"Long",0.0515928918218598,0.640002959754303,NA,0.211323631048756,"localGP"
"2253",10,21,3,6,90.5286582157079,90.5286582157079,"Rough","Avg. Reward Condition",40,"1",7,2,70,73,"Long",0.0515928918218598,0.640002959754303,NA,0.211323631048756,"localGP"
"2254",10,22,3,6,90.5286582157079,90.5286582157079,"Rough","Avg. Reward Condition",40,"1",7,1,70,73,"Long",0.0515928918218598,0.640002959754303,NA,0.211323631048756,"localGP"
"2255",10,23,3,6,90.5286582157079,90.5286582157079,"Rough","Avg. Reward Condition",40,"1",7,1,70,73,"Long",0.0515928918218598,0.640002959754303,NA,0.211323631048756,"localGP"
"2256",10,24,3,7,63.2387067485633,90.5286582157079,"Rough","Avg. Reward Condition",40,"1",7,1,81,73,"Long",0.0515928918218598,0.640002959754303,NA,0.211323631048756,"localGP"
"2257",10,25,3,6,90.5286582157079,90.5286582157079,"Rough","Avg. Reward Condition",40,"1",7,0,70,73,"Long",0.0515928918218598,0.640002959754303,NA,0.211323631048756,"localGP"
"2258",10,26,3,6,90.5286582157079,90.5286582157079,"Rough","Avg. Reward Condition",40,"1",7,1,70,73,"Long",0.0515928918218598,0.640002959754303,NA,0.211323631048756,"localGP"
"2259",10,27,3,6,90.5286582157079,90.5286582157079,"Rough","Avg. Reward Condition",40,"1",7,1,70,73,"Long",0.0515928918218598,0.640002959754303,NA,0.211323631048756,"localGP"
"2260",10,28,3,6,90.5286582157079,90.5286582157079,"Rough","Avg. Reward Condition",40,"1",7,1,70,73,"Long",0.0515928918218598,0.640002959754303,NA,0.211323631048756,"localGP"
"2261",10,29,3,6,90.5286582157079,90.5286582157079,"Rough","Avg. Reward Condition",40,"1",7,0,70,73,"Long",0.0515928918218598,0.640002959754303,NA,0.211323631048756,"localGP"
"2262",10,30,3,6,90.5286582157079,90.5286582157079,"Rough","Avg. Reward Condition",40,"1",7,1,70,73,"Long",0.0515928918218598,0.640002959754303,NA,0.211323631048756,"localGP"
"2263",10,31,2,6,61.2240030846988,90.5286582157079,"Rough","Avg. Reward Condition",40,"1",7,5,69,73,"Long",0.0515928918218598,0.640002959754303,NA,0.211323631048756,"localGP"
"2264",10,32,3,6,90.5286582157079,90.5286582157079,"Rough","Avg. Reward Condition",40,"1",7,8,70,73,"Long",0.0515928918218598,0.640002959754303,NA,0.211323631048756,"localGP"
"2265",10,33,3,6,90.5286582157079,90.5286582157079,"Rough","Avg. Reward Condition",40,"1",7,2,70,73,"Long",0.0515928918218598,0.640002959754303,NA,0.211323631048756,"localGP"
"2266",10,34,2,9,19.7561850844021,90.5286582157079,"Rough","Avg. Reward Condition",40,"1",7,7,102,73,"Long",0.0515928918218598,0.640002959754303,NA,0.211323631048756,"localGP"
"2267",10,35,3,6,90.5286582157079,90.5286582157079,"Rough","Avg. Reward Condition",40,"1",7,1,70,73,"Long",0.0515928918218598,0.640002959754303,NA,0.211323631048756,"localGP"
"2268",10,36,3,6,90.5286582157079,90.5286582157079,"Rough","Avg. Reward Condition",40,"1",7,1,70,73,"Long",0.0515928918218598,0.640002959754303,NA,0.211323631048756,"localGP"
"2269",10,37,3,6,90.5286582157079,90.5286582157079,"Rough","Avg. Reward Condition",40,"1",7,1,70,73,"Long",0.0515928918218598,0.640002959754303,NA,0.211323631048756,"localGP"
"2270",10,38,3,6,90.5286582157079,90.5286582157079,"Rough","Avg. Reward Condition",40,"1",7,7,70,73,"Long",0.0515928918218598,0.640002959754303,NA,0.211323631048756,"localGP"
"2271",10,39,4,5,66.807827900394,90.5286582157079,"Rough","Avg. Reward Condition",40,"1",7,1,60,73,"Long",0.0515928918218598,0.640002959754303,NA,0.211323631048756,"localGP"
"2272",10,40,4,6,84.1129360614595,90.5286582157079,"Rough","Avg. Reward Condition",40,"1",7,1,71,73,"Long",0.0515928918218598,0.640002959754303,NA,0.211323631048756,"localGP"
"2273",10,41,3,6,90.5286582157079,90.5286582157079,"Rough","Avg. Reward Condition",40,"1",7,1,70,73,"Long",0.0515928918218598,0.640002959754303,NA,0.211323631048756,"localGP"
"2274",10,1,2,3,88.3048631958372,88.3048631958372,"Rough","Avg. Reward Condition",20,"2",13,NA,36,74,"Short",0.0532676448452395,0.78503299227789,NA,0.230177919422928,"localGP"
"2275",10,2,3,3,80.5615551663229,88.3048631958372,"Rough","Avg. Reward Condition",20,"2",13,4,37,74,"Short",0.0532676448452395,0.78503299227789,NA,0.230177919422928,"localGP"
"2276",10,3,2,4,86.7630388184153,88.3048631958372,"Rough","Avg. Reward Condition",20,"2",13,1,47,74,"Short",0.0532676448452395,0.78503299227789,NA,0.230177919422928,"localGP"
"2277",10,4,2,3,88.3048631958372,88.3048631958372,"Rough","Avg. Reward Condition",20,"2",13,1,36,74,"Short",0.0532676448452395,0.78503299227789,NA,0.230177919422928,"localGP"
"2278",10,5,2,4,86.7630388184153,88.3048631958372,"Rough","Avg. Reward Condition",20,"2",13,1,47,74,"Short",0.0532676448452395,0.78503299227789,NA,0.230177919422928,"localGP"
"2279",10,6,3,4,69.0645761763699,88.3048631958372,"Rough","Avg. Reward Condition",20,"2",13,1,48,74,"Short",0.0532676448452395,0.78503299227789,NA,0.230177919422928,"localGP"
"2280",10,7,2,4,86.7630388184153,88.3048631958372,"Rough","Avg. Reward Condition",20,"2",13,1,47,74,"Short",0.0532676448452395,0.78503299227789,NA,0.230177919422928,"localGP"
"2281",10,8,2,3,88.3048631958372,88.3048631958372,"Rough","Avg. Reward Condition",20,"2",13,1,36,74,"Short",0.0532676448452395,0.78503299227789,NA,0.230177919422928,"localGP"
"2282",10,9,2,3,88.3048631958372,88.3048631958372,"Rough","Avg. Reward Condition",20,"2",13,1,36,74,"Short",0.0532676448452395,0.78503299227789,NA,0.230177919422928,"localGP"
"2283",10,10,2,3,88.3048631958372,88.3048631958372,"Rough","Avg. Reward Condition",20,"2",13,1,36,74,"Short",0.0532676448452395,0.78503299227789,NA,0.230177919422928,"localGP"
"2284",10,11,2,4,86.7630388184153,88.3048631958372,"Rough","Avg. Reward Condition",20,"2",13,1,47,74,"Short",0.0532676448452395,0.78503299227789,NA,0.230177919422928,"localGP"
"2285",10,12,2,3,88.3048631958372,88.3048631958372,"Rough","Avg. Reward Condition",20,"2",13,4,36,74,"Short",0.0532676448452395,0.78503299227789,NA,0.230177919422928,"localGP"
"2286",10,13,2,4,86.7630388184153,88.3048631958372,"Rough","Avg. Reward Condition",20,"2",13,2,47,74,"Short",0.0532676448452395,0.78503299227789,NA,0.230177919422928,"localGP"
"2287",10,14,1,4,57.8821067127826,88.3048631958372,"Rough","Avg. Reward Condition",20,"2",13,1,46,74,"Short",0.0532676448452395,0.78503299227789,NA,0.230177919422928,"localGP"
"2288",10,15,2,4,86.7630388184153,88.3048631958372,"Rough","Avg. Reward Condition",20,"2",13,2,47,74,"Short",0.0532676448452395,0.78503299227789,NA,0.230177919422928,"localGP"
"2289",10,16,2,3,88.3048631958372,88.3048631958372,"Rough","Avg. Reward Condition",20,"2",13,2,36,74,"Short",0.0532676448452395,0.78503299227789,NA,0.230177919422928,"localGP"
"2290",10,17,2,2,91.2685637119397,91.2685637119397,"Rough","Avg. Reward Condition",20,"2",13,1,25,74,"Short",0.0532676448452395,0.78503299227789,NA,0.230177919422928,"localGP"
"2291",10,18,2,2,91.2685637119397,91.2685637119397,"Rough","Avg. Reward Condition",20,"2",13,5,25,74,"Short",0.0532676448452395,0.78503299227789,NA,0.230177919422928,"localGP"
"2292",10,19,0,0,69.6664055105251,91.2685637119397,"Rough","Avg. Reward Condition",20,"2",13,2,1,74,"Short",0.0532676448452395,0.78503299227789,NA,0.230177919422928,"localGP"
"2293",10,20,0,1,47.5057536535345,91.2685637119397,"Rough","Avg. Reward Condition",20,"2",13,5,12,74,"Short",0.0532676448452395,0.78503299227789,NA,0.230177919422928,"localGP"
"2294",10,21,7,1,24.4745500697421,91.2685637119397,"Rough","Avg. Reward Condition",20,"2",13,1,19,74,"Short",0.0532676448452395,0.78503299227789,NA,0.230177919422928,"localGP"
"2295",10,1,6,0,31.7584982892941,31.7584982892941,"Rough","Avg. Reward Condition",40,"3",0,NA,7,75,"Long",0.0505120343650039,0.606946725243341,NA,0.202268689229857,"localGP"
"2296",10,2,0,3,67.8002087512036,67.8002087512036,"Rough","Avg. Reward Condition",40,"3",0,8,34,75,"Long",0.0505120343650039,0.606946725243341,NA,0.202268689229857,"localGP"
"2297",10,3,5,3,61.5900335380626,67.8002087512036,"Rough","Avg. Reward Condition",40,"3",0,2,39,75,"Long",0.0505120343650039,0.606946725243341,NA,0.202268689229857,"localGP"
"2298",10,4,6,3,44.3716523377351,67.8002087512036,"Rough","Avg. Reward Condition",40,"3",0,6,40,75,"Long",0.0505120343650039,0.606946725243341,NA,0.202268689229857,"localGP"
"2299",10,5,4,10,33.7085018505347,67.8002087512036,"Rough","Avg. Reward Condition",40,"3",0,6,115,75,"Long",0.0505120343650039,0.606946725243341,NA,0.202268689229857,"localGP"
"2300",10,6,8,1,18.2055379783708,67.8002087512036,"Rough","Avg. Reward Condition",40,"3",0,1,20,75,"Long",0.0505120343650039,0.606946725243341,NA,0.202268689229857,"localGP"
"2301",10,7,6,1,20.6016999282739,67.8002087512036,"Rough","Avg. Reward Condition",40,"3",0,2,18,75,"Long",0.0505120343650039,0.606946725243341,NA,0.202268689229857,"localGP"
"2302",10,8,8,0,45.9420828127071,67.8002087512036,"Rough","Avg. Reward Condition",40,"3",0,5,9,75,"Long",0.0505120343650039,0.606946725243341,NA,0.202268689229857,"localGP"
"2303",10,9,10,0,53.5439418376189,67.8002087512036,"Rough","Avg. Reward Condition",40,"3",0,1,11,75,"Long",0.0505120343650039,0.606946725243341,NA,0.202268689229857,"localGP"
"2304",10,10,9,0,44.764827701854,67.8002087512036,"Rough","Avg. Reward Condition",40,"3",0,1,10,75,"Long",0.0505120343650039,0.606946725243341,NA,0.202268689229857,"localGP"
"2305",10,11,4,8,67.9616061763023,67.9616061763023,"Rough","Avg. Reward Condition",40,"3",0,1,93,75,"Long",0.0505120343650039,0.606946725243341,NA,0.202268689229857,"localGP"
"2306",10,12,5,8,68.8909705274262,68.8909705274262,"Rough","Avg. Reward Condition",40,"3",0,2,94,75,"Long",0.0505120343650039,0.606946725243341,NA,0.202268689229857,"localGP"
"2307",10,13,5,7,46.7426538325774,68.8909705274262,"Rough","Avg. Reward Condition",40,"3",0,2,83,75,"Long",0.0505120343650039,0.606946725243341,NA,0.202268689229857,"localGP"
"2308",10,14,6,7,57.6061006011955,68.8909705274262,"Rough","Avg. Reward Condition",40,"3",0,1,84,75,"Long",0.0505120343650039,0.606946725243341,NA,0.202268689229857,"localGP"
"2309",10,15,0,7,100,100,"Rough","Avg. Reward Condition",40,"3",0,2,78,75,"Long",0.0505120343650039,0.606946725243341,NA,0.202268689229857,"localGP"
"2310",10,16,0,7,100,100,"Rough","Avg. Reward Condition",40,"3",0,1,78,75,"Long",0.0505120343650039,0.606946725243341,NA,0.202268689229857,"localGP"
"2311",10,17,0,7,100,100,"Rough","Avg. Reward Condition",40,"3",0,1,78,75,"Long",0.0505120343650039,0.606946725243341,NA,0.202268689229857,"localGP"
"2312",10,18,1,7,65.8282604254796,100,"Rough","Avg. Reward Condition",40,"3",0,2,79,75,"Long",0.0505120343650039,0.606946725243341,NA,0.202268689229857,"localGP"
"2313",10,19,0,7,100,100,"Rough","Avg. Reward Condition",40,"3",0,1,78,75,"Long",0.0505120343650039,0.606946725243341,NA,0.202268689229857,"localGP"
"2314",10,20,0,7,100,100,"Rough","Avg. Reward Condition",40,"3",0,1,78,75,"Long",0.0505120343650039,0.606946725243341,NA,0.202268689229857,"localGP"
"2315",10,21,0,7,100,100,"Rough","Avg. Reward Condition",40,"3",0,2,78,75,"Long",0.0505120343650039,0.606946725243341,NA,0.202268689229857,"localGP"
"2316",10,22,0,7,100,100,"Rough","Avg. Reward Condition",40,"3",0,1,78,75,"Long",0.0505120343650039,0.606946725243341,NA,0.202268689229857,"localGP"
"2317",10,23,0,7,100,100,"Rough","Avg. Reward Condition",40,"3",0,6,78,75,"Long",0.0505120343650039,0.606946725243341,NA,0.202268689229857,"localGP"
"2318",10,24,0,7,100,100,"Rough","Avg. Reward Condition",40,"3",0,4,78,75,"Long",0.0505120343650039,0.606946725243341,NA,0.202268689229857,"localGP"
"2319",10,25,0,7,100,100,"Rough","Avg. Reward Condition",40,"3",0,8,78,75,"Long",0.0505120343650039,0.606946725243341,NA,0.202268689229857,"localGP"
"2320",10,26,0,7,100,100,"Rough","Avg. Reward Condition",40,"3",0,1,78,75,"Long",0.0505120343650039,0.606946725243341,NA,0.202268689229857,"localGP"
"2321",10,27,0,7,100,100,"Rough","Avg. Reward Condition",40,"3",0,2,78,75,"Long",0.0505120343650039,0.606946725243341,NA,0.202268689229857,"localGP"
"2322",10,28,0,7,100,100,"Rough","Avg. Reward Condition",40,"3",0,1,78,75,"Long",0.0505120343650039,0.606946725243341,NA,0.202268689229857,"localGP"
"2323",10,29,0,6,86.6558005262952,100,"Rough","Avg. Reward Condition",40,"3",0,1,67,75,"Long",0.0505120343650039,0.606946725243341,NA,0.202268689229857,"localGP"
"2324",10,30,0,6,86.6558005262952,100,"Rough","Avg. Reward Condition",40,"3",0,1,67,75,"Long",0.0505120343650039,0.606946725243341,NA,0.202268689229857,"localGP"
"2325",10,31,0,7,100,100,"Rough","Avg. Reward Condition",40,"3",0,1,78,75,"Long",0.0505120343650039,0.606946725243341,NA,0.202268689229857,"localGP"
"2326",10,32,0,7,100,100,"Rough","Avg. Reward Condition",40,"3",0,3,78,75,"Long",0.0505120343650039,0.606946725243341,NA,0.202268689229857,"localGP"
"2327",10,33,0,7,100,100,"Rough","Avg. Reward Condition",40,"3",0,1,78,75,"Long",0.0505120343650039,0.606946725243341,NA,0.202268689229857,"localGP"
"2328",10,34,0,7,100,100,"Rough","Avg. Reward Condition",40,"3",0,2,78,75,"Long",0.0505120343650039,0.606946725243341,NA,0.202268689229857,"localGP"
"2329",10,35,0,7,100,100,"Rough","Avg. Reward Condition",40,"3",0,0,78,75,"Long",0.0505120343650039,0.606946725243341,NA,0.202268689229857,"localGP"
"2330",10,36,0,7,100,100,"Rough","Avg. Reward Condition",40,"3",0,11,78,75,"Long",0.0505120343650039,0.606946725243341,NA,0.202268689229857,"localGP"
"2331",10,37,0,7,100,100,"Rough","Avg. Reward Condition",40,"3",0,1,78,75,"Long",0.0505120343650039,0.606946725243341,NA,0.202268689229857,"localGP"
"2332",10,38,0,7,100,100,"Rough","Avg. Reward Condition",40,"3",0,0,78,75,"Long",0.0505120343650039,0.606946725243341,NA,0.202268689229857,"localGP"
"2333",10,39,0,7,100,100,"Rough","Avg. Reward Condition",40,"3",0,1,78,75,"Long",0.0505120343650039,0.606946725243341,NA,0.202268689229857,"localGP"
"2334",10,40,0,7,100,100,"Rough","Avg. Reward Condition",40,"3",0,2,78,75,"Long",0.0505120343650039,0.606946725243341,NA,0.202268689229857,"localGP"
"2335",10,41,0,7,100,100,"Rough","Avg. Reward Condition",40,"3",0,2,78,75,"Long",0.0505120343650039,0.606946725243341,NA,0.202268689229857,"localGP"
"2336",10,1,10,7,65.5347594322433,65.5347594322433,"Rough","Avg. Reward Condition",20,"4",19,NA,88,76,"Short",0.0501535286293698,0.660657586653342,NA,0.237187329300591,"localGP"
"2337",10,2,10,8,61.9465090311745,65.5347594322433,"Rough","Avg. Reward Condition",20,"4",19,7,99,76,"Short",0.0501535286293698,0.660657586653342,NA,0.237187329300591,"localGP"
"2338",10,3,9,8,78.8036694153572,78.8036694153572,"Rough","Avg. Reward Condition",20,"4",19,1,98,76,"Short",0.0501535286293698,0.660657586653342,NA,0.237187329300591,"localGP"
"2339",10,4,9,9,85.2726059415545,85.2726059415545,"Rough","Avg. Reward Condition",20,"4",19,9,109,76,"Short",0.0501535286293698,0.660657586653342,NA,0.237187329300591,"localGP"
"2340",10,5,9,10,65.8121215823365,85.2726059415545,"Rough","Avg. Reward Condition",20,"4",19,1,120,76,"Short",0.0501535286293698,0.660657586653342,NA,0.237187329300591,"localGP"
"2341",10,6,10,10,48.742053566176,85.2726059415545,"Rough","Avg. Reward Condition",20,"4",19,1,121,76,"Short",0.0501535286293698,0.660657586653342,NA,0.237187329300591,"localGP"
"2342",10,7,10,9,46.6801278336504,85.2726059415545,"Rough","Avg. Reward Condition",20,"4",19,1,110,76,"Short",0.0501535286293698,0.660657586653342,NA,0.237187329300591,"localGP"
"2343",10,8,9,9,85.2726059415545,85.2726059415545,"Rough","Avg. Reward Condition",20,"4",19,2,109,76,"Short",0.0501535286293698,0.660657586653342,NA,0.237187329300591,"localGP"
"2344",10,9,8,9,63.1901515290244,85.2726059415545,"Rough","Avg. Reward Condition",20,"4",19,2,108,76,"Short",0.0501535286293698,0.660657586653342,NA,0.237187329300591,"localGP"
"2345",10,10,8,9,63.1901515290244,85.2726059415545,"Rough","Avg. Reward Condition",20,"4",19,1,108,76,"Short",0.0501535286293698,0.660657586653342,NA,0.237187329300591,"localGP"
"2346",10,11,9,9,85.2726059415545,85.2726059415545,"Rough","Avg. Reward Condition",20,"4",19,1,109,76,"Short",0.0501535286293698,0.660657586653342,NA,0.237187329300591,"localGP"
"2347",10,12,0,6,11.8398753929307,85.2726059415545,"Rough","Avg. Reward Condition",20,"4",19,2,67,76,"Short",0.0501535286293698,0.660657586653342,NA,0.237187329300591,"localGP"
"2348",10,13,0,2,43.4289249279307,85.2726059415545,"Rough","Avg. Reward Condition",20,"4",19,1,23,76,"Short",0.0501535286293698,0.660657586653342,NA,0.237187329300591,"localGP"
"2349",10,14,2,9,37.1930665923262,85.2726059415545,"Rough","Avg. Reward Condition",20,"4",19,1,102,76,"Short",0.0501535286293698,0.660657586653342,NA,0.237187329300591,"localGP"
"2350",10,15,0,8,57.2031215387433,85.2726059415545,"Rough","Avg. Reward Condition",20,"4",19,1,89,76,"Short",0.0501535286293698,0.660657586653342,NA,0.237187329300591,"localGP"
"2351",10,16,0,7,33.3808770491381,85.2726059415545,"Rough","Avg. Reward Condition",20,"4",19,1,78,76,"Short",0.0501535286293698,0.660657586653342,NA,0.237187329300591,"localGP"
"2352",10,17,4,3,10.1017888022861,85.2726059415545,"Rough","Avg. Reward Condition",20,"4",19,1,38,76,"Short",0.0501535286293698,0.660657586653342,NA,0.237187329300591,"localGP"
"2353",10,18,7,3,80.7703625318279,85.2726059415545,"Rough","Avg. Reward Condition",20,"4",19,5,41,76,"Short",0.0501535286293698,0.660657586653342,NA,0.237187329300591,"localGP"
"2354",10,19,6,3,86.4985901727727,86.4985901727727,"Rough","Avg. Reward Condition",20,"4",19,1,40,76,"Short",0.0501535286293698,0.660657586653342,NA,0.237187329300591,"localGP"
"2355",10,20,6,3,86.4985901727727,86.4985901727727,"Rough","Avg. Reward Condition",20,"4",19,1,40,76,"Short",0.0501535286293698,0.660657586653342,NA,0.237187329300591,"localGP"
"2356",10,21,6,3,86.4985901727727,86.4985901727727,"Rough","Avg. Reward Condition",20,"4",19,0,40,76,"Short",0.0501535286293698,0.660657586653342,NA,0.237187329300591,"localGP"
"2357",10,1,0,6,44.4460602497273,44.4460602497273,"Rough","Avg. Reward Condition",40,"5",10,NA,67,77,"Long",0.0603476737771712,0.614779307744062,NA,0.295333294876354,"localGP"
"2358",10,2,6,4,54.6685625446388,54.6685625446388,"Rough","Avg. Reward Condition",40,"5",10,7,51,77,"Long",0.0603476737771712,0.614779307744062,NA,0.295333294876354,"localGP"
"2359",10,3,5,4,50.0192532451503,54.6685625446388,"Rough","Avg. Reward Condition",40,"5",10,7,50,77,"Long",0.0603476737771712,0.614779307744062,NA,0.295333294876354,"localGP"
"2360",10,4,9,2,45.2192972308501,54.6685625446388,"Rough","Avg. Reward Condition",40,"5",10,7,32,77,"Long",0.0603476737771712,0.614779307744062,NA,0.295333294876354,"localGP"
"2361",10,5,2,10,38.266332364979,54.6685625446388,"Rough","Avg. Reward Condition",40,"5",10,1,113,77,"Long",0.0603476737771712,0.614779307744062,NA,0.295333294876354,"localGP"
"2362",10,6,4,10,4.45923290838183,54.6685625446388,"Rough","Avg. Reward Condition",40,"5",10,1,115,77,"Long",0.0603476737771712,0.614779307744062,NA,0.295333294876354,"localGP"
"2363",10,7,2,5,54.3562924005925,54.6685625446388,"Rough","Avg. Reward Condition",40,"5",10,0,58,77,"Long",0.0603476737771712,0.614779307744062,NA,0.295333294876354,"localGP"
"2364",10,8,1,1,27.8495528715729,54.6685625446388,"Rough","Avg. Reward Condition",40,"5",10,2,13,77,"Long",0.0603476737771712,0.614779307744062,NA,0.295333294876354,"localGP"
"2365",10,9,2,0,38.9511021226629,54.6685625446388,"Rough","Avg. Reward Condition",40,"5",10,1,3,77,"Long",0.0603476737771712,0.614779307744062,NA,0.295333294876354,"localGP"
"2366",10,10,0,2,68.7680082177569,68.7680082177569,"Rough","Avg. Reward Condition",40,"5",10,2,23,77,"Long",0.0603476737771712,0.614779307744062,NA,0.295333294876354,"localGP"
"2367",10,11,1,3,55.7844556265517,68.7680082177569,"Rough","Avg. Reward Condition",40,"5",10,1,35,77,"Long",0.0603476737771712,0.614779307744062,NA,0.295333294876354,"localGP"
"2368",10,12,8,2,57.307222927851,68.7680082177569,"Rough","Avg. Reward Condition",40,"5",10,1,31,77,"Long",0.0603476737771712,0.614779307744062,NA,0.295333294876354,"localGP"
"2369",10,13,6,2,77.623663955121,77.623663955121,"Rough","Avg. Reward Condition",40,"5",10,7,29,77,"Long",0.0603476737771712,0.614779307744062,NA,0.295333294876354,"localGP"
"2370",10,14,6,2,77.623663955121,77.623663955121,"Rough","Avg. Reward Condition",40,"5",10,5,29,77,"Long",0.0603476737771712,0.614779307744062,NA,0.295333294876354,"localGP"
"2371",10,15,8,0,51.8507217555431,77.623663955121,"Rough","Avg. Reward Condition",40,"5",10,4,9,77,"Long",0.0603476737771712,0.614779307744062,NA,0.295333294876354,"localGP"
"2372",10,16,8,1,54.5000391285094,77.623663955121,"Rough","Avg. Reward Condition",40,"5",10,9,20,77,"Long",0.0603476737771712,0.614779307744062,NA,0.295333294876354,"localGP"
"2373",10,17,2,8,51.8875226536614,77.623663955121,"Rough","Avg. Reward Condition",40,"5",10,1,91,77,"Long",0.0603476737771712,0.614779307744062,NA,0.295333294876354,"localGP"
"2374",10,18,3,8,54.1275167425475,77.623663955121,"Rough","Avg. Reward Condition",40,"5",10,2,92,77,"Long",0.0603476737771712,0.614779307744062,NA,0.295333294876354,"localGP"
"2375",10,19,3,7,68.6339099521152,77.623663955121,"Rough","Avg. Reward Condition",40,"5",10,6,81,77,"Long",0.0603476737771712,0.614779307744062,NA,0.295333294876354,"localGP"
"2376",10,20,3,6,70.1588765725944,77.623663955121,"Rough","Avg. Reward Condition",40,"5",10,5,70,77,"Long",0.0603476737771712,0.614779307744062,NA,0.295333294876354,"localGP"
"2377",10,21,2,6,66.3176566242465,77.623663955121,"Rough","Avg. Reward Condition",40,"5",10,5,69,77,"Long",0.0603476737771712,0.614779307744062,NA,0.295333294876354,"localGP"
"2378",10,22,2,7,63.6213705397212,77.623663955121,"Rough","Avg. Reward Condition",40,"5",10,11,80,77,"Long",0.0603476737771712,0.614779307744062,NA,0.295333294876354,"localGP"
"2379",10,23,3,3,87.6831078392133,87.6831078392133,"Rough","Avg. Reward Condition",40,"5",10,3,37,77,"Long",0.0603476737771712,0.614779307744062,NA,0.295333294876354,"localGP"
"2380",10,24,3,2,58.9766483666513,87.6831078392133,"Rough","Avg. Reward Condition",40,"5",10,0,26,77,"Long",0.0603476737771712,0.614779307744062,NA,0.295333294876354,"localGP"
"2381",10,25,3,3,87.6831078392133,87.6831078392133,"Rough","Avg. Reward Condition",40,"5",10,0,37,77,"Long",0.0603476737771712,0.614779307744062,NA,0.295333294876354,"localGP"
"2382",10,26,2,3,100,100,"Rough","Avg. Reward Condition",40,"5",10,0,36,77,"Long",0.0603476737771712,0.614779307744062,NA,0.295333294876354,"localGP"
"2383",10,27,2,3,100,100,"Rough","Avg. Reward Condition",40,"5",10,0,36,77,"Long",0.0603476737771712,0.614779307744062,NA,0.295333294876354,"localGP"
"2384",10,28,2,3,100,100,"Rough","Avg. Reward Condition",40,"5",10,0,36,77,"Long",0.0603476737771712,0.614779307744062,NA,0.295333294876354,"localGP"
"2385",10,29,2,3,100,100,"Rough","Avg. Reward Condition",40,"5",10,0,36,77,"Long",0.0603476737771712,0.614779307744062,NA,0.295333294876354,"localGP"
"2386",10,30,2,4,68.2811565221098,100,"Rough","Avg. Reward Condition",40,"5",10,0,47,77,"Long",0.0603476737771712,0.614779307744062,NA,0.295333294876354,"localGP"
"2387",10,31,2,2,84.7630980686561,100,"Rough","Avg. Reward Condition",40,"5",10,0,25,77,"Long",0.0603476737771712,0.614779307744062,NA,0.295333294876354,"localGP"
"2388",10,32,2,3,100,100,"Rough","Avg. Reward Condition",40,"5",10,0,36,77,"Long",0.0603476737771712,0.614779307744062,NA,0.295333294876354,"localGP"
"2389",10,33,2,3,100,100,"Rough","Avg. Reward Condition",40,"5",10,0,36,77,"Long",0.0603476737771712,0.614779307744062,NA,0.295333294876354,"localGP"
"2390",10,34,2,3,100,100,"Rough","Avg. Reward Condition",40,"5",10,0,36,77,"Long",0.0603476737771712,0.614779307744062,NA,0.295333294876354,"localGP"
"2391",10,35,2,3,100,100,"Rough","Avg. Reward Condition",40,"5",10,0,36,77,"Long",0.0603476737771712,0.614779307744062,NA,0.295333294876354,"localGP"
"2392",10,36,2,4,68.2811565221098,100,"Rough","Avg. Reward Condition",40,"5",10,0,47,77,"Long",0.0603476737771712,0.614779307744062,NA,0.295333294876354,"localGP"
"2393",10,37,3,4,73.1932360426665,100,"Rough","Avg. Reward Condition",40,"5",10,0,48,77,"Long",0.0603476737771712,0.614779307744062,NA,0.295333294876354,"localGP"
"2394",10,38,0,6,44.4460602497273,100,"Rough","Avg. Reward Condition",40,"5",10,0,67,77,"Long",0.0603476737771712,0.614779307744062,NA,0.295333294876354,"localGP"
"2395",10,39,1,7,37.2168883613835,100,"Rough","Avg. Reward Condition",40,"5",10,0,79,77,"Long",0.0603476737771712,0.614779307744062,NA,0.295333294876354,"localGP"
"2396",10,40,8,10,42.4353725916264,100,"Rough","Avg. Reward Condition",40,"5",10,0,119,77,"Long",0.0603476737771712,0.614779307744062,NA,0.295333294876354,"localGP"
"2397",10,41,9,1,41.1826185307411,100,"Rough","Avg. Reward Condition",40,"5",10,0,21,77,"Long",0.0603476737771712,0.614779307744062,NA,0.295333294876354,"localGP"
"2398",10,1,5,2,41.5069107029267,41.5069107029267,"Rough","Avg. Reward Condition",20,"6",3,NA,28,78,"Short",0.0638526327753153,0.707916236723702,NA,0.332767890480051,"localGP"
"2399",10,2,6,4,44.9938943868475,44.9938943868475,"Rough","Avg. Reward Condition",20,"6",3,8,51,78,"Short",0.0638526327753153,0.707916236723702,NA,0.332767890480051,"localGP"
"2400",10,3,5,4,50.7453556763626,50.7453556763626,"Rough","Avg. Reward Condition",20,"6",3,1,50,78,"Short",0.0638526327753153,0.707916236723702,NA,0.332767890480051,"localGP"
"2401",10,4,5,5,43.9510730907808,50.7453556763626,"Rough","Avg. Reward Condition",20,"6",3,3,61,78,"Short",0.0638526327753153,0.707916236723702,NA,0.332767890480051,"localGP"
"2402",10,5,2,6,23.2904809961193,50.7453556763626,"Rough","Avg. Reward Condition",20,"6",3,1,69,78,"Short",0.0638526327753153,0.707916236723702,NA,0.332767890480051,"localGP"
"2403",10,6,3,9,34.2308196007598,50.7453556763626,"Rough","Avg. Reward Condition",20,"6",3,1,103,78,"Short",0.0638526327753153,0.707916236723702,NA,0.332767890480051,"localGP"
"2404",10,7,3,10,27.8257568342711,50.7453556763626,"Rough","Avg. Reward Condition",20,"6",3,2,114,78,"Short",0.0638526327753153,0.707916236723702,NA,0.332767890480051,"localGP"
"2405",10,8,3,1,50.2535839853103,50.7453556763626,"Rough","Avg. Reward Condition",20,"6",3,0,15,78,"Short",0.0638526327753153,0.707916236723702,NA,0.332767890480051,"localGP"
"2406",10,9,3,0,54.3215308277362,54.3215308277362,"Rough","Avg. Reward Condition",20,"6",3,0,4,78,"Short",0.0638526327753153,0.707916236723702,NA,0.332767890480051,"localGP"
"2407",10,10,2,0,30.4119730955053,54.3215308277362,"Rough","Avg. Reward Condition",20,"6",3,0,3,78,"Short",0.0638526327753153,0.707916236723702,NA,0.332767890480051,"localGP"
"2408",10,11,2,3,30.603751713123,54.3215308277362,"Rough","Avg. Reward Condition",20,"6",3,0,36,78,"Short",0.0638526327753153,0.707916236723702,NA,0.332767890480051,"localGP"
"2409",10,12,1,3,44.0291099812152,54.3215308277362,"Rough","Avg. Reward Condition",20,"6",3,0,35,78,"Short",0.0638526327753153,0.707916236723702,NA,0.332767890480051,"localGP"
"2410",10,13,1,2,73.9442731369025,73.9442731369025,"Rough","Avg. Reward Condition",20,"6",3,0,24,78,"Short",0.0638526327753153,0.707916236723702,NA,0.332767890480051,"localGP"
"2411",10,14,1,2,73.9442731369025,73.9442731369025,"Rough","Avg. Reward Condition",20,"6",3,0,24,78,"Short",0.0638526327753153,0.707916236723702,NA,0.332767890480051,"localGP"
"2412",10,15,0,2,79.3285213093921,79.3285213093921,"Rough","Avg. Reward Condition",20,"6",3,0,23,78,"Short",0.0638526327753153,0.707916236723702,NA,0.332767890480051,"localGP"
"2413",10,16,0,3,46.9181544218078,79.3285213093921,"Rough","Avg. Reward Condition",20,"6",3,0,34,78,"Short",0.0638526327753153,0.707916236723702,NA,0.332767890480051,"localGP"
"2414",10,17,0,2,79.3285213093921,79.3285213093921,"Rough","Avg. Reward Condition",20,"6",3,0,23,78,"Short",0.0638526327753153,0.707916236723702,NA,0.332767890480051,"localGP"
"2415",10,18,0,2,79.3285213093921,79.3285213093921,"Rough","Avg. Reward Condition",20,"6",3,0,23,78,"Short",0.0638526327753153,0.707916236723702,NA,0.332767890480051,"localGP"
"2416",10,19,0,1,65.8842210019146,79.3285213093921,"Rough","Avg. Reward Condition",20,"6",3,0,12,78,"Short",0.0638526327753153,0.707916236723702,NA,0.332767890480051,"localGP"
"2417",10,20,1,8,25.0569515805629,79.3285213093921,"Rough","Avg. Reward Condition",20,"6",3,0,90,78,"Short",0.0638526327753153,0.707916236723702,NA,0.332767890480051,"localGP"
"2418",10,21,7,9,92.1104494537164,92.1104494537164,"Rough","Avg. Reward Condition",20,"6",3,0,107,78,"Short",0.0638526327753153,0.707916236723702,NA,0.332767890480051,"localGP"
"2419",10,1,8,4,60.2211526419582,60.2211526419582,"Rough","Avg. Reward Condition",40,"7",8,NA,53,79,"Long",0.0643051664282223,0.679043084168283,NA,0.283038801000428,"localGP"
"2420",10,2,7,4,51.6827805309329,60.2211526419582,"Rough","Avg. Reward Condition",40,"7",8,8,52,79,"Long",0.0643051664282223,0.679043084168283,NA,0.283038801000428,"localGP"
"2421",10,3,7,5,62.0812481900124,62.0812481900124,"Rough","Avg. Reward Condition",40,"7",8,1,63,79,"Long",0.0643051664282223,0.679043084168283,NA,0.283038801000428,"localGP"
"2422",10,4,4,0,60.8338866583658,62.0812481900124,"Rough","Avg. Reward Condition",40,"7",8,2,5,79,"Long",0.0643051664282223,0.679043084168283,NA,0.283038801000428,"localGP"
"2423",10,5,5,0,59.2644023851676,62.0812481900124,"Rough","Avg. Reward Condition",40,"7",8,1,6,79,"Long",0.0643051664282223,0.679043084168283,NA,0.283038801000428,"localGP"
"2424",10,6,6,1,48.2263547700318,62.0812481900124,"Rough","Avg. Reward Condition",40,"7",8,2,18,79,"Long",0.0643051664282223,0.679043084168283,NA,0.283038801000428,"localGP"
"2425",10,7,8,2,46.8578212721829,62.0812481900124,"Rough","Avg. Reward Condition",40,"7",8,2,31,79,"Long",0.0643051664282223,0.679043084168283,NA,0.283038801000428,"localGP"
"2426",10,8,9,2,75.3584348689062,75.3584348689062,"Rough","Avg. Reward Condition",40,"7",8,1,32,79,"Long",0.0643051664282223,0.679043084168283,NA,0.283038801000428,"localGP"
"2427",10,9,10,2,57.5348979137983,75.3584348689062,"Rough","Avg. Reward Condition",40,"7",8,0,33,79,"Long",0.0643051664282223,0.679043084168283,NA,0.283038801000428,"localGP"
"2428",10,10,3,2,5.15807402836249,75.3584348689062,"Rough","Avg. Reward Condition",40,"7",8,0,26,79,"Long",0.0643051664282223,0.679043084168283,NA,0.283038801000428,"localGP"
"2429",10,11,10,3,75.7135998190363,75.7135998190363,"Rough","Avg. Reward Condition",40,"7",8,0,44,79,"Long",0.0643051664282223,0.679043084168283,NA,0.283038801000428,"localGP"
"2430",10,12,9,3,83.0323065830004,83.0323065830004,"Rough","Avg. Reward Condition",40,"7",8,0,43,79,"Long",0.0643051664282223,0.679043084168283,NA,0.283038801000428,"localGP"
"2431",10,13,9,4,91.0101706017793,91.0101706017793,"Rough","Avg. Reward Condition",40,"7",8,0,54,79,"Long",0.0643051664282223,0.679043084168283,NA,0.283038801000428,"localGP"
"2432",10,14,9,4,91.0101706017793,91.0101706017793,"Rough","Avg. Reward Condition",40,"7",8,0,54,79,"Long",0.0643051664282223,0.679043084168283,NA,0.283038801000428,"localGP"
"2433",10,15,9,3,83.0323065830004,91.0101706017793,"Rough","Avg. Reward Condition",40,"7",8,0,43,79,"Long",0.0643051664282223,0.679043084168283,NA,0.283038801000428,"localGP"
"2434",10,16,9,3,83.0323065830004,91.0101706017793,"Rough","Avg. Reward Condition",40,"7",8,0,43,79,"Long",0.0643051664282223,0.679043084168283,NA,0.283038801000428,"localGP"
"2435",10,17,5,6,43.2423959719255,91.0101706017793,"Rough","Avg. Reward Condition",40,"7",8,0,72,79,"Long",0.0643051664282223,0.679043084168283,NA,0.283038801000428,"localGP"
"2436",10,18,3,6,92.3422522413602,92.3422522413602,"Rough","Avg. Reward Condition",40,"7",8,0,70,79,"Long",0.0643051664282223,0.679043084168283,NA,0.283038801000428,"localGP"
"2437",10,19,4,6,92.5612285235121,92.5612285235121,"Rough","Avg. Reward Condition",40,"7",8,0,71,79,"Long",0.0643051664282223,0.679043084168283,NA,0.283038801000428,"localGP"
"2438",10,20,3,6,92.3422522413602,92.5612285235121,"Rough","Avg. Reward Condition",40,"7",8,0,70,79,"Long",0.0643051664282223,0.679043084168283,NA,0.283038801000428,"localGP"
"2439",10,21,4,7,87.7929185379322,92.5612285235121,"Rough","Avg. Reward Condition",40,"7",8,0,82,79,"Long",0.0643051664282223,0.679043084168283,NA,0.283038801000428,"localGP"
"2440",10,22,4,6,92.5612285235121,92.5612285235121,"Rough","Avg. Reward Condition",40,"7",8,0,71,79,"Long",0.0643051664282223,0.679043084168283,NA,0.283038801000428,"localGP"
"2441",10,23,4,5,81.9160830308222,92.5612285235121,"Rough","Avg. Reward Condition",40,"7",8,0,60,79,"Long",0.0643051664282223,0.679043084168283,NA,0.283038801000428,"localGP"
"2442",10,24,4,6,92.5612285235121,92.5612285235121,"Rough","Avg. Reward Condition",40,"7",8,0,71,79,"Long",0.0643051664282223,0.679043084168283,NA,0.283038801000428,"localGP"
"2443",10,25,5,3,43.5148638021869,92.5612285235121,"Rough","Avg. Reward Condition",40,"7",8,0,39,79,"Long",0.0643051664282223,0.679043084168283,NA,0.283038801000428,"localGP"
"2444",10,26,9,1,51.1161820645571,92.5612285235121,"Rough","Avg. Reward Condition",40,"7",8,0,21,79,"Long",0.0643051664282223,0.679043084168283,NA,0.283038801000428,"localGP"
"2445",10,27,10,1,40.1836169652237,92.5612285235121,"Rough","Avg. Reward Condition",40,"7",8,0,22,79,"Long",0.0643051664282223,0.679043084168283,NA,0.283038801000428,"localGP"
"2446",10,28,8,8,0,92.5612285235121,"Rough","Avg. Reward Condition",40,"7",8,0,97,79,"Long",0.0643051664282223,0.679043084168283,NA,0.283038801000428,"localGP"
"2447",10,29,10,8,76.4183100211284,92.5612285235121,"Rough","Avg. Reward Condition",40,"7",8,0,99,79,"Long",0.0643051664282223,0.679043084168283,NA,0.283038801000428,"localGP"
"2448",10,30,2,9,45.8472757192181,92.5612285235121,"Rough","Avg. Reward Condition",40,"7",8,0,102,79,"Long",0.0643051664282223,0.679043084168283,NA,0.283038801000428,"localGP"
"2449",10,31,2,10,80.310641709381,92.5612285235121,"Rough","Avg. Reward Condition",40,"7",8,0,113,79,"Long",0.0643051664282223,0.679043084168283,NA,0.283038801000428,"localGP"
"2450",10,32,1,10,55.500663546292,92.5612285235121,"Rough","Avg. Reward Condition",40,"7",8,0,112,79,"Long",0.0643051664282223,0.679043084168283,NA,0.283038801000428,"localGP"
"2451",10,33,3,10,63.8923159509584,92.5612285235121,"Rough","Avg. Reward Condition",40,"7",8,0,114,79,"Long",0.0643051664282223,0.679043084168283,NA,0.283038801000428,"localGP"
"2452",10,34,3,5,100,100,"Rough","Avg. Reward Condition",40,"7",8,0,59,79,"Long",0.0643051664282223,0.679043084168283,NA,0.283038801000428,"localGP"
"2453",10,35,3,6,92.3422522413602,100,"Rough","Avg. Reward Condition",40,"7",8,0,70,79,"Long",0.0643051664282223,0.679043084168283,NA,0.283038801000428,"localGP"
"2454",10,36,3,6,92.3422522413602,100,"Rough","Avg. Reward Condition",40,"7",8,0,70,79,"Long",0.0643051664282223,0.679043084168283,NA,0.283038801000428,"localGP"
"2455",10,37,4,6,92.5612285235121,100,"Rough","Avg. Reward Condition",40,"7",8,0,71,79,"Long",0.0643051664282223,0.679043084168283,NA,0.283038801000428,"localGP"
"2456",10,38,4,6,92.5612285235121,100,"Rough","Avg. Reward Condition",40,"7",8,0,71,79,"Long",0.0643051664282223,0.679043084168283,NA,0.283038801000428,"localGP"
"2457",10,39,4,7,87.7929185379322,100,"Rough","Avg. Reward Condition",40,"7",8,0,82,79,"Long",0.0643051664282223,0.679043084168283,NA,0.283038801000428,"localGP"
"2458",10,40,4,8,69.4439461709685,100,"Rough","Avg. Reward Condition",40,"7",8,0,93,79,"Long",0.0643051664282223,0.679043084168283,NA,0.283038801000428,"localGP"
"2459",10,41,4,9,45.6417969596103,100,"Rough","Avg. Reward Condition",40,"7",8,0,104,79,"Long",0.0643051664282223,0.679043084168283,NA,0.283038801000428,"localGP"
"2460",10,1,3,3,64.0855788300758,64.0855788300758,"Rough","Avg. Reward Condition",20,"8",2,NA,37,80,"Short",0.0596894030073787,0.653210483619876,NA,0.332794478000578,"localGP"
"2461",10,2,1,1,53.5541131096444,64.0855788300758,"Rough","Avg. Reward Condition",20,"8",2,9,13,80,"Short",0.0596894030073787,0.653210483619876,NA,0.332794478000578,"localGP"
"2462",10,3,2,1,41.6870799554234,64.0855788300758,"Rough","Avg. Reward Condition",20,"8",2,7,14,80,"Short",0.0596894030073787,0.653210483619876,NA,0.332794478000578,"localGP"
"2463",10,4,3,1,42.8034972716549,64.0855788300758,"Rough","Avg. Reward Condition",20,"8",2,8,15,80,"Short",0.0596894030073787,0.653210483619876,NA,0.332794478000578,"localGP"
"2464",10,5,4,3,49.0806625951853,64.0855788300758,"Rough","Avg. Reward Condition",20,"8",2,9,38,80,"Short",0.0596894030073787,0.653210483619876,NA,0.332794478000578,"localGP"
"2465",10,6,6,0,43.9679034067022,64.0855788300758,"Rough","Avg. Reward Condition",20,"8",2,14,7,80,"Short",0.0596894030073787,0.653210483619876,NA,0.332794478000578,"localGP"
"2466",10,7,7,0,60.7510737906873,64.0855788300758,"Rough","Avg. Reward Condition",20,"8",2,5,8,80,"Short",0.0596894030073787,0.653210483619876,NA,0.332794478000578,"localGP"
"2467",10,8,10,0,37.7307124403184,64.0855788300758,"Rough","Avg. Reward Condition",20,"8",2,1,11,80,"Short",0.0596894030073787,0.653210483619876,NA,0.332794478000578,"localGP"
"2468",10,9,9,0,39.4161310997979,64.0855788300758,"Rough","Avg. Reward Condition",20,"8",2,1,10,80,"Short",0.0596894030073787,0.653210483619876,NA,0.332794478000578,"localGP"
"2469",10,10,8,2,10.0710200680647,64.0855788300758,"Rough","Avg. Reward Condition",20,"8",2,2,31,80,"Short",0.0596894030073787,0.653210483619876,NA,0.332794478000578,"localGP"
"2470",10,11,8,3,44.1803510819401,64.0855788300758,"Rough","Avg. Reward Condition",20,"8",2,1,42,80,"Short",0.0596894030073787,0.653210483619876,NA,0.332794478000578,"localGP"
"2471",10,12,1,4,11.2927161708847,64.0855788300758,"Rough","Avg. Reward Condition",20,"8",2,2,46,80,"Short",0.0596894030073787,0.653210483619876,NA,0.332794478000578,"localGP"
"2472",10,13,1,3,37.158323481837,64.0855788300758,"Rough","Avg. Reward Condition",20,"8",2,0,35,80,"Short",0.0596894030073787,0.653210483619876,NA,0.332794478000578,"localGP"
"2473",10,14,2,3,39.2617782530789,64.0855788300758,"Rough","Avg. Reward Condition",20,"8",2,0,36,80,"Short",0.0596894030073787,0.653210483619876,NA,0.332794478000578,"localGP"
"2474",10,15,7,0,60.7510737906873,64.0855788300758,"Rough","Avg. Reward Condition",20,"8",2,0,8,80,"Short",0.0596894030073787,0.653210483619876,NA,0.332794478000578,"localGP"
"2475",10,16,7,1,46.9542697073233,64.0855788300758,"Rough","Avg. Reward Condition",20,"8",2,0,19,80,"Short",0.0596894030073787,0.653210483619876,NA,0.332794478000578,"localGP"
"2476",10,17,2,2,34.4224100731259,64.0855788300758,"Rough","Avg. Reward Condition",20,"8",2,0,25,80,"Short",0.0596894030073787,0.653210483619876,NA,0.332794478000578,"localGP"
"2477",10,18,3,2,43.186831415249,64.0855788300758,"Rough","Avg. Reward Condition",20,"8",2,0,26,80,"Short",0.0596894030073787,0.653210483619876,NA,0.332794478000578,"localGP"
"2478",10,19,6,2,42.0874642193021,64.0855788300758,"Rough","Avg. Reward Condition",20,"8",2,0,29,80,"Short",0.0596894030073787,0.653210483619876,NA,0.332794478000578,"localGP"
"2479",10,20,6,5,58.989470043494,64.0855788300758,"Rough","Avg. Reward Condition",20,"8",2,0,62,80,"Short",0.0596894030073787,0.653210483619876,NA,0.332794478000578,"localGP"
"2480",10,21,7,5,65.2858713745774,65.2858713745774,"Rough","Avg. Reward Condition",20,"8",2,0,63,80,"Short",0.0596894030073787,0.653210483619876,NA,0.332794478000578,"localGP"
"2481",11,1,0,9,26.5966088386494,26.5966088386494,"Smooth","Avg. Reward Condition",20,"1",3,NA,100,81,"Short",0.0868661585917619,0.843485408028003,NA,0.443671614639448,"localGP"
"2482",11,2,0,2,79.3285213093921,79.3285213093921,"Smooth","Avg. Reward Condition",20,"1",3,1,23,81,"Short",0.0868661585917619,0.843485408028003,NA,0.443671614639448,"localGP"
"2483",11,3,1,2,73.9442731369025,79.3285213093921,"Smooth","Avg. Reward Condition",20,"1",3,6,24,81,"Short",0.0868661585917619,0.843485408028003,NA,0.443671614639448,"localGP"
"2484",11,4,2,2,53.1533598477093,79.3285213093921,"Smooth","Avg. Reward Condition",20,"1",3,1,25,81,"Short",0.0868661585917619,0.843485408028003,NA,0.443671614639448,"localGP"
"2485",11,5,2,3,30.603751713123,79.3285213093921,"Smooth","Avg. Reward Condition",20,"1",3,1,36,81,"Short",0.0868661585917619,0.843485408028003,NA,0.443671614639448,"localGP"
"2486",11,6,1,3,44.0291099812152,79.3285213093921,"Smooth","Avg. Reward Condition",20,"1",3,1,35,81,"Short",0.0868661585917619,0.843485408028003,NA,0.443671614639448,"localGP"
"2487",11,7,3,3,43.3385418304866,79.3285213093921,"Smooth","Avg. Reward Condition",20,"1",3,4,37,81,"Short",0.0868661585917619,0.843485408028003,NA,0.443671614639448,"localGP"
"2488",11,8,3,2,42.1944020034096,79.3285213093921,"Smooth","Avg. Reward Condition",20,"1",3,1,26,81,"Short",0.0868661585917619,0.843485408028003,NA,0.443671614639448,"localGP"
"2489",11,9,3,4,49.3373531062478,79.3285213093921,"Smooth","Avg. Reward Condition",20,"1",3,1,48,81,"Short",0.0868661585917619,0.843485408028003,NA,0.443671614639448,"localGP"
"2490",11,10,5,4,50.7453556763626,79.3285213093921,"Smooth","Avg. Reward Condition",20,"1",3,1,50,81,"Short",0.0868661585917619,0.843485408028003,NA,0.443671614639448,"localGP"
"2491",11,11,5,5,43.9510730907808,79.3285213093921,"Smooth","Avg. Reward Condition",20,"1",3,2,61,81,"Short",0.0868661585917619,0.843485408028003,NA,0.443671614639448,"localGP"
"2492",11,12,4,5,54.5351061532027,79.3285213093921,"Smooth","Avg. Reward Condition",20,"1",3,1,60,81,"Short",0.0868661585917619,0.843485408028003,NA,0.443671614639448,"localGP"
"2493",11,13,3,5,45.7673029552207,79.3285213093921,"Smooth","Avg. Reward Condition",20,"1",3,1,59,81,"Short",0.0868661585917619,0.843485408028003,NA,0.443671614639448,"localGP"
"2494",11,14,5,2,41.5069107029267,79.3285213093921,"Smooth","Avg. Reward Condition",20,"1",3,1,28,81,"Short",0.0868661585917619,0.843485408028003,NA,0.443671614639448,"localGP"
"2495",11,15,4,2,29.665903632224,79.3285213093921,"Smooth","Avg. Reward Condition",20,"1",3,1,27,81,"Short",0.0868661585917619,0.843485408028003,NA,0.443671614639448,"localGP"
"2496",11,16,2,2,53.1533598477093,79.3285213093921,"Smooth","Avg. Reward Condition",20,"1",3,1,25,81,"Short",0.0868661585917619,0.843485408028003,NA,0.443671614639448,"localGP"
"2497",11,17,2,0,30.4119730955053,79.3285213093921,"Smooth","Avg. Reward Condition",20,"1",3,2,3,81,"Short",0.0868661585917619,0.843485408028003,NA,0.443671614639448,"localGP"
"2498",11,18,1,8,25.0569515805629,79.3285213093921,"Smooth","Avg. Reward Condition",20,"1",3,2,90,81,"Short",0.0868661585917619,0.843485408028003,NA,0.443671614639448,"localGP"
"2499",11,19,3,8,33.5669254612635,79.3285213093921,"Smooth","Avg. Reward Condition",20,"1",3,1,92,81,"Short",0.0868661585917619,0.843485408028003,NA,0.443671614639448,"localGP"
"2500",11,20,3,7,41.1726557910907,79.3285213093921,"Smooth","Avg. Reward Condition",20,"1",3,2,81,81,"Short",0.0868661585917619,0.843485408028003,NA,0.443671614639448,"localGP"
"2501",11,21,5,7,56.1612856920817,79.3285213093921,"Smooth","Avg. Reward Condition",20,"1",3,10,83,81,"Short",0.0868661585917619,0.843485408028003,NA,0.443671614639448,"localGP"
"2502",11,1,0,5,44.2701367778032,44.2701367778032,"Smooth","Avg. Reward Condition",40,"2",7,NA,56,82,"Long",0.084382601186462,0.674606288182631,NA,0.471658525659097,"localGP"
"2503",11,2,2,5,81.410941886626,81.410941886626,"Smooth","Avg. Reward Condition",40,"2",7,11,58,82,"Long",0.084382601186462,0.674606288182631,NA,0.471658525659097,"localGP"
"2504",11,3,2,6,61.2240030846988,81.410941886626,"Smooth","Avg. Reward Condition",40,"2",7,6,69,82,"Long",0.084382601186462,0.674606288182631,NA,0.471658525659097,"localGP"
"2505",11,4,0,10,25.1709150765201,81.410941886626,"Smooth","Avg. Reward Condition",40,"2",7,5,111,82,"Long",0.084382601186462,0.674606288182631,NA,0.471658525659097,"localGP"
"2506",11,5,1,10,2.52218953915181,81.410941886626,"Smooth","Avg. Reward Condition",40,"2",7,2,112,82,"Long",0.084382601186462,0.674606288182631,NA,0.471658525659097,"localGP"
"2507",11,6,2,7,57.6455524159847,81.410941886626,"Smooth","Avg. Reward Condition",40,"2",7,1,80,82,"Long",0.084382601186462,0.674606288182631,NA,0.471658525659097,"localGP"
"2508",11,7,1,8,45.1295741279083,81.410941886626,"Smooth","Avg. Reward Condition",40,"2",7,5,90,82,"Long",0.084382601186462,0.674606288182631,NA,0.471658525659097,"localGP"
"2509",11,8,0,8,41.765302127877,81.410941886626,"Smooth","Avg. Reward Condition",40,"2",7,2,89,82,"Long",0.084382601186462,0.674606288182631,NA,0.471658525659097,"localGP"
"2510",11,9,1,5,56.0329470036267,81.410941886626,"Smooth","Avg. Reward Condition",40,"2",7,1,57,82,"Long",0.084382601186462,0.674606288182631,NA,0.471658525659097,"localGP"
"2511",11,10,1,6,40.7890265133229,81.410941886626,"Smooth","Avg. Reward Condition",40,"2",7,3,68,82,"Long",0.084382601186462,0.674606288182631,NA,0.471658525659097,"localGP"
"2512",11,11,1,7,52.9143905070461,81.410941886626,"Smooth","Avg. Reward Condition",40,"2",7,2,79,82,"Long",0.084382601186462,0.674606288182631,NA,0.471658525659097,"localGP"
"2513",11,12,10,5,58.1563292947862,81.410941886626,"Smooth","Avg. Reward Condition",40,"2",7,2,66,82,"Long",0.084382601186462,0.674606288182631,NA,0.471658525659097,"localGP"
"2514",11,13,10,4,54.9456234043239,81.410941886626,"Smooth","Avg. Reward Condition",40,"2",7,6,55,82,"Long",0.084382601186462,0.674606288182631,NA,0.471658525659097,"localGP"
"2515",11,14,10,3,34.6736524203448,81.410941886626,"Smooth","Avg. Reward Condition",40,"2",7,2,44,82,"Long",0.084382601186462,0.674606288182631,NA,0.471658525659097,"localGP"
"2516",11,15,3,7,63.2387067485633,81.410941886626,"Smooth","Avg. Reward Condition",40,"2",7,1,81,82,"Long",0.084382601186462,0.674606288182631,NA,0.471658525659097,"localGP"
"2517",11,16,3,6,90.5286582157079,90.5286582157079,"Smooth","Avg. Reward Condition",40,"2",7,2,70,82,"Long",0.084382601186462,0.674606288182631,NA,0.471658525659097,"localGP"
"2518",11,17,3,5,100,100,"Smooth","Avg. Reward Condition",40,"2",7,1,59,82,"Long",0.084382601186462,0.674606288182631,NA,0.471658525659097,"localGP"
"2519",11,18,4,5,66.807827900394,100,"Smooth","Avg. Reward Condition",40,"2",7,1,60,82,"Long",0.084382601186462,0.674606288182631,NA,0.471658525659097,"localGP"
"2520",11,19,4,2,51.1248580268457,100,"Smooth","Avg. Reward Condition",40,"2",7,4,27,82,"Long",0.084382601186462,0.674606288182631,NA,0.471658525659097,"localGP"
"2521",11,20,2,6,61.2240030846988,100,"Smooth","Avg. Reward Condition",40,"2",7,2,69,82,"Long",0.084382601186462,0.674606288182631,NA,0.471658525659097,"localGP"
"2522",11,21,3,6,90.5286582157079,100,"Smooth","Avg. Reward Condition",40,"2",7,4,70,82,"Long",0.084382601186462,0.674606288182631,NA,0.471658525659097,"localGP"
"2523",11,22,4,6,84.1129360614595,100,"Smooth","Avg. Reward Condition",40,"2",7,4,71,82,"Long",0.084382601186462,0.674606288182631,NA,0.471658525659097,"localGP"
"2524",11,23,4,7,63.6224035811194,100,"Smooth","Avg. Reward Condition",40,"2",7,2,82,82,"Long",0.084382601186462,0.674606288182631,NA,0.471658525659097,"localGP"
"2525",11,24,4,8,40.2424118896173,100,"Smooth","Avg. Reward Condition",40,"2",7,3,93,82,"Long",0.084382601186462,0.674606288182631,NA,0.471658525659097,"localGP"
"2526",11,25,3,8,50.2866899354238,100,"Smooth","Avg. Reward Condition",40,"2",7,8,92,82,"Long",0.084382601186462,0.674606288182631,NA,0.471658525659097,"localGP"
"2527",11,26,3,9,33.3451376526198,100,"Smooth","Avg. Reward Condition",40,"2",7,5,103,82,"Long",0.084382601186462,0.674606288182631,NA,0.471658525659097,"localGP"
"2528",11,27,6,4,72.5109856479773,100,"Smooth","Avg. Reward Condition",40,"2",7,4,51,82,"Long",0.084382601186462,0.674606288182631,NA,0.471658525659097,"localGP"
"2529",11,28,6,5,47.1321659100767,100,"Smooth","Avg. Reward Condition",40,"2",7,2,62,82,"Long",0.084382601186462,0.674606288182631,NA,0.471658525659097,"localGP"
"2530",11,29,6,10,42.7774601364026,100,"Smooth","Avg. Reward Condition",40,"2",7,4,117,82,"Long",0.084382601186462,0.674606288182631,NA,0.471658525659097,"localGP"
"2531",11,30,2,5,81.410941886626,100,"Smooth","Avg. Reward Condition",40,"2",7,1,58,82,"Long",0.084382601186462,0.674606288182631,NA,0.471658525659097,"localGP"
"2532",11,31,3,5,100,100,"Smooth","Avg. Reward Condition",40,"2",7,1,59,82,"Long",0.084382601186462,0.674606288182631,NA,0.471658525659097,"localGP"
"2533",11,32,3,3,37.3678419356418,100,"Smooth","Avg. Reward Condition",40,"2",7,2,37,82,"Long",0.084382601186462,0.674606288182631,NA,0.471658525659097,"localGP"
"2534",11,33,3,4,62.4304276826515,100,"Smooth","Avg. Reward Condition",40,"2",7,1,48,82,"Long",0.084382601186462,0.674606288182631,NA,0.471658525659097,"localGP"
"2535",11,34,2,4,69.0845854443266,100,"Smooth","Avg. Reward Condition",40,"2",7,1,47,82,"Long",0.084382601186462,0.674606288182631,NA,0.471658525659097,"localGP"
"2536",11,35,2,5,81.410941886626,100,"Smooth","Avg. Reward Condition",40,"2",7,1,58,82,"Long",0.084382601186462,0.674606288182631,NA,0.471658525659097,"localGP"
"2537",11,36,2,3,45.6969453717705,100,"Smooth","Avg. Reward Condition",40,"2",7,2,36,82,"Long",0.084382601186462,0.674606288182631,NA,0.471658525659097,"localGP"
"2538",11,37,2,1,55.2110009040143,100,"Smooth","Avg. Reward Condition",40,"2",7,1,14,82,"Long",0.084382601186462,0.674606288182631,NA,0.471658525659097,"localGP"
"2539",11,38,7,1,64.1520185583196,100,"Smooth","Avg. Reward Condition",40,"2",7,1,19,82,"Long",0.084382601186462,0.674606288182631,NA,0.471658525659097,"localGP"
"2540",11,39,8,1,64.1561620326148,100,"Smooth","Avg. Reward Condition",40,"2",7,2,20,82,"Long",0.084382601186462,0.674606288182631,NA,0.471658525659097,"localGP"
"2541",11,40,9,1,32.884325467042,100,"Smooth","Avg. Reward Condition",40,"2",7,1,21,82,"Long",0.084382601186462,0.674606288182631,NA,0.471658525659097,"localGP"
"2542",11,41,9,0,40.4430622566814,100,"Smooth","Avg. Reward Condition",40,"2",7,16,10,82,"Long",0.084382601186462,0.674606288182631,NA,0.471658525659097,"localGP"
"2543",11,1,2,7,55.242778504398,55.242778504398,"Smooth","Avg. Reward Condition",20,"3",14,NA,80,83,"Short",0.0886657602844255,0.821810043492589,NA,0.455586628851498,"localGP"
"2544",11,2,1,7,41.2794472519756,55.242778504398,"Smooth","Avg. Reward Condition",20,"3",14,1,79,83,"Short",0.0886657602844255,0.821810043492589,NA,0.455586628851498,"localGP"
"2545",11,3,2,7,55.242778504398,55.242778504398,"Smooth","Avg. Reward Condition",20,"3",14,2,80,83,"Short",0.0886657602844255,0.821810043492589,NA,0.455586628851498,"localGP"
"2546",11,4,2,5,54.5749797854144,55.242778504398,"Smooth","Avg. Reward Condition",20,"3",14,1,58,83,"Short",0.0886657602844255,0.821810043492589,NA,0.455586628851498,"localGP"
"2547",11,5,1,5,56.5450425488561,56.5450425488561,"Smooth","Avg. Reward Condition",20,"3",14,1,57,83,"Short",0.0886657602844255,0.821810043492589,NA,0.455586628851498,"localGP"
"2548",11,6,7,0,11.3051024452039,56.5450425488561,"Smooth","Avg. Reward Condition",20,"3",14,1,8,83,"Short",0.0886657602844255,0.821810043492589,NA,0.455586628851498,"localGP"
"2549",11,7,6,0,43.3311523001001,56.5450425488561,"Smooth","Avg. Reward Condition",20,"3",14,1,7,83,"Short",0.0886657602844255,0.821810043492589,NA,0.455586628851498,"localGP"
"2550",11,8,2,4,34.5094895994283,56.5450425488561,"Smooth","Avg. Reward Condition",20,"3",14,4,47,83,"Short",0.0886657602844255,0.821810043492589,NA,0.455586628851498,"localGP"
"2551",11,9,9,8,50.6401868602736,56.5450425488561,"Smooth","Avg. Reward Condition",20,"3",14,1,98,83,"Short",0.0886657602844255,0.821810043492589,NA,0.455586628851498,"localGP"
"2552",11,10,10,8,35.2764128240829,56.5450425488561,"Smooth","Avg. Reward Condition",20,"3",14,13,99,83,"Short",0.0886657602844255,0.821810043492589,NA,0.455586628851498,"localGP"
"2553",11,11,1,0,61.0833370508762,61.0833370508762,"Smooth","Avg. Reward Condition",20,"3",14,1,2,83,"Short",0.0886657602844255,0.821810043492589,NA,0.455586628851498,"localGP"
"2554",11,12,7,8,64.3486070540573,64.3486070540573,"Smooth","Avg. Reward Condition",20,"3",14,1,96,83,"Short",0.0886657602844255,0.821810043492589,NA,0.455586628851498,"localGP"
"2555",11,13,4,8,61.073766397803,64.3486070540573,"Smooth","Avg. Reward Condition",20,"3",14,3,93,83,"Short",0.0886657602844255,0.821810043492589,NA,0.455586628851498,"localGP"
"2556",11,14,5,8,47.473484519333,64.3486070540573,"Smooth","Avg. Reward Condition",20,"3",14,1,94,83,"Short",0.0886657602844255,0.821810043492589,NA,0.455586628851498,"localGP"
"2557",11,15,5,9,30.8764007888026,64.3486070540573,"Smooth","Avg. Reward Condition",20,"3",14,1,105,83,"Short",0.0886657602844255,0.821810043492589,NA,0.455586628851498,"localGP"
"2558",11,16,6,7,64.3536990872378,64.3536990872378,"Smooth","Avg. Reward Condition",20,"3",14,1,84,83,"Short",0.0886657602844255,0.821810043492589,NA,0.455586628851498,"localGP"
"2559",11,17,5,7,59.9884412518984,64.3536990872378,"Smooth","Avg. Reward Condition",20,"3",14,3,83,83,"Short",0.0886657602844255,0.821810043492589,NA,0.455586628851498,"localGP"
"2560",11,18,5,6,32.4190183733433,64.3536990872378,"Smooth","Avg. Reward Condition",20,"3",14,1,72,83,"Short",0.0886657602844255,0.821810043492589,NA,0.455586628851498,"localGP"
"2561",11,19,6,3,45.8200916471857,64.3536990872378,"Smooth","Avg. Reward Condition",20,"3",14,2,40,83,"Short",0.0886657602844255,0.821810043492589,NA,0.455586628851498,"localGP"
"2562",11,20,6,2,45.4146704420325,64.3536990872378,"Smooth","Avg. Reward Condition",20,"3",14,1,29,83,"Short",0.0886657602844255,0.821810043492589,NA,0.455586628851498,"localGP"
"2563",11,21,4,5,31.8484137393175,64.3536990872378,"Smooth","Avg. Reward Condition",20,"3",14,2,60,83,"Short",0.0886657602844255,0.821810043492589,NA,0.455586628851498,"localGP"
"2564",11,1,9,0,11.8774072924795,11.8774072924795,"Smooth","Avg. Reward Condition",40,"4",4,NA,10,84,"Long",0.0887755705107234,0.773400564164138,NA,0.449402212633333,"localGP"
"2565",11,2,9,5,68.6489850017742,68.6489850017742,"Smooth","Avg. Reward Condition",40,"4",4,11,65,84,"Long",0.0887755705107234,0.773400564164138,NA,0.449402212633333,"localGP"
"2566",11,3,10,5,13.5240325022362,68.6489850017742,"Smooth","Avg. Reward Condition",40,"4",4,1,66,84,"Long",0.0887755705107234,0.773400564164138,NA,0.449402212633333,"localGP"
"2567",11,4,1,5,42.3282812740103,68.6489850017742,"Smooth","Avg. Reward Condition",40,"4",4,1,57,84,"Long",0.0887755705107234,0.773400564164138,NA,0.449402212633333,"localGP"
"2568",11,5,2,5,52.9476469260849,68.6489850017742,"Smooth","Avg. Reward Condition",40,"4",4,2,58,84,"Long",0.0887755705107234,0.773400564164138,NA,0.449402212633333,"localGP"
"2569",11,6,7,8,22.9940684366215,68.6489850017742,"Smooth","Avg. Reward Condition",40,"4",4,1,96,84,"Long",0.0887755705107234,0.773400564164138,NA,0.449402212633333,"localGP"
"2570",11,7,9,10,49.7040626782217,68.6489850017742,"Smooth","Avg. Reward Condition",40,"4",4,2,120,84,"Long",0.0887755705107234,0.773400564164138,NA,0.449402212633333,"localGP"
"2571",11,8,10,10,44.6083143024855,68.6489850017742,"Smooth","Avg. Reward Condition",40,"4",4,2,121,84,"Long",0.0887755705107234,0.773400564164138,NA,0.449402212633333,"localGP"
"2572",11,9,6,6,49.41154268664,68.6489850017742,"Smooth","Avg. Reward Condition",40,"4",4,1,73,84,"Long",0.0887755705107234,0.773400564164138,NA,0.449402212633333,"localGP"
"2573",11,10,6,8,40.2396617091543,68.6489850017742,"Smooth","Avg. Reward Condition",40,"4",4,2,95,84,"Long",0.0887755705107234,0.773400564164138,NA,0.449402212633333,"localGP"
"2574",11,11,5,8,42.4332277403281,68.6489850017742,"Smooth","Avg. Reward Condition",40,"4",4,1,94,84,"Long",0.0887755705107234,0.773400564164138,NA,0.449402212633333,"localGP"
"2575",11,12,5,5,32.848866860403,68.6489850017742,"Smooth","Avg. Reward Condition",40,"4",4,1,61,84,"Long",0.0887755705107234,0.773400564164138,NA,0.449402212633333,"localGP"
"2576",11,13,2,4,48.1844951677525,68.6489850017742,"Smooth","Avg. Reward Condition",40,"4",4,1,47,84,"Long",0.0887755705107234,0.773400564164138,NA,0.449402212633333,"localGP"
"2577",11,14,9,3,44.908976431908,68.6489850017742,"Smooth","Avg. Reward Condition",40,"4",4,6,43,84,"Long",0.0887755705107234,0.773400564164138,NA,0.449402212633333,"localGP"
"2578",11,15,0,9,36.6552465782619,68.6489850017742,"Smooth","Avg. Reward Condition",40,"4",4,1,100,84,"Long",0.0887755705107234,0.773400564164138,NA,0.449402212633333,"localGP"
"2579",11,16,0,10,18.0477374151467,68.6489850017742,"Smooth","Avg. Reward Condition",40,"4",4,1,111,84,"Long",0.0887755705107234,0.773400564164138,NA,0.449402212633333,"localGP"
"2580",11,17,8,1,47.0627415324652,68.6489850017742,"Smooth","Avg. Reward Condition",40,"4",4,1,20,84,"Long",0.0887755705107234,0.773400564164138,NA,0.449402212633333,"localGP"
"2581",11,18,6,1,31.833699427692,68.6489850017742,"Smooth","Avg. Reward Condition",40,"4",4,1,18,84,"Long",0.0887755705107234,0.773400564164138,NA,0.449402212633333,"localGP"
"2582",11,19,3,9,71.5447698498277,71.5447698498277,"Smooth","Avg. Reward Condition",40,"4",4,4,103,84,"Long",0.0887755705107234,0.773400564164138,NA,0.449402212633333,"localGP"
"2583",11,20,3,7,47.3255867438029,71.5447698498277,"Smooth","Avg. Reward Condition",40,"4",4,1,81,84,"Long",0.0887755705107234,0.773400564164138,NA,0.449402212633333,"localGP"
"2584",11,21,2,7,36.3841568460802,71.5447698498277,"Smooth","Avg. Reward Condition",40,"4",4,1,80,84,"Long",0.0887755705107234,0.773400564164138,NA,0.449402212633333,"localGP"
"2585",11,22,1,7,1.24285436035292,71.5447698498277,"Smooth","Avg. Reward Condition",40,"4",4,1,79,84,"Long",0.0887755705107234,0.773400564164138,NA,0.449402212633333,"localGP"
"2586",11,23,4,5,36.1447579478145,71.5447698498277,"Smooth","Avg. Reward Condition",40,"4",4,1,60,84,"Long",0.0887755705107234,0.773400564164138,NA,0.449402212633333,"localGP"
"2587",11,24,3,9,71.5447698498277,71.5447698498277,"Smooth","Avg. Reward Condition",40,"4",4,1,103,84,"Long",0.0887755705107234,0.773400564164138,NA,0.449402212633333,"localGP"
"2588",11,25,3,10,56.7304025391651,71.5447698498277,"Smooth","Avg. Reward Condition",40,"4",4,7,114,84,"Long",0.0887755705107234,0.773400564164138,NA,0.449402212633333,"localGP"
"2589",11,26,4,2,100,100,"Smooth","Avg. Reward Condition",40,"4",4,1,27,84,"Long",0.0887755705107234,0.773400564164138,NA,0.449402212633333,"localGP"
"2590",11,27,4,3,94.794324286051,100,"Smooth","Avg. Reward Condition",40,"4",4,1,38,84,"Long",0.0887755705107234,0.773400564164138,NA,0.449402212633333,"localGP"
"2591",11,28,4,2,100,100,"Smooth","Avg. Reward Condition",40,"4",4,1,27,84,"Long",0.0887755705107234,0.773400564164138,NA,0.449402212633333,"localGP"
"2592",11,29,3,2,48.6711536627271,100,"Smooth","Avg. Reward Condition",40,"4",4,1,26,84,"Long",0.0887755705107234,0.773400564164138,NA,0.449402212633333,"localGP"
"2593",11,30,3,3,61.9515693449088,100,"Smooth","Avg. Reward Condition",40,"4",4,1,37,84,"Long",0.0887755705107234,0.773400564164138,NA,0.449402212633333,"localGP"
"2594",11,31,2,3,28.2357872462132,100,"Smooth","Avg. Reward Condition",40,"4",4,1,36,84,"Long",0.0887755705107234,0.773400564164138,NA,0.449402212633333,"localGP"
"2595",11,32,1,1,71.1759996690276,100,"Smooth","Avg. Reward Condition",40,"4",4,1,13,84,"Long",0.0887755705107234,0.773400564164138,NA,0.449402212633333,"localGP"
"2596",11,33,7,0,47.3215439823763,100,"Smooth","Avg. Reward Condition",40,"4",4,1,8,84,"Long",0.0887755705107234,0.773400564164138,NA,0.449402212633333,"localGP"
"2597",11,34,7,1,40.8192453000824,100,"Smooth","Avg. Reward Condition",40,"4",4,1,19,84,"Long",0.0887755705107234,0.773400564164138,NA,0.449402212633333,"localGP"
"2598",11,35,4,1,36.6948932499117,100,"Smooth","Avg. Reward Condition",40,"4",4,1,16,84,"Long",0.0887755705107234,0.773400564164138,NA,0.449402212633333,"localGP"
"2599",11,36,4,2,100,100,"Smooth","Avg. Reward Condition",40,"4",4,0,27,84,"Long",0.0887755705107234,0.773400564164138,NA,0.449402212633333,"localGP"
"2600",11,37,5,2,88.4170710697694,100,"Smooth","Avg. Reward Condition",40,"4",4,1,28,84,"Long",0.0887755705107234,0.773400564164138,NA,0.449402212633333,"localGP"
"2601",11,38,5,2,88.4170710697694,100,"Smooth","Avg. Reward Condition",40,"4",4,1,28,84,"Long",0.0887755705107234,0.773400564164138,NA,0.449402212633333,"localGP"
"2602",11,39,4,2,100,100,"Smooth","Avg. Reward Condition",40,"4",4,1,27,84,"Long",0.0887755705107234,0.773400564164138,NA,0.449402212633333,"localGP"
"2603",11,40,4,2,100,100,"Smooth","Avg. Reward Condition",40,"4",4,1,27,84,"Long",0.0887755705107234,0.773400564164138,NA,0.449402212633333,"localGP"
"2604",11,41,4,3,94.794324286051,100,"Smooth","Avg. Reward Condition",40,"4",4,2,38,84,"Long",0.0887755705107234,0.773400564164138,NA,0.449402212633333,"localGP"
"2605",11,1,9,8,80.6519418863633,80.6519418863633,"Smooth","Avg. Reward Condition",20,"5",18,NA,98,85,"Short",0.0781650214211446,0.789872901454265,NA,0.439116966627723,"localGP"
"2606",11,2,9,7,72.9623547713888,80.6519418863633,"Smooth","Avg. Reward Condition",20,"5",18,9,87,85,"Short",0.0781650214211446,0.789872901454265,NA,0.439116966627723,"localGP"
"2607",11,3,8,7,51.6253344127728,80.6519418863633,"Smooth","Avg. Reward Condition",20,"5",18,5,86,85,"Short",0.0781650214211446,0.789872901454265,NA,0.439116966627723,"localGP"
"2608",11,4,7,7,26.6472142919114,80.6519418863633,"Smooth","Avg. Reward Condition",20,"5",18,13,85,85,"Short",0.0781650214211446,0.789872901454265,NA,0.439116966627723,"localGP"
"2609",11,5,3,8,43.809517415815,80.6519418863633,"Smooth","Avg. Reward Condition",20,"5",18,4,92,85,"Short",0.0781650214211446,0.789872901454265,NA,0.439116966627723,"localGP"
"2610",11,6,4,8,45.2794014613118,80.6519418863633,"Smooth","Avg. Reward Condition",20,"5",18,3,93,85,"Short",0.0781650214211446,0.789872901454265,NA,0.439116966627723,"localGP"
"2611",11,7,6,2,24.0265388631754,80.6519418863633,"Smooth","Avg. Reward Condition",20,"5",18,4,29,85,"Short",0.0781650214211446,0.789872901454265,NA,0.439116966627723,"localGP"
"2612",11,8,1,0,52.4795285472342,80.6519418863633,"Smooth","Avg. Reward Condition",20,"5",18,3,2,85,"Short",0.0781650214211446,0.789872901454265,NA,0.439116966627723,"localGP"
"2613",11,9,6,5,39.8371872215826,80.6519418863633,"Smooth","Avg. Reward Condition",20,"5",18,13,62,85,"Short",0.0781650214211446,0.789872901454265,NA,0.439116966627723,"localGP"
"2614",11,10,4,10,41.5348285805763,80.6519418863633,"Smooth","Avg. Reward Condition",20,"5",18,1,115,85,"Short",0.0781650214211446,0.789872901454265,NA,0.439116966627723,"localGP"
"2615",11,11,3,10,32.5695318981662,80.6519418863633,"Smooth","Avg. Reward Condition",20,"5",18,2,114,85,"Short",0.0781650214211446,0.789872901454265,NA,0.439116966627723,"localGP"
"2616",11,12,2,9,54.5359599883725,80.6519418863633,"Smooth","Avg. Reward Condition",20,"5",18,2,102,85,"Short",0.0781650214211446,0.789872901454265,NA,0.439116966627723,"localGP"
"2617",11,13,7,10,39.5407952471519,80.6519418863633,"Smooth","Avg. Reward Condition",20,"5",18,1,118,85,"Short",0.0781650214211446,0.789872901454265,NA,0.439116966627723,"localGP"
"2618",11,14,7,9,43.7178093969653,80.6519418863633,"Smooth","Avg. Reward Condition",20,"5",18,1,107,85,"Short",0.0781650214211446,0.789872901454265,NA,0.439116966627723,"localGP"
"2619",11,15,9,9,61.1848749174221,80.6519418863633,"Smooth","Avg. Reward Condition",20,"5",18,1,109,85,"Short",0.0781650214211446,0.789872901454265,NA,0.439116966627723,"localGP"
"2620",11,16,9,10,51.7164759770516,80.6519418863633,"Smooth","Avg. Reward Condition",20,"5",18,4,120,85,"Short",0.0781650214211446,0.789872901454265,NA,0.439116966627723,"localGP"
"2621",11,17,10,10,40.9300790469513,80.6519418863633,"Smooth","Avg. Reward Condition",20,"5",18,2,121,85,"Short",0.0781650214211446,0.789872901454265,NA,0.439116966627723,"localGP"
"2622",11,18,10,8,59.2407992793453,80.6519418863633,"Smooth","Avg. Reward Condition",20,"5",18,1,99,85,"Short",0.0781650214211446,0.789872901454265,NA,0.439116966627723,"localGP"
"2623",11,19,10,3,47.7289893692748,80.6519418863633,"Smooth","Avg. Reward Condition",20,"5",18,1,44,85,"Short",0.0781650214211446,0.789872901454265,NA,0.439116966627723,"localGP"
"2624",11,20,10,4,53.5685725301176,80.6519418863633,"Smooth","Avg. Reward Condition",20,"5",18,1,55,85,"Short",0.0781650214211446,0.789872901454265,NA,0.439116966627723,"localGP"
"2625",11,21,7,4,21.5751534071113,80.6519418863633,"Smooth","Avg. Reward Condition",20,"5",18,1,52,85,"Short",0.0781650214211446,0.789872901454265,NA,0.439116966627723,"localGP"
"2626",11,1,10,8,61.9465090311745,61.9465090311745,"Smooth","Avg. Reward Condition",40,"6",19,NA,99,86,"Long",0.0962303780967528,0.699801440596617,NA,0.528288044063041,"localGP"
"2627",11,2,10,9,46.6801278336504,61.9465090311745,"Smooth","Avg. Reward Condition",40,"6",19,1,110,86,"Long",0.0962303780967528,0.699801440596617,NA,0.528288044063041,"localGP"
"2628",11,3,10,10,48.742053566176,61.9465090311745,"Smooth","Avg. Reward Condition",40,"6",19,1,121,86,"Long",0.0962303780967528,0.699801440596617,NA,0.528288044063041,"localGP"
"2629",11,4,7,9,29.4654937800479,61.9465090311745,"Smooth","Avg. Reward Condition",40,"6",19,1,107,86,"Long",0.0962303780967528,0.699801440596617,NA,0.528288044063041,"localGP"
"2630",11,5,7,8,55.9050623268235,61.9465090311745,"Smooth","Avg. Reward Condition",40,"6",19,1,96,86,"Long",0.0962303780967528,0.699801440596617,NA,0.528288044063041,"localGP"
"2631",11,6,6,8,44.7447631342977,61.9465090311745,"Smooth","Avg. Reward Condition",40,"6",19,1,95,86,"Long",0.0962303780967528,0.699801440596617,NA,0.528288044063041,"localGP"
"2632",11,7,6,7,40.7675652395294,61.9465090311745,"Smooth","Avg. Reward Condition",40,"6",19,2,84,86,"Long",0.0962303780967528,0.699801440596617,NA,0.528288044063041,"localGP"
"2633",11,8,7,7,78.4257216995386,78.4257216995386,"Smooth","Avg. Reward Condition",40,"6",19,1,85,86,"Long",0.0962303780967528,0.699801440596617,NA,0.528288044063041,"localGP"
"2634",11,9,7,6,100,100,"Smooth","Avg. Reward Condition",40,"6",19,3,74,86,"Long",0.0962303780967528,0.699801440596617,NA,0.528288044063041,"localGP"
"2635",11,10,7,5,82.9053550398923,100,"Smooth","Avg. Reward Condition",40,"6",19,0,63,86,"Long",0.0962303780967528,0.699801440596617,NA,0.528288044063041,"localGP"
"2636",11,11,8,5,62.1217741531308,100,"Smooth","Avg. Reward Condition",40,"6",19,1,64,86,"Long",0.0962303780967528,0.699801440596617,NA,0.528288044063041,"localGP"
"2637",11,12,8,6,77.0215365379863,100,"Smooth","Avg. Reward Condition",40,"6",19,10,75,86,"Long",0.0962303780967528,0.699801440596617,NA,0.528288044063041,"localGP"
"2638",11,13,9,6,35.4789284248096,100,"Smooth","Avg. Reward Condition",40,"6",19,7,76,86,"Long",0.0962303780967528,0.699801440596617,NA,0.528288044063041,"localGP"
"2639",11,14,5,4,59.2776068858534,100,"Smooth","Avg. Reward Condition",40,"6",19,3,50,86,"Long",0.0962303780967528,0.699801440596617,NA,0.528288044063041,"localGP"
"2640",11,15,5,3,50.6291385823162,100,"Smooth","Avg. Reward Condition",40,"6",19,1,39,86,"Long",0.0962303780967528,0.699801440596617,NA,0.528288044063041,"localGP"
"2641",11,16,2,0,58.6183750190208,100,"Smooth","Avg. Reward Condition",40,"6",19,2,3,86,"Long",0.0962303780967528,0.699801440596617,NA,0.528288044063041,"localGP"
"2642",11,17,3,0,41.1602043670531,100,"Smooth","Avg. Reward Condition",40,"6",19,1,4,86,"Long",0.0962303780967528,0.699801440596617,NA,0.528288044063041,"localGP"
"2643",11,18,3,1,65.6803696524248,100,"Smooth","Avg. Reward Condition",40,"6",19,13,15,86,"Long",0.0962303780967528,0.699801440596617,NA,0.528288044063041,"localGP"
"2644",11,19,4,2,6.18277273554001,100,"Smooth","Avg. Reward Condition",40,"6",19,1,27,86,"Long",0.0962303780967528,0.699801440596617,NA,0.528288044063041,"localGP"
"2645",11,20,3,10,41.9989758752231,100,"Smooth","Avg. Reward Condition",40,"6",19,1,114,86,"Long",0.0962303780967528,0.699801440596617,NA,0.528288044063041,"localGP"
"2646",11,21,3,9,35.7001551410624,100,"Smooth","Avg. Reward Condition",40,"6",19,1,103,86,"Long",0.0962303780967528,0.699801440596617,NA,0.528288044063041,"localGP"
"2647",11,22,4,9,36.8213901880563,100,"Smooth","Avg. Reward Condition",40,"6",19,0,104,86,"Long",0.0962303780967528,0.699801440596617,NA,0.528288044063041,"localGP"
"2648",11,23,10,0,58.0700494610344,100,"Smooth","Avg. Reward Condition",40,"6",19,1,11,86,"Long",0.0962303780967528,0.699801440596617,NA,0.528288044063041,"localGP"
"2649",11,24,10,1,72.8353068382427,100,"Smooth","Avg. Reward Condition",40,"6",19,1,22,86,"Long",0.0962303780967528,0.699801440596617,NA,0.528288044063041,"localGP"
"2650",11,25,9,0,57.2100931574182,100,"Smooth","Avg. Reward Condition",40,"6",19,1,10,86,"Long",0.0962303780967528,0.699801440596617,NA,0.528288044063041,"localGP"
"2651",11,26,9,1,60.8910168599768,100,"Smooth","Avg. Reward Condition",40,"6",19,1,21,86,"Long",0.0962303780967528,0.699801440596617,NA,0.528288044063041,"localGP"
"2652",11,27,9,2,72.7930930430247,100,"Smooth","Avg. Reward Condition",40,"6",19,1,32,86,"Long",0.0962303780967528,0.699801440596617,NA,0.528288044063041,"localGP"
"2653",11,28,10,2,77.6423295803119,100,"Smooth","Avg. Reward Condition",40,"6",19,5,33,86,"Long",0.0962303780967528,0.699801440596617,NA,0.528288044063041,"localGP"
"2654",11,29,10,3,69.2905062907233,100,"Smooth","Avg. Reward Condition",40,"6",19,5,44,86,"Long",0.0962303780967528,0.699801440596617,NA,0.528288044063041,"localGP"
"2655",11,30,7,1,25.7013105457165,100,"Smooth","Avg. Reward Condition",40,"6",19,2,19,86,"Long",0.0962303780967528,0.699801440596617,NA,0.528288044063041,"localGP"
"2656",11,31,5,1,31.9313461927778,100,"Smooth","Avg. Reward Condition",40,"6",19,2,17,86,"Long",0.0962303780967528,0.699801440596617,NA,0.528288044063041,"localGP"
"2657",11,32,2,1,73.5415165064452,100,"Smooth","Avg. Reward Condition",40,"6",19,11,14,86,"Long",0.0962303780967528,0.699801440596617,NA,0.528288044063041,"localGP"
"2658",11,33,1,1,44.7148827500089,100,"Smooth","Avg. Reward Condition",40,"6",19,4,13,86,"Long",0.0962303780967528,0.699801440596617,NA,0.528288044063041,"localGP"
"2659",11,34,3,2,41.5227672023987,100,"Smooth","Avg. Reward Condition",40,"6",19,0,26,86,"Long",0.0962303780967528,0.699801440596617,NA,0.528288044063041,"localGP"
"2660",11,35,3,3,23.5066828698662,100,"Smooth","Avg. Reward Condition",40,"6",19,1,37,86,"Long",0.0962303780967528,0.699801440596617,NA,0.528288044063041,"localGP"
"2661",11,36,4,4,9.99263596424557,100,"Smooth","Avg. Reward Condition",40,"6",19,1,49,86,"Long",0.0962303780967528,0.699801440596617,NA,0.528288044063041,"localGP"
"2662",11,37,4,6,66.9336804964909,100,"Smooth","Avg. Reward Condition",40,"6",19,1,71,86,"Long",0.0962303780967528,0.699801440596617,NA,0.528288044063041,"localGP"
"2663",11,38,3,6,52.211813623065,100,"Smooth","Avg. Reward Condition",40,"6",19,3,70,86,"Long",0.0962303780967528,0.699801440596617,NA,0.528288044063041,"localGP"
"2664",11,39,3,7,48.0160668403537,100,"Smooth","Avg. Reward Condition",40,"6",19,1,81,86,"Long",0.0962303780967528,0.699801440596617,NA,0.528288044063041,"localGP"
"2665",11,40,4,7,70.1082193743666,100,"Smooth","Avg. Reward Condition",40,"6",19,2,82,86,"Long",0.0962303780967528,0.699801440596617,NA,0.528288044063041,"localGP"
"2666",11,41,5,7,44.1405788952292,100,"Smooth","Avg. Reward Condition",40,"6",19,2,83,86,"Long",0.0962303780967528,0.699801440596617,NA,0.528288044063041,"localGP"
"2667",11,1,0,4,42.8036360256074,42.8036360256074,"Smooth","Avg. Reward Condition",20,"7",17,NA,45,87,"Short",0.0863777054466207,0.830582306576622,NA,0.486359337480041,"localGP"
"2668",11,2,1,4,59.7275307327632,59.7275307327632,"Smooth","Avg. Reward Condition",20,"7",17,9,46,87,"Short",0.0863777054466207,0.830582306576622,NA,0.486359337480041,"localGP"
"2669",11,3,2,4,78.1145537046303,78.1145537046303,"Smooth","Avg. Reward Condition",20,"7",17,8,47,87,"Short",0.0863777054466207,0.830582306576622,NA,0.486359337480041,"localGP"
"2670",11,4,2,5,96.5712701527156,96.5712701527156,"Smooth","Avg. Reward Condition",20,"7",17,1,58,87,"Short",0.0863777054466207,0.830582306576622,NA,0.486359337480041,"localGP"
"2671",11,5,3,5,100,100,"Smooth","Avg. Reward Condition",20,"7",17,3,59,87,"Short",0.0863777054466207,0.830582306576622,NA,0.486359337480041,"localGP"
"2672",11,6,3,6,61.6521718992743,100,"Smooth","Avg. Reward Condition",20,"7",17,1,70,87,"Short",0.0863777054466207,0.830582306576622,NA,0.486359337480041,"localGP"
"2673",11,7,5,4,61.0193303568798,100,"Smooth","Avg. Reward Condition",20,"7",17,0,50,87,"Short",0.0863777054466207,0.830582306576622,NA,0.486359337480041,"localGP"
"2674",11,8,6,4,22.1592765349326,100,"Smooth","Avg. Reward Condition",20,"7",17,1,51,87,"Short",0.0863777054466207,0.830582306576622,NA,0.486359337480041,"localGP"
"2675",11,9,3,7,48.1203452766967,100,"Smooth","Avg. Reward Condition",20,"7",17,1,81,87,"Short",0.0863777054466207,0.830582306576622,NA,0.486359337480041,"localGP"
"2676",11,10,2,7,55.9761738528466,100,"Smooth","Avg. Reward Condition",20,"7",17,1,80,87,"Short",0.0863777054466207,0.830582306576622,NA,0.486359337480041,"localGP"
"2677",11,11,3,5,100,100,"Smooth","Avg. Reward Condition",20,"7",17,4,59,87,"Short",0.0863777054466207,0.830582306576622,NA,0.486359337480041,"localGP"
"2678",11,12,4,5,82.6609311486781,100,"Smooth","Avg. Reward Condition",20,"7",17,1,60,87,"Short",0.0863777054466207,0.830582306576622,NA,0.486359337480041,"localGP"
"2679",11,13,4,4,91.0453666765183,100,"Smooth","Avg. Reward Condition",20,"7",17,4,49,87,"Short",0.0863777054466207,0.830582306576622,NA,0.486359337480041,"localGP"
"2680",11,14,3,4,81.7432518785976,100,"Smooth","Avg. Reward Condition",20,"7",17,1,48,87,"Short",0.0863777054466207,0.830582306576622,NA,0.486359337480041,"localGP"
"2681",11,15,7,3,55.1490469076326,100,"Smooth","Avg. Reward Condition",20,"7",17,1,41,87,"Short",0.0863777054466207,0.830582306576622,NA,0.486359337480041,"localGP"
"2682",11,16,2,9,69.3281763432378,100,"Smooth","Avg. Reward Condition",20,"7",17,1,102,87,"Short",0.0863777054466207,0.830582306576622,NA,0.486359337480041,"localGP"
"2683",11,17,4,6,52.4710109761759,100,"Smooth","Avg. Reward Condition",20,"7",17,2,71,87,"Short",0.0863777054466207,0.830582306576622,NA,0.486359337480041,"localGP"
"2684",11,18,6,7,9.51682316943717,100,"Smooth","Avg. Reward Condition",20,"7",17,3,84,87,"Short",0.0863777054466207,0.830582306576622,NA,0.486359337480041,"localGP"
"2685",11,19,5,9,17.2900510483539,100,"Smooth","Avg. Reward Condition",20,"7",17,11,105,87,"Short",0.0863777054466207,0.830582306576622,NA,0.486359337480041,"localGP"
"2686",11,20,9,7,72.9342168010689,100,"Smooth","Avg. Reward Condition",20,"7",17,5,87,87,"Short",0.0863777054466207,0.830582306576622,NA,0.486359337480041,"localGP"
"2687",11,21,8,7,41.2249363226123,100,"Smooth","Avg. Reward Condition",20,"7",17,7,86,87,"Short",0.0863777054466207,0.830582306576622,NA,0.486359337480041,"localGP"
"2688",11,1,7,9,29.4163528194198,29.4163528194198,"Smooth","Avg. Reward Condition",40,"8",0,NA,107,88,"Long",0.0776528203666097,0.740388982762883,NA,0.43337204543272,"localGP"
"2689",11,2,6,6,57.452029610737,57.452029610737,"Smooth","Avg. Reward Condition",40,"8",0,1,73,88,"Long",0.0776528203666097,0.740388982762883,NA,0.43337204543272,"localGP"
"2690",11,3,1,3,82.5162957459714,82.5162957459714,"Smooth","Avg. Reward Condition",40,"8",0,2,35,88,"Long",0.0776528203666097,0.740388982762883,NA,0.43337204543272,"localGP"
"2691",11,4,4,5,2.16332347915908,82.5162957459714,"Smooth","Avg. Reward Condition",40,"8",0,1,60,88,"Long",0.0776528203666097,0.740388982762883,NA,0.43337204543272,"localGP"
"2692",11,5,6,10,20.7252504989893,82.5162957459714,"Smooth","Avg. Reward Condition",40,"8",0,1,117,88,"Long",0.0776528203666097,0.740388982762883,NA,0.43337204543272,"localGP"
"2693",11,6,6,1,20.6016999282739,82.5162957459714,"Smooth","Avg. Reward Condition",40,"8",0,1,18,88,"Long",0.0776528203666097,0.740388982762883,NA,0.43337204543272,"localGP"
"2694",11,7,2,2,65.3400315275743,82.5162957459714,"Smooth","Avg. Reward Condition",40,"8",0,2,25,88,"Long",0.0776528203666097,0.740388982762883,NA,0.43337204543272,"localGP"
"2695",11,8,1,2,77.703125599037,82.5162957459714,"Smooth","Avg. Reward Condition",40,"8",0,2,24,88,"Long",0.0776528203666097,0.740388982762883,NA,0.43337204543272,"localGP"
"2696",11,9,1,1,60.5425505864623,82.5162957459714,"Smooth","Avg. Reward Condition",40,"8",0,1,13,88,"Long",0.0776528203666097,0.740388982762883,NA,0.43337204543272,"localGP"
"2697",11,10,0,1,25.2534967724465,82.5162957459714,"Smooth","Avg. Reward Condition",40,"8",0,1,12,88,"Long",0.0776528203666097,0.740388982762883,NA,0.43337204543272,"localGP"
"2698",11,11,0,0,35.9067188197196,82.5162957459714,"Smooth","Avg. Reward Condition",40,"8",0,2,1,88,"Long",0.0776528203666097,0.740388982762883,NA,0.43337204543272,"localGP"
"2699",11,12,1,0,67.0136291844954,82.5162957459714,"Smooth","Avg. Reward Condition",40,"8",0,1,2,88,"Long",0.0776528203666097,0.740388982762883,NA,0.43337204543272,"localGP"
"2700",11,13,2,0,73.189103748547,82.5162957459714,"Smooth","Avg. Reward Condition",40,"8",0,2,3,88,"Long",0.0776528203666097,0.740388982762883,NA,0.43337204543272,"localGP"
"2701",11,14,3,0,24.0642449228446,82.5162957459714,"Smooth","Avg. Reward Condition",40,"8",0,4,4,88,"Long",0.0776528203666097,0.740388982762883,NA,0.43337204543272,"localGP"
"2702",11,15,0,6,86.6558005262952,86.6558005262952,"Smooth","Avg. Reward Condition",40,"8",0,1,67,88,"Long",0.0776528203666097,0.740388982762883,NA,0.43337204543272,"localGP"
"2703",11,16,0,6,86.6558005262952,86.6558005262952,"Smooth","Avg. Reward Condition",40,"8",0,5,67,88,"Long",0.0776528203666097,0.740388982762883,NA,0.43337204543272,"localGP"
"2704",11,17,0,7,100,100,"Smooth","Avg. Reward Condition",40,"8",0,1,78,88,"Long",0.0776528203666097,0.740388982762883,NA,0.43337204543272,"localGP"
"2705",11,18,0,8,68.7533579586689,100,"Smooth","Avg. Reward Condition",40,"8",0,7,89,88,"Long",0.0776528203666097,0.740388982762883,NA,0.43337204543272,"localGP"
"2706",11,19,0,7,100,100,"Smooth","Avg. Reward Condition",40,"8",0,1,78,88,"Long",0.0776528203666097,0.740388982762883,NA,0.43337204543272,"localGP"
"2707",11,20,1,7,65.8282604254796,100,"Smooth","Avg. Reward Condition",40,"8",0,5,79,88,"Long",0.0776528203666097,0.740388982762883,NA,0.43337204543272,"localGP"
"2708",11,21,3,8,52.5458075522518,100,"Smooth","Avg. Reward Condition",40,"8",0,1,92,88,"Long",0.0776528203666097,0.740388982762883,NA,0.43337204543272,"localGP"
"2709",11,22,3,9,34.683324357527,100,"Smooth","Avg. Reward Condition",40,"8",0,5,103,88,"Long",0.0776528203666097,0.740388982762883,NA,0.43337204543272,"localGP"
"2710",11,23,1,9,30.951213640869,100,"Smooth","Avg. Reward Condition",40,"8",0,5,101,88,"Long",0.0776528203666097,0.740388982762883,NA,0.43337204543272,"localGP"
"2711",11,24,1,8,57.1437083477446,100,"Smooth","Avg. Reward Condition",40,"8",0,9,90,88,"Long",0.0776528203666097,0.740388982762883,NA,0.43337204543272,"localGP"
"2712",11,25,2,7,42.7772511233164,100,"Smooth","Avg. Reward Condition",40,"8",0,1,80,88,"Long",0.0776528203666097,0.740388982762883,NA,0.43337204543272,"localGP"
"2713",11,26,2,6,50.7364669239803,100,"Smooth","Avg. Reward Condition",40,"8",0,1,69,88,"Long",0.0776528203666097,0.740388982762883,NA,0.43337204543272,"localGP"
"2714",11,27,6,4,26.4092350309844,100,"Smooth","Avg. Reward Condition",40,"8",0,1,51,88,"Long",0.0776528203666097,0.740388982762883,NA,0.43337204543272,"localGP"
"2715",11,28,7,2,5.67992727418949,100,"Smooth","Avg. Reward Condition",40,"8",0,2,30,88,"Long",0.0776528203666097,0.740388982762883,NA,0.43337204543272,"localGP"
"2716",11,29,5,8,68.8909705274262,100,"Smooth","Avg. Reward Condition",40,"8",0,3,94,88,"Long",0.0776528203666097,0.740388982762883,NA,0.43337204543272,"localGP"
"2717",11,30,5,7,46.7426538325774,100,"Smooth","Avg. Reward Condition",40,"8",0,4,83,88,"Long",0.0776528203666097,0.740388982762883,NA,0.43337204543272,"localGP"
"2718",11,31,9,0,44.764827701854,100,"Smooth","Avg. Reward Condition",40,"8",0,2,10,88,"Long",0.0776528203666097,0.740388982762883,NA,0.43337204543272,"localGP"
"2719",11,32,9,1,39.3581963035653,100,"Smooth","Avg. Reward Condition",40,"8",0,1,21,88,"Long",0.0776528203666097,0.740388982762883,NA,0.43337204543272,"localGP"
"2720",11,33,9,4,26.0631617428535,100,"Smooth","Avg. Reward Condition",40,"8",0,2,54,88,"Long",0.0776528203666097,0.740388982762883,NA,0.43337204543272,"localGP"
"2721",11,34,10,4,33.0997948089622,100,"Smooth","Avg. Reward Condition",40,"8",0,6,55,88,"Long",0.0776528203666097,0.740388982762883,NA,0.43337204543272,"localGP"
"2722",11,35,3,2,44.1450806306014,100,"Smooth","Avg. Reward Condition",40,"8",0,1,26,88,"Long",0.0776528203666097,0.740388982762883,NA,0.43337204543272,"localGP"
"2723",11,36,5,2,21.0941848731246,100,"Smooth","Avg. Reward Condition",40,"8",0,1,28,88,"Long",0.0776528203666097,0.740388982762883,NA,0.43337204543272,"localGP"
"2724",11,37,4,3,60.3338826341623,100,"Smooth","Avg. Reward Condition",40,"8",0,1,38,88,"Long",0.0776528203666097,0.740388982762883,NA,0.43337204543272,"localGP"
"2725",11,38,2,3,65.4652426884159,100,"Smooth","Avg. Reward Condition",40,"8",0,1,36,88,"Long",0.0776528203666097,0.740388982762883,NA,0.43337204543272,"localGP"
"2726",11,39,2,4,52.0374453788032,100,"Smooth","Avg. Reward Condition",40,"8",0,3,47,88,"Long",0.0776528203666097,0.740388982762883,NA,0.43337204543272,"localGP"
"2727",11,40,1,4,70.1094548150881,100,"Smooth","Avg. Reward Condition",40,"8",0,1,46,88,"Long",0.0776528203666097,0.740388982762883,NA,0.43337204543272,"localGP"
"2728",11,41,0,4,73.5825236697953,100,"Smooth","Avg. Reward Condition",40,"8",0,3,45,88,"Long",0.0776528203666097,0.740388982762883,NA,0.43337204543272,"localGP"
"2729",12,1,10,6,43.7834189744313,43.7834189744313,"Smooth","Avg. Reward Condition",40,"1",13,NA,77,89,"Long",0.0890965228063537,0.814195384550721,NA,0.420846815935237,"localGP"
"2730",12,2,10,5,36.4623399771375,43.7834189744313,"Smooth","Avg. Reward Condition",40,"1",13,2,66,89,"Long",0.0890965228063537,0.814195384550721,NA,0.420846815935237,"localGP"
"2731",12,3,0,9,38.6067834675174,43.7834189744313,"Smooth","Avg. Reward Condition",40,"1",13,1,100,89,"Long",0.0890965228063537,0.814195384550721,NA,0.420846815935237,"localGP"
"2732",12,4,3,7,6.9262905686919,43.7834189744313,"Smooth","Avg. Reward Condition",40,"1",13,11,81,89,"Long",0.0890965228063537,0.814195384550721,NA,0.420846815935237,"localGP"
"2733",12,5,3,5,54.7363822558009,54.7363822558009,"Smooth","Avg. Reward Condition",40,"1",13,8,59,89,"Long",0.0890965228063537,0.814195384550721,NA,0.420846815935237,"localGP"
"2734",12,6,4,2,29.018522629385,54.7363822558009,"Smooth","Avg. Reward Condition",40,"1",13,1,27,89,"Long",0.0890965228063537,0.814195384550721,NA,0.420846815935237,"localGP"
"2735",12,7,5,3,56.2859882283375,56.2859882283375,"Smooth","Avg. Reward Condition",40,"1",13,1,39,89,"Long",0.0890965228063537,0.814195384550721,NA,0.420846815935237,"localGP"
"2736",12,8,5,4,33.9006613520623,56.2859882283375,"Smooth","Avg. Reward Condition",40,"1",13,1,50,89,"Long",0.0890965228063537,0.814195384550721,NA,0.420846815935237,"localGP"
"2737",12,9,6,5,40.403960166515,56.2859882283375,"Smooth","Avg. Reward Condition",40,"1",13,2,62,89,"Long",0.0890965228063537,0.814195384550721,NA,0.420846815935237,"localGP"
"2738",12,10,5,8,17.7476651044899,56.2859882283375,"Smooth","Avg. Reward Condition",40,"1",13,1,94,89,"Long",0.0890965228063537,0.814195384550721,NA,0.420846815935237,"localGP"
"2739",12,11,0,0,69.6664055105251,69.6664055105251,"Smooth","Avg. Reward Condition",40,"1",13,2,1,89,"Long",0.0890965228063537,0.814195384550721,NA,0.420846815935237,"localGP"
"2740",12,12,6,1,0,69.6664055105251,"Smooth","Avg. Reward Condition",40,"1",13,1,18,89,"Long",0.0890965228063537,0.814195384550721,NA,0.420846815935237,"localGP"
"2741",12,13,6,2,4.35555688035975,69.6664055105251,"Smooth","Avg. Reward Condition",40,"1",13,1,29,89,"Long",0.0890965228063537,0.814195384550721,NA,0.420846815935237,"localGP"
"2742",12,14,9,4,36.4101012939869,69.6664055105251,"Smooth","Avg. Reward Condition",40,"1",13,2,54,89,"Long",0.0890965228063537,0.814195384550721,NA,0.420846815935237,"localGP"
"2743",12,15,8,5,7.50786844236636,69.6664055105251,"Smooth","Avg. Reward Condition",40,"1",13,3,64,89,"Long",0.0890965228063537,0.814195384550721,NA,0.420846815935237,"localGP"
"2744",12,16,6,6,81.5801840646008,81.5801840646008,"Smooth","Avg. Reward Condition",40,"1",13,2,73,89,"Long",0.0890965228063537,0.814195384550721,NA,0.420846815935237,"localGP"
"2745",12,17,5,6,67.8000614723364,81.5801840646008,"Smooth","Avg. Reward Condition",40,"1",13,14,72,89,"Long",0.0890965228063537,0.814195384550721,NA,0.420846815935237,"localGP"
"2746",12,18,3,9,34.0662277236417,81.5801840646008,"Smooth","Avg. Reward Condition",40,"1",13,4,103,89,"Long",0.0890965228063537,0.814195384550721,NA,0.420846815935237,"localGP"
"2747",12,19,6,3,26.9117214598772,81.5801840646008,"Smooth","Avg. Reward Condition",40,"1",13,5,40,89,"Long",0.0890965228063537,0.814195384550721,NA,0.420846815935237,"localGP"
"2748",12,20,3,10,49.5315069450251,81.5801840646008,"Smooth","Avg. Reward Condition",40,"1",13,8,114,89,"Long",0.0890965228063537,0.814195384550721,NA,0.420846815935237,"localGP"
"2749",12,21,4,7,25.3361076780515,81.5801840646008,"Smooth","Avg. Reward Condition",40,"1",13,1,82,89,"Long",0.0890965228063537,0.814195384550721,NA,0.420846815935237,"localGP"
"2750",12,22,4,5,46.8761367253109,81.5801840646008,"Smooth","Avg. Reward Condition",40,"1",13,2,60,89,"Long",0.0890965228063537,0.814195384550721,NA,0.420846815935237,"localGP"
"2751",12,23,10,0,100,100,"Smooth","Avg. Reward Condition",40,"1",13,2,11,89,"Long",0.0890965228063537,0.814195384550721,NA,0.420846815935237,"localGP"
"2752",12,24,9,0,44.4816550255405,100,"Smooth","Avg. Reward Condition",40,"1",13,1,10,89,"Long",0.0890965228063537,0.814195384550721,NA,0.420846815935237,"localGP"
"2753",12,25,9,1,33.2193816371395,100,"Smooth","Avg. Reward Condition",40,"1",13,1,21,89,"Long",0.0890965228063537,0.814195384550721,NA,0.420846815935237,"localGP"
"2754",12,26,6,0,42.2635733296854,100,"Smooth","Avg. Reward Condition",40,"1",13,1,7,89,"Long",0.0890965228063537,0.814195384550721,NA,0.420846815935237,"localGP"
"2755",12,27,5,0,64.1419179337713,100,"Smooth","Avg. Reward Condition",40,"1",13,2,6,89,"Long",0.0890965228063537,0.814195384550721,NA,0.420846815935237,"localGP"
"2756",12,28,2,0,45.4901469017811,100,"Smooth","Avg. Reward Condition",40,"1",13,2,3,89,"Long",0.0890965228063537,0.814195384550721,NA,0.420846815935237,"localGP"
"2757",12,29,1,0,62.1042117184929,100,"Smooth","Avg. Reward Condition",40,"1",13,3,2,89,"Long",0.0890965228063537,0.814195384550721,NA,0.420846815935237,"localGP"
"2758",12,30,1,2,38.3504915671492,100,"Smooth","Avg. Reward Condition",40,"1",13,0,24,89,"Long",0.0890965228063537,0.814195384550721,NA,0.420846815935237,"localGP"
"2759",12,31,9,8,52.3170386231255,100,"Smooth","Avg. Reward Condition",40,"1",13,0,98,89,"Long",0.0890965228063537,0.814195384550721,NA,0.420846815935237,"localGP"
"2760",12,32,7,7,65.4024008297737,100,"Smooth","Avg. Reward Condition",40,"1",13,6,85,89,"Long",0.0890965228063537,0.814195384550721,NA,0.420846815935237,"localGP"
"2761",12,33,6,7,61.746746813945,100,"Smooth","Avg. Reward Condition",40,"1",13,4,84,89,"Long",0.0890965228063537,0.814195384550721,NA,0.420846815935237,"localGP"
"2762",12,34,9,1,33.2193816371395,100,"Smooth","Avg. Reward Condition",40,"1",13,5,21,89,"Long",0.0890965228063537,0.814195384550721,NA,0.420846815935237,"localGP"
"2763",12,35,10,1,84.1387204630061,100,"Smooth","Avg. Reward Condition",40,"1",13,3,22,89,"Long",0.0890965228063537,0.814195384550721,NA,0.420846815935237,"localGP"
"2764",12,36,10,1,84.1387204630061,100,"Smooth","Avg. Reward Condition",40,"1",13,2,22,89,"Long",0.0890965228063537,0.814195384550721,NA,0.420846815935237,"localGP"
"2765",12,37,10,0,100,100,"Smooth","Avg. Reward Condition",40,"1",13,2,11,89,"Long",0.0890965228063537,0.814195384550721,NA,0.420846815935237,"localGP"
"2766",12,38,10,1,84.1387204630061,100,"Smooth","Avg. Reward Condition",40,"1",13,9,22,89,"Long",0.0890965228063537,0.814195384550721,NA,0.420846815935237,"localGP"
"2767",12,39,10,0,100,100,"Smooth","Avg. Reward Condition",40,"1",13,5,11,89,"Long",0.0890965228063537,0.814195384550721,NA,0.420846815935237,"localGP"
"2768",12,40,6,7,61.746746813945,100,"Smooth","Avg. Reward Condition",40,"1",13,1,84,89,"Long",0.0890965228063537,0.814195384550721,NA,0.420846815935237,"localGP"
"2769",12,41,5,7,44.9495290274255,100,"Smooth","Avg. Reward Condition",40,"1",13,2,83,89,"Long",0.0890965228063537,0.814195384550721,NA,0.420846815935237,"localGP"
"2770",12,1,7,3,55.1490469076326,55.1490469076326,"Smooth","Avg. Reward Condition",20,"2",17,NA,41,90,"Short",0.0938270635371065,1.04308380045917,NA,0.488505458293448,"localGP"
"2771",12,2,8,3,41.0422069840065,55.1490469076326,"Smooth","Avg. Reward Condition",20,"2",17,16,42,90,"Short",0.0938270635371065,1.04308380045917,NA,0.488505458293448,"localGP"
"2772",12,3,1,0,56.6190027883909,56.6190027883909,"Smooth","Avg. Reward Condition",20,"2",17,9,2,90,"Short",0.0938270635371065,1.04308380045917,NA,0.488505458293448,"localGP"
"2773",12,4,5,9,17.2900510483539,56.6190027883909,"Smooth","Avg. Reward Condition",20,"2",17,9,105,90,"Short",0.0938270635371065,1.04308380045917,NA,0.488505458293448,"localGP"
"2774",12,5,0,8,50.1774313220849,56.6190027883909,"Smooth","Avg. Reward Condition",20,"2",17,16,89,90,"Short",0.0938270635371065,1.04308380045917,NA,0.488505458293448,"localGP"
"2775",12,6,1,10,38.833322433852,56.6190027883909,"Smooth","Avg. Reward Condition",20,"2",17,4,112,90,"Short",0.0938270635371065,1.04308380045917,NA,0.488505458293448,"localGP"
"2776",12,7,6,0,78.5527301112154,78.5527301112154,"Smooth","Avg. Reward Condition",20,"2",17,6,7,90,"Short",0.0938270635371065,1.04308380045917,NA,0.488505458293448,"localGP"
"2777",12,8,7,0,58.3371739610509,78.5527301112154,"Smooth","Avg. Reward Condition",20,"2",17,10,8,90,"Short",0.0938270635371065,1.04308380045917,NA,0.488505458293448,"localGP"
"2778",12,9,7,1,68.4445451989571,78.5527301112154,"Smooth","Avg. Reward Condition",20,"2",17,8,19,90,"Short",0.0938270635371065,1.04308380045917,NA,0.488505458293448,"localGP"
"2779",12,10,8,2,58.6698020983596,78.5527301112154,"Smooth","Avg. Reward Condition",20,"2",17,8,31,90,"Short",0.0938270635371065,1.04308380045917,NA,0.488505458293448,"localGP"
"2780",12,11,7,2,75.4767861169897,78.5527301112154,"Smooth","Avg. Reward Condition",20,"2",17,5,30,90,"Short",0.0938270635371065,1.04308380045917,NA,0.488505458293448,"localGP"
"2781",12,12,9,10,51.9374709842096,78.5527301112154,"Smooth","Avg. Reward Condition",20,"2",17,4,120,90,"Short",0.0938270635371065,1.04308380045917,NA,0.488505458293448,"localGP"
"2782",12,13,8,5,20.7172540891827,78.5527301112154,"Smooth","Avg. Reward Condition",20,"2",17,8,64,90,"Short",0.0938270635371065,1.04308380045917,NA,0.488505458293448,"localGP"
"2783",12,14,0,9,6.38846062924272,78.5527301112154,"Smooth","Avg. Reward Condition",20,"2",17,5,100,90,"Short",0.0938270635371065,1.04308380045917,NA,0.488505458293448,"localGP"
"2784",12,15,4,5,82.6609311486781,82.6609311486781,"Smooth","Avg. Reward Condition",20,"2",17,1,60,90,"Short",0.0938270635371065,1.04308380045917,NA,0.488505458293448,"localGP"
"2785",12,16,3,5,100,100,"Smooth","Avg. Reward Condition",20,"2",17,1,59,90,"Short",0.0938270635371065,1.04308380045917,NA,0.488505458293448,"localGP"
"2786",12,17,3,4,81.7432518785976,100,"Smooth","Avg. Reward Condition",20,"2",17,3,48,90,"Short",0.0938270635371065,1.04308380045917,NA,0.488505458293448,"localGP"
"2787",12,18,1,7,56.599176854759,100,"Smooth","Avg. Reward Condition",20,"2",17,1,79,90,"Short",0.0938270635371065,1.04308380045917,NA,0.488505458293448,"localGP"
"2788",12,19,1,6,46.8743954250285,100,"Smooth","Avg. Reward Condition",20,"2",17,1,68,90,"Short",0.0938270635371065,1.04308380045917,NA,0.488505458293448,"localGP"
"2789",12,20,9,0,56.3100913856246,100,"Smooth","Avg. Reward Condition",20,"2",17,1,10,90,"Short",0.0938270635371065,1.04308380045917,NA,0.488505458293448,"localGP"
"2790",12,21,10,0,27.0967332866998,100,"Smooth","Avg. Reward Condition",20,"2",17,4,11,90,"Short",0.0938270635371065,1.04308380045917,NA,0.488505458293448,"localGP"
"2791",12,1,7,10,24.3351898856804,24.3351898856804,"Smooth","Avg. Reward Condition",40,"3",10,NA,118,91,"Long",0.0887937047898183,0.821576926573795,NA,0.392009916994444,"localGP"
"2792",12,2,5,4,50.0192532451503,50.0192532451503,"Smooth","Avg. Reward Condition",40,"3",10,6,50,91,"Long",0.0887937047898183,0.821576926573795,NA,0.392009916994444,"localGP"
"2793",12,3,3,4,73.1932360426665,73.1932360426665,"Smooth","Avg. Reward Condition",40,"3",10,7,48,91,"Long",0.0887937047898183,0.821576926573795,NA,0.392009916994444,"localGP"
"2794",12,4,3,3,87.6831078392133,87.6831078392133,"Smooth","Avg. Reward Condition",40,"3",10,5,37,91,"Long",0.0887937047898183,0.821576926573795,NA,0.392009916994444,"localGP"
"2795",12,5,2,4,68.2811565221098,87.6831078392133,"Smooth","Avg. Reward Condition",40,"3",10,1,47,91,"Long",0.0887937047898183,0.821576926573795,NA,0.392009916994444,"localGP"
"2796",12,6,2,6,66.3176566242465,87.6831078392133,"Smooth","Avg. Reward Condition",40,"3",10,1,69,91,"Long",0.0887937047898183,0.821576926573795,NA,0.392009916994444,"localGP"
"2797",12,7,2,1,47.2554577886934,87.6831078392133,"Smooth","Avg. Reward Condition",40,"3",10,1,14,91,"Long",0.0887937047898183,0.821576926573795,NA,0.392009916994444,"localGP"
"2798",12,8,1,1,27.8495528715729,87.6831078392133,"Smooth","Avg. Reward Condition",40,"3",10,12,13,91,"Long",0.0887937047898183,0.821576926573795,NA,0.392009916994444,"localGP"
"2799",12,9,8,6,36.1413802304101,87.6831078392133,"Smooth","Avg. Reward Condition",40,"3",10,2,75,91,"Long",0.0887937047898183,0.821576926573795,NA,0.392009916994444,"localGP"
"2800",12,10,4,0,53.850860567956,87.6831078392133,"Smooth","Avg. Reward Condition",40,"3",10,1,5,91,"Long",0.0887937047898183,0.821576926573795,NA,0.392009916994444,"localGP"
"2801",12,11,9,0,60.0001478018408,87.6831078392133,"Smooth","Avg. Reward Condition",40,"3",10,1,10,91,"Long",0.0887937047898183,0.821576926573795,NA,0.392009916994444,"localGP"
"2802",12,12,9,0,60.0001478018408,87.6831078392133,"Smooth","Avg. Reward Condition",40,"3",10,1,10,91,"Long",0.0887937047898183,0.821576926573795,NA,0.392009916994444,"localGP"
"2803",12,13,0,8,27.8068500245275,87.6831078392133,"Smooth","Avg. Reward Condition",40,"3",10,2,89,91,"Long",0.0887937047898183,0.821576926573795,NA,0.392009916994444,"localGP"
"2804",12,14,0,7,23.2514294242232,87.6831078392133,"Smooth","Avg. Reward Condition",40,"3",10,1,78,91,"Long",0.0887937047898183,0.821576926573795,NA,0.392009916994444,"localGP"
"2805",12,15,9,6,37.140783042608,87.6831078392133,"Smooth","Avg. Reward Condition",40,"3",10,4,76,91,"Long",0.0887937047898183,0.821576926573795,NA,0.392009916994444,"localGP"
"2806",12,16,10,6,47.8273989223107,87.6831078392133,"Smooth","Avg. Reward Condition",40,"3",10,2,77,91,"Long",0.0887937047898183,0.821576926573795,NA,0.392009916994444,"localGP"
"2807",12,17,7,5,66.0456136537345,87.6831078392133,"Smooth","Avg. Reward Condition",40,"3",10,1,63,91,"Long",0.0887937047898183,0.821576926573795,NA,0.392009916994444,"localGP"
"2808",12,18,8,5,42.0096919098843,87.6831078392133,"Smooth","Avg. Reward Condition",40,"3",10,1,64,91,"Long",0.0887937047898183,0.821576926573795,NA,0.392009916994444,"localGP"
"2809",12,19,5,8,39.6481933267656,87.6831078392133,"Smooth","Avg. Reward Condition",40,"3",10,1,94,91,"Long",0.0887937047898183,0.821576926573795,NA,0.392009916994444,"localGP"
"2810",12,20,8,2,57.307222927851,87.6831078392133,"Smooth","Avg. Reward Condition",40,"3",10,1,31,91,"Long",0.0887937047898183,0.821576926573795,NA,0.392009916994444,"localGP"
"2811",12,21,6,6,43.5674810058941,87.6831078392133,"Smooth","Avg. Reward Condition",40,"3",10,1,73,91,"Long",0.0887937047898183,0.821576926573795,NA,0.392009916994444,"localGP"
"2812",12,22,6,5,50.4304471190936,87.6831078392133,"Smooth","Avg. Reward Condition",40,"3",10,2,62,91,"Long",0.0887937047898183,0.821576926573795,NA,0.392009916994444,"localGP"
"2813",12,23,9,0,60.0001478018408,87.6831078392133,"Smooth","Avg. Reward Condition",40,"3",10,1,10,91,"Long",0.0887937047898183,0.821576926573795,NA,0.392009916994444,"localGP"
"2814",12,24,8,0,51.8507217555431,87.6831078392133,"Smooth","Avg. Reward Condition",40,"3",10,3,9,91,"Long",0.0887937047898183,0.821576926573795,NA,0.392009916994444,"localGP"
"2815",12,25,8,1,54.5000391285094,87.6831078392133,"Smooth","Avg. Reward Condition",40,"3",10,1,20,91,"Long",0.0887937047898183,0.821576926573795,NA,0.392009916994444,"localGP"
"2816",12,26,6,1,59.0938949398231,87.6831078392133,"Smooth","Avg. Reward Condition",40,"3",10,9,18,91,"Long",0.0887937047898183,0.821576926573795,NA,0.392009916994444,"localGP"
"2817",12,27,7,1,56.8679391760185,87.6831078392133,"Smooth","Avg. Reward Condition",40,"3",10,1,19,91,"Long",0.0887937047898183,0.821576926573795,NA,0.392009916994444,"localGP"
"2818",12,28,6,0,68.3343050142511,87.6831078392133,"Smooth","Avg. Reward Condition",40,"3",10,3,7,91,"Long",0.0887937047898183,0.821576926573795,NA,0.392009916994444,"localGP"
"2819",12,29,5,1,61.2403460186364,87.6831078392133,"Smooth","Avg. Reward Condition",40,"3",10,1,17,91,"Long",0.0887937047898183,0.821576926573795,NA,0.392009916994444,"localGP"
"2820",12,30,3,1,42.3496807301259,87.6831078392133,"Smooth","Avg. Reward Condition",40,"3",10,5,15,91,"Long",0.0887937047898183,0.821576926573795,NA,0.392009916994444,"localGP"
"2821",12,31,5,7,54.5083203528805,87.6831078392133,"Smooth","Avg. Reward Condition",40,"3",10,7,83,91,"Long",0.0887937047898183,0.821576926573795,NA,0.392009916994444,"localGP"
"2822",12,32,5,0,61.2584278059806,87.6831078392133,"Smooth","Avg. Reward Condition",40,"3",10,3,6,91,"Long",0.0887937047898183,0.821576926573795,NA,0.392009916994444,"localGP"
"2823",12,33,6,0,68.3343050142511,87.6831078392133,"Smooth","Avg. Reward Condition",40,"3",10,8,7,91,"Long",0.0887937047898183,0.821576926573795,NA,0.392009916994444,"localGP"
"2824",12,34,8,10,42.4353725916264,87.6831078392133,"Smooth","Avg. Reward Condition",40,"3",10,11,119,91,"Long",0.0887937047898183,0.821576926573795,NA,0.392009916994444,"localGP"
"2825",12,35,8,9,49.5506805256934,87.6831078392133,"Smooth","Avg. Reward Condition",40,"3",10,1,108,91,"Long",0.0887937047898183,0.821576926573795,NA,0.392009916994444,"localGP"
"2826",12,36,9,9,50.1504839805643,87.6831078392133,"Smooth","Avg. Reward Condition",40,"3",10,1,109,91,"Long",0.0887937047898183,0.821576926573795,NA,0.392009916994444,"localGP"
"2827",12,37,0,6,44.4460602497273,87.6831078392133,"Smooth","Avg. Reward Condition",40,"3",10,2,67,91,"Long",0.0887937047898183,0.821576926573795,NA,0.392009916994444,"localGP"
"2828",12,38,0,4,27.2386379054734,87.6831078392133,"Smooth","Avg. Reward Condition",40,"3",10,1,45,91,"Long",0.0887937047898183,0.821576926573795,NA,0.392009916994444,"localGP"
"2829",12,39,4,2,49.5824885929655,87.6831078392133,"Smooth","Avg. Reward Condition",40,"3",10,2,27,91,"Long",0.0887937047898183,0.821576926573795,NA,0.392009916994444,"localGP"
"2830",12,40,9,3,43.0768959430653,87.6831078392133,"Smooth","Avg. Reward Condition",40,"3",10,1,43,91,"Long",0.0887937047898183,0.821576926573795,NA,0.392009916994444,"localGP"
"2831",12,41,10,3,42.1645192614556,87.6831078392133,"Smooth","Avg. Reward Condition",40,"3",10,7,44,91,"Long",0.0887937047898183,0.821576926573795,NA,0.392009916994444,"localGP"
"2832",12,1,9,3,37.6653431839329,37.6653431839329,"Smooth","Avg. Reward Condition",20,"4",5,NA,43,92,"Short",0.0826587600660233,13.0247265619456,NA,5.50521075980473,"localGP"
"2833",12,2,2,3,50.3035066578995,50.3035066578995,"Smooth","Avg. Reward Condition",20,"4",5,14,36,92,"Short",0.0826587600660233,13.0247265619456,NA,5.50521075980473,"localGP"
"2834",12,3,1,5,50.8339680932968,50.8339680932968,"Smooth","Avg. Reward Condition",20,"4",5,1,57,92,"Short",0.0826587600660233,13.0247265619456,NA,5.50521075980473,"localGP"
"2835",12,4,5,8,49.7859994292566,50.8339680932968,"Smooth","Avg. Reward Condition",20,"4",5,3,94,92,"Short",0.0826587600660233,13.0247265619456,NA,5.50521075980473,"localGP"
"2836",12,5,4,6,22.9832733100999,50.8339680932968,"Smooth","Avg. Reward Condition",20,"4",5,2,71,92,"Short",0.0826587600660233,13.0247265619456,NA,5.50521075980473,"localGP"
"2837",12,6,6,9,54.6126076443518,54.6126076443518,"Smooth","Avg. Reward Condition",20,"4",5,2,106,92,"Short",0.0826587600660233,13.0247265619456,NA,5.50521075980473,"localGP"
"2838",12,7,2,0,77.0544773481124,77.0544773481124,"Smooth","Avg. Reward Condition",20,"4",5,1,3,92,"Short",0.0826587600660233,13.0247265619456,NA,5.50521075980473,"localGP"
"2839",12,8,1,0,96.5592273768924,96.5592273768924,"Smooth","Avg. Reward Condition",20,"4",5,2,2,92,"Short",0.0826587600660233,13.0247265619456,NA,5.50521075980473,"localGP"
"2840",12,9,0,0,76.5662850402658,96.5592273768924,"Smooth","Avg. Reward Condition",20,"4",5,1,1,92,"Short",0.0826587600660233,13.0247265619456,NA,5.50521075980473,"localGP"
"2841",12,10,1,0,96.5592273768924,96.5592273768924,"Smooth","Avg. Reward Condition",20,"4",5,1,2,92,"Short",0.0826587600660233,13.0247265619456,NA,5.50521075980473,"localGP"
"2842",12,11,1,0,96.5592273768924,96.5592273768924,"Smooth","Avg. Reward Condition",20,"4",5,1,2,92,"Short",0.0826587600660233,13.0247265619456,NA,5.50521075980473,"localGP"
"2843",12,12,1,0,96.5592273768924,96.5592273768924,"Smooth","Avg. Reward Condition",20,"4",5,2,2,92,"Short",0.0826587600660233,13.0247265619456,NA,5.50521075980473,"localGP"
"2844",12,13,1,0,96.5592273768924,96.5592273768924,"Smooth","Avg. Reward Condition",20,"4",5,1,2,92,"Short",0.0826587600660233,13.0247265619456,NA,5.50521075980473,"localGP"
"2845",12,14,1,0,96.5592273768924,96.5592273768924,"Smooth","Avg. Reward Condition",20,"4",5,2,2,92,"Short",0.0826587600660233,13.0247265619456,NA,5.50521075980473,"localGP"
"2846",12,15,0,0,76.5662850402658,96.5592273768924,"Smooth","Avg. Reward Condition",20,"4",5,1,1,92,"Short",0.0826587600660233,13.0247265619456,NA,5.50521075980473,"localGP"
"2847",12,16,1,0,96.5592273768924,96.5592273768924,"Smooth","Avg. Reward Condition",20,"4",5,2,2,92,"Short",0.0826587600660233,13.0247265619456,NA,5.50521075980473,"localGP"
"2848",12,17,1,0,96.5592273768924,96.5592273768924,"Smooth","Avg. Reward Condition",20,"4",5,1,2,92,"Short",0.0826587600660233,13.0247265619456,NA,5.50521075980473,"localGP"
"2849",12,18,2,0,77.0544773481124,96.5592273768924,"Smooth","Avg. Reward Condition",20,"4",5,1,3,92,"Short",0.0826587600660233,13.0247265619456,NA,5.50521075980473,"localGP"
"2850",12,19,1,0,96.5592273768924,96.5592273768924,"Smooth","Avg. Reward Condition",20,"4",5,2,2,92,"Short",0.0826587600660233,13.0247265619456,NA,5.50521075980473,"localGP"
"2851",12,20,2,0,77.0544773481124,96.5592273768924,"Smooth","Avg. Reward Condition",20,"4",5,1,3,92,"Short",0.0826587600660233,13.0247265619456,NA,5.50521075980473,"localGP"
"2852",12,21,1,0,96.5592273768924,96.5592273768924,"Smooth","Avg. Reward Condition",20,"4",5,1,2,92,"Short",0.0826587600660233,13.0247265619456,NA,5.50521075980473,"localGP"
"2853",12,1,6,10,52.4204868482691,52.4204868482691,"Smooth","Avg. Reward Condition",40,"5",2,NA,117,93,"Long",0.0921428376751704,0.850831030305368,NA,0.425737764185911,"localGP"
"2854",12,2,5,9,16.8148223768183,52.4204868482691,"Smooth","Avg. Reward Condition",40,"5",2,0,105,93,"Long",0.0921428376751704,0.850831030305368,NA,0.425737764185911,"localGP"
"2855",12,3,4,5,25.2003501997717,52.4204868482691,"Smooth","Avg. Reward Condition",40,"5",2,1,60,93,"Long",0.0921428376751704,0.850831030305368,NA,0.425737764185911,"localGP"
"2856",12,4,2,5,29.9250214426935,52.4204868482691,"Smooth","Avg. Reward Condition",40,"5",2,2,58,93,"Long",0.0921428376751704,0.850831030305368,NA,0.425737764185911,"localGP"
"2857",12,5,0,3,43.0590958702636,52.4204868482691,"Smooth","Avg. Reward Condition",40,"5",2,2,34,93,"Long",0.0921428376751704,0.850831030305368,NA,0.425737764185911,"localGP"
"2858",12,6,0,5,0,52.4204868482691,"Smooth","Avg. Reward Condition",40,"5",2,2,56,93,"Long",0.0921428376751704,0.850831030305368,NA,0.425737764185911,"localGP"
"2859",12,7,1,6,25.7521416904729,52.4204868482691,"Smooth","Avg. Reward Condition",40,"5",2,1,68,93,"Long",0.0921428376751704,0.850831030305368,NA,0.425737764185911,"localGP"
"2860",12,8,5,9,16.8148223768183,52.4204868482691,"Smooth","Avg. Reward Condition",40,"5",2,2,105,93,"Long",0.0921428376751704,0.850831030305368,NA,0.425737764185911,"localGP"
"2861",12,9,6,10,52.4204868482691,52.4204868482691,"Smooth","Avg. Reward Condition",40,"5",2,14,117,93,"Long",0.0921428376751704,0.850831030305368,NA,0.425737764185911,"localGP"
"2862",12,10,9,8,30.4917162873029,52.4204868482691,"Smooth","Avg. Reward Condition",40,"5",2,7,98,93,"Long",0.0921428376751704,0.850831030305368,NA,0.425737764185911,"localGP"
"2863",12,11,4,2,17.4226376876341,52.4204868482691,"Smooth","Avg. Reward Condition",40,"5",2,4,27,93,"Long",0.0921428376751704,0.850831030305368,NA,0.425737764185911,"localGP"
"2864",12,12,5,1,14.0448929140454,52.4204868482691,"Smooth","Avg. Reward Condition",40,"5",2,3,17,93,"Long",0.0921428376751704,0.850831030305368,NA,0.425737764185911,"localGP"
"2865",12,13,10,9,30.0844410154341,52.4204868482691,"Smooth","Avg. Reward Condition",40,"5",2,0,110,93,"Long",0.0921428376751704,0.850831030305368,NA,0.425737764185911,"localGP"
"2866",12,14,9,9,13.4815428060423,52.4204868482691,"Smooth","Avg. Reward Condition",40,"5",2,1,109,93,"Long",0.0921428376751704,0.850831030305368,NA,0.425737764185911,"localGP"
"2867",12,15,2,4,44.4621814530642,52.4204868482691,"Smooth","Avg. Reward Condition",40,"5",2,2,47,93,"Long",0.0921428376751704,0.850831030305368,NA,0.425737764185911,"localGP"
"2868",12,16,2,3,39.2617782530789,52.4204868482691,"Smooth","Avg. Reward Condition",40,"5",2,1,36,93,"Long",0.0921428376751704,0.850831030305368,NA,0.425737764185911,"localGP"
"2869",12,17,2,1,41.6870799554234,52.4204868482691,"Smooth","Avg. Reward Condition",40,"5",2,1,14,93,"Long",0.0921428376751704,0.850831030305368,NA,0.425737764185911,"localGP"
"2870",12,18,7,5,65.2858713745774,65.2858713745774,"Smooth","Avg. Reward Condition",40,"5",2,2,63,93,"Long",0.0921428376751704,0.850831030305368,NA,0.425737764185911,"localGP"
"2871",12,19,7,3,50.3085292278085,65.2858713745774,"Smooth","Avg. Reward Condition",40,"5",2,1,41,93,"Long",0.0921428376751704,0.850831030305368,NA,0.425737764185911,"localGP"
"2872",12,20,7,10,82.2172279121399,82.2172279121399,"Smooth","Avg. Reward Condition",40,"5",2,3,118,93,"Long",0.0921428376751704,0.850831030305368,NA,0.425737764185911,"localGP"
"2873",12,21,7,9,45.2247389588236,82.2172279121399,"Smooth","Avg. Reward Condition",40,"5",2,1,107,93,"Long",0.0921428376751704,0.850831030305368,NA,0.425737764185911,"localGP"
"2874",12,22,7,10,82.2172279121399,82.2172279121399,"Smooth","Avg. Reward Condition",40,"5",2,12,118,93,"Long",0.0921428376751704,0.850831030305368,NA,0.425737764185911,"localGP"
"2875",12,23,8,10,50.0631766898922,82.2172279121399,"Smooth","Avg. Reward Condition",40,"5",2,2,119,93,"Long",0.0921428376751704,0.850831030305368,NA,0.425737764185911,"localGP"
"2876",12,24,7,10,82.2172279121399,82.2172279121399,"Smooth","Avg. Reward Condition",40,"5",2,3,118,93,"Long",0.0921428376751704,0.850831030305368,NA,0.425737764185911,"localGP"
"2877",12,25,9,2,19.7845577092185,82.2172279121399,"Smooth","Avg. Reward Condition",40,"5",2,1,32,93,"Long",0.0921428376751704,0.850831030305368,NA,0.425737764185911,"localGP"
"2878",12,26,6,0,43.9679034067022,82.2172279121399,"Smooth","Avg. Reward Condition",40,"5",2,1,7,93,"Long",0.0921428376751704,0.850831030305368,NA,0.425737764185911,"localGP"
"2879",12,27,7,1,46.9542697073233,82.2172279121399,"Smooth","Avg. Reward Condition",40,"5",2,2,19,93,"Long",0.0921428376751704,0.850831030305368,NA,0.425737764185911,"localGP"
"2880",12,28,5,4,53.7953839453932,82.2172279121399,"Smooth","Avg. Reward Condition",40,"5",2,1,50,93,"Long",0.0921428376751704,0.850831030305368,NA,0.425737764185911,"localGP"
"2881",12,29,6,4,48.9201172957826,82.2172279121399,"Smooth","Avg. Reward Condition",40,"5",2,3,51,93,"Long",0.0921428376751704,0.850831030305368,NA,0.425737764185911,"localGP"
"2882",12,30,6,5,58.989470043494,82.2172279121399,"Smooth","Avg. Reward Condition",40,"5",2,1,62,93,"Long",0.0921428376751704,0.850831030305368,NA,0.425737764185911,"localGP"
"2883",12,31,8,7,27.4177147480502,82.2172279121399,"Smooth","Avg. Reward Condition",40,"5",2,1,86,93,"Long",0.0921428376751704,0.850831030305368,NA,0.425737764185911,"localGP"
"2884",12,32,10,7,56.407307630686,82.2172279121399,"Smooth","Avg. Reward Condition",40,"5",2,4,88,93,"Long",0.0921428376751704,0.850831030305368,NA,0.425737764185911,"localGP"
"2885",12,33,6,6,56.4950247425191,82.2172279121399,"Smooth","Avg. Reward Condition",40,"5",2,1,73,93,"Long",0.0921428376751704,0.850831030305368,NA,0.425737764185911,"localGP"
"2886",12,34,3,10,55.7632671935158,82.2172279121399,"Smooth","Avg. Reward Condition",40,"5",2,1,114,93,"Long",0.0921428376751704,0.850831030305368,NA,0.425737764185911,"localGP"
"2887",12,35,2,10,55.8905706539792,82.2172279121399,"Smooth","Avg. Reward Condition",40,"5",2,1,113,93,"Long",0.0921428376751704,0.850831030305368,NA,0.425737764185911,"localGP"
"2888",12,36,2,9,94.3317374885778,94.3317374885778,"Smooth","Avg. Reward Condition",40,"5",2,2,102,93,"Long",0.0921428376751704,0.850831030305368,NA,0.425737764185911,"localGP"
"2889",12,37,6,5,58.989470043494,94.3317374885778,"Smooth","Avg. Reward Condition",40,"5",2,1,62,93,"Long",0.0921428376751704,0.850831030305368,NA,0.425737764185911,"localGP"
"2890",12,38,4,3,49.0806625951853,94.3317374885778,"Smooth","Avg. Reward Condition",40,"5",2,13,38,93,"Long",0.0921428376751704,0.850831030305368,NA,0.425737764185911,"localGP"
"2891",12,39,9,7,24.6631121599105,94.3317374885778,"Smooth","Avg. Reward Condition",40,"5",2,6,87,93,"Long",0.0921428376751704,0.850831030305368,NA,0.425737764185911,"localGP"
"2892",12,40,10,8,61.2037213631902,94.3317374885778,"Smooth","Avg. Reward Condition",40,"5",2,1,99,93,"Long",0.0921428376751704,0.850831030305368,NA,0.425737764185911,"localGP"
"2893",12,41,4,5,25.2003501997717,94.3317374885778,"Smooth","Avg. Reward Condition",40,"5",2,2,60,93,"Long",0.0921428376751704,0.850831030305368,NA,0.425737764185911,"localGP"
"2894",12,1,0,6,64.4347453431336,64.4347453431336,"Smooth","Avg. Reward Condition",20,"6",11,NA,67,94,"Short",0.0898523671944093,1.02862674289253,NA,0.438637069004226,"localGP"
"2895",12,2,3,4,17.5015117391126,64.4347453431336,"Smooth","Avg. Reward Condition",20,"6",11,16,48,94,"Short",0.0898523671944093,1.02862674289253,NA,0.438637069004226,"localGP"
"2896",12,3,0,5,32.447397425839,64.4347453431336,"Smooth","Avg. Reward Condition",20,"6",11,8,56,94,"Short",0.0898523671944093,1.02862674289253,NA,0.438637069004226,"localGP"
"2897",12,4,1,5,17.0308109764636,64.4347453431336,"Smooth","Avg. Reward Condition",20,"6",11,15,57,94,"Short",0.0898523671944093,1.02862674289253,NA,0.438637069004226,"localGP"
"2898",12,5,1,7,66.3320145159087,66.3320145159087,"Smooth","Avg. Reward Condition",20,"6",11,1,79,94,"Short",0.0898523671944093,1.02862674289253,NA,0.438637069004226,"localGP"
"2899",12,6,3,3,18.93685736026,66.3320145159087,"Smooth","Avg. Reward Condition",20,"6",11,0,37,94,"Short",0.0898523671944093,1.02862674289253,NA,0.438637069004226,"localGP"
"2900",12,7,9,7,46.7520963310915,66.3320145159087,"Smooth","Avg. Reward Condition",20,"6",11,2,87,94,"Short",0.0898523671944093,1.02862674289253,NA,0.438637069004226,"localGP"
"2901",12,8,4,3,13.976974015902,66.3320145159087,"Smooth","Avg. Reward Condition",20,"6",11,1,38,94,"Short",0.0898523671944093,1.02862674289253,NA,0.438637069004226,"localGP"
"2902",12,9,8,0,36.3714446151272,66.3320145159087,"Smooth","Avg. Reward Condition",20,"6",11,2,9,94,"Short",0.0898523671944093,1.02862674289253,NA,0.438637069004226,"localGP"
"2903",12,10,8,1,46.3164104609932,66.3320145159087,"Smooth","Avg. Reward Condition",20,"6",11,1,20,94,"Short",0.0898523671944093,1.02862674289253,NA,0.438637069004226,"localGP"
"2904",12,11,9,2,22.5222349190201,66.3320145159087,"Smooth","Avg. Reward Condition",20,"6",11,1,32,94,"Short",0.0898523671944093,1.02862674289253,NA,0.438637069004226,"localGP"
"2905",12,12,5,2,64.0266563277365,66.3320145159087,"Smooth","Avg. Reward Condition",20,"6",11,2,28,94,"Short",0.0898523671944093,1.02862674289253,NA,0.438637069004226,"localGP"
"2906",12,13,3,10,47.1514098553432,66.3320145159087,"Smooth","Avg. Reward Condition",20,"6",11,1,114,94,"Short",0.0898523671944093,1.02862674289253,NA,0.438637069004226,"localGP"
"2907",12,14,3,6,2.87635542151745,66.3320145159087,"Smooth","Avg. Reward Condition",20,"6",11,3,70,94,"Short",0.0898523671944093,1.02862674289253,NA,0.438637069004226,"localGP"
"2908",12,15,3,8,64.4887240517494,66.3320145159087,"Smooth","Avg. Reward Condition",20,"6",11,2,92,94,"Short",0.0898523671944093,1.02862674289253,NA,0.438637069004226,"localGP"
"2909",12,16,3,7,59.6140621219219,66.3320145159087,"Smooth","Avg. Reward Condition",20,"6",11,1,81,94,"Short",0.0898523671944093,1.02862674289253,NA,0.438637069004226,"localGP"
"2910",12,17,1,6,53.3162074134113,66.3320145159087,"Smooth","Avg. Reward Condition",20,"6",11,1,68,94,"Short",0.0898523671944093,1.02862674289253,NA,0.438637069004226,"localGP"
"2911",12,18,5,10,87.2658829250153,87.2658829250153,"Smooth","Avg. Reward Condition",20,"6",11,0,116,94,"Short",0.0898523671944093,1.02862674289253,NA,0.438637069004226,"localGP"
"2912",12,19,5,9,67.3684283417963,87.2658829250153,"Smooth","Avg. Reward Condition",20,"6",11,1,105,94,"Short",0.0898523671944093,1.02862674289253,NA,0.438637069004226,"localGP"
"2913",12,20,4,8,79.4784884383396,87.2658829250153,"Smooth","Avg. Reward Condition",20,"6",11,1,93,94,"Short",0.0898523671944093,1.02862674289253,NA,0.438637069004226,"localGP"
"2914",12,21,6,9,46.6920205360619,87.2658829250153,"Smooth","Avg. Reward Condition",20,"6",11,2,106,94,"Short",0.0898523671944093,1.02862674289253,NA,0.438637069004226,"localGP"
"2915",12,1,3,10,17.3902460818447,17.3902460818447,"Smooth","Avg. Reward Condition",40,"7",7,NA,114,95,"Long",0.0911988826453261,0.833592123125739,NA,0.441323190488223,"localGP"
"2916",12,2,3,9,33.3451376526198,33.3451376526198,"Smooth","Avg. Reward Condition",40,"7",7,14,103,95,"Long",0.0911988826453261,0.833592123125739,NA,0.441323190488223,"localGP"
"2917",12,3,4,9,31.6417224588132,33.3451376526198,"Smooth","Avg. Reward Condition",40,"7",7,14,104,95,"Long",0.0911988826453261,0.833592123125739,NA,0.441323190488223,"localGP"
"2918",12,4,6,3,88.5901313022109,88.5901313022109,"Smooth","Avg. Reward Condition",40,"7",7,12,40,95,"Long",0.0911988826453261,0.833592123125739,NA,0.441323190488223,"localGP"
"2919",12,5,6,4,72.5109856479773,88.5901313022109,"Smooth","Avg. Reward Condition",40,"7",7,8,51,95,"Long",0.0911988826453261,0.833592123125739,NA,0.441323190488223,"localGP"
"2920",12,6,6,2,61.16747892044,88.5901313022109,"Smooth","Avg. Reward Condition",40,"7",7,14,29,95,"Long",0.0911988826453261,0.833592123125739,NA,0.441323190488223,"localGP"
"2921",12,7,7,2,58.8232550696874,88.5901313022109,"Smooth","Avg. Reward Condition",40,"7",7,9,30,95,"Long",0.0911988826453261,0.833592123125739,NA,0.441323190488223,"localGP"
"2922",12,8,7,1,64.1520185583196,88.5901313022109,"Smooth","Avg. Reward Condition",40,"7",7,6,19,95,"Long",0.0911988826453261,0.833592123125739,NA,0.441323190488223,"localGP"
"2923",12,9,3,8,50.2866899354238,88.5901313022109,"Smooth","Avg. Reward Condition",40,"7",7,2,92,95,"Long",0.0911988826453261,0.833592123125739,NA,0.441323190488223,"localGP"
"2924",12,10,2,8,44.8287344776486,88.5901313022109,"Smooth","Avg. Reward Condition",40,"7",7,1,91,95,"Long",0.0911988826453261,0.833592123125739,NA,0.441323190488223,"localGP"
"2925",12,11,5,5,44.5106092443796,88.5901313022109,"Smooth","Avg. Reward Condition",40,"7",7,2,61,95,"Long",0.0911988826453261,0.833592123125739,NA,0.441323190488223,"localGP"
"2926",12,12,9,0,40.4430622566814,88.5901313022109,"Smooth","Avg. Reward Condition",40,"7",7,1,10,95,"Long",0.0911988826453261,0.833592123125739,NA,0.441323190488223,"localGP"
"2927",12,13,10,3,34.6736524203448,88.5901313022109,"Smooth","Avg. Reward Condition",40,"7",7,2,44,95,"Long",0.0911988826453261,0.833592123125739,NA,0.441323190488223,"localGP"
"2928",12,14,5,9,27.8448402853638,88.5901313022109,"Smooth","Avg. Reward Condition",40,"7",7,2,105,95,"Long",0.0911988826453261,0.833592123125739,NA,0.441323190488223,"localGP"
"2929",12,15,6,9,21.4314674691678,88.5901313022109,"Smooth","Avg. Reward Condition",40,"7",7,1,106,95,"Long",0.0911988826453261,0.833592123125739,NA,0.441323190488223,"localGP"
"2930",12,16,10,9,70.0392210248855,88.5901313022109,"Smooth","Avg. Reward Condition",40,"7",7,1,110,95,"Long",0.0911988826453261,0.833592123125739,NA,0.441323190488223,"localGP"
"2931",12,17,10,10,51.5021845783836,88.5901313022109,"Smooth","Avg. Reward Condition",40,"7",7,1,121,95,"Long",0.0911988826453261,0.833592123125739,NA,0.441323190488223,"localGP"
"2932",12,18,9,10,62.3733166827573,88.5901313022109,"Smooth","Avg. Reward Condition",40,"7",7,0,120,95,"Long",0.0911988826453261,0.833592123125739,NA,0.441323190488223,"localGP"
"2933",12,19,9,9,65.488052809232,88.5901313022109,"Smooth","Avg. Reward Condition",40,"7",7,1,109,95,"Long",0.0911988826453261,0.833592123125739,NA,0.441323190488223,"localGP"
"2934",12,20,7,9,35.8056100636502,88.5901313022109,"Smooth","Avg. Reward Condition",40,"7",7,3,107,95,"Long",0.0911988826453261,0.833592123125739,NA,0.441323190488223,"localGP"
"2935",12,21,0,9,34.5534423219967,88.5901313022109,"Smooth","Avg. Reward Condition",40,"7",7,1,100,95,"Long",0.0911988826453261,0.833592123125739,NA,0.441323190488223,"localGP"
"2936",12,22,9,8,62.1221519136899,88.5901313022109,"Smooth","Avg. Reward Condition",40,"7",7,3,98,95,"Long",0.0911988826453261,0.833592123125739,NA,0.441323190488223,"localGP"
"2937",12,23,10,8,69.2360163709825,88.5901313022109,"Smooth","Avg. Reward Condition",40,"7",7,1,99,95,"Long",0.0911988826453261,0.833592123125739,NA,0.441323190488223,"localGP"
"2938",12,24,9,2,33.0324980399919,88.5901313022109,"Smooth","Avg. Reward Condition",40,"7",7,10,32,95,"Long",0.0911988826453261,0.833592123125739,NA,0.441323190488223,"localGP"
"2939",12,25,3,2,49.0962017529778,88.5901313022109,"Smooth","Avg. Reward Condition",40,"7",7,1,26,95,"Long",0.0911988826453261,0.833592123125739,NA,0.441323190488223,"localGP"
"2940",12,26,4,0,54.2185336335182,88.5901313022109,"Smooth","Avg. Reward Condition",40,"7",7,2,5,95,"Long",0.0911988826453261,0.833592123125739,NA,0.441323190488223,"localGP"
"2941",12,27,9,4,77.6481440786295,88.5901313022109,"Smooth","Avg. Reward Condition",40,"7",7,2,54,95,"Long",0.0911988826453261,0.833592123125739,NA,0.441323190488223,"localGP"
"2942",12,28,8,3,69.467939664169,88.5901313022109,"Smooth","Avg. Reward Condition",40,"7",7,2,42,95,"Long",0.0911988826453261,0.833592123125739,NA,0.441323190488223,"localGP"
"2943",12,29,8,4,92.0072637842279,92.0072637842279,"Smooth","Avg. Reward Condition",40,"7",7,3,53,95,"Long",0.0911988826453261,0.833592123125739,NA,0.441323190488223,"localGP"
"2944",12,30,9,4,77.6481440786295,92.0072637842279,"Smooth","Avg. Reward Condition",40,"7",7,1,54,95,"Long",0.0911988826453261,0.833592123125739,NA,0.441323190488223,"localGP"
"2945",12,31,3,3,37.3678419356418,92.0072637842279,"Smooth","Avg. Reward Condition",40,"7",7,3,37,95,"Long",0.0911988826453261,0.833592123125739,NA,0.441323190488223,"localGP"
"2946",12,32,6,4,72.5109856479773,92.0072637842279,"Smooth","Avg. Reward Condition",40,"7",7,0,51,95,"Long",0.0911988826453261,0.833592123125739,NA,0.441323190488223,"localGP"
"2947",12,33,7,4,76.4592320894519,92.0072637842279,"Smooth","Avg. Reward Condition",40,"7",7,5,52,95,"Long",0.0911988826453261,0.833592123125739,NA,0.441323190488223,"localGP"
"2948",12,34,7,3,81.9279469354685,92.0072637842279,"Smooth","Avg. Reward Condition",40,"7",7,4,41,95,"Long",0.0911988826453261,0.833592123125739,NA,0.441323190488223,"localGP"
"2949",12,35,7,7,81.7749017517345,92.0072637842279,"Smooth","Avg. Reward Condition",40,"7",7,6,85,95,"Long",0.0911988826453261,0.833592123125739,NA,0.441323190488223,"localGP"
"2950",12,36,8,7,60.6485436141064,92.0072637842279,"Smooth","Avg. Reward Condition",40,"7",7,4,86,95,"Long",0.0911988826453261,0.833592123125739,NA,0.441323190488223,"localGP"
"2951",12,37,8,10,40.3851735013873,92.0072637842279,"Smooth","Avg. Reward Condition",40,"7",7,5,119,95,"Long",0.0911988826453261,0.833592123125739,NA,0.441323190488223,"localGP"
"2952",12,38,8,8,50.5250509128817,92.0072637842279,"Smooth","Avg. Reward Condition",40,"7",7,5,97,95,"Long",0.0911988826453261,0.833592123125739,NA,0.441323190488223,"localGP"
"2953",12,39,7,8,65.9206763266324,92.0072637842279,"Smooth","Avg. Reward Condition",40,"7",7,8,96,95,"Long",0.0911988826453261,0.833592123125739,NA,0.441323190488223,"localGP"
"2954",12,40,7,7,81.7749017517345,92.0072637842279,"Smooth","Avg. Reward Condition",40,"7",7,1,85,95,"Long",0.0911988826453261,0.833592123125739,NA,0.441323190488223,"localGP"
"2955",12,41,6,7,46.9199796180267,92.0072637842279,"Smooth","Avg. Reward Condition",40,"7",7,3,84,95,"Long",0.0911988826453261,0.833592123125739,NA,0.441323190488223,"localGP"
"2956",12,1,10,2,56.4762656457171,56.4762656457171,"Smooth","Avg. Reward Condition",20,"8",16,NA,33,96,"Short",0.0898699330954923,1.02691329269184,NA,0.433386871039287,"localGP"
"2957",12,2,10,1,60.2797132321524,60.2797132321524,"Smooth","Avg. Reward Condition",20,"8",16,8,22,96,"Short",0.0898699330954923,1.02691329269184,NA,0.433386871039287,"localGP"
"2958",12,3,2,1,37.8294983546141,60.2797132321524,"Smooth","Avg. Reward Condition",20,"8",16,8,14,96,"Short",0.0898699330954923,1.02691329269184,NA,0.433386871039287,"localGP"
"2959",12,4,2,8,47.6806943266492,60.2797132321524,"Smooth","Avg. Reward Condition",20,"8",16,9,91,96,"Short",0.0898699330954923,1.02691329269184,NA,0.433386871039287,"localGP"
"2960",12,5,2,7,20.8380154740656,60.2797132321524,"Smooth","Avg. Reward Condition",20,"8",16,1,80,96,"Short",0.0898699330954923,1.02691329269184,NA,0.433386871039287,"localGP"
"2961",12,6,1,4,16.6041970073858,60.2797132321524,"Smooth","Avg. Reward Condition",20,"8",16,2,46,96,"Short",0.0898699330954923,1.02691329269184,NA,0.433386871039287,"localGP"
"2962",12,7,2,9,67.2457029271411,67.2457029271411,"Smooth","Avg. Reward Condition",20,"8",16,1,102,96,"Short",0.0898699330954923,1.02691329269184,NA,0.433386871039287,"localGP"
"2963",12,8,7,10,56.2743193871667,67.2457029271411,"Smooth","Avg. Reward Condition",20,"8",16,1,118,96,"Short",0.0898699330954923,1.02691329269184,NA,0.433386871039287,"localGP"
"2964",12,9,6,9,20.6620608534217,67.2457029271411,"Smooth","Avg. Reward Condition",20,"8",16,2,106,96,"Short",0.0898699330954923,1.02691329269184,NA,0.433386871039287,"localGP"
"2965",12,10,3,5,75.0250883463196,75.0250883463196,"Smooth","Avg. Reward Condition",20,"8",16,9,59,96,"Short",0.0898699330954923,1.02691329269184,NA,0.433386871039287,"localGP"
"2966",12,11,6,4,32.9227848500965,75.0250883463196,"Smooth","Avg. Reward Condition",20,"8",16,1,51,96,"Short",0.0898699330954923,1.02691329269184,NA,0.433386871039287,"localGP"
"2967",12,12,4,0,4.10024476646048,75.0250883463196,"Smooth","Avg. Reward Condition",20,"8",16,1,5,96,"Short",0.0898699330954923,1.02691329269184,NA,0.433386871039287,"localGP"
"2968",12,13,2,0,58.0037440903614,75.0250883463196,"Smooth","Avg. Reward Condition",20,"8",16,7,3,96,"Short",0.0898699330954923,1.02691329269184,NA,0.433386871039287,"localGP"
"2969",12,14,10,10,60.953630023244,75.0250883463196,"Smooth","Avg. Reward Condition",20,"8",16,2,121,96,"Short",0.0898699330954923,1.02691329269184,NA,0.433386871039287,"localGP"
"2970",12,15,10,9,72.5110425569696,75.0250883463196,"Smooth","Avg. Reward Condition",20,"8",16,7,110,96,"Short",0.0898699330954923,1.02691329269184,NA,0.433386871039287,"localGP"
"2971",12,16,1,8,47.6114909591659,75.0250883463196,"Smooth","Avg. Reward Condition",20,"8",16,6,90,96,"Short",0.0898699330954923,1.02691329269184,NA,0.433386871039287,"localGP"
"2972",12,17,1,9,37.1316762368546,75.0250883463196,"Smooth","Avg. Reward Condition",20,"8",16,4,101,96,"Short",0.0898699330954923,1.02691329269184,NA,0.433386871039287,"localGP"
"2973",12,18,0,8,23.1725085445236,75.0250883463196,"Smooth","Avg. Reward Condition",20,"8",16,3,89,96,"Short",0.0898699330954923,1.02691329269184,NA,0.433386871039287,"localGP"
"2974",12,19,1,0,96.0543328963373,96.0543328963373,"Smooth","Avg. Reward Condition",20,"8",16,2,2,96,"Short",0.0898699330954923,1.02691329269184,NA,0.433386871039287,"localGP"
"2975",12,20,0,0,62.3937858826807,96.0543328963373,"Smooth","Avg. Reward Condition",20,"8",16,1,1,96,"Short",0.0898699330954923,1.02691329269184,NA,0.433386871039287,"localGP"
"2976",12,21,1,0,96.0543328963373,96.0543328963373,"Smooth","Avg. Reward Condition",20,"8",16,1,2,96,"Short",0.0898699330954923,1.02691329269184,NA,0.433386871039287,"localGP"
"2977",13,1,6,6,49.41154268664,49.41154268664,"Rough","Max. Reward Condition",20,"1",4,NA,73,97,"Short",0.0605077141590573,0.806289909436751,NA,0.425558490453729,"localGP"
"2978",13,2,7,6,33.7698034361065,49.41154268664,"Rough","Max. Reward Condition",20,"1",4,1,74,97,"Short",0.0605077141590573,0.806289909436751,NA,0.425558490453729,"localGP"
"2979",13,3,8,6,34.6398496168061,49.41154268664,"Rough","Max. Reward Condition",20,"1",4,2,75,97,"Short",0.0605077141590573,0.806289909436751,NA,0.425558490453729,"localGP"
"2980",13,4,8,5,68.1580149592583,68.1580149592583,"Rough","Max. Reward Condition",20,"1",4,2,64,97,"Short",0.0605077141590573,0.806289909436751,NA,0.425558490453729,"localGP"
"2981",13,5,8,4,73.0063845921063,73.0063845921063,"Rough","Max. Reward Condition",20,"1",4,1,53,97,"Short",0.0605077141590573,0.806289909436751,NA,0.425558490453729,"localGP"
"2982",13,6,7,4,41.2492240825344,73.0063845921063,"Rough","Max. Reward Condition",20,"1",4,1,52,97,"Short",0.0605077141590573,0.806289909436751,NA,0.425558490453729,"localGP"
"2983",13,7,7,3,65.7956842559425,73.0063845921063,"Rough","Max. Reward Condition",20,"1",4,3,41,97,"Short",0.0605077141590573,0.806289909436751,NA,0.425558490453729,"localGP"
"2984",13,8,6,3,49.7582235748205,73.0063845921063,"Rough","Max. Reward Condition",20,"1",4,1,40,97,"Short",0.0605077141590573,0.806289909436751,NA,0.425558490453729,"localGP"
"2985",13,9,5,3,80.7551191777029,80.7551191777029,"Rough","Max. Reward Condition",20,"1",4,1,39,97,"Short",0.0605077141590573,0.806289909436751,NA,0.425558490453729,"localGP"
"2986",13,10,5,4,35.2754667062624,80.7551191777029,"Rough","Max. Reward Condition",20,"1",4,4,50,97,"Short",0.0605077141590573,0.806289909436751,NA,0.425558490453729,"localGP"
"2987",13,11,4,4,49.5091600763757,80.7551191777029,"Rough","Max. Reward Condition",20,"1",4,4,49,97,"Short",0.0605077141590573,0.806289909436751,NA,0.425558490453729,"localGP"
"2988",13,12,4,3,94.794324286051,94.794324286051,"Rough","Max. Reward Condition",20,"1",4,9,38,97,"Short",0.0605077141590573,0.806289909436751,NA,0.425558490453729,"localGP"
"2989",13,13,4,2,100,100,"Rough","Max. Reward Condition",20,"1",4,10,27,97,"Short",0.0605077141590573,0.806289909436751,NA,0.425558490453729,"localGP"
"2990",13,14,3,2,48.6711536627271,100,"Rough","Max. Reward Condition",20,"1",4,1,26,97,"Short",0.0605077141590573,0.806289909436751,NA,0.425558490453729,"localGP"
"2991",13,15,4,2,100,100,"Rough","Max. Reward Condition",20,"1",4,2,27,97,"Short",0.0605077141590573,0.806289909436751,NA,0.425558490453729,"localGP"
"2992",13,16,5,2,88.4170710697694,100,"Rough","Max. Reward Condition",20,"1",4,1,28,97,"Short",0.0605077141590573,0.806289909436751,NA,0.425558490453729,"localGP"
"2993",13,17,4,2,100,100,"Rough","Max. Reward Condition",20,"1",4,2,27,97,"Short",0.0605077141590573,0.806289909436751,NA,0.425558490453729,"localGP"
"2994",13,18,4,2,100,100,"Rough","Max. Reward Condition",20,"1",4,1,27,97,"Short",0.0605077141590573,0.806289909436751,NA,0.425558490453729,"localGP"
"2995",13,19,4,1,36.6948932499117,100,"Rough","Max. Reward Condition",20,"1",4,2,16,97,"Short",0.0605077141590573,0.806289909436751,NA,0.425558490453729,"localGP"
"2996",13,20,5,2,88.4170710697694,100,"Rough","Max. Reward Condition",20,"1",4,2,28,97,"Short",0.0605077141590573,0.806289909436751,NA,0.425558490453729,"localGP"
"2997",13,21,5,2,88.4170710697694,100,"Rough","Max. Reward Condition",20,"1",4,1,28,97,"Short",0.0605077141590573,0.806289909436751,NA,0.425558490453729,"localGP"
"2998",13,1,4,7,41.0206081591078,41.0206081591078,"Rough","Max. Reward Condition",40,"2",1,NA,82,98,"Long",0.0859736858211481,0.781990930567496,NA,0.499675084086812,"localGP"
"2999",13,2,2,7,38.4919473621769,41.0206081591078,"Rough","Max. Reward Condition",40,"2",1,8,80,98,"Long",0.0859736858211481,0.781990930567496,NA,0.499675084086812,"localGP"
"3000",13,3,3,7,33.7034097682275,41.0206081591078,"Rough","Max. Reward Condition",40,"2",1,1,81,98,"Long",0.0859736858211481,0.781990930567496,NA,0.499675084086812,"localGP"
"3001",13,4,3,6,45.5063234647187,45.5063234647187,"Rough","Max. Reward Condition",40,"2",1,9,70,98,"Long",0.0859736858211481,0.781990930567496,NA,0.499675084086812,"localGP"
"3002",13,5,2,6,33.299457976919,45.5063234647187,"Rough","Max. Reward Condition",40,"2",1,6,69,98,"Long",0.0859736858211481,0.781990930567496,NA,0.499675084086812,"localGP"
"3003",13,6,2,8,51.3910364348226,51.3910364348226,"Rough","Max. Reward Condition",40,"2",1,1,91,98,"Long",0.0859736858211481,0.781990930567496,NA,0.499675084086812,"localGP"
"3004",13,7,1,8,67.4295625369789,67.4295625369789,"Rough","Max. Reward Condition",40,"2",1,1,90,98,"Long",0.0859736858211481,0.781990930567496,NA,0.499675084086812,"localGP"
"3005",13,8,0,8,74.6091743351065,74.6091743351065,"Rough","Max. Reward Condition",40,"2",1,1,89,98,"Long",0.0859736858211481,0.781990930567496,NA,0.499675084086812,"localGP"
"3006",13,9,6,0,87.9392304939487,87.9392304939487,"Rough","Max. Reward Condition",40,"2",1,1,7,98,"Long",0.0859736858211481,0.781990930567496,NA,0.499675084086812,"localGP"
"3007",13,10,5,0,64.2045633155116,87.9392304939487,"Rough","Max. Reward Condition",40,"2",1,4,6,98,"Long",0.0859736858211481,0.781990930567496,NA,0.499675084086812,"localGP"
"3008",13,11,4,0,27.0153724932925,87.9392304939487,"Rough","Max. Reward Condition",40,"2",1,5,5,98,"Long",0.0859736858211481,0.781990930567496,NA,0.499675084086812,"localGP"
"3009",13,12,8,0,51.4039748132034,87.9392304939487,"Rough","Max. Reward Condition",40,"2",1,2,9,98,"Long",0.0859736858211481,0.781990930567496,NA,0.499675084086812,"localGP"
"3010",13,13,7,0,69.1960987845747,87.9392304939487,"Rough","Max. Reward Condition",40,"2",1,1,8,98,"Long",0.0859736858211481,0.781990930567496,NA,0.499675084086812,"localGP"
"3011",13,14,7,1,78.9605492405504,87.9392304939487,"Rough","Max. Reward Condition",40,"2",1,1,19,98,"Long",0.0859736858211481,0.781990930567496,NA,0.499675084086812,"localGP"
"3012",13,15,6,1,70.4800541800228,87.9392304939487,"Rough","Max. Reward Condition",40,"2",1,1,18,98,"Long",0.0859736858211481,0.781990930567496,NA,0.499675084086812,"localGP"
"3013",13,16,6,3,82.7136870116885,87.9392304939487,"Rough","Max. Reward Condition",40,"2",1,1,40,98,"Long",0.0859736858211481,0.781990930567496,NA,0.499675084086812,"localGP"
"3014",13,17,7,3,90.8008789663477,90.8008789663477,"Rough","Max. Reward Condition",40,"2",1,1,41,98,"Long",0.0859736858211481,0.781990930567496,NA,0.499675084086812,"localGP"
"3015",13,18,8,3,73.1545333653025,90.8008789663477,"Rough","Max. Reward Condition",40,"2",1,1,42,98,"Long",0.0859736858211481,0.781990930567496,NA,0.499675084086812,"localGP"
"3016",13,19,8,4,50.5233477520952,90.8008789663477,"Rough","Max. Reward Condition",40,"2",1,3,53,98,"Long",0.0859736858211481,0.781990930567496,NA,0.499675084086812,"localGP"
"3017",13,20,7,4,77.4616893062404,90.8008789663477,"Rough","Max. Reward Condition",40,"2",1,5,52,98,"Long",0.0859736858211481,0.781990930567496,NA,0.499675084086812,"localGP"
"3018",13,21,6,6,78.697918940418,90.8008789663477,"Rough","Max. Reward Condition",40,"2",1,1,73,98,"Long",0.0859736858211481,0.781990930567496,NA,0.499675084086812,"localGP"
"3019",13,22,6,5,96.622130971634,96.622130971634,"Rough","Max. Reward Condition",40,"2",1,1,62,98,"Long",0.0859736858211481,0.781990930567496,NA,0.499675084086812,"localGP"
"3020",13,23,5,5,89.574494748802,96.622130971634,"Rough","Max. Reward Condition",40,"2",1,1,61,98,"Long",0.0859736858211481,0.781990930567496,NA,0.499675084086812,"localGP"
"3021",13,24,5,4,93.0511729954542,96.622130971634,"Rough","Max. Reward Condition",40,"2",1,1,50,98,"Long",0.0859736858211481,0.781990930567496,NA,0.499675084086812,"localGP"
"3022",13,25,6,4,96.8351832239486,96.8351832239486,"Rough","Max. Reward Condition",40,"2",1,2,51,98,"Long",0.0859736858211481,0.781990930567496,NA,0.499675084086812,"localGP"
"3023",13,26,6,5,96.622130971634,96.8351832239486,"Rough","Max. Reward Condition",40,"2",1,1,62,98,"Long",0.0859736858211481,0.781990930567496,NA,0.499675084086812,"localGP"
"3024",13,27,7,5,77.3624039749998,96.8351832239486,"Rough","Max. Reward Condition",40,"2",1,1,63,98,"Long",0.0859736858211481,0.781990930567496,NA,0.499675084086812,"localGP"
"3025",13,28,6,5,96.622130971634,96.8351832239486,"Rough","Max. Reward Condition",40,"2",1,5,62,98,"Long",0.0859736858211481,0.781990930567496,NA,0.499675084086812,"localGP"
"3026",13,29,6,5,96.622130971634,96.8351832239486,"Rough","Max. Reward Condition",40,"2",1,1,62,98,"Long",0.0859736858211481,0.781990930567496,NA,0.499675084086812,"localGP"
"3027",13,30,7,5,77.3624039749998,96.8351832239486,"Rough","Max. Reward Condition",40,"2",1,1,63,98,"Long",0.0859736858211481,0.781990930567496,NA,0.499675084086812,"localGP"
"3028",13,31,7,6,77.9627730782378,96.8351832239486,"Rough","Max. Reward Condition",40,"2",1,6,74,98,"Long",0.0859736858211481,0.781990930567496,NA,0.499675084086812,"localGP"
"3029",13,32,7,7,63.4190187757228,96.8351832239486,"Rough","Max. Reward Condition",40,"2",1,1,85,98,"Long",0.0859736858211481,0.781990930567496,NA,0.499675084086812,"localGP"
"3030",13,33,8,6,65.5823308537309,96.8351832239486,"Rough","Max. Reward Condition",40,"2",1,2,75,98,"Long",0.0859736858211481,0.781990930567496,NA,0.499675084086812,"localGP"
"3031",13,34,8,5,58.2160279726654,96.8351832239486,"Rough","Max. Reward Condition",40,"2",1,2,64,98,"Long",0.0859736858211481,0.781990930567496,NA,0.499675084086812,"localGP"
"3032",13,35,9,4,46.9020472211933,96.8351832239486,"Rough","Max. Reward Condition",40,"2",1,7,54,98,"Long",0.0859736858211481,0.781990930567496,NA,0.499675084086812,"localGP"
"3033",13,36,10,7,54.8683474490232,96.8351832239486,"Rough","Max. Reward Condition",40,"2",1,8,88,98,"Long",0.0859736858211481,0.781990930567496,NA,0.499675084086812,"localGP"
"3034",13,37,1,5,36.553012201289,96.8351832239486,"Rough","Max. Reward Condition",40,"2",1,8,57,98,"Long",0.0859736858211481,0.781990930567496,NA,0.499675084086812,"localGP"
"3035",13,38,0,7,66.7767330115422,96.8351832239486,"Rough","Max. Reward Condition",40,"2",1,1,78,98,"Long",0.0859736858211481,0.781990930567496,NA,0.499675084086812,"localGP"
"3036",13,39,0,6,34.4954147677116,96.8351832239486,"Rough","Max. Reward Condition",40,"2",1,2,67,98,"Long",0.0859736858211481,0.781990930567496,NA,0.499675084086812,"localGP"
"3037",13,40,0,4,53.2133546704332,96.8351832239486,"Rough","Max. Reward Condition",40,"2",1,1,45,98,"Long",0.0859736858211481,0.781990930567496,NA,0.499675084086812,"localGP"
"3038",13,41,1,3,10.2009483490212,96.8351832239486,"Rough","Max. Reward Condition",40,"2",1,3,35,98,"Long",0.0859736858211481,0.781990930567496,NA,0.499675084086812,"localGP"
"3039",13,1,5,2,33.1124573467648,33.1124573467648,"Rough","Max. Reward Condition",20,"3",19,NA,28,99,"Short",0.0546177404962399,0.780934706066314,NA,0.377512451079573,"localGP"
"3040",13,2,10,0,58.0700494610344,58.0700494610344,"Rough","Max. Reward Condition",20,"3",19,1,11,99,"Short",0.0546177404962399,0.780934706066314,NA,0.377512451079573,"localGP"
"3041",13,3,3,5,23.8004967817919,58.0700494610344,"Rough","Max. Reward Condition",20,"3",19,1,59,99,"Short",0.0546177404962399,0.780934706066314,NA,0.377512451079573,"localGP"
"3042",13,4,3,4,21.941962898439,58.0700494610344,"Rough","Max. Reward Condition",20,"3",19,1,48,99,"Short",0.0546177404962399,0.780934706066314,NA,0.377512451079573,"localGP"
"3043",13,5,3,6,52.211813623065,58.0700494610344,"Rough","Max. Reward Condition",20,"3",19,2,70,99,"Short",0.0546177404962399,0.780934706066314,NA,0.377512451079573,"localGP"
"3044",13,6,3,7,48.0160668403537,58.0700494610344,"Rough","Max. Reward Condition",20,"3",19,6,81,99,"Short",0.0546177404962399,0.780934706066314,NA,0.377512451079573,"localGP"
"3045",13,7,4,7,70.1082193743666,70.1082193743666,"Rough","Max. Reward Condition",20,"3",19,10,82,99,"Short",0.0546177404962399,0.780934706066314,NA,0.377512451079573,"localGP"
"3046",13,8,5,7,44.1405788952292,70.1082193743666,"Rough","Max. Reward Condition",20,"3",19,7,83,99,"Short",0.0546177404962399,0.780934706066314,NA,0.377512451079573,"localGP"
"3047",13,9,7,6,100,100,"Rough","Max. Reward Condition",20,"3",19,1,74,99,"Short",0.0546177404962399,0.780934706066314,NA,0.377512451079573,"localGP"
"3048",13,10,7,7,78.4257216995386,100,"Rough","Max. Reward Condition",20,"3",19,1,85,99,"Short",0.0546177404962399,0.780934706066314,NA,0.377512451079573,"localGP"
"3049",13,11,8,7,93.2880256740387,100,"Rough","Max. Reward Condition",20,"3",19,1,86,99,"Short",0.0546177404962399,0.780934706066314,NA,0.377512451079573,"localGP"
"3050",13,12,8,6,77.0215365379863,100,"Rough","Max. Reward Condition",20,"3",19,3,75,99,"Short",0.0546177404962399,0.780934706066314,NA,0.377512451079573,"localGP"
"3051",13,13,7,6,100,100,"Rough","Max. Reward Condition",20,"3",19,1,74,99,"Short",0.0546177404962399,0.780934706066314,NA,0.377512451079573,"localGP"
"3052",13,14,6,6,73.1570356560972,100,"Rough","Max. Reward Condition",20,"3",19,2,73,99,"Short",0.0546177404962399,0.780934706066314,NA,0.377512451079573,"localGP"
"3053",13,15,7,6,100,100,"Rough","Max. Reward Condition",20,"3",19,1,74,99,"Short",0.0546177404962399,0.780934706066314,NA,0.377512451079573,"localGP"
"3054",13,16,7,5,82.9053550398923,100,"Rough","Max. Reward Condition",20,"3",19,1,63,99,"Short",0.0546177404962399,0.780934706066314,NA,0.377512451079573,"localGP"
"3055",13,17,7,6,100,100,"Rough","Max. Reward Condition",20,"3",19,1,74,99,"Short",0.0546177404962399,0.780934706066314,NA,0.377512451079573,"localGP"
"3056",13,18,7,6,100,100,"Rough","Max. Reward Condition",20,"3",19,5,74,99,"Short",0.0546177404962399,0.780934706066314,NA,0.377512451079573,"localGP"
"3057",13,19,7,6,100,100,"Rough","Max. Reward Condition",20,"3",19,1,74,99,"Short",0.0546177404962399,0.780934706066314,NA,0.377512451079573,"localGP"
"3058",13,20,7,6,100,100,"Rough","Max. Reward Condition",20,"3",19,2,74,99,"Short",0.0546177404962399,0.780934706066314,NA,0.377512451079573,"localGP"
"3059",13,21,7,6,100,100,"Rough","Max. Reward Condition",20,"3",19,1,74,99,"Short",0.0546177404962399,0.780934706066314,NA,0.377512451079573,"localGP"
"3060",13,1,4,10,4.45923290838183,4.45923290838183,"Rough","Max. Reward Condition",40,"4",10,NA,115,100,"Long",0.0923159322367436,0.72640438580018,NA,0.533576865754776,"localGP"
"3061",13,2,6,10,22.6054443345279,22.6054443345279,"Rough","Max. Reward Condition",40,"4",10,1,117,100,"Long",0.0923159322367436,0.72640438580018,NA,0.533576865754776,"localGP"
"3062",13,3,1,1,27.8495528715729,27.8495528715729,"Rough","Max. Reward Condition",40,"4",10,2,13,100,"Long",0.0923159322367436,0.72640438580018,NA,0.533576865754776,"localGP"
"3063",13,4,7,5,66.0456136537345,66.0456136537345,"Rough","Max. Reward Condition",40,"4",10,1,63,100,"Long",0.0923159322367436,0.72640438580018,NA,0.533576865754776,"localGP"
"3064",13,5,2,5,54.3562924005925,66.0456136537345,"Rough","Max. Reward Condition",40,"4",10,1,58,100,"Long",0.0923159322367436,0.72640438580018,NA,0.533576865754776,"localGP"
"3065",13,6,2,7,63.6213705397212,66.0456136537345,"Rough","Max. Reward Condition",40,"4",10,2,80,100,"Long",0.0923159322367436,0.72640438580018,NA,0.533576865754776,"localGP"
"3066",13,7,3,8,54.1275167425475,66.0456136537345,"Rough","Max. Reward Condition",40,"4",10,2,92,100,"Long",0.0923159322367436,0.72640438580018,NA,0.533576865754776,"localGP"
"3067",13,8,1,8,51.8595364200522,66.0456136537345,"Rough","Max. Reward Condition",40,"4",10,3,90,100,"Long",0.0923159322367436,0.72640438580018,NA,0.533576865754776,"localGP"
"3068",13,9,1,7,37.2168883613835,66.0456136537345,"Rough","Max. Reward Condition",40,"4",10,1,79,100,"Long",0.0923159322367436,0.72640438580018,NA,0.533576865754776,"localGP"
"3069",13,10,0,10,38.9648498941268,66.0456136537345,"Rough","Max. Reward Condition",40,"4",10,2,111,100,"Long",0.0923159322367436,0.72640438580018,NA,0.533576865754776,"localGP"
"3070",13,11,7,7,61.8738453443511,66.0456136537345,"Rough","Max. Reward Condition",40,"4",10,10,85,100,"Long",0.0923159322367436,0.72640438580018,NA,0.533576865754776,"localGP"
"3071",13,12,4,0,53.850860567956,66.0456136537345,"Rough","Max. Reward Condition",40,"4",10,6,5,100,"Long",0.0923159322367436,0.72640438580018,NA,0.533576865754776,"localGP"
"3072",13,13,4,1,57.1643827547163,66.0456136537345,"Rough","Max. Reward Condition",40,"4",10,13,16,100,"Long",0.0923159322367436,0.72640438580018,NA,0.533576865754776,"localGP"
"3073",13,14,4,2,49.5824885929655,66.0456136537345,"Rough","Max. Reward Condition",40,"4",10,1,27,100,"Long",0.0923159322367436,0.72640438580018,NA,0.533576865754776,"localGP"
"3074",13,15,4,3,51.3524506739597,66.0456136537345,"Rough","Max. Reward Condition",40,"4",10,2,38,100,"Long",0.0923159322367436,0.72640438580018,NA,0.533576865754776,"localGP"
"3075",13,16,3,4,73.1932360426665,73.1932360426665,"Rough","Max. Reward Condition",40,"4",10,9,48,100,"Long",0.0923159322367436,0.72640438580018,NA,0.533576865754776,"localGP"
"3076",13,17,10,8,34.492458846517,73.1932360426665,"Rough","Max. Reward Condition",40,"4",10,1,99,100,"Long",0.0923159322367436,0.72640438580018,NA,0.533576865754776,"localGP"
"3077",13,18,5,8,39.6481933267656,73.1932360426665,"Rough","Max. Reward Condition",40,"4",10,10,94,100,"Long",0.0923159322367436,0.72640438580018,NA,0.533576865754776,"localGP"
"3078",13,19,6,8,69.1708615458563,73.1932360426665,"Rough","Max. Reward Condition",40,"4",10,1,95,100,"Long",0.0923159322367436,0.72640438580018,NA,0.533576865754776,"localGP"
"3079",13,20,6,7,77.6383685039549,77.6383685039549,"Rough","Max. Reward Condition",40,"4",10,1,84,100,"Long",0.0923159322367436,0.72640438580018,NA,0.533576865754776,"localGP"
"3080",13,21,4,10,4.45923290838183,77.6383685039549,"Rough","Max. Reward Condition",40,"4",10,1,115,100,"Long",0.0923159322367436,0.72640438580018,NA,0.533576865754776,"localGP"
"3081",13,22,3,9,31.2610555933862,77.6383685039549,"Rough","Max. Reward Condition",40,"4",10,2,103,100,"Long",0.0923159322367436,0.72640438580018,NA,0.533576865754776,"localGP"
"3082",13,23,2,9,46.7081929623052,77.6383685039549,"Rough","Max. Reward Condition",40,"4",10,1,102,100,"Long",0.0923159322367436,0.72640438580018,NA,0.533576865754776,"localGP"
"3083",13,24,2,8,51.8875226536614,77.6383685039549,"Rough","Max. Reward Condition",40,"4",10,2,91,100,"Long",0.0923159322367436,0.72640438580018,NA,0.533576865754776,"localGP"
"3084",13,25,8,10,42.4353725916264,77.6383685039549,"Rough","Max. Reward Condition",40,"4",10,1,119,100,"Long",0.0923159322367436,0.72640438580018,NA,0.533576865754776,"localGP"
"3085",13,26,8,9,49.5506805256934,77.6383685039549,"Rough","Max. Reward Condition",40,"4",10,2,108,100,"Long",0.0923159322367436,0.72640438580018,NA,0.533576865754776,"localGP"
"3086",13,27,8,8,22.9010925935709,77.6383685039549,"Rough","Max. Reward Condition",40,"4",10,6,97,100,"Long",0.0923159322367436,0.72640438580018,NA,0.533576865754776,"localGP"
"3087",13,28,0,6,44.4460602497273,77.6383685039549,"Rough","Max. Reward Condition",40,"4",10,6,67,100,"Long",0.0923159322367436,0.72640438580018,NA,0.533576865754776,"localGP"
"3088",13,29,0,5,36.3121381877456,77.6383685039549,"Rough","Max. Reward Condition",40,"4",10,1,56,100,"Long",0.0923159322367436,0.72640438580018,NA,0.533576865754776,"localGP"
"3089",13,30,4,6,46.5482672237454,77.6383685039549,"Rough","Max. Reward Condition",40,"4",10,3,71,100,"Long",0.0923159322367436,0.72640438580018,NA,0.533576865754776,"localGP"
"3090",13,31,4,7,40.2484782792363,77.6383685039549,"Rough","Max. Reward Condition",40,"4",10,10,82,100,"Long",0.0923159322367436,0.72640438580018,NA,0.533576865754776,"localGP"
"3091",13,32,0,7,23.2514294242232,77.6383685039549,"Rough","Max. Reward Condition",40,"4",10,9,78,100,"Long",0.0923159322367436,0.72640438580018,NA,0.533576865754776,"localGP"
"3092",13,33,3,7,68.6339099521152,77.6383685039549,"Rough","Max. Reward Condition",40,"4",10,5,81,100,"Long",0.0923159322367436,0.72640438580018,NA,0.533576865754776,"localGP"
"3093",13,34,5,1,61.2403460186364,77.6383685039549,"Rough","Max. Reward Condition",40,"4",10,3,17,100,"Long",0.0923159322367436,0.72640438580018,NA,0.533576865754776,"localGP"
"3094",13,35,6,1,59.0938949398231,77.6383685039549,"Rough","Max. Reward Condition",40,"4",10,1,18,100,"Long",0.0923159322367436,0.72640438580018,NA,0.533576865754776,"localGP"
"3095",13,36,8,3,46.1516878548074,77.6383685039549,"Rough","Max. Reward Condition",40,"4",10,2,42,100,"Long",0.0923159322367436,0.72640438580018,NA,0.533576865754776,"localGP"
"3096",13,37,8,2,57.307222927851,77.6383685039549,"Rough","Max. Reward Condition",40,"4",10,2,31,100,"Long",0.0923159322367436,0.72640438580018,NA,0.533576865754776,"localGP"
"3097",13,38,9,2,45.2192972308501,77.6383685039549,"Rough","Max. Reward Condition",40,"4",10,1,32,100,"Long",0.0923159322367436,0.72640438580018,NA,0.533576865754776,"localGP"
"3098",13,39,5,5,32.9255511589724,77.6383685039549,"Rough","Max. Reward Condition",40,"4",10,1,61,100,"Long",0.0923159322367436,0.72640438580018,NA,0.533576865754776,"localGP"
"3099",13,40,3,6,70.1588765725944,77.6383685039549,"Rough","Max. Reward Condition",40,"4",10,2,70,100,"Long",0.0923159322367436,0.72640438580018,NA,0.533576865754776,"localGP"
"3100",13,41,3,5,55.1289621064368,77.6383685039549,"Rough","Max. Reward Condition",40,"4",10,3,59,100,"Long",0.0923159322367436,0.72640438580018,NA,0.533576865754776,"localGP"
"3101",13,1,5,0,15.2054677622905,15.2054677622905,"Rough","Max. Reward Condition",20,"5",2,NA,6,101,"Short",0.0594221349765728,0.79988077882039,NA,0.416148395319973,"localGP"
"3102",13,2,6,0,43.9679034067022,43.9679034067022,"Rough","Max. Reward Condition",20,"5",2,6,7,101,"Short",0.0594221349765728,0.79988077882039,NA,0.416148395319973,"localGP"
"3103",13,3,7,0,60.7510737906873,60.7510737906873,"Rough","Max. Reward Condition",20,"5",2,7,8,101,"Short",0.0594221349765728,0.79988077882039,NA,0.416148395319973,"localGP"
"3104",13,4,7,1,46.9542697073233,60.7510737906873,"Rough","Max. Reward Condition",20,"5",2,1,19,101,"Short",0.0594221349765728,0.79988077882039,NA,0.416148395319973,"localGP"
"3105",13,5,6,2,42.0874642193021,60.7510737906873,"Rough","Max. Reward Condition",20,"5",2,3,29,101,"Short",0.0594221349765728,0.79988077882039,NA,0.416148395319973,"localGP"
"3106",13,6,6,3,48.6990356478907,60.7510737906873,"Rough","Max. Reward Condition",20,"5",2,3,40,101,"Short",0.0594221349765728,0.79988077882039,NA,0.416148395319973,"localGP"
"3107",13,7,6,4,48.9201172957826,60.7510737906873,"Rough","Max. Reward Condition",20,"5",2,1,51,101,"Short",0.0594221349765728,0.79988077882039,NA,0.416148395319973,"localGP"
"3108",13,8,3,9,100,100,"Rough","Max. Reward Condition",20,"5",2,2,103,101,"Short",0.0594221349765728,0.79988077882039,NA,0.416148395319973,"localGP"
"3109",13,9,3,10,55.7632671935158,100,"Rough","Max. Reward Condition",20,"5",2,2,114,101,"Short",0.0594221349765728,0.79988077882039,NA,0.416148395319973,"localGP"
"3110",13,10,3,9,100,100,"Rough","Max. Reward Condition",20,"5",2,1,103,101,"Short",0.0594221349765728,0.79988077882039,NA,0.416148395319973,"localGP"
"3111",13,11,3,8,78.6066779803956,100,"Rough","Max. Reward Condition",20,"5",2,2,92,101,"Short",0.0594221349765728,0.79988077882039,NA,0.416148395319973,"localGP"
"3112",13,12,3,9,100,100,"Rough","Max. Reward Condition",20,"5",2,2,103,101,"Short",0.0594221349765728,0.79988077882039,NA,0.416148395319973,"localGP"
"3113",13,13,2,9,94.3317374885778,100,"Rough","Max. Reward Condition",20,"5",2,1,102,101,"Short",0.0594221349765728,0.79988077882039,NA,0.416148395319973,"localGP"
"3114",13,14,3,9,100,100,"Rough","Max. Reward Condition",20,"5",2,1,103,101,"Short",0.0594221349765728,0.79988077882039,NA,0.416148395319973,"localGP"
"3115",13,15,4,9,50.5750945891225,100,"Rough","Max. Reward Condition",20,"5",2,1,104,101,"Short",0.0594221349765728,0.79988077882039,NA,0.416148395319973,"localGP"
"3116",13,16,3,9,100,100,"Rough","Max. Reward Condition",20,"5",2,3,103,101,"Short",0.0594221349765728,0.79988077882039,NA,0.416148395319973,"localGP"
"3117",13,17,3,9,100,100,"Rough","Max. Reward Condition",20,"5",2,4,103,101,"Short",0.0594221349765728,0.79988077882039,NA,0.416148395319973,"localGP"
"3118",13,18,2,9,94.3317374885778,100,"Rough","Max. Reward Condition",20,"5",2,1,102,101,"Short",0.0594221349765728,0.79988077882039,NA,0.416148395319973,"localGP"
"3119",13,19,2,8,88.5776069712184,100,"Rough","Max. Reward Condition",20,"5",2,2,91,101,"Short",0.0594221349765728,0.79988077882039,NA,0.416148395319973,"localGP"
"3120",13,20,1,8,53.0522742783677,100,"Rough","Max. Reward Condition",20,"5",2,6,90,101,"Short",0.0594221349765728,0.79988077882039,NA,0.416148395319973,"localGP"
"3121",13,21,2,9,94.3317374885778,100,"Rough","Max. Reward Condition",20,"5",2,1,102,101,"Short",0.0594221349765728,0.79988077882039,NA,0.416148395319973,"localGP"
"3122",13,1,8,7,100,100,"Rough","Max. Reward Condition",40,"6",5,NA,86,102,"Long",0.0860197328734721,0.756490172004262,NA,0.494792627243687,"localGP"
"3123",13,2,8,6,91.4722545331952,100,"Rough","Max. Reward Condition",40,"6",5,5,75,102,"Long",0.0860197328734721,0.756490172004262,NA,0.494792627243687,"localGP"
"3124",13,3,7,6,95.8234728185907,100,"Rough","Max. Reward Condition",40,"6",5,1,74,102,"Long",0.0860197328734721,0.756490172004262,NA,0.494792627243687,"localGP"
"3125",13,4,7,7,68.4962011684434,100,"Rough","Max. Reward Condition",40,"6",5,2,85,102,"Long",0.0860197328734721,0.756490172004262,NA,0.494792627243687,"localGP"
"3126",13,5,9,2,40.6256617216609,100,"Rough","Max. Reward Condition",40,"6",5,2,32,102,"Long",0.0860197328734721,0.756490172004262,NA,0.494792627243687,"localGP"
"3127",13,6,10,2,22.4366254461022,100,"Rough","Max. Reward Condition",40,"6",5,2,33,102,"Long",0.0860197328734721,0.756490172004262,NA,0.494792627243687,"localGP"
"3128",13,7,10,3,0,100,"Rough","Max. Reward Condition",40,"6",5,8,44,102,"Long",0.0860197328734721,0.756490172004262,NA,0.494792627243687,"localGP"
"3129",13,8,5,5,35.9893886726837,100,"Rough","Max. Reward Condition",40,"6",5,1,61,102,"Long",0.0860197328734721,0.756490172004262,NA,0.494792627243687,"localGP"
"3130",13,9,3,5,31.9706635707149,100,"Rough","Max. Reward Condition",40,"6",5,2,59,102,"Long",0.0860197328734721,0.756490172004262,NA,0.494792627243687,"localGP"
"3131",13,10,7,10,38.4917850519421,100,"Rough","Max. Reward Condition",40,"6",5,1,118,102,"Long",0.0860197328734721,0.756490172004262,NA,0.494792627243687,"localGP"
"3132",13,11,6,10,49.8503873237507,100,"Rough","Max. Reward Condition",40,"6",5,1,117,102,"Long",0.0860197328734721,0.756490172004262,NA,0.494792627243687,"localGP"
"3133",13,12,1,0,96.5592273768924,100,"Rough","Max. Reward Condition",40,"6",5,2,2,102,"Long",0.0860197328734721,0.756490172004262,NA,0.494792627243687,"localGP"
"3134",13,13,5,7,50.9750480071235,100,"Rough","Max. Reward Condition",40,"6",5,2,83,102,"Long",0.0860197328734721,0.756490172004262,NA,0.494792627243687,"localGP"
"3135",13,14,5,3,47.725265337293,100,"Rough","Max. Reward Condition",40,"6",5,3,39,102,"Long",0.0860197328734721,0.756490172004262,NA,0.494792627243687,"localGP"
"3136",13,15,5,9,64.402620965622,100,"Rough","Max. Reward Condition",40,"6",5,2,105,102,"Long",0.0860197328734721,0.756490172004262,NA,0.494792627243687,"localGP"
"3137",13,16,5,10,80.0382640749474,100,"Rough","Max. Reward Condition",40,"6",5,2,116,102,"Long",0.0860197328734721,0.756490172004262,NA,0.494792627243687,"localGP"
"3138",13,17,4,10,87.6706682543469,100,"Rough","Max. Reward Condition",40,"6",5,7,115,102,"Long",0.0860197328734721,0.756490172004262,NA,0.494792627243687,"localGP"
"3139",13,18,4,9,37.7107355403065,100,"Rough","Max. Reward Condition",40,"6",5,1,104,102,"Long",0.0860197328734721,0.756490172004262,NA,0.494792627243687,"localGP"
"3140",13,19,9,10,60.0774941518744,100,"Rough","Max. Reward Condition",40,"6",5,1,120,102,"Long",0.0860197328734721,0.756490172004262,NA,0.494792627243687,"localGP"
"3141",13,20,10,10,39.9849441782749,100,"Rough","Max. Reward Condition",40,"6",5,1,121,102,"Long",0.0860197328734721,0.756490172004262,NA,0.494792627243687,"localGP"
"3142",13,21,10,9,41.8320807113766,100,"Rough","Max. Reward Condition",40,"6",5,2,110,102,"Long",0.0860197328734721,0.756490172004262,NA,0.494792627243687,"localGP"
"3143",13,22,7,9,57.3102242672527,100,"Rough","Max. Reward Condition",40,"6",5,1,107,102,"Long",0.0860197328734721,0.756490172004262,NA,0.494792627243687,"localGP"
"3144",13,23,6,9,54.6126076443518,100,"Rough","Max. Reward Condition",40,"6",5,2,106,102,"Long",0.0860197328734721,0.756490172004262,NA,0.494792627243687,"localGP"
"3145",13,24,8,8,82.5602297507619,100,"Rough","Max. Reward Condition",40,"6",5,1,97,102,"Long",0.0860197328734721,0.756490172004262,NA,0.494792627243687,"localGP"
"3146",13,25,9,8,81.2433897221898,100,"Rough","Max. Reward Condition",40,"6",5,2,98,102,"Long",0.0860197328734721,0.756490172004262,NA,0.494792627243687,"localGP"
"3147",13,26,9,7,82.2639339178051,100,"Rough","Max. Reward Condition",40,"6",5,1,87,102,"Long",0.0860197328734721,0.756490172004262,NA,0.494792627243687,"localGP"
"3148",13,27,0,5,47.6003789921814,100,"Rough","Max. Reward Condition",40,"6",5,2,56,102,"Long",0.0860197328734721,0.756490172004262,NA,0.494792627243687,"localGP"
"3149",13,28,0,6,27.6444637033922,100,"Rough","Max. Reward Condition",40,"6",5,1,67,102,"Long",0.0860197328734721,0.756490172004262,NA,0.494792627243687,"localGP"
"3150",13,29,1,6,35.5836136671524,100,"Rough","Max. Reward Condition",40,"6",5,4,68,102,"Long",0.0860197328734721,0.756490172004262,NA,0.494792627243687,"localGP"
"3151",13,30,2,6,69.3656436525534,100,"Rough","Max. Reward Condition",40,"6",5,1,69,102,"Long",0.0860197328734721,0.756490172004262,NA,0.494792627243687,"localGP"
"3152",13,31,2,10,8.81939176369258,100,"Rough","Max. Reward Condition",40,"6",5,5,113,102,"Long",0.0860197328734721,0.756490172004262,NA,0.494792627243687,"localGP"
"3153",13,32,1,10,42.4236930737599,100,"Rough","Max. Reward Condition",40,"6",5,1,112,102,"Long",0.0860197328734721,0.756490172004262,NA,0.494792627243687,"localGP"
"3154",13,33,0,10,59.6346497477861,100,"Rough","Max. Reward Condition",40,"6",5,1,111,102,"Long",0.0860197328734721,0.756490172004262,NA,0.494792627243687,"localGP"
"3155",13,34,0,8,60.0699780954412,100,"Rough","Max. Reward Condition",40,"6",5,2,89,102,"Long",0.0860197328734721,0.756490172004262,NA,0.494792627243687,"localGP"
"3156",13,35,4,10,87.6706682543469,100,"Rough","Max. Reward Condition",40,"6",5,1,115,102,"Long",0.0860197328734721,0.756490172004262,NA,0.494792627243687,"localGP"
"3157",13,36,1,7,45.1757644968322,100,"Rough","Max. Reward Condition",40,"6",5,2,79,102,"Long",0.0860197328734721,0.756490172004262,NA,0.494792627243687,"localGP"
"3158",13,37,1,8,46.9498069203708,100,"Rough","Max. Reward Condition",40,"6",5,2,90,102,"Long",0.0860197328734721,0.756490172004262,NA,0.494792627243687,"localGP"
"3159",13,38,2,6,69.3656436525534,100,"Rough","Max. Reward Condition",40,"6",5,3,69,102,"Long",0.0860197328734721,0.756490172004262,NA,0.494792627243687,"localGP"
"3160",13,39,2,5,55.6706913285101,100,"Rough","Max. Reward Condition",40,"6",5,1,58,102,"Long",0.0860197328734721,0.756490172004262,NA,0.494792627243687,"localGP"
"3161",13,40,3,3,30.1477778754891,100,"Rough","Max. Reward Condition",40,"6",5,2,37,102,"Long",0.0860197328734721,0.756490172004262,NA,0.494792627243687,"localGP"
"3162",13,41,2,2,61.7436417215084,100,"Rough","Max. Reward Condition",40,"6",5,2,25,102,"Long",0.0860197328734721,0.756490172004262,NA,0.494792627243687,"localGP"
"3163",13,1,6,3,42.4608725278466,42.4608725278466,"Rough","Max. Reward Condition",20,"7",17,NA,40,103,"Short",0.0635134186755544,0.822092090013741,NA,0.420110102544083,"localGP"
"3164",13,2,5,3,56.3851805160455,56.3851805160455,"Rough","Max. Reward Condition",20,"7",17,1,39,103,"Short",0.0635134186755544,0.822092090013741,NA,0.420110102544083,"localGP"
"3165",13,3,5,1,47.5998208868707,56.3851805160455,"Rough","Max. Reward Condition",20,"7",17,1,17,103,"Short",0.0635134186755544,0.822092090013741,NA,0.420110102544083,"localGP"
"3166",13,4,4,2,41.5181075048439,56.3851805160455,"Rough","Max. Reward Condition",20,"7",17,2,27,103,"Short",0.0635134186755544,0.822092090013741,NA,0.420110102544083,"localGP"
"3167",13,5,4,3,58.5828600076787,58.5828600076787,"Rough","Max. Reward Condition",20,"7",17,1,38,103,"Short",0.0635134186755544,0.822092090013741,NA,0.420110102544083,"localGP"
"3168",13,6,4,4,91.0453666765183,91.0453666765183,"Rough","Max. Reward Condition",20,"7",17,1,49,103,"Short",0.0635134186755544,0.822092090013741,NA,0.420110102544083,"localGP"
"3169",13,7,5,4,61.0193303568798,91.0453666765183,"Rough","Max. Reward Condition",20,"7",17,2,50,103,"Short",0.0635134186755544,0.822092090013741,NA,0.420110102544083,"localGP"
"3170",13,8,4,4,91.0453666765183,91.0453666765183,"Rough","Max. Reward Condition",20,"7",17,1,49,103,"Short",0.0635134186755544,0.822092090013741,NA,0.420110102544083,"localGP"
"3171",13,9,3,4,81.7432518785976,91.0453666765183,"Rough","Max. Reward Condition",20,"7",17,2,48,103,"Short",0.0635134186755544,0.822092090013741,NA,0.420110102544083,"localGP"
"3172",13,10,3,5,100,100,"Rough","Max. Reward Condition",20,"7",17,1,59,103,"Short",0.0635134186755544,0.822092090013741,NA,0.420110102544083,"localGP"
"3173",13,11,4,5,82.6609311486781,100,"Rough","Max. Reward Condition",20,"7",17,1,60,103,"Short",0.0635134186755544,0.822092090013741,NA,0.420110102544083,"localGP"
"3174",13,12,4,6,52.4710109761759,100,"Rough","Max. Reward Condition",20,"7",17,2,71,103,"Short",0.0635134186755544,0.822092090013741,NA,0.420110102544083,"localGP"
"3175",13,13,4,9,28.1850545862844,100,"Rough","Max. Reward Condition",20,"7",17,5,104,103,"Short",0.0635134186755544,0.822092090013741,NA,0.420110102544083,"localGP"
"3176",13,14,4,10,42.5458481354348,100,"Rough","Max. Reward Condition",20,"7",17,1,115,103,"Short",0.0635134186755544,0.822092090013741,NA,0.420110102544083,"localGP"
"3177",13,15,5,10,36.7071587772784,100,"Rough","Max. Reward Condition",20,"7",17,2,116,103,"Short",0.0635134186755544,0.822092090013741,NA,0.420110102544083,"localGP"
"3178",13,16,7,10,45.8329437845991,100,"Rough","Max. Reward Condition",20,"7",17,2,118,103,"Short",0.0635134186755544,0.822092090013741,NA,0.420110102544083,"localGP"
"3179",13,17,10,9,62.3531210252204,100,"Rough","Max. Reward Condition",20,"7",17,1,110,103,"Short",0.0635134186755544,0.822092090013741,NA,0.420110102544083,"localGP"
"3180",13,18,9,8,75.2770769943809,100,"Rough","Max. Reward Condition",20,"7",17,1,98,103,"Short",0.0635134186755544,0.822092090013741,NA,0.420110102544083,"localGP"
"3181",13,19,9,7,72.9342168010689,100,"Rough","Max. Reward Condition",20,"7",17,1,87,103,"Short",0.0635134186755544,0.822092090013741,NA,0.420110102544083,"localGP"
"3182",13,20,10,7,52.8033208285955,100,"Rough","Max. Reward Condition",20,"7",17,1,88,103,"Short",0.0635134186755544,0.822092090013741,NA,0.420110102544083,"localGP"
"3183",13,21,10,8,52.8164121364867,100,"Rough","Max. Reward Condition",20,"7",17,2,99,103,"Short",0.0635134186755544,0.822092090013741,NA,0.420110102544083,"localGP"
"3184",13,1,4,0,55.5674013625867,55.5674013625867,"Rough","Max. Reward Condition",40,"8",6,NA,5,104,"Long",0.0907974758161152,0.806316616403741,NA,0.510677330951825,"localGP"
"3185",13,2,2,2,34.5579265575561,55.5674013625867,"Rough","Max. Reward Condition",40,"8",6,1,25,104,"Long",0.0907974758161152,0.806316616403741,NA,0.510677330951825,"localGP"
"3186",13,3,7,6,39.4865899773576,55.5674013625867,"Rough","Max. Reward Condition",40,"8",6,1,74,104,"Long",0.0907974758161152,0.806316616403741,NA,0.510677330951825,"localGP"
"3187",13,4,9,9,83.6268655538995,83.6268655538995,"Rough","Max. Reward Condition",40,"8",6,2,109,104,"Long",0.0907974758161152,0.806316616403741,NA,0.510677330951825,"localGP"
"3188",13,5,9,10,34.3418785557881,83.6268655538995,"Rough","Max. Reward Condition",40,"8",6,3,120,104,"Long",0.0907974758161152,0.806316616403741,NA,0.510677330951825,"localGP"
"3189",13,6,8,10,32.093395262208,83.6268655538995,"Rough","Max. Reward Condition",40,"8",6,4,119,104,"Long",0.0907974758161152,0.806316616403741,NA,0.510677330951825,"localGP"
"3190",13,7,7,10,34.0754913036813,83.6268655538995,"Rough","Max. Reward Condition",40,"8",6,2,118,104,"Long",0.0907974758161152,0.806316616403741,NA,0.510677330951825,"localGP"
"3191",13,8,7,9,30.1286651387231,83.6268655538995,"Rough","Max. Reward Condition",40,"8",6,7,107,104,"Long",0.0907974758161152,0.806316616403741,NA,0.510677330951825,"localGP"
"3192",13,9,9,8,81.6907585501877,83.6268655538995,"Rough","Max. Reward Condition",40,"8",6,1,98,104,"Long",0.0907974758161152,0.806316616403741,NA,0.510677330951825,"localGP"
"3193",13,10,8,8,59.0034109397581,83.6268655538995,"Rough","Max. Reward Condition",40,"8",6,2,97,104,"Long",0.0907974758161152,0.806316616403741,NA,0.510677330951825,"localGP"
"3194",13,11,4,9,29.8742358544545,83.6268655538995,"Rough","Max. Reward Condition",40,"8",6,2,104,104,"Long",0.0907974758161152,0.806316616403741,NA,0.510677330951825,"localGP"
"3195",13,12,9,2,38.9021292283964,83.6268655538995,"Rough","Max. Reward Condition",40,"8",6,1,32,104,"Long",0.0907974758161152,0.806316616403741,NA,0.510677330951825,"localGP"
"3196",13,13,10,2,28.7117658746382,83.6268655538995,"Rough","Max. Reward Condition",40,"8",6,1,33,104,"Long",0.0907974758161152,0.806316616403741,NA,0.510677330951825,"localGP"
"3197",13,14,10,1,30.7993403815016,83.6268655538995,"Rough","Max. Reward Condition",40,"8",6,1,22,104,"Long",0.0907974758161152,0.806316616403741,NA,0.510677330951825,"localGP"
"3198",13,15,8,4,54.5470358257258,83.6268655538995,"Rough","Max. Reward Condition",40,"8",6,1,53,104,"Long",0.0907974758161152,0.806316616403741,NA,0.510677330951825,"localGP"
"3199",13,16,7,4,44.475034820107,83.6268655538995,"Rough","Max. Reward Condition",40,"8",6,1,52,104,"Long",0.0907974758161152,0.806316616403741,NA,0.510677330951825,"localGP"
"3200",13,17,1,2,44.6789211207644,83.6268655538995,"Rough","Max. Reward Condition",40,"8",6,4,24,104,"Long",0.0907974758161152,0.806316616403741,NA,0.510677330951825,"localGP"
"3201",13,18,1,3,70.5820098602199,83.6268655538995,"Rough","Max. Reward Condition",40,"8",6,1,35,104,"Long",0.0907974758161152,0.806316616403741,NA,0.510677330951825,"localGP"
"3202",13,19,0,3,82.5721379784096,83.6268655538995,"Rough","Max. Reward Condition",40,"8",6,1,34,104,"Long",0.0907974758161152,0.806316616403741,NA,0.510677330951825,"localGP"
"3203",13,20,0,4,74.8791108715427,83.6268655538995,"Rough","Max. Reward Condition",40,"8",6,1,45,104,"Long",0.0907974758161152,0.806316616403741,NA,0.510677330951825,"localGP"
"3204",13,21,1,4,80.1452331951454,83.6268655538995,"Rough","Max. Reward Condition",40,"8",6,1,46,104,"Long",0.0907974758161152,0.806316616403741,NA,0.510677330951825,"localGP"
"3205",13,22,1,5,100,100,"Rough","Max. Reward Condition",40,"8",6,4,57,104,"Long",0.0907974758161152,0.806316616403741,NA,0.510677330951825,"localGP"
"3206",13,23,2,5,39.0984637940291,100,"Rough","Max. Reward Condition",40,"8",6,1,58,104,"Long",0.0907974758161152,0.806316616403741,NA,0.510677330951825,"localGP"
"3207",13,24,3,0,63.3554027374264,100,"Rough","Max. Reward Condition",40,"8",6,2,4,104,"Long",0.0907974758161152,0.806316616403741,NA,0.510677330951825,"localGP"
"3208",13,25,2,1,32.7608851957518,100,"Rough","Max. Reward Condition",40,"8",6,1,14,104,"Long",0.0907974758161152,0.806316616403741,NA,0.510677330951825,"localGP"
"3209",13,26,0,5,85.1317086337792,100,"Rough","Max. Reward Condition",40,"8",6,2,56,104,"Long",0.0907974758161152,0.806316616403741,NA,0.510677330951825,"localGP"
"3210",13,27,0,7,56.7102070439247,100,"Rough","Max. Reward Condition",40,"8",6,6,78,104,"Long",0.0907974758161152,0.806316616403741,NA,0.510677330951825,"localGP"
"3211",13,28,0,6,46.0544782889019,100,"Rough","Max. Reward Condition",40,"8",6,1,67,104,"Long",0.0907974758161152,0.806316616403741,NA,0.510677330951825,"localGP"
"3212",13,29,1,5,100,100,"Rough","Max. Reward Condition",40,"8",6,1,57,104,"Long",0.0907974758161152,0.806316616403741,NA,0.510677330951825,"localGP"
"3213",13,30,1,5,100,100,"Rough","Max. Reward Condition",40,"8",6,1,57,104,"Long",0.0907974758161152,0.806316616403741,NA,0.510677330951825,"localGP"
"3214",13,31,6,2,37.1794683639589,100,"Rough","Max. Reward Condition",40,"8",6,2,29,104,"Long",0.0907974758161152,0.806316616403741,NA,0.510677330951825,"localGP"
"3215",13,32,7,2,60.5825002841952,100,"Rough","Max. Reward Condition",40,"8",6,3,30,104,"Long",0.0907974758161152,0.806316616403741,NA,0.510677330951825,"localGP"
"3216",13,33,2,4,50.1349691465134,100,"Rough","Max. Reward Condition",40,"8",6,3,47,104,"Long",0.0907974758161152,0.806316616403741,NA,0.510677330951825,"localGP"
"3217",13,34,0,4,74.8791108715427,100,"Rough","Max. Reward Condition",40,"8",6,6,45,104,"Long",0.0907974758161152,0.806316616403741,NA,0.510677330951825,"localGP"
"3218",13,35,8,0,72.9354979095338,100,"Rough","Max. Reward Condition",40,"8",6,1,9,104,"Long",0.0907974758161152,0.806316616403741,NA,0.510677330951825,"localGP"
"3219",13,36,5,0,91.7432297732024,100,"Rough","Max. Reward Condition",40,"8",6,2,6,104,"Long",0.0907974758161152,0.806316616403741,NA,0.510677330951825,"localGP"
"3220",13,37,6,0,94.4963050018738,100,"Rough","Max. Reward Condition",40,"8",6,2,7,104,"Long",0.0907974758161152,0.806316616403741,NA,0.510677330951825,"localGP"
"3221",13,38,6,1,58.9505924012191,100,"Rough","Max. Reward Condition",40,"8",6,2,18,104,"Long",0.0907974758161152,0.806316616403741,NA,0.510677330951825,"localGP"
"3222",13,39,5,1,54.7135189925466,100,"Rough","Max. Reward Condition",40,"8",6,1,17,104,"Long",0.0907974758161152,0.806316616403741,NA,0.510677330951825,"localGP"
"3223",13,40,10,0,10.3010804163192,100,"Rough","Max. Reward Condition",40,"8",6,2,11,104,"Long",0.0907974758161152,0.806316616403741,NA,0.510677330951825,"localGP"
"3224",13,41,2,0,68.5922918789332,100,"Rough","Max. Reward Condition",40,"8",6,2,3,104,"Long",0.0907974758161152,0.806316616403741,NA,0.510677330951825,"localGP"
"3225",14,1,0,1,40.8666314399302,40.8666314399302,"Rough","Max. Reward Condition",40,"1",17,NA,12,105,"Long",0.0866581539673797,0.714608509769728,NA,0.458150138091076,"localGP"
"3226",14,2,1,1,33.7566886392353,40.8666314399302,"Rough","Max. Reward Condition",40,"1",17,6,13,105,"Long",0.0866581539673797,0.714608509769728,NA,0.458150138091076,"localGP"
"3227",14,3,0,2,36.3094858806942,40.8666314399302,"Rough","Max. Reward Condition",40,"1",17,4,23,105,"Long",0.0866581539673797,0.714608509769728,NA,0.458150138091076,"localGP"
"3228",14,4,1,2,37.0468880357367,40.8666314399302,"Rough","Max. Reward Condition",40,"1",17,1,24,105,"Long",0.0866581539673797,0.714608509769728,NA,0.458150138091076,"localGP"
"3229",14,5,1,3,74.4820518548536,74.4820518548536,"Rough","Max. Reward Condition",40,"1",17,2,35,105,"Long",0.0866581539673797,0.714608509769728,NA,0.458150138091076,"localGP"
"3230",14,6,1,4,59.7275307327632,74.4820518548536,"Rough","Max. Reward Condition",40,"1",17,1,46,105,"Long",0.0866581539673797,0.714608509769728,NA,0.458150138091076,"localGP"
"3231",14,7,1,5,55.0007890272568,74.4820518548536,"Rough","Max. Reward Condition",40,"1",17,1,57,105,"Long",0.0866581539673797,0.714608509769728,NA,0.458150138091076,"localGP"
"3232",14,8,2,5,96.5712701527156,96.5712701527156,"Rough","Max. Reward Condition",40,"1",17,1,58,105,"Long",0.0866581539673797,0.714608509769728,NA,0.458150138091076,"localGP"
"3233",14,9,3,5,100,100,"Rough","Max. Reward Condition",40,"1",17,1,59,105,"Long",0.0866581539673797,0.714608509769728,NA,0.458150138091076,"localGP"
"3234",14,10,3,4,81.7432518785976,100,"Rough","Max. Reward Condition",40,"1",17,1,48,105,"Long",0.0866581539673797,0.714608509769728,NA,0.458150138091076,"localGP"
"3235",14,11,2,4,78.1145537046303,100,"Rough","Max. Reward Condition",40,"1",17,1,47,105,"Long",0.0866581539673797,0.714608509769728,NA,0.458150138091076,"localGP"
"3236",14,12,2,3,51.4694994418352,100,"Rough","Max. Reward Condition",40,"1",17,1,36,105,"Long",0.0866581539673797,0.714608509769728,NA,0.458150138091076,"localGP"
"3237",14,13,7,1,68.4445451989571,100,"Rough","Max. Reward Condition",40,"1",17,1,19,105,"Long",0.0866581539673797,0.714608509769728,NA,0.458150138091076,"localGP"
"3238",14,14,7,0,58.3371739610509,100,"Rough","Max. Reward Condition",40,"1",17,2,8,105,"Long",0.0866581539673797,0.714608509769728,NA,0.458150138091076,"localGP"
"3239",14,15,6,0,78.5527301112154,100,"Rough","Max. Reward Condition",40,"1",17,1,7,105,"Long",0.0866581539673797,0.714608509769728,NA,0.458150138091076,"localGP"
"3240",14,16,6,1,68.7866414207953,100,"Rough","Max. Reward Condition",40,"1",17,12,18,105,"Long",0.0866581539673797,0.714608509769728,NA,0.458150138091076,"localGP"
"3241",14,17,9,0,56.3100913856246,100,"Rough","Max. Reward Condition",40,"1",17,1,10,105,"Long",0.0866581539673797,0.714608509769728,NA,0.458150138091076,"localGP"
"3242",14,18,9,2,61.2328313853332,100,"Rough","Max. Reward Condition",40,"1",17,1,32,105,"Long",0.0866581539673797,0.714608509769728,NA,0.458150138091076,"localGP"
"3243",14,19,9,3,46.6566969511363,100,"Rough","Max. Reward Condition",40,"1",17,2,43,105,"Long",0.0866581539673797,0.714608509769728,NA,0.458150138091076,"localGP"
"3244",14,20,9,4,37.4189636336299,100,"Rough","Max. Reward Condition",40,"1",17,1,54,105,"Long",0.0866581539673797,0.714608509769728,NA,0.458150138091076,"localGP"
"3245",14,21,8,4,25.5290036062029,100,"Rough","Max. Reward Condition",40,"1",17,2,53,105,"Long",0.0866581539673797,0.714608509769728,NA,0.458150138091076,"localGP"
"3246",14,22,2,9,69.3281763432378,100,"Rough","Max. Reward Condition",40,"1",17,1,102,105,"Long",0.0866581539673797,0.714608509769728,NA,0.458150138091076,"localGP"
"3247",14,23,3,9,57.8931465906352,100,"Rough","Max. Reward Condition",40,"1",17,2,103,105,"Long",0.0866581539673797,0.714608509769728,NA,0.458150138091076,"localGP"
"3248",14,24,3,8,42.84962574602,100,"Rough","Max. Reward Condition",40,"1",17,1,92,105,"Long",0.0866581539673797,0.714608509769728,NA,0.458150138091076,"localGP"
"3249",14,25,6,3,42.4608725278466,100,"Rough","Max. Reward Condition",40,"1",17,1,40,105,"Long",0.0866581539673797,0.714608509769728,NA,0.458150138091076,"localGP"
"3250",14,26,0,10,11.2786864565213,100,"Rough","Max. Reward Condition",40,"1",17,2,111,105,"Long",0.0866581539673797,0.714608509769728,NA,0.458150138091076,"localGP"
"3251",14,27,1,7,56.599176854759,100,"Rough","Max. Reward Condition",40,"1",17,1,79,105,"Long",0.0866581539673797,0.714608509769728,NA,0.458150138091076,"localGP"
"3252",14,28,4,6,52.4710109761759,100,"Rough","Max. Reward Condition",40,"1",17,1,71,105,"Long",0.0866581539673797,0.714608509769728,NA,0.458150138091076,"localGP"
"3253",14,29,2,6,67.9735102315088,100,"Rough","Max. Reward Condition",40,"1",17,8,69,105,"Long",0.0866581539673797,0.714608509769728,NA,0.458150138091076,"localGP"
"3254",14,30,3,6,61.6521718992743,100,"Rough","Max. Reward Condition",40,"1",17,4,70,105,"Long",0.0866581539673797,0.714608509769728,NA,0.458150138091076,"localGP"
"3255",14,31,3,5,100,100,"Rough","Max. Reward Condition",40,"1",17,1,59,105,"Long",0.0866581539673797,0.714608509769728,NA,0.458150138091076,"localGP"
"3256",14,32,4,5,82.6609311486781,100,"Rough","Max. Reward Condition",40,"1",17,1,60,105,"Long",0.0866581539673797,0.714608509769728,NA,0.458150138091076,"localGP"
"3257",14,33,4,4,91.0453666765183,100,"Rough","Max. Reward Condition",40,"1",17,1,49,105,"Long",0.0866581539673797,0.714608509769728,NA,0.458150138091076,"localGP"
"3258",14,34,5,4,61.0193303568798,100,"Rough","Max. Reward Condition",40,"1",17,2,50,105,"Long",0.0866581539673797,0.714608509769728,NA,0.458150138091076,"localGP"
"3259",14,35,2,10,64.0452624101058,100,"Rough","Max. Reward Condition",40,"1",17,1,113,105,"Long",0.0866581539673797,0.714608509769728,NA,0.458150138091076,"localGP"
"3260",14,36,2,9,69.3281763432378,100,"Rough","Max. Reward Condition",40,"1",17,1,102,105,"Long",0.0866581539673797,0.714608509769728,NA,0.458150138091076,"localGP"
"3261",14,37,10,5,66.9387480102746,100,"Rough","Max. Reward Condition",40,"1",17,1,66,105,"Long",0.0866581539673797,0.714608509769728,NA,0.458150138091076,"localGP"
"3262",14,38,10,6,67.2792889568495,100,"Rough","Max. Reward Condition",40,"1",17,2,77,105,"Long",0.0866581539673797,0.714608509769728,NA,0.458150138091076,"localGP"
"3263",14,39,9,5,49.3600787974706,100,"Rough","Max. Reward Condition",40,"1",17,1,65,105,"Long",0.0866581539673797,0.714608509769728,NA,0.458150138091076,"localGP"
"3264",14,40,9,6,69.0496352033319,100,"Rough","Max. Reward Condition",40,"1",17,2,76,105,"Long",0.0866581539673797,0.714608509769728,NA,0.458150138091076,"localGP"
"3265",14,41,8,6,32.3056613261891,100,"Rough","Max. Reward Condition",40,"1",17,5,75,105,"Long",0.0866581539673797,0.714608509769728,NA,0.458150138091076,"localGP"
"3266",14,1,7,7,59.9525509256433,59.9525509256433,"Rough","Max. Reward Condition",20,"2",0,NA,85,106,"Short",0.0926527442437812,0.786033616199303,NA,0.476865838830605,"localGP"
"3267",14,2,7,5,54.6376414443385,59.9525509256433,"Rough","Max. Reward Condition",20,"2",0,7,63,106,"Short",0.0926527442437812,0.786033616199303,NA,0.476865838830605,"localGP"
"3268",14,3,8,5,25.4664364845841,59.9525509256433,"Rough","Max. Reward Condition",20,"2",0,8,64,106,"Short",0.0926527442437812,0.786033616199303,NA,0.476865838830605,"localGP"
"3269",14,4,3,4,72.1209794617426,72.1209794617426,"Rough","Max. Reward Condition",20,"2",0,1,48,106,"Short",0.0926527442437812,0.786033616199303,NA,0.476865838830605,"localGP"
"3270",14,5,3,5,42.0356921571109,72.1209794617426,"Rough","Max. Reward Condition",20,"2",0,2,59,106,"Short",0.0926527442437812,0.786033616199303,NA,0.476865838830605,"localGP"
"3271",14,6,2,5,40.9850753748298,72.1209794617426,"Rough","Max. Reward Condition",20,"2",0,1,58,106,"Short",0.0926527442437812,0.786033616199303,NA,0.476865838830605,"localGP"
"3272",14,7,2,4,52.0374453788032,72.1209794617426,"Rough","Max. Reward Condition",20,"2",0,1,47,106,"Short",0.0926527442437812,0.786033616199303,NA,0.476865838830605,"localGP"
"3273",14,8,4,4,67.056370714112,72.1209794617426,"Rough","Max. Reward Condition",20,"2",0,2,49,106,"Short",0.0926527442437812,0.786033616199303,NA,0.476865838830605,"localGP"
"3274",14,9,4,3,60.3338826341623,72.1209794617426,"Rough","Max. Reward Condition",20,"2",0,3,38,106,"Short",0.0926527442437812,0.786033616199303,NA,0.476865838830605,"localGP"
"3275",14,10,3,3,58.6757331286265,72.1209794617426,"Rough","Max. Reward Condition",20,"2",0,1,37,106,"Short",0.0926527442437812,0.786033616199303,NA,0.476865838830605,"localGP"
"3276",14,11,2,5,40.9850753748298,72.1209794617426,"Rough","Max. Reward Condition",20,"2",0,1,58,106,"Short",0.0926527442437812,0.786033616199303,NA,0.476865838830605,"localGP"
"3277",14,12,5,5,2.28166204896147,72.1209794617426,"Rough","Max. Reward Condition",20,"2",0,2,61,106,"Short",0.0926527442437812,0.786033616199303,NA,0.476865838830605,"localGP"
"3278",14,13,7,4,41.500031362003,72.1209794617426,"Rough","Max. Reward Condition",20,"2",0,2,52,106,"Short",0.0926527442437812,0.786033616199303,NA,0.476865838830605,"localGP"
"3279",14,14,6,1,20.6016999282739,72.1209794617426,"Rough","Max. Reward Condition",20,"2",0,1,18,106,"Short",0.0926527442437812,0.786033616199303,NA,0.476865838830605,"localGP"
"3280",14,15,7,1,9.61047525275772,72.1209794617426,"Rough","Max. Reward Condition",20,"2",0,2,19,106,"Short",0.0926527442437812,0.786033616199303,NA,0.476865838830605,"localGP"
"3281",14,16,4,10,33.7085018505347,72.1209794617426,"Rough","Max. Reward Condition",20,"2",0,3,115,106,"Short",0.0926527442437812,0.786033616199303,NA,0.476865838830605,"localGP"
"3282",14,17,9,5,7.18281505521625,72.1209794617426,"Rough","Max. Reward Condition",20,"2",0,1,65,106,"Short",0.0926527442437812,0.786033616199303,NA,0.476865838830605,"localGP"
"3283",14,18,6,3,44.3716523377351,72.1209794617426,"Rough","Max. Reward Condition",20,"2",0,2,40,106,"Short",0.0926527442437812,0.786033616199303,NA,0.476865838830605,"localGP"
"3284",14,19,0,2,53.4074849522853,72.1209794617426,"Rough","Max. Reward Condition",20,"2",0,3,23,106,"Short",0.0926527442437812,0.786033616199303,NA,0.476865838830605,"localGP"
"3285",14,20,0,1,25.2534967724465,72.1209794617426,"Rough","Max. Reward Condition",20,"2",0,1,12,106,"Short",0.0926527442437812,0.786033616199303,NA,0.476865838830605,"localGP"
"3286",14,21,7,6,58.4137969202167,72.1209794617426,"Rough","Max. Reward Condition",20,"2",0,2,74,106,"Short",0.0926527442437812,0.786033616199303,NA,0.476865838830605,"localGP"
"3287",14,1,10,10,51.5021845783836,51.5021845783836,"Rough","Max. Reward Condition",40,"3",7,NA,121,107,"Long",0.0816419864769436,0.671341491982292,NA,0.444940185939644,"localGP"
"3288",14,2,3,5,100,100,"Rough","Max. Reward Condition",40,"3",7,10,59,107,"Long",0.0816419864769436,0.671341491982292,NA,0.444940185939644,"localGP"
"3289",14,3,3,6,90.5286582157079,100,"Rough","Max. Reward Condition",40,"3",7,1,70,107,"Long",0.0816419864769436,0.671341491982292,NA,0.444940185939644,"localGP"
"3290",14,4,6,7,46.9199796180267,100,"Rough","Max. Reward Condition",40,"3",7,2,84,107,"Long",0.0816419864769436,0.671341491982292,NA,0.444940185939644,"localGP"
"3291",14,5,6,8,29.1350785892096,100,"Rough","Max. Reward Condition",40,"3",7,1,95,107,"Long",0.0816419864769436,0.671341491982292,NA,0.444940185939644,"localGP"
"3292",14,6,2,6,61.2240030846988,100,"Rough","Max. Reward Condition",40,"3",7,2,69,107,"Long",0.0816419864769436,0.671341491982292,NA,0.444940185939644,"localGP"
"3293",14,7,0,6,34.4193486809273,100,"Rough","Max. Reward Condition",40,"3",7,2,67,107,"Long",0.0816419864769436,0.671341491982292,NA,0.444940185939644,"localGP"
"3294",14,8,8,3,69.467939664169,100,"Rough","Max. Reward Condition",40,"3",7,1,42,107,"Long",0.0816419864769436,0.671341491982292,NA,0.444940185939644,"localGP"
"3295",14,9,8,2,53.532220554727,100,"Rough","Max. Reward Condition",40,"3",7,1,31,107,"Long",0.0816419864769436,0.671341491982292,NA,0.444940185939644,"localGP"
"3296",14,10,9,2,33.0324980399919,100,"Rough","Max. Reward Condition",40,"3",7,1,32,107,"Long",0.0816419864769436,0.671341491982292,NA,0.444940185939644,"localGP"
"3297",14,11,4,3,38.855169036226,100,"Rough","Max. Reward Condition",40,"3",7,2,38,107,"Long",0.0816419864769436,0.671341491982292,NA,0.444940185939644,"localGP"
"3298",14,12,4,4,30.0404677656774,100,"Rough","Max. Reward Condition",40,"3",7,1,49,107,"Long",0.0816419864769436,0.671341491982292,NA,0.444940185939644,"localGP"
"3299",14,13,4,5,66.807827900394,100,"Rough","Max. Reward Condition",40,"3",7,3,60,107,"Long",0.0816419864769436,0.671341491982292,NA,0.444940185939644,"localGP"
"3300",14,14,4,0,54.2185336335182,100,"Rough","Max. Reward Condition",40,"3",7,2,5,107,"Long",0.0816419864769436,0.671341491982292,NA,0.444940185939644,"localGP"
"3301",14,15,3,0,56.1973933076764,100,"Rough","Max. Reward Condition",40,"3",7,1,4,107,"Long",0.0816419864769436,0.671341491982292,NA,0.444940185939644,"localGP"
"3302",14,16,2,0,42.3192502107698,100,"Rough","Max. Reward Condition",40,"3",7,1,3,107,"Long",0.0816419864769436,0.671341491982292,NA,0.444940185939644,"localGP"
"3303",14,17,1,8,45.1295741279083,100,"Rough","Max. Reward Condition",40,"3",7,1,90,107,"Long",0.0816419864769436,0.671341491982292,NA,0.444940185939644,"localGP"
"3304",14,18,2,10,0,100,"Rough","Max. Reward Condition",40,"3",7,1,113,107,"Long",0.0816419864769436,0.671341491982292,NA,0.444940185939644,"localGP"
"3305",14,19,0,10,25.1709150765201,100,"Rough","Max. Reward Condition",40,"3",7,1,111,107,"Long",0.0816419864769436,0.671341491982292,NA,0.444940185939644,"localGP"
"3306",14,20,3,10,17.3902460818447,100,"Rough","Max. Reward Condition",40,"3",7,4,114,107,"Long",0.0816419864769436,0.671341491982292,NA,0.444940185939644,"localGP"
"3307",14,21,4,10,49.1017404834783,100,"Rough","Max. Reward Condition",40,"3",7,1,115,107,"Long",0.0816419864769436,0.671341491982292,NA,0.444940185939644,"localGP"
"3308",14,22,6,1,58.4718748542546,100,"Rough","Max. Reward Condition",40,"3",7,5,18,107,"Long",0.0816419864769436,0.671341491982292,NA,0.444940185939644,"localGP"
"3309",14,23,7,1,64.1520185583196,100,"Rough","Max. Reward Condition",40,"3",7,1,19,107,"Long",0.0816419864769436,0.671341491982292,NA,0.444940185939644,"localGP"
"3310",14,24,7,0,61.8816102013835,100,"Rough","Max. Reward Condition",40,"3",7,9,8,107,"Long",0.0816419864769436,0.671341491982292,NA,0.444940185939644,"localGP"
"3311",14,25,6,0,55.1457659319725,100,"Rough","Max. Reward Condition",40,"3",7,9,7,107,"Long",0.0816419864769436,0.671341491982292,NA,0.444940185939644,"localGP"
"3312",14,26,3,8,50.2866899354238,100,"Rough","Max. Reward Condition",40,"3",7,2,92,107,"Long",0.0816419864769436,0.671341491982292,NA,0.444940185939644,"localGP"
"3313",14,27,1,7,52.9143905070461,100,"Rough","Max. Reward Condition",40,"3",7,1,79,107,"Long",0.0816419864769436,0.671341491982292,NA,0.444940185939644,"localGP"
"3314",14,28,2,7,57.6455524159847,100,"Rough","Max. Reward Condition",40,"3",7,1,80,107,"Long",0.0816419864769436,0.671341491982292,NA,0.444940185939644,"localGP"
"3315",14,29,3,9,33.3451376526198,100,"Rough","Max. Reward Condition",40,"3",7,1,103,107,"Long",0.0816419864769436,0.671341491982292,NA,0.444940185939644,"localGP"
"3316",14,30,6,5,47.1321659100767,100,"Rough","Max. Reward Condition",40,"3",7,2,62,107,"Long",0.0816419864769436,0.671341491982292,NA,0.444940185939644,"localGP"
"3317",14,31,6,6,51.0087520886989,100,"Rough","Max. Reward Condition",40,"3",7,2,73,107,"Long",0.0816419864769436,0.671341491982292,NA,0.444940185939644,"localGP"
"3318",14,32,7,6,64.1165610070556,100,"Rough","Max. Reward Condition",40,"3",7,2,74,107,"Long",0.0816419864769436,0.671341491982292,NA,0.444940185939644,"localGP"
"3319",14,33,1,7,52.9143905070461,100,"Rough","Max. Reward Condition",40,"3",7,2,79,107,"Long",0.0816419864769436,0.671341491982292,NA,0.444940185939644,"localGP"
"3320",14,34,1,1,63.5014861824236,100,"Rough","Max. Reward Condition",40,"3",7,1,13,107,"Long",0.0816419864769436,0.671341491982292,NA,0.444940185939644,"localGP"
"3321",14,35,1,2,29.6498568268542,100,"Rough","Max. Reward Condition",40,"3",7,2,24,107,"Long",0.0816419864769436,0.671341491982292,NA,0.444940185939644,"localGP"
"3322",14,36,9,0,40.4430622566814,100,"Rough","Max. Reward Condition",40,"3",7,4,10,107,"Long",0.0816419864769436,0.671341491982292,NA,0.444940185939644,"localGP"
"3323",14,37,9,1,32.884325467042,100,"Rough","Max. Reward Condition",40,"3",7,13,21,107,"Long",0.0816419864769436,0.671341491982292,NA,0.444940185939644,"localGP"
"3324",14,38,8,1,64.1561620326148,100,"Rough","Max. Reward Condition",40,"3",7,5,20,107,"Long",0.0816419864769436,0.671341491982292,NA,0.444940185939644,"localGP"
"3325",14,39,8,0,57.570971716758,100,"Rough","Max. Reward Condition",40,"3",7,1,9,107,"Long",0.0816419864769436,0.671341491982292,NA,0.444940185939644,"localGP"
"3326",14,40,3,3,37.3678419356418,100,"Rough","Max. Reward Condition",40,"3",7,1,37,107,"Long",0.0816419864769436,0.671341491982292,NA,0.444940185939644,"localGP"
"3327",14,41,7,3,81.9279469354685,100,"Rough","Max. Reward Condition",40,"3",7,1,41,107,"Long",0.0816419864769436,0.671341491982292,NA,0.444940185939644,"localGP"
"3328",14,1,10,1,40.1836169652237,40.1836169652237,"Rough","Max. Reward Condition",20,"4",8,NA,22,108,"Short",0.0879089198391513,0.823226957874298,NA,0.491901889202152,"localGP"
"3329",14,2,0,1,40.9480065952068,40.9480065952068,"Rough","Max. Reward Condition",20,"4",8,8,12,108,"Short",0.0879089198391513,0.823226957874298,NA,0.491901889202152,"localGP"
"3330",14,3,0,3,27.8766329094595,40.9480065952068,"Rough","Max. Reward Condition",20,"4",8,16,34,108,"Short",0.0879089198391513,0.823226957874298,NA,0.491901889202152,"localGP"
"3331",14,4,10,7,59.5768375787062,59.5768375787062,"Rough","Max. Reward Condition",20,"4",8,17,88,108,"Short",0.0879089198391513,0.823226957874298,NA,0.491901889202152,"localGP"
"3332",14,5,9,7,12.1031590785717,59.5768375787062,"Rough","Max. Reward Condition",20,"4",8,1,87,108,"Short",0.0879089198391513,0.823226957874298,NA,0.491901889202152,"localGP"
"3333",14,6,10,8,76.4183100211284,76.4183100211284,"Rough","Max. Reward Condition",20,"4",8,8,99,108,"Short",0.0879089198391513,0.823226957874298,NA,0.491901889202152,"localGP"
"3334",14,7,10,9,65.2100813195769,76.4183100211284,"Rough","Max. Reward Condition",20,"4",8,4,110,108,"Short",0.0879089198391513,0.823226957874298,NA,0.491901889202152,"localGP"
"3335",14,8,10,10,31.7453717496263,76.4183100211284,"Rough","Max. Reward Condition",20,"4",8,1,121,108,"Short",0.0879089198391513,0.823226957874298,NA,0.491901889202152,"localGP"
"3336",14,9,9,10,46.8319798466621,76.4183100211284,"Rough","Max. Reward Condition",20,"4",8,2,120,108,"Short",0.0879089198391513,0.823226957874298,NA,0.491901889202152,"localGP"
"3337",14,10,4,9,45.6417969596103,76.4183100211284,"Rough","Max. Reward Condition",20,"4",8,2,104,108,"Short",0.0879089198391513,0.823226957874298,NA,0.491901889202152,"localGP"
"3338",14,11,4,8,69.4439461709685,76.4183100211284,"Rough","Max. Reward Condition",20,"4",8,1,93,108,"Short",0.0879089198391513,0.823226957874298,NA,0.491901889202152,"localGP"
"3339",14,12,5,8,45.4136649367735,76.4183100211284,"Rough","Max. Reward Condition",20,"4",8,1,94,108,"Short",0.0879089198391513,0.823226957874298,NA,0.491901889202152,"localGP"
"3340",14,13,2,2,48.0793702112335,76.4183100211284,"Rough","Max. Reward Condition",20,"4",8,3,25,108,"Short",0.0879089198391513,0.823226957874298,NA,0.491901889202152,"localGP"
"3341",14,14,2,3,53.3062519651342,76.4183100211284,"Rough","Max. Reward Condition",20,"4",8,1,36,108,"Short",0.0879089198391513,0.823226957874298,NA,0.491901889202152,"localGP"
"3342",14,15,2,4,66.8505188208105,76.4183100211284,"Rough","Max. Reward Condition",20,"4",8,2,47,108,"Short",0.0879089198391513,0.823226957874298,NA,0.491901889202152,"localGP"
"3343",14,16,2,5,73.2302297303204,76.4183100211284,"Rough","Max. Reward Condition",20,"4",8,2,58,108,"Short",0.0879089198391513,0.823226957874298,NA,0.491901889202152,"localGP"
"3344",14,17,7,10,14.8633331080282,76.4183100211284,"Rough","Max. Reward Condition",20,"4",8,1,118,108,"Short",0.0879089198391513,0.823226957874298,NA,0.491901889202152,"localGP"
"3345",14,18,0,1,40.9480065952068,76.4183100211284,"Rough","Max. Reward Condition",20,"4",8,2,12,108,"Short",0.0879089198391513,0.823226957874298,NA,0.491901889202152,"localGP"
"3346",14,19,1,3,30.8979610069097,76.4183100211284,"Rough","Max. Reward Condition",20,"4",8,12,35,108,"Short",0.0879089198391513,0.823226957874298,NA,0.491901889202152,"localGP"
"3347",14,20,1,5,69.9793335818367,76.4183100211284,"Rough","Max. Reward Condition",20,"4",8,2,57,108,"Short",0.0879089198391513,0.823226957874298,NA,0.491901889202152,"localGP"
"3348",14,21,1,6,47.1009153774724,76.4183100211284,"Rough","Max. Reward Condition",20,"4",8,14,68,108,"Short",0.0879089198391513,0.823226957874298,NA,0.491901889202152,"localGP"
"3349",14,1,3,4,73.9807102150318,73.9807102150318,"Rough","Max. Reward Condition",40,"5",15,NA,48,109,"Long",0.0784590376725225,0.697897882996764,NA,0.452874478029184,"localGP"
"3350",14,2,2,4,51.9546837041907,73.9807102150318,"Rough","Max. Reward Condition",40,"5",15,7,47,109,"Long",0.0784590376725225,0.697897882996764,NA,0.452874478029184,"localGP"
"3351",14,3,2,5,87.9015805668821,87.9015805668821,"Rough","Max. Reward Condition",40,"5",15,8,58,109,"Long",0.0784590376725225,0.697897882996764,NA,0.452874478029184,"localGP"
"3352",14,4,3,5,91.5692138938096,91.5692138938096,"Rough","Max. Reward Condition",40,"5",15,2,59,109,"Long",0.0784590376725225,0.697897882996764,NA,0.452874478029184,"localGP"
"3353",14,5,4,5,83.3494721532076,91.5692138938096,"Rough","Max. Reward Condition",40,"5",15,1,60,109,"Long",0.0784590376725225,0.697897882996764,NA,0.452874478029184,"localGP"
"3354",14,6,4,6,37.3241203107058,91.5692138938096,"Rough","Max. Reward Condition",40,"5",15,2,71,109,"Long",0.0784590376725225,0.697897882996764,NA,0.452874478029184,"localGP"
"3355",14,7,4,7,3.93003367896105,91.5692138938096,"Rough","Max. Reward Condition",40,"5",15,1,82,109,"Long",0.0784590376725225,0.697897882996764,NA,0.452874478029184,"localGP"
"3356",14,8,4,2,50.1084005844682,91.5692138938096,"Rough","Max. Reward Condition",40,"5",15,1,27,109,"Long",0.0784590376725225,0.697897882996764,NA,0.452874478029184,"localGP"
"3357",14,9,5,2,59.1350535655929,91.5692138938096,"Rough","Max. Reward Condition",40,"5",15,1,28,109,"Long",0.0784590376725225,0.697897882996764,NA,0.452874478029184,"localGP"
"3358",14,10,6,2,70.2102889372843,91.5692138938096,"Rough","Max. Reward Condition",40,"5",15,3,29,109,"Long",0.0784590376725225,0.697897882996764,NA,0.452874478029184,"localGP"
"3359",14,11,7,2,69.9700174342543,91.5692138938096,"Rough","Max. Reward Condition",40,"5",15,1,30,109,"Long",0.0784590376725225,0.697897882996764,NA,0.452874478029184,"localGP"
"3360",14,12,7,1,69.5543869014774,91.5692138938096,"Rough","Max. Reward Condition",40,"5",15,2,19,109,"Long",0.0784590376725225,0.697897882996764,NA,0.452874478029184,"localGP"
"3361",14,13,6,1,47.8003239133114,91.5692138938096,"Rough","Max. Reward Condition",40,"5",15,5,18,109,"Long",0.0784590376725225,0.697897882996764,NA,0.452874478029184,"localGP"
"3362",14,14,5,1,30.4951165770028,91.5692138938096,"Rough","Max. Reward Condition",40,"5",15,1,17,109,"Long",0.0784590376725225,0.697897882996764,NA,0.452874478029184,"localGP"
"3363",14,15,4,1,33.8608437670612,91.5692138938096,"Rough","Max. Reward Condition",40,"5",15,1,16,109,"Long",0.0784590376725225,0.697897882996764,NA,0.452874478029184,"localGP"
"3364",14,16,3,1,45.7237040394925,91.5692138938096,"Rough","Max. Reward Condition",40,"5",15,2,15,109,"Long",0.0784590376725225,0.697897882996764,NA,0.452874478029184,"localGP"
"3365",14,17,1,2,100,100,"Rough","Max. Reward Condition",40,"5",15,1,24,109,"Long",0.0784590376725225,0.697897882996764,NA,0.452874478029184,"localGP"
"3366",14,18,2,2,71.3818966101037,100,"Rough","Max. Reward Condition",40,"5",15,5,25,109,"Long",0.0784590376725225,0.697897882996764,NA,0.452874478029184,"localGP"
"3367",14,19,1,1,90.7781848524799,100,"Rough","Max. Reward Condition",40,"5",15,8,13,109,"Long",0.0784590376725225,0.697897882996764,NA,0.452874478029184,"localGP"
"3368",14,20,2,1,64.9541194011158,100,"Rough","Max. Reward Condition",40,"5",15,1,14,109,"Long",0.0784590376725225,0.697897882996764,NA,0.452874478029184,"localGP"
"3369",14,21,1,1,90.7781848524799,100,"Rough","Max. Reward Condition",40,"5",15,1,13,109,"Long",0.0784590376725225,0.697897882996764,NA,0.452874478029184,"localGP"
"3370",14,22,1,2,100,100,"Rough","Max. Reward Condition",40,"5",15,2,24,109,"Long",0.0784590376725225,0.697897882996764,NA,0.452874478029184,"localGP"
"3371",14,23,0,2,95.1832335243152,100,"Rough","Max. Reward Condition",40,"5",15,1,23,109,"Long",0.0784590376725225,0.697897882996764,NA,0.452874478029184,"localGP"
"3372",14,24,0,3,77.1083741262543,100,"Rough","Max. Reward Condition",40,"5",15,2,34,109,"Long",0.0784590376725225,0.697897882996764,NA,0.452874478029184,"localGP"
"3373",14,25,1,3,78.9236623533558,100,"Rough","Max. Reward Condition",40,"5",15,1,35,109,"Long",0.0784590376725225,0.697897882996764,NA,0.452874478029184,"localGP"
"3374",14,26,1,2,100,100,"Rough","Max. Reward Condition",40,"5",15,2,24,109,"Long",0.0784590376725225,0.697897882996764,NA,0.452874478029184,"localGP"
"3375",14,27,10,10,75.4865207153683,100,"Rough","Max. Reward Condition",40,"5",15,1,121,109,"Long",0.0784590376725225,0.697897882996764,NA,0.452874478029184,"localGP"
"3376",14,28,10,9,61.3102358777366,100,"Rough","Max. Reward Condition",40,"5",15,1,110,109,"Long",0.0784590376725225,0.697897882996764,NA,0.452874478029184,"localGP"
"3377",14,29,9,9,53.839970383571,100,"Rough","Max. Reward Condition",40,"5",15,10,109,109,"Long",0.0784590376725225,0.697897882996764,NA,0.452874478029184,"localGP"
"3378",14,30,9,10,53.2556028965444,100,"Rough","Max. Reward Condition",40,"5",15,0,120,109,"Long",0.0784590376725225,0.697897882996764,NA,0.452874478029184,"localGP"
"3379",14,31,8,8,77.4510822017491,100,"Rough","Max. Reward Condition",40,"5",15,1,97,109,"Long",0.0784590376725225,0.697897882996764,NA,0.452874478029184,"localGP"
"3380",14,32,7,8,69.8476397875391,100,"Rough","Max. Reward Condition",40,"5",15,2,96,109,"Long",0.0784590376725225,0.697897882996764,NA,0.452874478029184,"localGP"
"3381",14,33,7,7,44.6037963682007,100,"Rough","Max. Reward Condition",40,"5",15,2,85,109,"Long",0.0784590376725225,0.697897882996764,NA,0.452874478029184,"localGP"
"3382",14,34,8,7,53.4490280982268,100,"Rough","Max. Reward Condition",40,"5",15,2,86,109,"Long",0.0784590376725225,0.697897882996764,NA,0.452874478029184,"localGP"
"3383",14,35,6,9,52.3137546378813,100,"Rough","Max. Reward Condition",40,"5",15,1,106,109,"Long",0.0784590376725225,0.697897882996764,NA,0.452874478029184,"localGP"
"3384",14,36,5,9,47.9731744721056,100,"Rough","Max. Reward Condition",40,"5",15,2,105,109,"Long",0.0784590376725225,0.697897882996764,NA,0.452874478029184,"localGP"
"3385",14,37,9,7,37.6760460592712,100,"Rough","Max. Reward Condition",40,"5",15,2,87,109,"Long",0.0784590376725225,0.697897882996764,NA,0.452874478029184,"localGP"
"3386",14,38,10,7,33.2572660772245,100,"Rough","Max. Reward Condition",40,"5",15,2,88,109,"Long",0.0784590376725225,0.697897882996764,NA,0.452874478029184,"localGP"
"3387",14,39,0,8,20.0037967376033,100,"Rough","Max. Reward Condition",40,"5",15,1,89,109,"Long",0.0784590376725225,0.697897882996764,NA,0.452874478029184,"localGP"
"3388",14,40,2,8,55.818663051774,100,"Rough","Max. Reward Condition",40,"5",15,5,91,109,"Long",0.0784590376725225,0.697897882996764,NA,0.452874478029184,"localGP"
"3389",14,41,2,7,47.9284101510965,100,"Rough","Max. Reward Condition",40,"5",15,7,80,109,"Long",0.0784590376725225,0.697897882996764,NA,0.452874478029184,"localGP"
"3390",14,1,4,8,14.9807889176942,14.9807889176942,"Rough","Max. Reward Condition",20,"6",1,NA,93,110,"Short",0.0901884872960741,0.797123110158243,NA,0.465477031213923,"localGP"
"3391",14,2,5,5,89.574494748802,89.574494748802,"Rough","Max. Reward Condition",20,"6",1,8,61,110,"Short",0.0901884872960741,0.797123110158243,NA,0.465477031213923,"localGP"
"3392",14,3,4,5,50.9861643343635,89.574494748802,"Rough","Max. Reward Condition",20,"6",1,2,60,110,"Short",0.0901884872960741,0.797123110158243,NA,0.465477031213923,"localGP"
"3393",14,4,4,6,37.058891508221,89.574494748802,"Rough","Max. Reward Condition",20,"6",1,1,71,110,"Short",0.0901884872960741,0.797123110158243,NA,0.465477031213923,"localGP"
"3394",14,5,5,6,69.9155090037251,89.574494748802,"Rough","Max. Reward Condition",20,"6",1,1,72,110,"Short",0.0901884872960741,0.797123110158243,NA,0.465477031213923,"localGP"
"3395",14,6,6,6,78.697918940418,89.574494748802,"Rough","Max. Reward Condition",20,"6",1,1,73,110,"Short",0.0901884872960741,0.797123110158243,NA,0.465477031213923,"localGP"
"3396",14,7,6,7,56.6570427677056,89.574494748802,"Rough","Max. Reward Condition",20,"6",1,2,84,110,"Short",0.0901884872960741,0.797123110158243,NA,0.465477031213923,"localGP"
"3397",14,8,6,8,41.6897572985855,89.574494748802,"Rough","Max. Reward Condition",20,"6",1,2,95,110,"Short",0.0901884872960741,0.797123110158243,NA,0.465477031213923,"localGP"
"3398",14,9,1,0,84.3956226620629,89.574494748802,"Rough","Max. Reward Condition",20,"6",1,1,2,110,"Short",0.0901884872960741,0.797123110158243,NA,0.465477031213923,"localGP"
"3399",14,10,1,0,84.3956226620629,89.574494748802,"Rough","Max. Reward Condition",20,"6",1,2,2,110,"Short",0.0901884872960741,0.797123110158243,NA,0.465477031213923,"localGP"
"3400",14,11,0,0,85.3645167775711,89.574494748802,"Rough","Max. Reward Condition",20,"6",1,1,1,110,"Short",0.0901884872960741,0.797123110158243,NA,0.465477031213923,"localGP"
"3401",14,12,0,1,23.2578204525749,89.574494748802,"Rough","Max. Reward Condition",20,"6",1,2,12,110,"Short",0.0901884872960741,0.797123110158243,NA,0.465477031213923,"localGP"
"3402",14,13,1,1,29.8781350301425,89.574494748802,"Rough","Max. Reward Condition",20,"6",1,1,13,110,"Short",0.0901884872960741,0.797123110158243,NA,0.465477031213923,"localGP"
"3403",14,14,1,0,84.3956226620629,89.574494748802,"Rough","Max. Reward Condition",20,"6",1,4,2,110,"Short",0.0901884872960741,0.797123110158243,NA,0.465477031213923,"localGP"
"3404",14,15,2,0,70.8875298246222,89.574494748802,"Rough","Max. Reward Condition",20,"6",1,1,3,110,"Short",0.0901884872960741,0.797123110158243,NA,0.465477031213923,"localGP"
"3405",14,16,8,2,77.798359488466,89.574494748802,"Rough","Max. Reward Condition",20,"6",1,10,31,110,"Short",0.0901884872960741,0.797123110158243,NA,0.465477031213923,"localGP"
"3406",14,17,7,2,87.3844592186431,89.574494748802,"Rough","Max. Reward Condition",20,"6",1,8,30,110,"Short",0.0901884872960741,0.797123110158243,NA,0.465477031213923,"localGP"
"3407",14,18,7,1,78.9605492405504,89.574494748802,"Rough","Max. Reward Condition",20,"6",1,1,19,110,"Short",0.0901884872960741,0.797123110158243,NA,0.465477031213923,"localGP"
"3408",14,19,6,1,70.4800541800228,89.574494748802,"Rough","Max. Reward Condition",20,"6",1,1,18,110,"Short",0.0901884872960741,0.797123110158243,NA,0.465477031213923,"localGP"
"3409",14,20,6,2,72.3100865487056,89.574494748802,"Rough","Max. Reward Condition",20,"6",1,1,29,110,"Short",0.0901884872960741,0.797123110158243,NA,0.465477031213923,"localGP"
"3410",14,21,6,2,72.3100865487056,89.574494748802,"Rough","Max. Reward Condition",20,"6",1,2,29,110,"Short",0.0901884872960741,0.797123110158243,NA,0.465477031213923,"localGP"
"3411",14,1,4,7,70.1082193743666,70.1082193743666,"Rough","Max. Reward Condition",40,"7",19,NA,82,111,"Long",0.080583877402374,0.675571799045705,NA,0.45717171720336,"localGP"
"3412",14,2,4,8,46.6192983438383,70.1082193743666,"Rough","Max. Reward Condition",40,"7",19,0,93,111,"Long",0.080583877402374,0.675571799045705,NA,0.45717171720336,"localGP"
"3413",14,3,5,8,39.5482346751681,70.1082193743666,"Rough","Max. Reward Condition",40,"7",19,1,94,111,"Long",0.080583877402374,0.675571799045705,NA,0.45717171720336,"localGP"
"3414",14,4,5,6,67.4863424571412,70.1082193743666,"Rough","Max. Reward Condition",40,"7",19,2,72,111,"Long",0.080583877402374,0.675571799045705,NA,0.45717171720336,"localGP"
"3415",14,5,5,5,69.1135856267553,70.1082193743666,"Rough","Max. Reward Condition",40,"7",19,1,61,111,"Long",0.080583877402374,0.675571799045705,NA,0.45717171720336,"localGP"
"3416",14,6,9,3,70.6956959323297,70.6956959323297,"Rough","Max. Reward Condition",40,"7",19,2,43,111,"Long",0.080583877402374,0.675571799045705,NA,0.45717171720336,"localGP"
"3417",14,7,8,3,65.6372493724856,70.6956959323297,"Rough","Max. Reward Condition",40,"7",19,1,42,111,"Long",0.080583877402374,0.675571799045705,NA,0.45717171720336,"localGP"
"3418",14,8,7,4,73.3248485001287,73.3248485001287,"Rough","Max. Reward Condition",40,"7",19,2,52,111,"Long",0.080583877402374,0.675571799045705,NA,0.45717171720336,"localGP"
"3419",14,9,7,3,80.7703625318279,80.7703625318279,"Rough","Max. Reward Condition",40,"7",19,1,41,111,"Long",0.080583877402374,0.675571799045705,NA,0.45717171720336,"localGP"
"3420",14,10,6,3,86.4985901727727,86.4985901727727,"Rough","Max. Reward Condition",40,"7",19,1,40,111,"Long",0.080583877402374,0.675571799045705,NA,0.45717171720336,"localGP"
"3421",14,11,5,3,50.6291385823162,86.4985901727727,"Rough","Max. Reward Condition",40,"7",19,1,39,111,"Long",0.080583877402374,0.675571799045705,NA,0.45717171720336,"localGP"
"3422",14,12,8,5,62.1217741531308,86.4985901727727,"Rough","Max. Reward Condition",40,"7",19,4,64,111,"Long",0.080583877402374,0.675571799045705,NA,0.45717171720336,"localGP"
"3423",14,13,10,0,58.0700494610344,86.4985901727727,"Rough","Max. Reward Condition",40,"7",19,6,11,111,"Long",0.080583877402374,0.675571799045705,NA,0.45717171720336,"localGP"
"3424",14,14,9,0,57.2100931574182,86.4985901727727,"Rough","Max. Reward Condition",40,"7",19,7,10,111,"Long",0.080583877402374,0.675571799045705,NA,0.45717171720336,"localGP"
"3425",14,15,9,10,65.8121215823365,86.4985901727727,"Rough","Max. Reward Condition",40,"7",19,12,120,111,"Long",0.080583877402374,0.675571799045705,NA,0.45717171720336,"localGP"
"3426",14,16,7,9,29.4654937800479,86.4985901727727,"Rough","Max. Reward Condition",40,"7",19,1,107,111,"Long",0.080583877402374,0.675571799045705,NA,0.45717171720336,"localGP"
"3427",14,17,7,9,29.4654937800479,86.4985901727727,"Rough","Max. Reward Condition",40,"7",19,1,107,111,"Long",0.080583877402374,0.675571799045705,NA,0.45717171720336,"localGP"
"3428",14,18,3,10,41.9989758752231,86.4985901727727,"Rough","Max. Reward Condition",40,"7",19,2,114,111,"Long",0.080583877402374,0.675571799045705,NA,0.45717171720336,"localGP"
"3429",14,19,3,9,35.7001551410624,86.4985901727727,"Rough","Max. Reward Condition",40,"7",19,2,103,111,"Long",0.080583877402374,0.675571799045705,NA,0.45717171720336,"localGP"
"3430",14,20,3,8,28.3036834129197,86.4985901727727,"Rough","Max. Reward Condition",40,"7",19,1,92,111,"Long",0.080583877402374,0.675571799045705,NA,0.45717171720336,"localGP"
"3431",14,21,2,8,18.5608086948727,86.4985901727727,"Rough","Max. Reward Condition",40,"7",19,2,91,111,"Long",0.080583877402374,0.675571799045705,NA,0.45717171720336,"localGP"
"3432",14,22,1,8,17.4720562138762,86.4985901727727,"Rough","Max. Reward Condition",40,"7",19,4,90,111,"Long",0.080583877402374,0.675571799045705,NA,0.45717171720336,"localGP"
"3433",14,23,1,9,27.2962837582995,86.4985901727727,"Rough","Max. Reward Condition",40,"7",19,3,101,111,"Long",0.080583877402374,0.675571799045705,NA,0.45717171720336,"localGP"
"3434",14,24,10,0,58.0700494610344,86.4985901727727,"Rough","Max. Reward Condition",40,"7",19,1,11,111,"Long",0.080583877402374,0.675571799045705,NA,0.45717171720336,"localGP"
"3435",14,25,10,1,72.8353068382427,86.4985901727727,"Rough","Max. Reward Condition",40,"7",19,2,22,111,"Long",0.080583877402374,0.675571799045705,NA,0.45717171720336,"localGP"
"3436",14,26,9,1,60.8910168599768,86.4985901727727,"Rough","Max. Reward Condition",40,"7",19,1,21,111,"Long",0.080583877402374,0.675571799045705,NA,0.45717171720336,"localGP"
"3437",14,27,0,6,11.8398753929307,86.4985901727727,"Rough","Max. Reward Condition",40,"7",19,8,67,111,"Long",0.080583877402374,0.675571799045705,NA,0.45717171720336,"localGP"
"3438",14,28,6,2,40.0662726855817,86.4985901727727,"Rough","Max. Reward Condition",40,"7",19,3,29,111,"Long",0.080583877402374,0.675571799045705,NA,0.45717171720336,"localGP"
"3439",14,29,7,2,56.0878866148788,86.4985901727727,"Rough","Max. Reward Condition",40,"7",19,14,30,111,"Long",0.080583877402374,0.675571799045705,NA,0.45717171720336,"localGP"
"3440",14,30,9,5,25.1177423961982,86.4985901727727,"Rough","Max. Reward Condition",40,"7",19,1,65,111,"Long",0.080583877402374,0.675571799045705,NA,0.45717171720336,"localGP"
"3441",14,31,1,7,13.81155818132,86.4985901727727,"Rough","Max. Reward Condition",40,"7",19,4,79,111,"Long",0.080583877402374,0.675571799045705,NA,0.45717171720336,"localGP"
"3442",14,32,2,6,38.2584697728782,86.4985901727727,"Rough","Max. Reward Condition",40,"7",19,4,69,111,"Long",0.080583877402374,0.675571799045705,NA,0.45717171720336,"localGP"
"3443",14,33,3,6,52.211813623065,86.4985901727727,"Rough","Max. Reward Condition",40,"7",19,1,70,111,"Long",0.080583877402374,0.675571799045705,NA,0.45717171720336,"localGP"
"3444",14,34,0,2,43.4289249279307,86.4985901727727,"Rough","Max. Reward Condition",40,"7",19,1,23,111,"Long",0.080583877402374,0.675571799045705,NA,0.45717171720336,"localGP"
"3445",14,35,1,2,57.7851669507592,86.4985901727727,"Rough","Max. Reward Condition",40,"7",19,3,24,111,"Long",0.080583877402374,0.675571799045705,NA,0.45717171720336,"localGP"
"3446",14,36,2,2,85.7983244921108,86.4985901727727,"Rough","Max. Reward Condition",40,"7",19,1,25,111,"Long",0.080583877402374,0.675571799045705,NA,0.45717171720336,"localGP"
"3447",14,37,3,2,41.5227672023987,86.4985901727727,"Rough","Max. Reward Condition",40,"7",19,2,26,111,"Long",0.080583877402374,0.675571799045705,NA,0.45717171720336,"localGP"
"3448",14,38,10,0,58.0700494610344,86.4985901727727,"Rough","Max. Reward Condition",40,"7",19,1,11,111,"Long",0.080583877402374,0.675571799045705,NA,0.45717171720336,"localGP"
"3449",14,39,0,8,57.2031215387433,86.4985901727727,"Rough","Max. Reward Condition",40,"7",19,2,89,111,"Long",0.080583877402374,0.675571799045705,NA,0.45717171720336,"localGP"
"3450",14,40,0,9,66.1261892289375,86.4985901727727,"Rough","Max. Reward Condition",40,"7",19,2,100,111,"Long",0.080583877402374,0.675571799045705,NA,0.45717171720336,"localGP"
"3451",14,41,8,4,65.4001551521178,86.4985901727727,"Rough","Max. Reward Condition",40,"7",19,1,53,111,"Long",0.080583877402374,0.675571799045705,NA,0.45717171720336,"localGP"
"3452",14,1,10,1,53.7965897663895,53.7965897663895,"Rough","Max. Reward Condition",20,"8",10,NA,22,112,"Short",0.0952683157218333,0.856517742351681,NA,0.495429163641909,"localGP"
"3453",14,2,8,5,42.0096919098843,53.7965897663895,"Rough","Max. Reward Condition",20,"8",10,10,64,112,"Short",0.0952683157218333,0.856517742351681,NA,0.495429163641909,"localGP"
"3454",14,3,7,5,66.0456136537345,66.0456136537345,"Rough","Max. Reward Condition",20,"8",10,7,63,112,"Short",0.0952683157218333,0.856517742351681,NA,0.495429163641909,"localGP"
"3455",14,4,7,6,43.2962098422066,66.0456136537345,"Rough","Max. Reward Condition",20,"8",10,9,74,112,"Short",0.0952683157218333,0.856517742351681,NA,0.495429163641909,"localGP"
"3456",14,5,8,6,36.1413802304101,66.0456136537345,"Rough","Max. Reward Condition",20,"8",10,14,75,112,"Short",0.0952683157218333,0.856517742351681,NA,0.495429163641909,"localGP"
"3457",14,6,3,7,68.6339099521152,68.6339099521152,"Rough","Max. Reward Condition",20,"8",10,4,81,112,"Short",0.0952683157218333,0.856517742351681,NA,0.495429163641909,"localGP"
"3458",14,7,3,6,70.1588765725944,70.1588765725944,"Rough","Max. Reward Condition",20,"8",10,5,70,112,"Short",0.0952683157218333,0.856517742351681,NA,0.495429163641909,"localGP"
"3459",14,8,3,5,55.1289621064368,70.1588765725944,"Rough","Max. Reward Condition",20,"8",10,1,59,112,"Short",0.0952683157218333,0.856517742351681,NA,0.495429163641909,"localGP"
"3460",14,9,4,9,0,70.1588765725944,"Rough","Max. Reward Condition",20,"8",10,1,104,112,"Short",0.0952683157218333,0.856517742351681,NA,0.495429163641909,"localGP"
"3461",14,10,4,7,40.2484782792363,70.1588765725944,"Rough","Max. Reward Condition",20,"8",10,0,82,112,"Short",0.0952683157218333,0.856517742351681,NA,0.495429163641909,"localGP"
"3462",14,11,4,6,46.5482672237454,70.1588765725944,"Rough","Max. Reward Condition",20,"8",10,1,71,112,"Short",0.0952683157218333,0.856517742351681,NA,0.495429163641909,"localGP"
"3463",14,12,5,0,61.2584278059806,70.1588765725944,"Rough","Max. Reward Condition",20,"8",10,2,6,112,"Short",0.0952683157218333,0.856517742351681,NA,0.495429163641909,"localGP"
"3464",14,13,7,2,56.4176187347025,70.1588765725944,"Rough","Max. Reward Condition",20,"8",10,1,30,112,"Short",0.0952683157218333,0.856517742351681,NA,0.495429163641909,"localGP"
"3465",14,14,5,2,78.8586431174006,78.8586431174006,"Rough","Max. Reward Condition",20,"8",10,1,28,112,"Short",0.0952683157218333,0.856517742351681,NA,0.495429163641909,"localGP"
"3466",14,15,8,1,54.5000391285094,78.8586431174006,"Rough","Max. Reward Condition",20,"8",10,1,20,112,"Short",0.0952683157218333,0.856517742351681,NA,0.495429163641909,"localGP"
"3467",14,16,7,1,56.8679391760185,78.8586431174006,"Rough","Max. Reward Condition",20,"8",10,2,19,112,"Short",0.0952683157218333,0.856517742351681,NA,0.495429163641909,"localGP"
"3468",14,17,6,2,77.623663955121,78.8586431174006,"Rough","Max. Reward Condition",20,"8",10,1,29,112,"Short",0.0952683157218333,0.856517742351681,NA,0.495429163641909,"localGP"
"3469",14,18,8,7,36.5898536730988,78.8586431174006,"Rough","Max. Reward Condition",20,"8",10,1,86,112,"Short",0.0952683157218333,0.856517742351681,NA,0.495429163641909,"localGP"
"3470",14,19,10,2,46.3755139459927,78.8586431174006,"Rough","Max. Reward Condition",20,"8",10,2,33,112,"Short",0.0952683157218333,0.856517742351681,NA,0.495429163641909,"localGP"
"3471",14,20,10,7,43.8260552442827,78.8586431174006,"Rough","Max. Reward Condition",20,"8",10,2,88,112,"Short",0.0952683157218333,0.856517742351681,NA,0.495429163641909,"localGP"
"3472",14,21,9,8,39.8812443557939,78.8586431174006,"Rough","Max. Reward Condition",20,"8",10,1,98,112,"Short",0.0952683157218333,0.856517742351681,NA,0.495429163641909,"localGP"
"3473",15,1,8,9,62.8606043078969,62.8606043078969,"Smooth","Max. Reward Condition",20,"1",12,NA,108,113,"Short",0.115420311589518,1.16948706882994,NA,0.463006015872789,"localGP"
"3474",15,2,4,7,71.8109228804708,71.8109228804708,"Smooth","Max. Reward Condition",20,"1",12,6,82,113,"Short",0.115420311589518,1.16948706882994,NA,0.463006015872789,"localGP"
"3475",15,3,4,6,68.9050868774384,71.8109228804708,"Smooth","Max. Reward Condition",20,"1",12,2,71,113,"Short",0.115420311589518,1.16948706882994,NA,0.463006015872789,"localGP"
"3476",15,4,4,5,57.6305415572569,71.8109228804708,"Smooth","Max. Reward Condition",20,"1",12,1,60,113,"Short",0.115420311589518,1.16948706882994,NA,0.463006015872789,"localGP"
"3477",15,5,2,0,69.5209390611237,71.8109228804708,"Smooth","Max. Reward Condition",20,"1",12,13,3,113,"Short",0.115420311589518,1.16948706882994,NA,0.463006015872789,"localGP"
"3478",15,6,1,0,41.1943881385289,71.8109228804708,"Smooth","Max. Reward Condition",20,"1",12,17,2,113,"Short",0.115420311589518,1.16948706882994,NA,0.463006015872789,"localGP"
"3479",15,7,1,2,35.7010889135408,71.8109228804708,"Smooth","Max. Reward Condition",20,"1",12,1,24,113,"Short",0.115420311589518,1.16948706882994,NA,0.463006015872789,"localGP"
"3480",15,8,4,4,47.4352685864359,71.8109228804708,"Smooth","Max. Reward Condition",20,"1",12,1,49,113,"Short",0.115420311589518,1.16948706882994,NA,0.463006015872789,"localGP"
"3481",15,9,7,4,50.9267348648604,71.8109228804708,"Smooth","Max. Reward Condition",20,"1",12,2,52,113,"Short",0.115420311589518,1.16948706882994,NA,0.463006015872789,"localGP"
"3482",15,10,10,5,62.8520083349877,71.8109228804708,"Smooth","Max. Reward Condition",20,"1",12,2,66,113,"Short",0.115420311589518,1.16948706882994,NA,0.463006015872789,"localGP"
"3483",15,11,9,9,79.9813230498627,79.9813230498627,"Smooth","Max. Reward Condition",20,"1",12,2,109,113,"Short",0.115420311589518,1.16948706882994,NA,0.463006015872789,"localGP"
"3484",15,12,10,9,82.6126094041151,82.6126094041151,"Smooth","Max. Reward Condition",20,"1",12,3,110,113,"Short",0.115420311589518,1.16948706882994,NA,0.463006015872789,"localGP"
"3485",15,13,9,9,79.9813230498627,82.6126094041151,"Smooth","Max. Reward Condition",20,"1",12,4,109,113,"Short",0.115420311589518,1.16948706882994,NA,0.463006015872789,"localGP"
"3486",15,14,9,8,85.7573935505375,85.7573935505375,"Smooth","Max. Reward Condition",20,"1",12,1,98,113,"Short",0.115420311589518,1.16948706882994,NA,0.463006015872789,"localGP"
"3487",15,15,10,1,80.8865853596209,85.7573935505375,"Smooth","Max. Reward Condition",20,"1",12,1,22,113,"Short",0.115420311589518,1.16948706882994,NA,0.463006015872789,"localGP"
"3488",15,16,10,0,62.934470369234,85.7573935505375,"Smooth","Max. Reward Condition",20,"1",12,1,11,113,"Short",0.115420311589518,1.16948706882994,NA,0.463006015872789,"localGP"
"3489",15,17,9,1,72.9706833593443,85.7573935505375,"Smooth","Max. Reward Condition",20,"1",12,1,21,113,"Short",0.115420311589518,1.16948706882994,NA,0.463006015872789,"localGP"
"3490",15,18,8,1,63.22858219745,85.7573935505375,"Smooth","Max. Reward Condition",20,"1",12,2,20,113,"Short",0.115420311589518,1.16948706882994,NA,0.463006015872789,"localGP"
"3491",15,19,0,7,44.8614559760383,85.7573935505375,"Smooth","Max. Reward Condition",20,"1",12,5,78,113,"Short",0.115420311589518,1.16948706882994,NA,0.463006015872789,"localGP"
"3492",15,20,10,7,59.9919604087236,85.7573935505375,"Smooth","Max. Reward Condition",20,"1",12,1,88,113,"Short",0.115420311589518,1.16948706882994,NA,0.463006015872789,"localGP"
"3493",15,21,1,0,41.1943881385289,85.7573935505375,"Smooth","Max. Reward Condition",20,"1",12,1,2,113,"Short",0.115420311589518,1.16948706882994,NA,0.463006015872789,"localGP"
"3494",15,1,1,5,56.5450425488561,56.5450425488561,"Smooth","Max. Reward Condition",40,"2",14,NA,57,114,"Long",0.100409095380316,0.760067341613287,NA,0.451772411458687,"localGP"
"3495",15,2,1,6,65.2952902215334,65.2952902215334,"Smooth","Max. Reward Condition",40,"2",14,4,68,114,"Long",0.100409095380316,0.760067341613287,NA,0.451772411458687,"localGP"
"3496",15,3,2,6,67.3937194364363,67.3937194364363,"Smooth","Max. Reward Condition",40,"2",14,20,69,114,"Long",0.100409095380316,0.760067341613287,NA,0.451772411458687,"localGP"
"3497",15,4,2,8,35.4444030293938,67.3937194364363,"Smooth","Max. Reward Condition",40,"2",14,10,91,114,"Long",0.100409095380316,0.760067341613287,NA,0.451772411458687,"localGP"
"3498",15,5,9,1,44.1985025051653,67.3937194364363,"Smooth","Max. Reward Condition",40,"2",14,4,21,114,"Long",0.100409095380316,0.760067341613287,NA,0.451772411458687,"localGP"
"3499",15,6,3,7,83.336671792531,83.336671792531,"Smooth","Max. Reward Condition",40,"2",14,2,81,114,"Long",0.100409095380316,0.760067341613287,NA,0.451772411458687,"localGP"
"3500",15,7,3,6,62.6985194647097,83.336671792531,"Smooth","Max. Reward Condition",40,"2",14,1,70,114,"Long",0.100409095380316,0.760067341613287,NA,0.451772411458687,"localGP"
"3501",15,8,3,4,32.7929271553822,83.336671792531,"Smooth","Max. Reward Condition",40,"2",14,2,48,114,"Long",0.100409095380316,0.760067341613287,NA,0.451772411458687,"localGP"
"3502",15,9,2,6,67.3937194364363,83.336671792531,"Smooth","Max. Reward Condition",40,"2",14,1,69,114,"Long",0.100409095380316,0.760067341613287,NA,0.451772411458687,"localGP"
"3503",15,10,2,7,55.242778504398,83.336671792531,"Smooth","Max. Reward Condition",40,"2",14,1,80,114,"Long",0.100409095380316,0.760067341613287,NA,0.451772411458687,"localGP"
"3504",15,11,7,5,16.7721316648849,83.336671792531,"Smooth","Max. Reward Condition",40,"2",14,1,63,114,"Long",0.100409095380316,0.760067341613287,NA,0.451772411458687,"localGP"
"3505",15,12,7,8,64.3486070540573,83.336671792531,"Smooth","Max. Reward Condition",40,"2",14,2,96,114,"Long",0.100409095380316,0.760067341613287,NA,0.451772411458687,"localGP"
"3506",15,13,10,8,35.2764128240829,83.336671792531,"Smooth","Max. Reward Condition",40,"2",14,1,99,114,"Long",0.100409095380316,0.760067341613287,NA,0.451772411458687,"localGP"
"3507",15,14,10,9,9.60078662109297,83.336671792531,"Smooth","Max. Reward Condition",40,"2",14,2,110,114,"Long",0.100409095380316,0.760067341613287,NA,0.451772411458687,"localGP"
"3508",15,15,9,10,28.085231327396,83.336671792531,"Smooth","Max. Reward Condition",40,"2",14,4,120,114,"Long",0.100409095380316,0.760067341613287,NA,0.451772411458687,"localGP"
"3509",15,16,9,6,53.922059162167,83.336671792531,"Smooth","Max. Reward Condition",40,"2",14,4,76,114,"Long",0.100409095380316,0.760067341613287,NA,0.451772411458687,"localGP"
"3510",15,17,4,7,79.6870668844462,83.336671792531,"Smooth","Max. Reward Condition",40,"2",14,1,82,114,"Long",0.100409095380316,0.760067341613287,NA,0.451772411458687,"localGP"
"3511",15,18,4,8,61.073766397803,83.336671792531,"Smooth","Max. Reward Condition",40,"2",14,3,93,114,"Long",0.100409095380316,0.760067341613287,NA,0.451772411458687,"localGP"
"3512",15,19,5,7,59.9884412518984,83.336671792531,"Smooth","Max. Reward Condition",40,"2",14,3,83,114,"Long",0.100409095380316,0.760067341613287,NA,0.451772411458687,"localGP"
"3513",15,20,6,8,53.0492949372385,83.336671792531,"Smooth","Max. Reward Condition",40,"2",14,1,95,114,"Long",0.100409095380316,0.760067341613287,NA,0.451772411458687,"localGP"
"3514",15,21,8,7,50.4837512080328,83.336671792531,"Smooth","Max. Reward Condition",40,"2",14,5,86,114,"Long",0.100409095380316,0.760067341613287,NA,0.451772411458687,"localGP"
"3515",15,22,7,1,25.1625322047614,83.336671792531,"Smooth","Max. Reward Condition",40,"2",14,1,19,114,"Long",0.100409095380316,0.760067341613287,NA,0.451772411458687,"localGP"
"3516",15,23,7,0,11.3051024452039,83.336671792531,"Smooth","Max. Reward Condition",40,"2",14,2,8,114,"Long",0.100409095380316,0.760067341613287,NA,0.451772411458687,"localGP"
"3517",15,24,8,3,33.4699061269197,83.336671792531,"Smooth","Max. Reward Condition",40,"2",14,2,42,114,"Long",0.100409095380316,0.760067341613287,NA,0.451772411458687,"localGP"
"3518",15,25,10,4,17.8264500337638,83.336671792531,"Smooth","Max. Reward Condition",40,"2",14,1,55,114,"Long",0.100409095380316,0.760067341613287,NA,0.451772411458687,"localGP"
"3519",15,26,10,2,34.4298886256847,83.336671792531,"Smooth","Max. Reward Condition",40,"2",14,1,33,114,"Long",0.100409095380316,0.760067341613287,NA,0.451772411458687,"localGP"
"3520",15,27,0,4,77.3776317669719,83.336671792531,"Smooth","Max. Reward Condition",40,"2",14,1,45,114,"Long",0.100409095380316,0.760067341613287,NA,0.451772411458687,"localGP"
"3521",15,28,0,3,91.5355338017791,91.5355338017791,"Smooth","Max. Reward Condition",40,"2",14,6,34,114,"Long",0.100409095380316,0.760067341613287,NA,0.451772411458687,"localGP"
"3522",15,29,3,10,73.0643820876039,91.5355338017791,"Smooth","Max. Reward Condition",40,"2",14,4,114,114,"Long",0.100409095380316,0.760067341613287,NA,0.451772411458687,"localGP"
"3523",15,30,3,10,73.0643820876039,91.5355338017791,"Smooth","Max. Reward Condition",40,"2",14,1,114,114,"Long",0.100409095380316,0.760067341613287,NA,0.451772411458687,"localGP"
"3524",15,31,10,6,54.06781825719,91.5355338017791,"Smooth","Max. Reward Condition",40,"2",14,1,77,114,"Long",0.100409095380316,0.760067341613287,NA,0.451772411458687,"localGP"
"3525",15,32,10,7,61.8713496288932,91.5355338017791,"Smooth","Max. Reward Condition",40,"2",14,1,88,114,"Long",0.100409095380316,0.760067341613287,NA,0.451772411458687,"localGP"
"3526",15,33,5,4,33.1949686505856,91.5355338017791,"Smooth","Max. Reward Condition",40,"2",14,1,50,114,"Long",0.100409095380316,0.760067341613287,NA,0.451772411458687,"localGP"
"3527",15,34,1,2,100,100,"Smooth","Max. Reward Condition",40,"2",14,1,24,114,"Long",0.100409095380316,0.760067341613287,NA,0.451772411458687,"localGP"
"3528",15,35,1,1,79.8594953579445,100,"Smooth","Max. Reward Condition",40,"2",14,5,13,114,"Long",0.100409095380316,0.760067341613287,NA,0.451772411458687,"localGP"
"3529",15,36,2,1,53.6211624173466,100,"Smooth","Max. Reward Condition",40,"2",14,9,14,114,"Long",0.100409095380316,0.760067341613287,NA,0.451772411458687,"localGP"
"3530",15,37,2,0,39.9028275804377,100,"Smooth","Max. Reward Condition",40,"2",14,2,3,114,"Long",0.100409095380316,0.760067341613287,NA,0.451772411458687,"localGP"
"3531",15,38,1,0,61.0833370508762,100,"Smooth","Max. Reward Condition",40,"2",14,3,2,114,"Long",0.100409095380316,0.760067341613287,NA,0.451772411458687,"localGP"
"3532",15,39,1,1,79.8594953579445,100,"Smooth","Max. Reward Condition",40,"2",14,1,13,114,"Long",0.100409095380316,0.760067341613287,NA,0.451772411458687,"localGP"
"3533",15,40,0,3,91.5355338017791,100,"Smooth","Max. Reward Condition",40,"2",14,2,34,114,"Long",0.100409095380316,0.760067341613287,NA,0.451772411458687,"localGP"
"3534",15,41,0,2,76.8659090537279,100,"Smooth","Max. Reward Condition",40,"2",14,3,23,114,"Long",0.100409095380316,0.760067341613287,NA,0.451772411458687,"localGP"
"3535",15,1,1,9,27.2962837582995,27.2962837582995,"Smooth","Max. Reward Condition",20,"3",19,NA,101,115,"Short",0.129234698466214,0.806689803208291,NA,0.516707040055646,"localGP"
"3536",15,2,2,9,37.1930665923262,37.1930665923262,"Smooth","Max. Reward Condition",20,"3",19,6,102,115,"Short",0.129234698466214,0.806689803208291,NA,0.516707040055646,"localGP"
"3537",15,3,2,7,24.965768710391,37.1930665923262,"Smooth","Max. Reward Condition",20,"3",19,10,80,115,"Short",0.129234698466214,0.806689803208291,NA,0.516707040055646,"localGP"
"3538",15,4,5,5,69.1135856267553,69.1135856267553,"Smooth","Max. Reward Condition",20,"3",19,10,61,115,"Short",0.129234698466214,0.806689803208291,NA,0.516707040055646,"localGP"
"3539",15,5,3,4,21.941962898439,69.1135856267553,"Smooth","Max. Reward Condition",20,"3",19,10,48,115,"Short",0.129234698466214,0.806689803208291,NA,0.516707040055646,"localGP"
"3540",15,6,4,1,28.4498548614704,69.1135856267553,"Smooth","Max. Reward Condition",20,"3",19,11,16,115,"Short",0.129234698466214,0.806689803208291,NA,0.516707040055646,"localGP"
"3541",15,7,0,2,43.4289249279307,69.1135856267553,"Smooth","Max. Reward Condition",20,"3",19,1,23,115,"Short",0.129234698466214,0.806689803208291,NA,0.516707040055646,"localGP"
"3542",15,8,1,5,0,69.1135856267553,"Smooth","Max. Reward Condition",20,"3",19,1,57,115,"Short",0.129234698466214,0.806689803208291,NA,0.516707040055646,"localGP"
"3543",15,9,5,5,69.1135856267553,69.1135856267553,"Smooth","Max. Reward Condition",20,"3",19,1,61,115,"Short",0.129234698466214,0.806689803208291,NA,0.516707040055646,"localGP"
"3544",15,10,2,5,21.5023436912401,69.1135856267553,"Smooth","Max. Reward Condition",20,"3",19,3,58,115,"Short",0.129234698466214,0.806689803208291,NA,0.516707040055646,"localGP"
"3545",15,11,0,8,57.2031215387433,69.1135856267553,"Smooth","Max. Reward Condition",20,"3",19,4,89,115,"Short",0.129234698466214,0.806689803208291,NA,0.516707040055646,"localGP"
"3546",15,12,5,3,50.6291385823162,69.1135856267553,"Smooth","Max. Reward Condition",20,"3",19,5,39,115,"Short",0.129234698466214,0.806689803208291,NA,0.516707040055646,"localGP"
"3547",15,13,4,3,10.1017888022861,69.1135856267553,"Smooth","Max. Reward Condition",20,"3",19,8,38,115,"Short",0.129234698466214,0.806689803208291,NA,0.516707040055646,"localGP"
"3548",15,14,6,3,86.4985901727727,86.4985901727727,"Smooth","Max. Reward Condition",20,"3",19,1,40,115,"Short",0.129234698466214,0.806689803208291,NA,0.516707040055646,"localGP"
"3549",15,15,10,7,65.5347594322433,86.4985901727727,"Smooth","Max. Reward Condition",20,"3",19,3,88,115,"Short",0.129234698466214,0.806689803208291,NA,0.516707040055646,"localGP"
"3550",15,16,6,7,40.7675652395294,86.4985901727727,"Smooth","Max. Reward Condition",20,"3",19,2,84,115,"Short",0.129234698466214,0.806689803208291,NA,0.516707040055646,"localGP"
"3551",15,17,6,6,73.1570356560972,86.4985901727727,"Smooth","Max. Reward Condition",20,"3",19,4,73,115,"Short",0.129234698466214,0.806689803208291,NA,0.516707040055646,"localGP"
"3552",15,18,7,6,100,100,"Smooth","Max. Reward Condition",20,"3",19,2,74,115,"Short",0.129234698466214,0.806689803208291,NA,0.516707040055646,"localGP"
"3553",15,19,8,6,77.0215365379863,100,"Smooth","Max. Reward Condition",20,"3",19,1,75,115,"Short",0.129234698466214,0.806689803208291,NA,0.516707040055646,"localGP"
"3554",15,20,7,5,82.9053550398923,100,"Smooth","Max. Reward Condition",20,"3",19,2,63,115,"Short",0.129234698466214,0.806689803208291,NA,0.516707040055646,"localGP"
"3555",15,21,7,4,73.3248485001287,100,"Smooth","Max. Reward Condition",20,"3",19,1,52,115,"Short",0.129234698466214,0.806689803208291,NA,0.516707040055646,"localGP"
"3556",15,1,9,4,66.4162368396028,66.4162368396028,"Smooth","Max. Reward Condition",40,"4",9,NA,54,116,"Long",0.108672670441825,0.685225314713814,NA,0.495539772064796,"localGP"
"3557",15,2,9,3,52.5751779693642,66.4162368396028,"Smooth","Max. Reward Condition",40,"4",9,10,43,116,"Long",0.108672670441825,0.685225314713814,NA,0.495539772064796,"localGP"
"3558",15,3,2,10,28.9056526912457,66.4162368396028,"Smooth","Max. Reward Condition",40,"4",9,7,113,116,"Long",0.108672670441825,0.685225314713814,NA,0.495539772064796,"localGP"
"3559",15,4,2,9,51.5479444865926,66.4162368396028,"Smooth","Max. Reward Condition",40,"4",9,3,102,116,"Long",0.108672670441825,0.685225314713814,NA,0.495539772064796,"localGP"
"3560",15,5,9,3,52.5751779693642,66.4162368396028,"Smooth","Max. Reward Condition",40,"4",9,6,43,116,"Long",0.108672670441825,0.685225314713814,NA,0.495539772064796,"localGP"
"3561",15,6,7,5,4.73175051861213,66.4162368396028,"Smooth","Max. Reward Condition",40,"4",9,7,63,116,"Long",0.108672670441825,0.685225314713814,NA,0.495539772064796,"localGP"
"3562",15,7,9,7,82.8870600418845,82.8870600418845,"Smooth","Max. Reward Condition",40,"4",9,7,87,116,"Long",0.108672670441825,0.685225314713814,NA,0.495539772064796,"localGP"
"3563",15,8,9,6,26.8828036594209,82.8870600418845,"Smooth","Max. Reward Condition",40,"4",9,3,76,116,"Long",0.108672670441825,0.685225314713814,NA,0.495539772064796,"localGP"
"3564",15,9,3,7,43.3114026076978,82.8870600418845,"Smooth","Max. Reward Condition",40,"4",9,2,81,116,"Long",0.108672670441825,0.685225314713814,NA,0.495539772064796,"localGP"
"3565",15,10,6,7,31.2453009050804,82.8870600418845,"Smooth","Max. Reward Condition",40,"4",9,1,84,116,"Long",0.108672670441825,0.685225314713814,NA,0.495539772064796,"localGP"
"3566",15,11,6,9,70.5892702957914,82.8870600418845,"Smooth","Max. Reward Condition",40,"4",9,1,106,116,"Long",0.108672670441825,0.685225314713814,NA,0.495539772064796,"localGP"
"3567",15,12,5,9,75.2199907218667,82.8870600418845,"Smooth","Max. Reward Condition",40,"4",9,1,105,116,"Long",0.108672670441825,0.685225314713814,NA,0.495539772064796,"localGP"
"3568",15,13,5,8,61.7105758678251,82.8870600418845,"Smooth","Max. Reward Condition",40,"4",9,9,94,116,"Long",0.108672670441825,0.685225314713814,NA,0.495539772064796,"localGP"
"3569",15,14,6,8,47.3250412535165,82.8870600418845,"Smooth","Max. Reward Condition",40,"4",9,1,95,116,"Long",0.108672670441825,0.685225314713814,NA,0.495539772064796,"localGP"
"3570",15,15,7,9,69.1316756663671,82.8870600418845,"Smooth","Max. Reward Condition",40,"4",9,4,107,116,"Long",0.108672670441825,0.685225314713814,NA,0.495539772064796,"localGP"
"3571",15,16,8,9,64.9640361511548,82.8870600418845,"Smooth","Max. Reward Condition",40,"4",9,1,108,116,"Long",0.108672670441825,0.685225314713814,NA,0.495539772064796,"localGP"
"3572",15,17,8,10,60.2945325402359,82.8870600418845,"Smooth","Max. Reward Condition",40,"4",9,1,119,116,"Long",0.108672670441825,0.685225314713814,NA,0.495539772064796,"localGP"
"3573",15,18,3,6,56.4526333659953,82.8870600418845,"Smooth","Max. Reward Condition",40,"4",9,1,70,116,"Long",0.108672670441825,0.685225314713814,NA,0.495539772064796,"localGP"
"3574",15,19,3,5,65.8441011417539,82.8870600418845,"Smooth","Max. Reward Condition",40,"4",9,1,59,116,"Long",0.108672670441825,0.685225314713814,NA,0.495539772064796,"localGP"
"3575",15,20,9,3,52.5751779693642,82.8870600418845,"Smooth","Max. Reward Condition",40,"4",9,1,43,116,"Long",0.108672670441825,0.685225314713814,NA,0.495539772064796,"localGP"
"3576",15,21,9,1,31.5526478854245,82.8870600418845,"Smooth","Max. Reward Condition",40,"4",9,2,21,116,"Long",0.108672670441825,0.685225314713814,NA,0.495539772064796,"localGP"
"3577",15,22,7,2,45.3020225853978,82.8870600418845,"Smooth","Max. Reward Condition",40,"4",9,2,30,116,"Long",0.108672670441825,0.685225314713814,NA,0.495539772064796,"localGP"
"3578",15,23,8,2,56.8753633027435,82.8870600418845,"Smooth","Max. Reward Condition",40,"4",9,2,31,116,"Long",0.108672670441825,0.685225314713814,NA,0.495539772064796,"localGP"
"3579",15,24,4,3,30.449935821985,82.8870600418845,"Smooth","Max. Reward Condition",40,"4",9,1,38,116,"Long",0.108672670441825,0.685225314713814,NA,0.495539772064796,"localGP"
"3580",15,25,3,1,40.3499664940064,82.8870600418845,"Smooth","Max. Reward Condition",40,"4",9,6,15,116,"Long",0.108672670441825,0.685225314713814,NA,0.495539772064796,"localGP"
"3581",15,26,4,1,66.1540959055095,82.8870600418845,"Smooth","Max. Reward Condition",40,"4",9,8,16,116,"Long",0.108672670441825,0.685225314713814,NA,0.495539772064796,"localGP"
"3582",15,27,10,8,84.8321481843009,84.8321481843009,"Smooth","Max. Reward Condition",40,"4",9,1,99,116,"Long",0.108672670441825,0.685225314713814,NA,0.495539772064796,"localGP"
"3583",15,28,10,9,64.7402218310995,84.8321481843009,"Smooth","Max. Reward Condition",40,"4",9,2,110,116,"Long",0.108672670441825,0.685225314713814,NA,0.495539772064796,"localGP"
"3584",15,29,10,7,64.0304826931053,84.8321481843009,"Smooth","Max. Reward Condition",40,"4",9,2,88,116,"Long",0.108672670441825,0.685225314713814,NA,0.495539772064796,"localGP"
"3585",15,30,10,6,41.1599115765723,84.8321481843009,"Smooth","Max. Reward Condition",40,"4",9,1,77,116,"Long",0.108672670441825,0.685225314713814,NA,0.495539772064796,"localGP"
"3586",15,31,9,4,66.4162368396028,84.8321481843009,"Smooth","Max. Reward Condition",40,"4",9,1,54,116,"Long",0.108672670441825,0.685225314713814,NA,0.495539772064796,"localGP"
"3587",15,32,10,4,62.6723256804465,84.8321481843009,"Smooth","Max. Reward Condition",40,"4",9,5,55,116,"Long",0.108672670441825,0.685225314713814,NA,0.495539772064796,"localGP"
"3588",15,33,0,8,46.0959126703329,84.8321481843009,"Smooth","Max. Reward Condition",40,"4",9,1,89,116,"Long",0.108672670441825,0.685225314713814,NA,0.495539772064796,"localGP"
"3589",15,34,1,8,35.1070926300529,84.8321481843009,"Smooth","Max. Reward Condition",40,"4",9,1,90,116,"Long",0.108672670441825,0.685225314713814,NA,0.495539772064796,"localGP"
"3590",15,35,2,8,43.6838621835881,84.8321481843009,"Smooth","Max. Reward Condition",40,"4",9,1,91,116,"Long",0.108672670441825,0.685225314713814,NA,0.495539772064796,"localGP"
"3591",15,36,3,8,56.9817501368753,84.8321481843009,"Smooth","Max. Reward Condition",40,"4",9,1,92,116,"Long",0.108672670441825,0.685225314713814,NA,0.495539772064796,"localGP"
"3592",15,37,7,3,18.1076390436013,84.8321481843009,"Smooth","Max. Reward Condition",40,"4",9,1,41,116,"Long",0.108672670441825,0.685225314713814,NA,0.495539772064796,"localGP"
"3593",15,38,8,3,37.2279744875083,84.8321481843009,"Smooth","Max. Reward Condition",40,"4",9,1,42,116,"Long",0.108672670441825,0.685225314713814,NA,0.495539772064796,"localGP"
"3594",15,39,0,2,53.9477562891327,84.8321481843009,"Smooth","Max. Reward Condition",40,"4",9,1,23,116,"Long",0.108672670441825,0.685225314713814,NA,0.495539772064796,"localGP"
"3595",15,40,6,6,30.335879587278,84.8321481843009,"Smooth","Max. Reward Condition",40,"4",9,1,73,116,"Long",0.108672670441825,0.685225314713814,NA,0.495539772064796,"localGP"
"3596",15,41,9,7,82.8870600418845,84.8321481843009,"Smooth","Max. Reward Condition",40,"4",9,0,87,116,"Long",0.108672670441825,0.685225314713814,NA,0.495539772064796,"localGP"
"3597",15,1,0,9,34.5534423219967,34.5534423219967,"Smooth","Max. Reward Condition",20,"5",7,NA,100,117,"Short",0.141435793977211,0.732979142511161,NA,0.623581782216057,"localGP"
"3598",15,2,2,9,19.7561850844021,34.5534423219967,"Smooth","Max. Reward Condition",20,"5",7,12,102,117,"Short",0.141435793977211,0.732979142511161,NA,0.623581782216057,"localGP"
"3599",15,3,2,10,0,34.5534423219967,"Smooth","Max. Reward Condition",20,"5",7,10,113,117,"Short",0.141435793977211,0.732979142511161,NA,0.623581782216057,"localGP"
"3600",15,4,4,10,49.1017404834783,49.1017404834783,"Smooth","Max. Reward Condition",20,"5",7,10,115,117,"Short",0.141435793977211,0.732979142511161,NA,0.623581782216057,"localGP"
"3601",15,5,8,4,92.0072637842279,92.0072637842279,"Smooth","Max. Reward Condition",20,"5",7,10,53,117,"Short",0.141435793977211,0.732979142511161,NA,0.623581782216057,"localGP"
"3602",15,6,4,2,51.1248580268457,92.0072637842279,"Smooth","Max. Reward Condition",20,"5",7,11,27,117,"Short",0.141435793977211,0.732979142511161,NA,0.623581782216057,"localGP"
"3603",15,7,7,3,81.9279469354685,92.0072637842279,"Smooth","Max. Reward Condition",20,"5",7,3,41,117,"Short",0.141435793977211,0.732979142511161,NA,0.623581782216057,"localGP"
"3604",15,8,9,6,51.8722338674395,92.0072637842279,"Smooth","Max. Reward Condition",20,"5",7,3,76,117,"Short",0.141435793977211,0.732979142511161,NA,0.623581782216057,"localGP"
"3605",15,9,10,6,37.8786392869358,92.0072637842279,"Smooth","Max. Reward Condition",20,"5",7,12,77,117,"Short",0.141435793977211,0.732979142511161,NA,0.623581782216057,"localGP"
"3606",15,10,7,10,33.4220836815763,92.0072637842279,"Smooth","Max. Reward Condition",20,"5",7,3,118,117,"Short",0.141435793977211,0.732979142511161,NA,0.623581782216057,"localGP"
"3607",15,11,10,10,51.5021845783836,92.0072637842279,"Smooth","Max. Reward Condition",20,"5",7,7,121,117,"Short",0.141435793977211,0.732979142511161,NA,0.623581782216057,"localGP"
"3608",15,12,9,8,62.1221519136899,92.0072637842279,"Smooth","Max. Reward Condition",20,"5",7,8,98,117,"Short",0.141435793977211,0.732979142511161,NA,0.623581782216057,"localGP"
"3609",15,13,9,7,48.6503812146378,92.0072637842279,"Smooth","Max. Reward Condition",20,"5",7,6,87,117,"Short",0.141435793977211,0.732979142511161,NA,0.623581782216057,"localGP"
"3610",15,14,9,9,65.488052809232,92.0072637842279,"Smooth","Max. Reward Condition",20,"5",7,1,109,117,"Short",0.141435793977211,0.732979142511161,NA,0.623581782216057,"localGP"
"3611",15,15,10,0,8.49021731188623,92.0072637842279,"Smooth","Max. Reward Condition",20,"5",7,2,11,117,"Short",0.141435793977211,0.732979142511161,NA,0.623581782216057,"localGP"
"3612",15,16,9,7,48.6503812146378,92.0072637842279,"Smooth","Max. Reward Condition",20,"5",7,0,87,117,"Short",0.141435793977211,0.732979142511161,NA,0.623581782216057,"localGP"
"3613",15,17,4,7,63.6224035811194,92.0072637842279,"Smooth","Max. Reward Condition",20,"5",7,1,82,117,"Short",0.141435793977211,0.732979142511161,NA,0.623581782216057,"localGP"
"3614",15,18,4,6,84.1129360614595,92.0072637842279,"Smooth","Max. Reward Condition",20,"5",7,3,71,117,"Short",0.141435793977211,0.732979142511161,NA,0.623581782216057,"localGP"
"3615",15,19,3,6,90.5286582157079,92.0072637842279,"Smooth","Max. Reward Condition",20,"5",7,3,70,117,"Short",0.141435793977211,0.732979142511161,NA,0.623581782216057,"localGP"
"3616",15,20,4,9,31.6417224588132,92.0072637842279,"Smooth","Max. Reward Condition",20,"5",7,3,104,117,"Short",0.141435793977211,0.732979142511161,NA,0.623581782216057,"localGP"
"3617",15,21,1,8,45.1295741279083,92.0072637842279,"Smooth","Max. Reward Condition",20,"5",7,3,90,117,"Short",0.141435793977211,0.732979142511161,NA,0.623581782216057,"localGP"
"3618",15,1,7,7,17.1903965403995,17.1903965403995,"Smooth","Max. Reward Condition",40,"6",8,NA,85,118,"Long",0.113679656167133,0.704431427745161,NA,0.51294655781641,"localGP"
"3619",15,2,2,5,73.2302297303204,73.2302297303204,"Smooth","Max. Reward Condition",40,"6",8,11,58,118,"Long",0.113679656167133,0.704431427745161,NA,0.51294655781641,"localGP"
"3620",15,3,0,4,61.7396718300263,73.2302297303204,"Smooth","Max. Reward Condition",40,"6",8,10,45,118,"Long",0.113679656167133,0.704431427745161,NA,0.51294655781641,"localGP"
"3621",15,4,10,7,59.5768375787062,73.2302297303204,"Smooth","Max. Reward Condition",40,"6",8,7,88,118,"Long",0.113679656167133,0.704431427745161,NA,0.51294655781641,"localGP"
"3622",15,5,8,9,24.6189505790848,73.2302297303204,"Smooth","Max. Reward Condition",40,"6",8,8,108,118,"Long",0.113679656167133,0.704431427745161,NA,0.51294655781641,"localGP"
"3623",15,6,4,5,81.9160830308222,81.9160830308222,"Smooth","Max. Reward Condition",40,"6",8,6,60,118,"Long",0.113679656167133,0.704431427745161,NA,0.51294655781641,"localGP"
"3624",15,7,5,5,30.4344249743654,81.9160830308222,"Smooth","Max. Reward Condition",40,"6",8,5,61,118,"Long",0.113679656167133,0.704431427745161,NA,0.51294655781641,"localGP"
"3625",15,8,4,5,81.9160830308222,81.9160830308222,"Smooth","Max. Reward Condition",40,"6",8,7,60,118,"Long",0.113679656167133,0.704431427745161,NA,0.51294655781641,"localGP"
"3626",15,9,0,1,40.9480065952068,81.9160830308222,"Smooth","Max. Reward Condition",40,"6",8,10,12,118,"Long",0.113679656167133,0.704431427745161,NA,0.51294655781641,"localGP"
"3627",15,10,0,2,36.0637010663972,81.9160830308222,"Smooth","Max. Reward Condition",40,"6",8,1,23,118,"Long",0.113679656167133,0.704431427745161,NA,0.51294655781641,"localGP"
"3628",15,11,3,5,100,100,"Smooth","Max. Reward Condition",40,"6",8,2,59,118,"Long",0.113679656167133,0.704431427745161,NA,0.51294655781641,"localGP"
"3629",15,12,3,6,92.3422522413602,100,"Smooth","Max. Reward Condition",40,"6",8,1,70,118,"Long",0.113679656167133,0.704431427745161,NA,0.51294655781641,"localGP"
"3630",15,13,2,6,63.82023009432,100,"Smooth","Max. Reward Condition",40,"6",8,2,69,118,"Long",0.113679656167133,0.704431427745161,NA,0.51294655781641,"localGP"
"3631",15,14,5,7,35.7264911415369,100,"Smooth","Max. Reward Condition",40,"6",8,1,83,118,"Long",0.113679656167133,0.704431427745161,NA,0.51294655781641,"localGP"
"3632",15,15,3,7,79.3800074226317,100,"Smooth","Max. Reward Condition",40,"6",8,4,81,118,"Long",0.113679656167133,0.704431427745161,NA,0.51294655781641,"localGP"
"3633",15,16,1,4,55.5969206133783,100,"Smooth","Max. Reward Condition",40,"6",8,1,46,118,"Long",0.113679656167133,0.704431427745161,NA,0.51294655781641,"localGP"
"3634",15,17,0,6,53.3749498153178,100,"Smooth","Max. Reward Condition",40,"6",8,3,67,118,"Long",0.113679656167133,0.704431427745161,NA,0.51294655781641,"localGP"
"3635",15,18,1,6,47.1009153774724,100,"Smooth","Max. Reward Condition",40,"6",8,1,68,118,"Long",0.113679656167133,0.704431427745161,NA,0.51294655781641,"localGP"
"3636",15,19,4,4,51.2326654593487,100,"Smooth","Max. Reward Condition",40,"6",8,1,49,118,"Long",0.113679656167133,0.704431427745161,NA,0.51294655781641,"localGP"
"3637",15,20,4,7,87.7929185379322,100,"Smooth","Max. Reward Condition",40,"6",8,1,82,118,"Long",0.113679656167133,0.704431427745161,NA,0.51294655781641,"localGP"
"3638",15,21,4,8,69.4439461709685,100,"Smooth","Max. Reward Condition",40,"6",8,1,93,118,"Long",0.113679656167133,0.704431427745161,NA,0.51294655781641,"localGP"
"3639",15,22,0,9,69.7292299048647,100,"Smooth","Max. Reward Condition",40,"6",8,1,100,118,"Long",0.113679656167133,0.704431427745161,NA,0.51294655781641,"localGP"
"3640",15,23,0,8,76.1914645017141,100,"Smooth","Max. Reward Condition",40,"6",8,2,89,118,"Long",0.113679656167133,0.704431427745161,NA,0.51294655781641,"localGP"
"3641",15,24,9,3,83.0323065830004,100,"Smooth","Max. Reward Condition",40,"6",8,1,43,118,"Long",0.113679656167133,0.704431427745161,NA,0.51294655781641,"localGP"
"3642",15,25,5,4,28.6284679767486,100,"Smooth","Max. Reward Condition",40,"6",8,2,50,118,"Long",0.113679656167133,0.704431427745161,NA,0.51294655781641,"localGP"
"3643",15,26,7,6,46.0927708056765,100,"Smooth","Max. Reward Condition",40,"6",8,1,74,118,"Long",0.113679656167133,0.704431427745161,NA,0.51294655781641,"localGP"
"3644",15,27,8,6,48.7868527107397,100,"Smooth","Max. Reward Condition",40,"6",8,2,75,118,"Long",0.113679656167133,0.704431427745161,NA,0.51294655781641,"localGP"
"3645",15,28,8,5,75.2422907496321,100,"Smooth","Max. Reward Condition",40,"6",8,1,64,118,"Long",0.113679656167133,0.704431427745161,NA,0.51294655781641,"localGP"
"3646",15,29,7,5,62.0812481900124,100,"Smooth","Max. Reward Condition",40,"6",8,2,63,118,"Long",0.113679656167133,0.704431427745161,NA,0.51294655781641,"localGP"
"3647",15,30,7,3,34.6479005726558,100,"Smooth","Max. Reward Condition",40,"6",8,2,41,118,"Long",0.113679656167133,0.704431427745161,NA,0.51294655781641,"localGP"
"3648",15,31,7,2,26.7980711857913,100,"Smooth","Max. Reward Condition",40,"6",8,1,30,118,"Long",0.113679656167133,0.704431427745161,NA,0.51294655781641,"localGP"
"3649",15,32,9,6,36.3129176389145,100,"Smooth","Max. Reward Condition",40,"6",8,1,76,118,"Long",0.113679656167133,0.704431427745161,NA,0.51294655781641,"localGP"
"3650",15,33,6,7,17.5184001750244,100,"Smooth","Max. Reward Condition",40,"6",8,1,84,118,"Long",0.113679656167133,0.704431427745161,NA,0.51294655781641,"localGP"
"3651",15,34,2,0,8.34725250773847,100,"Smooth","Max. Reward Condition",40,"6",8,1,3,118,"Long",0.113679656167133,0.704431427745161,NA,0.51294655781641,"localGP"
"3652",15,35,4,6,92.5612285235121,100,"Smooth","Max. Reward Condition",40,"6",8,1,71,118,"Long",0.113679656167133,0.704431427745161,NA,0.51294655781641,"localGP"
"3653",15,36,7,4,51.6827805309329,100,"Smooth","Max. Reward Condition",40,"6",8,0,52,118,"Long",0.113679656167133,0.704431427745161,NA,0.51294655781641,"localGP"
"3654",15,37,8,4,60.2211526419582,100,"Smooth","Max. Reward Condition",40,"6",8,2,53,118,"Long",0.113679656167133,0.704431427745161,NA,0.51294655781641,"localGP"
"3655",15,38,9,4,91.0101706017793,100,"Smooth","Max. Reward Condition",40,"6",8,2,54,118,"Long",0.113679656167133,0.704431427745161,NA,0.51294655781641,"localGP"
"3656",15,39,10,4,82.6261489879953,100,"Smooth","Max. Reward Condition",40,"6",8,1,55,118,"Long",0.113679656167133,0.704431427745161,NA,0.51294655781641,"localGP"
"3657",15,40,9,4,91.0101706017793,100,"Smooth","Max. Reward Condition",40,"6",8,4,54,118,"Long",0.113679656167133,0.704431427745161,NA,0.51294655781641,"localGP"
"3658",15,41,9,5,83.9959054519375,100,"Smooth","Max. Reward Condition",40,"6",8,1,65,118,"Long",0.113679656167133,0.704431427745161,NA,0.51294655781641,"localGP"
"3659",15,1,6,9,38.5462096801416,38.5462096801416,"Smooth","Max. Reward Condition",20,"7",0,NA,106,119,"Short",0.126543075336069,0.757291424533135,NA,0.47357686490108,"localGP"
"3660",15,2,5,3,61.5900335380626,61.5900335380626,"Smooth","Max. Reward Condition",20,"7",0,13,39,119,"Short",0.126543075336069,0.757291424533135,NA,0.47357686490108,"localGP"
"3661",15,3,5,4,41.9694329426613,61.5900335380626,"Smooth","Max. Reward Condition",20,"7",0,16,50,119,"Short",0.126543075336069,0.757291424533135,NA,0.47357686490108,"localGP"
"3662",15,4,5,6,18.2149198232476,61.5900335380626,"Smooth","Max. Reward Condition",20,"7",0,1,72,119,"Short",0.126543075336069,0.757291424533135,NA,0.47357686490108,"localGP"
"3663",15,5,7,10,0,61.5900335380626,"Smooth","Max. Reward Condition",20,"7",0,2,118,119,"Short",0.126543075336069,0.757291424533135,NA,0.47357686490108,"localGP"
"3664",15,6,6,10,20.7252504989893,61.5900335380626,"Smooth","Max. Reward Condition",20,"7",0,1,117,119,"Short",0.126543075336069,0.757291424533135,NA,0.47357686490108,"localGP"
"3665",15,7,0,6,86.6558005262952,86.6558005262952,"Smooth","Max. Reward Condition",20,"7",0,1,67,119,"Short",0.126543075336069,0.757291424533135,NA,0.47357686490108,"localGP"
"3666",15,8,0,7,100,100,"Smooth","Max. Reward Condition",20,"7",0,1,78,119,"Short",0.126543075336069,0.757291424533135,NA,0.47357686490108,"localGP"
"3667",15,9,1,7,65.8282604254796,100,"Smooth","Max. Reward Condition",20,"7",0,1,79,119,"Short",0.126543075336069,0.757291424533135,NA,0.47357686490108,"localGP"
"3668",15,10,1,6,76.1819602246697,100,"Smooth","Max. Reward Condition",20,"7",0,5,68,119,"Short",0.126543075336069,0.757291424533135,NA,0.47357686490108,"localGP"
"3669",15,11,0,6,86.6558005262952,100,"Smooth","Max. Reward Condition",20,"7",0,7,67,119,"Short",0.126543075336069,0.757291424533135,NA,0.47357686490108,"localGP"
"3670",15,12,1,8,57.1437083477446,100,"Smooth","Max. Reward Condition",20,"7",0,4,90,119,"Short",0.126543075336069,0.757291424533135,NA,0.47357686490108,"localGP"
"3671",15,13,0,8,68.7533579586689,100,"Smooth","Max. Reward Condition",20,"7",0,1,89,119,"Short",0.126543075336069,0.757291424533135,NA,0.47357686490108,"localGP"
"3672",15,14,7,10,0,100,"Smooth","Max. Reward Condition",20,"7",0,1,118,119,"Short",0.126543075336069,0.757291424533135,NA,0.47357686490108,"localGP"
"3673",15,15,9,8,92.8491332342499,100,"Smooth","Max. Reward Condition",20,"7",0,2,98,119,"Short",0.126543075336069,0.757291424533135,NA,0.47357686490108,"localGP"
"3674",15,16,10,7,82.7698657970911,100,"Smooth","Max. Reward Condition",20,"7",0,1,88,119,"Short",0.126543075336069,0.757291424533135,NA,0.47357686490108,"localGP"
"3675",15,17,9,7,93.0900522357202,100,"Smooth","Max. Reward Condition",20,"7",0,2,87,119,"Short",0.126543075336069,0.757291424533135,NA,0.47357686490108,"localGP"
"3676",15,18,3,7,55.5467645036046,100,"Smooth","Max. Reward Condition",20,"7",0,3,81,119,"Short",0.126543075336069,0.757291424533135,NA,0.47357686490108,"localGP"
"3677",15,19,0,7,100,100,"Smooth","Max. Reward Condition",20,"7",0,10,78,119,"Short",0.126543075336069,0.757291424533135,NA,0.47357686490108,"localGP"
"3678",15,20,2,4,52.0374453788032,100,"Smooth","Max. Reward Condition",20,"7",0,3,47,119,"Short",0.126543075336069,0.757291424533135,NA,0.47357686490108,"localGP"
"3679",15,21,1,1,60.5425505864623,100,"Smooth","Max. Reward Condition",20,"7",0,5,13,119,"Short",0.126543075336069,0.757291424533135,NA,0.47357686490108,"localGP"
"3680",15,1,6,7,9.51682316943717,9.51682316943717,"Smooth","Max. Reward Condition",40,"8",17,NA,84,120,"Long",0.112951615137887,0.65035299693258,NA,0.561020820924695,"localGP"
"3681",15,2,6,8,0,9.51682316943717,"Smooth","Max. Reward Condition",40,"8",17,8,95,120,"Long",0.112951615137887,0.65035299693258,NA,0.561020820924695,"localGP"
"3682",15,3,4,8,28.2798800164457,28.2798800164457,"Smooth","Max. Reward Condition",40,"8",17,3,93,120,"Long",0.112951615137887,0.65035299693258,NA,0.561020820924695,"localGP"
"3683",15,4,0,8,50.1774313220849,50.1774313220849,"Smooth","Max. Reward Condition",40,"8",17,3,89,120,"Long",0.112951615137887,0.65035299693258,NA,0.561020820924695,"localGP"
"3684",15,5,0,9,6.38846062924272,50.1774313220849,"Smooth","Max. Reward Condition",40,"8",17,8,100,120,"Long",0.112951615137887,0.65035299693258,NA,0.561020820924695,"localGP"
"3685",15,6,9,2,61.2328313853332,61.2328313853332,"Smooth","Max. Reward Condition",40,"8",17,9,32,120,"Long",0.112951615137887,0.65035299693258,NA,0.561020820924695,"localGP"
"3686",15,7,10,3,62.1105704229087,62.1105704229087,"Smooth","Max. Reward Condition",40,"8",17,8,44,120,"Long",0.112951615137887,0.65035299693258,NA,0.561020820924695,"localGP"
"3687",15,8,3,2,23.6908296972781,62.1105704229087,"Smooth","Max. Reward Condition",40,"8",17,10,26,120,"Long",0.112951615137887,0.65035299693258,NA,0.561020820924695,"localGP"
"3688",15,9,3,1,43.1791147725399,62.1105704229087,"Smooth","Max. Reward Condition",40,"8",17,10,15,120,"Long",0.112951615137887,0.65035299693258,NA,0.561020820924695,"localGP"
"3689",15,10,3,0,55.0475436217867,62.1105704229087,"Smooth","Max. Reward Condition",40,"8",17,10,4,120,"Long",0.112951615137887,0.65035299693258,NA,0.561020820924695,"localGP"
"3690",15,11,5,0,55.6526152943926,62.1105704229087,"Smooth","Max. Reward Condition",40,"8",17,10,6,120,"Long",0.112951615137887,0.65035299693258,NA,0.561020820924695,"localGP"
"3691",15,12,4,0,41.9364610570647,62.1105704229087,"Smooth","Max. Reward Condition",40,"8",17,5,5,120,"Long",0.112951615137887,0.65035299693258,NA,0.561020820924695,"localGP"
"3692",15,13,9,3,46.6566969511363,62.1105704229087,"Smooth","Max. Reward Condition",40,"8",17,6,43,120,"Long",0.112951615137887,0.65035299693258,NA,0.561020820924695,"localGP"
"3693",15,14,9,4,37.4189636336299,62.1105704229087,"Smooth","Max. Reward Condition",40,"8",17,4,54,120,"Long",0.112951615137887,0.65035299693258,NA,0.561020820924695,"localGP"
"3694",15,15,10,4,60.9323536427728,62.1105704229087,"Smooth","Max. Reward Condition",40,"8",17,4,55,120,"Long",0.112951615137887,0.65035299693258,NA,0.561020820924695,"localGP"
"3695",15,16,10,5,66.9387480102746,66.9387480102746,"Smooth","Max. Reward Condition",40,"8",17,3,66,120,"Long",0.112951615137887,0.65035299693258,NA,0.561020820924695,"localGP"
"3696",15,17,7,4,42.6028889590444,66.9387480102746,"Smooth","Max. Reward Condition",40,"8",17,1,52,120,"Long",0.112951615137887,0.65035299693258,NA,0.561020820924695,"localGP"
"3697",15,18,7,5,24.4140130068995,66.9387480102746,"Smooth","Max. Reward Condition",40,"8",17,7,63,120,"Long",0.112951615137887,0.65035299693258,NA,0.561020820924695,"localGP"
"3698",15,19,7,6,12.2076105281821,66.9387480102746,"Smooth","Max. Reward Condition",40,"8",17,2,74,120,"Long",0.112951615137887,0.65035299693258,NA,0.561020820924695,"localGP"
"3699",15,20,8,5,20.7172540891827,66.9387480102746,"Smooth","Max. Reward Condition",40,"8",17,0,64,120,"Long",0.112951615137887,0.65035299693258,NA,0.561020820924695,"localGP"
"3700",15,21,0,10,11.2786864565213,66.9387480102746,"Smooth","Max. Reward Condition",40,"8",17,4,111,120,"Long",0.112951615137887,0.65035299693258,NA,0.561020820924695,"localGP"
"3701",15,22,2,10,64.0452624101058,66.9387480102746,"Smooth","Max. Reward Condition",40,"8",17,7,113,120,"Long",0.112951615137887,0.65035299693258,NA,0.561020820924695,"localGP"
"3702",15,23,2,9,69.3281763432378,69.3281763432378,"Smooth","Max. Reward Condition",40,"8",17,9,102,120,"Long",0.112951615137887,0.65035299693258,NA,0.561020820924695,"localGP"
"3703",15,24,2,2,22.1855612210246,69.3281763432378,"Smooth","Max. Reward Condition",40,"8",17,1,25,120,"Long",0.112951615137887,0.65035299693258,NA,0.561020820924695,"localGP"
"3704",15,25,4,2,41.5181075048439,69.3281763432378,"Smooth","Max. Reward Condition",40,"8",17,1,27,120,"Long",0.112951615137887,0.65035299693258,NA,0.561020820924695,"localGP"
"3705",15,26,3,8,42.84962574602,69.3281763432378,"Smooth","Max. Reward Condition",40,"8",17,1,92,120,"Long",0.112951615137887,0.65035299693258,NA,0.561020820924695,"localGP"
"3706",15,27,3,9,57.8931465906352,69.3281763432378,"Smooth","Max. Reward Condition",40,"8",17,1,103,120,"Long",0.112951615137887,0.65035299693258,NA,0.561020820924695,"localGP"
"3707",15,28,2,9,69.3281763432378,69.3281763432378,"Smooth","Max. Reward Condition",40,"8",17,2,102,120,"Long",0.112951615137887,0.65035299693258,NA,0.561020820924695,"localGP"
"3708",15,29,0,3,53.5211844117636,69.3281763432378,"Smooth","Max. Reward Condition",40,"8",17,1,34,120,"Long",0.112951615137887,0.65035299693258,NA,0.561020820924695,"localGP"
"3709",15,30,4,5,82.6609311486781,82.6609311486781,"Smooth","Max. Reward Condition",40,"8",17,1,60,120,"Long",0.112951615137887,0.65035299693258,NA,0.561020820924695,"localGP"
"3710",15,31,4,6,52.4710109761759,82.6609311486781,"Smooth","Max. Reward Condition",40,"8",17,2,71,120,"Long",0.112951615137887,0.65035299693258,NA,0.561020820924695,"localGP"
"3711",15,32,5,6,42.0069236019537,82.6609311486781,"Smooth","Max. Reward Condition",40,"8",17,1,72,120,"Long",0.112951615137887,0.65035299693258,NA,0.561020820924695,"localGP"
"3712",15,33,5,4,61.0193303568798,82.6609311486781,"Smooth","Max. Reward Condition",40,"8",17,2,50,120,"Long",0.112951615137887,0.65035299693258,NA,0.561020820924695,"localGP"
"3713",15,34,6,4,22.1592765349326,82.6609311486781,"Smooth","Max. Reward Condition",40,"8",17,2,51,120,"Long",0.112951615137887,0.65035299693258,NA,0.561020820924695,"localGP"
"3714",15,35,2,6,67.9735102315088,82.6609311486781,"Smooth","Max. Reward Condition",40,"8",17,1,69,120,"Long",0.112951615137887,0.65035299693258,NA,0.561020820924695,"localGP"
"3715",15,36,2,5,96.5712701527156,96.5712701527156,"Smooth","Max. Reward Condition",40,"8",17,0,58,120,"Long",0.112951615137887,0.65035299693258,NA,0.561020820924695,"localGP"
"3716",15,37,2,4,78.1145537046303,96.5712701527156,"Smooth","Max. Reward Condition",40,"8",17,2,47,120,"Long",0.112951615137887,0.65035299693258,NA,0.561020820924695,"localGP"
"3717",15,38,3,4,81.7432518785976,96.5712701527156,"Smooth","Max. Reward Condition",40,"8",17,4,48,120,"Long",0.112951615137887,0.65035299693258,NA,0.561020820924695,"localGP"
"3718",15,39,4,4,91.0453666765183,96.5712701527156,"Smooth","Max. Reward Condition",40,"8",17,6,49,120,"Long",0.112951615137887,0.65035299693258,NA,0.561020820924695,"localGP"
"3719",15,40,6,7,9.51682316943717,96.5712701527156,"Smooth","Max. Reward Condition",40,"8",17,14,84,120,"Long",0.112951615137887,0.65035299693258,NA,0.561020820924695,"localGP"
"3720",15,41,5,7,31.5219187843773,96.5712701527156,"Smooth","Max. Reward Condition",40,"8",17,2,83,120,"Long",0.112951615137887,0.65035299693258,NA,0.561020820924695,"localGP"
"3721",16,1,0,3,48.8719334165686,48.8719334165686,"Smooth","Max. Reward Condition",40,"1",1,NA,34,121,"Long",0.0707397371624546,0.661845679966898,NA,0.521633633916906,"localGP"
"3722",16,2,1,3,10.2009483490212,48.8719334165686,"Smooth","Max. Reward Condition",40,"1",1,1,35,121,"Long",0.0707397371624546,0.661845679966898,NA,0.521633633916906,"localGP"
"3723",16,3,1,1,29.8781350301425,48.8719334165686,"Smooth","Max. Reward Condition",40,"1",1,1,13,121,"Long",0.0707397371624546,0.661845679966898,NA,0.521633633916906,"localGP"
"3724",16,4,1,0,84.3956226620629,84.3956226620629,"Smooth","Max. Reward Condition",40,"1",1,1,2,121,"Long",0.0707397371624546,0.661845679966898,NA,0.521633633916906,"localGP"
"3725",16,5,2,0,70.8875298246222,84.3956226620629,"Smooth","Max. Reward Condition",40,"1",1,1,3,121,"Long",0.0707397371624546,0.661845679966898,NA,0.521633633916906,"localGP"
"3726",16,6,3,0,22.5301208321615,84.3956226620629,"Smooth","Max. Reward Condition",40,"1",1,1,4,121,"Long",0.0707397371624546,0.661845679966898,NA,0.521633633916906,"localGP"
"3727",16,7,4,0,27.0153724932925,84.3956226620629,"Smooth","Max. Reward Condition",40,"1",1,1,5,121,"Long",0.0707397371624546,0.661845679966898,NA,0.521633633916906,"localGP"
"3728",16,8,0,7,66.7767330115422,84.3956226620629,"Smooth","Max. Reward Condition",40,"1",1,1,78,121,"Long",0.0707397371624546,0.661845679966898,NA,0.521633633916906,"localGP"
"3729",16,9,10,5,44.5875145646547,84.3956226620629,"Smooth","Max. Reward Condition",40,"1",1,1,66,121,"Long",0.0707397371624546,0.661845679966898,NA,0.521633633916906,"localGP"
"3730",16,10,10,4,48.9608257222968,84.3956226620629,"Smooth","Max. Reward Condition",40,"1",1,1,55,121,"Long",0.0707397371624546,0.661845679966898,NA,0.521633633916906,"localGP"
"3731",16,11,10,3,52.5263702700094,84.3956226620629,"Smooth","Max. Reward Condition",40,"1",1,1,44,121,"Long",0.0707397371624546,0.661845679966898,NA,0.521633633916906,"localGP"
"3732",16,12,10,2,27.6401369749031,84.3956226620629,"Smooth","Max. Reward Condition",40,"1",1,3,33,121,"Long",0.0707397371624546,0.661845679966898,NA,0.521633633916906,"localGP"
"3733",16,13,9,4,46.9020472211933,84.3956226620629,"Smooth","Max. Reward Condition",40,"1",1,1,54,121,"Long",0.0707397371624546,0.661845679966898,NA,0.521633633916906,"localGP"
"3734",16,14,8,4,50.5233477520952,84.3956226620629,"Smooth","Max. Reward Condition",40,"1",1,9,53,121,"Long",0.0707397371624546,0.661845679966898,NA,0.521633633916906,"localGP"
"3735",16,15,7,4,77.4616893062404,84.3956226620629,"Smooth","Max. Reward Condition",40,"1",1,3,52,121,"Long",0.0707397371624546,0.661845679966898,NA,0.521633633916906,"localGP"
"3736",16,16,7,5,77.3624039749998,84.3956226620629,"Smooth","Max. Reward Condition",40,"1",1,4,63,121,"Long",0.0707397371624546,0.661845679966898,NA,0.521633633916906,"localGP"
"3737",16,17,8,5,58.2160279726654,84.3956226620629,"Smooth","Max. Reward Condition",40,"1",1,2,64,121,"Long",0.0707397371624546,0.661845679966898,NA,0.521633633916906,"localGP"
"3738",16,18,9,5,46.4508872756904,84.3956226620629,"Smooth","Max. Reward Condition",40,"1",1,3,65,121,"Long",0.0707397371624546,0.661845679966898,NA,0.521633633916906,"localGP"
"3739",16,19,9,6,61.0773012184803,84.3956226620629,"Smooth","Max. Reward Condition",40,"1",1,6,76,121,"Long",0.0707397371624546,0.661845679966898,NA,0.521633633916906,"localGP"
"3740",16,20,9,7,59.249331592367,84.3956226620629,"Smooth","Max. Reward Condition",40,"1",1,5,87,121,"Long",0.0707397371624546,0.661845679966898,NA,0.521633633916906,"localGP"
"3741",16,21,8,7,45.4982579252398,84.3956226620629,"Smooth","Max. Reward Condition",40,"1",1,2,86,121,"Long",0.0707397371624546,0.661845679966898,NA,0.521633633916906,"localGP"
"3742",16,22,7,7,63.4190187757228,84.3956226620629,"Smooth","Max. Reward Condition",40,"1",1,3,85,121,"Long",0.0707397371624546,0.661845679966898,NA,0.521633633916906,"localGP"
"3743",16,23,6,7,56.6570427677056,84.3956226620629,"Smooth","Max. Reward Condition",40,"1",1,2,84,121,"Long",0.0707397371624546,0.661845679966898,NA,0.521633633916906,"localGP"
"3744",16,24,5,7,56.1045851311328,84.3956226620629,"Smooth","Max. Reward Condition",40,"1",1,2,83,121,"Long",0.0707397371624546,0.661845679966898,NA,0.521633633916906,"localGP"
"3745",16,25,5,6,69.9155090037251,84.3956226620629,"Smooth","Max. Reward Condition",40,"1",1,3,72,121,"Long",0.0707397371624546,0.661845679966898,NA,0.521633633916906,"localGP"
"3746",16,26,6,6,78.697918940418,84.3956226620629,"Smooth","Max. Reward Condition",40,"1",1,3,73,121,"Long",0.0707397371624546,0.661845679966898,NA,0.521633633916906,"localGP"
"3747",16,27,7,6,77.9627730782378,84.3956226620629,"Smooth","Max. Reward Condition",40,"1",1,4,74,121,"Long",0.0707397371624546,0.661845679966898,NA,0.521633633916906,"localGP"
"3748",16,28,3,4,30.2906672613023,84.3956226620629,"Smooth","Max. Reward Condition",40,"1",1,2,48,121,"Long",0.0707397371624546,0.661845679966898,NA,0.521633633916906,"localGP"
"3749",16,29,3,5,41.3738955859387,84.3956226620629,"Smooth","Max. Reward Condition",40,"1",1,1,59,121,"Long",0.0707397371624546,0.661845679966898,NA,0.521633633916906,"localGP"
"3750",16,30,4,5,50.9861643343635,84.3956226620629,"Smooth","Max. Reward Condition",40,"1",1,4,60,121,"Long",0.0707397371624546,0.661845679966898,NA,0.521633633916906,"localGP"
"3751",16,31,5,5,89.574494748802,89.574494748802,"Smooth","Max. Reward Condition",40,"1",1,1,61,121,"Long",0.0707397371624546,0.661845679966898,NA,0.521633633916906,"localGP"
"3752",16,32,5,4,93.0511729954542,93.0511729954542,"Smooth","Max. Reward Condition",40,"1",1,1,50,121,"Long",0.0707397371624546,0.661845679966898,NA,0.521633633916906,"localGP"
"3753",16,33,6,4,96.8351832239486,96.8351832239486,"Smooth","Max. Reward Condition",40,"1",1,1,51,121,"Long",0.0707397371624546,0.661845679966898,NA,0.521633633916906,"localGP"
"3754",16,34,6,5,96.622130971634,96.8351832239486,"Smooth","Max. Reward Condition",40,"1",1,1,62,121,"Long",0.0707397371624546,0.661845679966898,NA,0.521633633916906,"localGP"
"3755",16,35,5,5,89.574494748802,96.8351832239486,"Smooth","Max. Reward Condition",40,"1",1,11,61,121,"Long",0.0707397371624546,0.661845679966898,NA,0.521633633916906,"localGP"
"3756",16,36,6,5,96.622130971634,96.8351832239486,"Smooth","Max. Reward Condition",40,"1",1,1,62,121,"Long",0.0707397371624546,0.661845679966898,NA,0.521633633916906,"localGP"
"3757",16,37,6,4,96.8351832239486,96.8351832239486,"Smooth","Max. Reward Condition",40,"1",1,1,51,121,"Long",0.0707397371624546,0.661845679966898,NA,0.521633633916906,"localGP"
"3758",16,38,6,3,82.7136870116885,96.8351832239486,"Smooth","Max. Reward Condition",40,"1",1,0,40,121,"Long",0.0707397371624546,0.661845679966898,NA,0.521633633916906,"localGP"
"3759",16,39,5,3,69.3021428353684,96.8351832239486,"Smooth","Max. Reward Condition",40,"1",1,1,39,121,"Long",0.0707397371624546,0.661845679966898,NA,0.521633633916906,"localGP"
"3760",16,40,4,3,31.9757973887754,96.8351832239486,"Smooth","Max. Reward Condition",40,"1",1,1,38,121,"Long",0.0707397371624546,0.661845679966898,NA,0.521633633916906,"localGP"
"3761",16,41,6,1,70.4800541800228,96.8351832239486,"Smooth","Max. Reward Condition",40,"1",1,2,18,121,"Long",0.0707397371624546,0.661845679966898,NA,0.521633633916906,"localGP"
"3762",16,1,1,7,65.8282604254796,65.8282604254796,"Smooth","Max. Reward Condition",20,"2",0,NA,79,122,"Short",0.0885799194484774,0.702899440784625,NA,0.556913303410104,"localGP"
"3763",16,2,1,8,57.1437083477446,65.8282604254796,"Smooth","Max. Reward Condition",20,"2",0,14,90,122,"Short",0.0885799194484774,0.702899440784625,NA,0.556913303410104,"localGP"
"3764",16,3,1,6,76.1819602246697,76.1819602246697,"Smooth","Max. Reward Condition",20,"2",0,1,68,122,"Short",0.0885799194484774,0.702899440784625,NA,0.556913303410104,"localGP"
"3765",16,4,2,6,50.7364669239803,76.1819602246697,"Smooth","Max. Reward Condition",20,"2",0,1,69,122,"Short",0.0885799194484774,0.702899440784625,NA,0.556913303410104,"localGP"
"3766",16,5,2,7,42.7772511233164,76.1819602246697,"Smooth","Max. Reward Condition",20,"2",0,2,80,122,"Short",0.0885799194484774,0.702899440784625,NA,0.556913303410104,"localGP"
"3767",16,6,9,2,59.0192052842826,76.1819602246697,"Smooth","Max. Reward Condition",20,"2",0,3,32,122,"Short",0.0885799194484774,0.702899440784625,NA,0.556913303410104,"localGP"
"3768",16,7,8,1,18.2055379783708,76.1819602246697,"Smooth","Max. Reward Condition",20,"2",0,1,20,122,"Short",0.0885799194484774,0.702899440784625,NA,0.556913303410104,"localGP"
"3769",16,8,6,2,14.151020308226,76.1819602246697,"Smooth","Max. Reward Condition",20,"2",0,1,29,122,"Short",0.0885799194484774,0.702899440784625,NA,0.556913303410104,"localGP"
"3770",16,9,5,1,27.9959182394562,76.1819602246697,"Smooth","Max. Reward Condition",20,"2",0,1,17,122,"Short",0.0885799194484774,0.702899440784625,NA,0.556913303410104,"localGP"
"3771",16,10,5,7,46.7426538325774,76.1819602246697,"Smooth","Max. Reward Condition",20,"2",0,1,83,122,"Short",0.0885799194484774,0.702899440784625,NA,0.556913303410104,"localGP"
"3772",16,11,6,8,69.9411761225891,76.1819602246697,"Smooth","Max. Reward Condition",20,"2",0,2,95,122,"Short",0.0885799194484774,0.702899440784625,NA,0.556913303410104,"localGP"
"3773",16,12,6,9,38.5462096801416,76.1819602246697,"Smooth","Max. Reward Condition",20,"2",0,2,106,122,"Short",0.0885799194484774,0.702899440784625,NA,0.556913303410104,"localGP"
"3774",16,13,2,10,24.8474427773121,76.1819602246697,"Smooth","Max. Reward Condition",20,"2",0,1,113,122,"Short",0.0885799194484774,0.702899440784625,NA,0.556913303410104,"localGP"
"3775",16,14,3,10,32.167524099138,76.1819602246697,"Smooth","Max. Reward Condition",20,"2",0,1,114,122,"Short",0.0885799194484774,0.702899440784625,NA,0.556913303410104,"localGP"
"3776",16,15,4,10,33.7085018505347,76.1819602246697,"Smooth","Max. Reward Condition",20,"2",0,1,115,122,"Short",0.0885799194484774,0.702899440784625,NA,0.556913303410104,"localGP"
"3777",16,16,4,9,40.5959555269918,76.1819602246697,"Smooth","Max. Reward Condition",20,"2",0,1,104,122,"Short",0.0885799194484774,0.702899440784625,NA,0.556913303410104,"localGP"
"3778",16,17,0,5,65.7958331067151,76.1819602246697,"Smooth","Max. Reward Condition",20,"2",0,0,56,122,"Short",0.0885799194484774,0.702899440784625,NA,0.556913303410104,"localGP"
"3779",16,18,0,6,86.6558005262952,86.6558005262952,"Smooth","Max. Reward Condition",20,"2",0,1,67,122,"Short",0.0885799194484774,0.702899440784625,NA,0.556913303410104,"localGP"
"3780",16,19,3,1,29.8909935964922,86.6558005262952,"Smooth","Max. Reward Condition",20,"2",0,1,15,122,"Short",0.0885799194484774,0.702899440784625,NA,0.556913303410104,"localGP"
"3781",16,20,3,0,24.0642449228446,86.6558005262952,"Smooth","Max. Reward Condition",20,"2",0,2,4,122,"Short",0.0885799194484774,0.702899440784625,NA,0.556913303410104,"localGP"
"3782",16,21,9,3,44.8970114016753,86.6558005262952,"Smooth","Max. Reward Condition",20,"2",0,0,43,122,"Short",0.0885799194484774,0.702899440784625,NA,0.556913303410104,"localGP"
"3783",16,1,4,6,36.2825140010078,36.2825140010078,"Smooth","Max. Reward Condition",40,"3",9,NA,71,123,"Long",0.0736692264264482,0.68755563919053,NA,0.503737809096172,"localGP"
"3784",16,2,3,6,56.4526333659953,56.4526333659953,"Smooth","Max. Reward Condition",40,"3",9,1,70,123,"Long",0.0736692264264482,0.68755563919053,NA,0.503737809096172,"localGP"
"3785",16,3,3,7,43.3114026076978,56.4526333659953,"Smooth","Max. Reward Condition",40,"3",9,1,81,123,"Long",0.0736692264264482,0.68755563919053,NA,0.503737809096172,"localGP"
"3786",16,4,2,9,51.5479444865926,56.4526333659953,"Smooth","Max. Reward Condition",40,"3",9,1,102,123,"Long",0.0736692264264482,0.68755563919053,NA,0.503737809096172,"localGP"
"3787",16,5,2,10,28.9056526912457,56.4526333659953,"Smooth","Max. Reward Condition",40,"3",9,1,113,123,"Long",0.0736692264264482,0.68755563919053,NA,0.503737809096172,"localGP"
"3788",16,6,5,3,31.7363408535339,56.4526333659953,"Smooth","Max. Reward Condition",40,"3",9,1,39,123,"Long",0.0736692264264482,0.68755563919053,NA,0.503737809096172,"localGP"
"3789",16,7,2,3,14.7404354515513,56.4526333659953,"Smooth","Max. Reward Condition",40,"3",9,1,36,123,"Long",0.0736692264264482,0.68755563919053,NA,0.503737809096172,"localGP"
"3790",16,8,8,9,64.9640361511548,64.9640361511548,"Smooth","Max. Reward Condition",40,"3",9,1,108,123,"Long",0.0736692264264482,0.68755563919053,NA,0.503737809096172,"localGP"
"3791",16,9,8,8,67.1128582001085,67.1128582001085,"Smooth","Max. Reward Condition",40,"3",9,1,97,123,"Long",0.0736692264264482,0.68755563919053,NA,0.503737809096172,"localGP"
"3792",16,10,7,8,48.5069548575254,67.1128582001085,"Smooth","Max. Reward Condition",40,"3",9,1,96,123,"Long",0.0736692264264482,0.68755563919053,NA,0.503737809096172,"localGP"
"3793",16,11,6,8,47.3250412535165,67.1128582001085,"Smooth","Max. Reward Condition",40,"3",9,1,95,123,"Long",0.0736692264264482,0.68755563919053,NA,0.503737809096172,"localGP"
"3794",16,12,7,7,34.6539502400698,67.1128582001085,"Smooth","Max. Reward Condition",40,"3",9,1,85,123,"Long",0.0736692264264482,0.68755563919053,NA,0.503737809096172,"localGP"
"3795",16,13,8,7,42.1666103712664,67.1128582001085,"Smooth","Max. Reward Condition",40,"3",9,1,86,123,"Long",0.0736692264264482,0.68755563919053,NA,0.503737809096172,"localGP"
"3796",16,14,9,7,82.8870600418845,82.8870600418845,"Smooth","Max. Reward Condition",40,"3",9,1,87,123,"Long",0.0736692264264482,0.68755563919053,NA,0.503737809096172,"localGP"
"3797",16,15,9,8,100,100,"Smooth","Max. Reward Condition",40,"3",9,1,98,123,"Long",0.0736692264264482,0.68755563919053,NA,0.503737809096172,"localGP"
"3798",16,16,9,8,100,100,"Smooth","Max. Reward Condition",40,"3",9,1,98,123,"Long",0.0736692264264482,0.68755563919053,NA,0.503737809096172,"localGP"
"3799",16,17,10,8,84.8321481843009,100,"Smooth","Max. Reward Condition",40,"3",9,1,99,123,"Long",0.0736692264264482,0.68755563919053,NA,0.503737809096172,"localGP"
"3800",16,18,5,7,31.1556847928287,100,"Smooth","Max. Reward Condition",40,"3",9,1,83,123,"Long",0.0736692264264482,0.68755563919053,NA,0.503737809096172,"localGP"
"3801",16,19,4,7,31.2245968865116,100,"Smooth","Max. Reward Condition",40,"3",9,1,82,123,"Long",0.0736692264264482,0.68755563919053,NA,0.503737809096172,"localGP"
"3802",16,20,4,8,60.4776805465143,100,"Smooth","Max. Reward Condition",40,"3",9,1,93,123,"Long",0.0736692264264482,0.68755563919053,NA,0.503737809096172,"localGP"
"3803",16,21,4,9,76.5336766063453,100,"Smooth","Max. Reward Condition",40,"3",9,1,104,123,"Long",0.0736692264264482,0.68755563919053,NA,0.503737809096172,"localGP"
"3804",16,22,3,9,63.3340745487714,100,"Smooth","Max. Reward Condition",40,"3",9,1,103,123,"Long",0.0736692264264482,0.68755563919053,NA,0.503737809096172,"localGP"
"3805",16,23,8,4,25.3679855103689,100,"Smooth","Max. Reward Condition",40,"3",9,1,53,123,"Long",0.0736692264264482,0.68755563919053,NA,0.503737809096172,"localGP"
"3806",16,24,3,7,43.3114026076978,100,"Smooth","Max. Reward Condition",40,"3",9,1,81,123,"Long",0.0736692264264482,0.68755563919053,NA,0.503737809096172,"localGP"
"3807",16,25,3,8,56.9817501368753,100,"Smooth","Max. Reward Condition",40,"3",9,5,92,123,"Long",0.0736692264264482,0.68755563919053,NA,0.503737809096172,"localGP"
"3808",16,26,2,8,43.6838621835881,100,"Smooth","Max. Reward Condition",40,"3",9,1,91,123,"Long",0.0736692264264482,0.68755563919053,NA,0.503737809096172,"localGP"
"3809",16,27,10,7,64.0304826931053,100,"Smooth","Max. Reward Condition",40,"3",9,5,88,123,"Long",0.0736692264264482,0.68755563919053,NA,0.503737809096172,"localGP"
"3810",16,28,10,6,41.1599115765723,100,"Smooth","Max. Reward Condition",40,"3",9,1,77,123,"Long",0.0736692264264482,0.68755563919053,NA,0.503737809096172,"localGP"
"3811",16,29,1,0,83.523634481826,100,"Smooth","Max. Reward Condition",40,"3",9,1,2,123,"Long",0.0736692264264482,0.68755563919053,NA,0.503737809096172,"localGP"
"3812",16,30,2,0,46.5810288004854,100,"Smooth","Max. Reward Condition",40,"3",9,1,3,123,"Long",0.0736692264264482,0.68755563919053,NA,0.503737809096172,"localGP"
"3813",16,31,0,0,80.3515759217729,100,"Smooth","Max. Reward Condition",40,"3",9,1,1,123,"Long",0.0736692264264482,0.68755563919053,NA,0.503737809096172,"localGP"
"3814",16,32,0,1,72.3819209739553,100,"Smooth","Max. Reward Condition",40,"3",9,1,12,123,"Long",0.0736692264264482,0.68755563919053,NA,0.503737809096172,"localGP"
"3815",16,33,1,1,49.8229804022981,100,"Smooth","Max. Reward Condition",40,"3",9,1,13,123,"Long",0.0736692264264482,0.68755563919053,NA,0.503737809096172,"localGP"
"3816",16,34,2,1,14.59231424238,100,"Smooth","Max. Reward Condition",40,"3",9,1,14,123,"Long",0.0736692264264482,0.68755563919053,NA,0.503737809096172,"localGP"
"3817",16,35,4,9,76.5336766063453,100,"Smooth","Max. Reward Condition",40,"3",9,4,104,123,"Long",0.0736692264264482,0.68755563919053,NA,0.503737809096172,"localGP"
"3818",16,36,4,10,47.1833228393405,100,"Smooth","Max. Reward Condition",40,"3",9,1,115,123,"Long",0.0736692264264482,0.68755563919053,NA,0.503737809096172,"localGP"
"3819",16,37,3,10,39.8581222940404,100,"Smooth","Max. Reward Condition",40,"3",9,2,114,123,"Long",0.0736692264264482,0.68755563919053,NA,0.503737809096172,"localGP"
"3820",16,38,5,10,51.4501450041282,100,"Smooth","Max. Reward Condition",40,"3",9,2,116,123,"Long",0.0736692264264482,0.68755563919053,NA,0.503737809096172,"localGP"
"3821",16,39,5,9,75.2199907218667,100,"Smooth","Max. Reward Condition",40,"3",9,3,105,123,"Long",0.0736692264264482,0.68755563919053,NA,0.503737809096172,"localGP"
"3822",16,40,6,9,70.5892702957914,100,"Smooth","Max. Reward Condition",40,"3",9,1,106,123,"Long",0.0736692264264482,0.68755563919053,NA,0.503737809096172,"localGP"
"3823",16,41,7,9,69.1316756663671,100,"Smooth","Max. Reward Condition",40,"3",9,1,107,123,"Long",0.0736692264264482,0.68755563919053,NA,0.503737809096172,"localGP"
"3824",16,1,8,9,60.550993033302,60.550993033302,"Smooth","Max. Reward Condition",20,"4",11,NA,108,124,"Short",16.7311725219864,0.166345911172695,NA,148.219437576632,"localGP"
"3825",16,2,8,10,41.6884701008907,60.550993033302,"Smooth","Max. Reward Condition",20,"4",11,1,119,124,"Short",16.7311725219864,0.166345911172695,NA,148.219437576632,"localGP"
"3826",16,3,9,10,19.2437103402709,60.550993033302,"Smooth","Max. Reward Condition",20,"4",11,1,120,124,"Short",16.7311725219864,0.166345911172695,NA,148.219437576632,"localGP"
"3827",16,4,10,10,11.4208125415598,60.550993033302,"Smooth","Max. Reward Condition",20,"4",11,1,121,124,"Short",16.7311725219864,0.166345911172695,NA,148.219437576632,"localGP"
"3828",16,5,10,9,24.963535638827,60.550993033302,"Smooth","Max. Reward Condition",20,"4",11,1,110,124,"Short",16.7311725219864,0.166345911172695,NA,148.219437576632,"localGP"
"3829",16,6,9,9,48.1183497019652,60.550993033302,"Smooth","Max. Reward Condition",20,"4",11,1,109,124,"Short",16.7311725219864,0.166345911172695,NA,148.219437576632,"localGP"
"3830",16,7,9,7,46.7520963310915,60.550993033302,"Smooth","Max. Reward Condition",20,"4",11,3,87,124,"Short",16.7311725219864,0.166345911172695,NA,148.219437576632,"localGP"
"3831",16,8,8,5,25.4104652088754,60.550993033302,"Smooth","Max. Reward Condition",20,"4",11,1,64,124,"Short",16.7311725219864,0.166345911172695,NA,148.219437576632,"localGP"
"3832",16,9,7,5,74.6263346102851,74.6263346102851,"Smooth","Max. Reward Condition",20,"4",11,1,63,124,"Short",16.7311725219864,0.166345911172695,NA,148.219437576632,"localGP"
"3833",16,10,7,10,44.763338085442,74.6263346102851,"Smooth","Max. Reward Condition",20,"4",11,1,118,124,"Short",16.7311725219864,0.166345911172695,NA,148.219437576632,"localGP"
"3834",16,11,6,10,64.4156192445451,74.6263346102851,"Smooth","Max. Reward Condition",20,"4",11,4,117,124,"Short",16.7311725219864,0.166345911172695,NA,148.219437576632,"localGP"
"3835",16,12,2,10,17.4994853434702,74.6263346102851,"Smooth","Max. Reward Condition",20,"4",11,1,113,124,"Short",16.7311725219864,0.166345911172695,NA,148.219437576632,"localGP"
"3836",16,13,4,6,31.0378764516063,74.6263346102851,"Smooth","Max. Reward Condition",20,"4",11,1,71,124,"Short",16.7311725219864,0.166345911172695,NA,148.219437576632,"localGP"
"3837",16,14,4,7,65.5617086800568,74.6263346102851,"Smooth","Max. Reward Condition",20,"4",11,1,82,124,"Short",16.7311725219864,0.166345911172695,NA,148.219437576632,"localGP"
"3838",16,15,3,7,59.6140621219219,74.6263346102851,"Smooth","Max. Reward Condition",20,"4",11,2,81,124,"Short",16.7311725219864,0.166345911172695,NA,148.219437576632,"localGP"
"3839",16,16,3,6,2.87635542151745,74.6263346102851,"Smooth","Max. Reward Condition",20,"4",11,1,70,124,"Short",16.7311725219864,0.166345911172695,NA,148.219437576632,"localGP"
"3840",16,17,3,5,0,74.6263346102851,"Smooth","Max. Reward Condition",20,"4",11,1,59,124,"Short",16.7311725219864,0.166345911172695,NA,148.219437576632,"localGP"
"3841",16,18,2,5,2.60066814407864,74.6263346102851,"Smooth","Max. Reward Condition",20,"4",11,1,58,124,"Short",16.7311725219864,0.166345911172695,NA,148.219437576632,"localGP"
"3842",16,19,2,4,24.879382735305,74.6263346102851,"Smooth","Max. Reward Condition",20,"4",11,1,47,124,"Short",16.7311725219864,0.166345911172695,NA,148.219437576632,"localGP"
"3843",16,20,2,3,41.0550340200253,74.6263346102851,"Smooth","Max. Reward Condition",20,"4",11,2,36,124,"Short",16.7311725219864,0.166345911172695,NA,148.219437576632,"localGP"
"3844",16,21,6,3,60.8573330734455,74.6263346102851,"Smooth","Max. Reward Condition",20,"4",11,1,40,124,"Short",16.7311725219864,0.166345911172695,NA,148.219437576632,"localGP"
"3845",16,1,2,6,63.82023009432,63.82023009432,"Smooth","Max. Reward Condition",40,"5",8,NA,69,125,"Long",0.0708984940256596,0.738890857964979,NA,0.505213453710994,"localGP"
"3846",16,2,3,6,92.3422522413602,92.3422522413602,"Smooth","Max. Reward Condition",40,"5",8,1,70,125,"Long",0.0708984940256596,0.738890857964979,NA,0.505213453710994,"localGP"
"3847",16,3,3,7,79.3800074226317,92.3422522413602,"Smooth","Max. Reward Condition",40,"5",8,1,81,125,"Long",0.0708984940256596,0.738890857964979,NA,0.505213453710994,"localGP"
"3848",16,4,3,8,44.1553815422113,92.3422522413602,"Smooth","Max. Reward Condition",40,"5",8,1,92,125,"Long",0.0708984940256596,0.738890857964979,NA,0.505213453710994,"localGP"
"3849",16,5,5,4,28.6284679767486,92.3422522413602,"Smooth","Max. Reward Condition",40,"5",8,1,50,125,"Long",0.0708984940256596,0.738890857964979,NA,0.505213453710994,"localGP"
"3850",16,6,5,3,43.5148638021869,92.3422522413602,"Smooth","Max. Reward Condition",40,"5",8,2,39,125,"Long",0.0708984940256596,0.738890857964979,NA,0.505213453710994,"localGP"
"3851",16,7,6,3,42.0646455997222,92.3422522413602,"Smooth","Max. Reward Condition",40,"5",8,1,40,125,"Long",0.0708984940256596,0.738890857964979,NA,0.505213453710994,"localGP"
"3852",16,8,7,3,34.6479005726558,92.3422522413602,"Smooth","Max. Reward Condition",40,"5",8,1,41,125,"Long",0.0708984940256596,0.738890857964979,NA,0.505213453710994,"localGP"
"3853",16,9,8,3,54.3441668023564,92.3422522413602,"Smooth","Max. Reward Condition",40,"5",8,1,42,125,"Long",0.0708984940256596,0.738890857964979,NA,0.505213453710994,"localGP"
"3854",16,10,9,3,83.0323065830004,92.3422522413602,"Smooth","Max. Reward Condition",40,"5",8,2,43,125,"Long",0.0708984940256596,0.738890857964979,NA,0.505213453710994,"localGP"
"3855",16,11,9,4,91.0101706017793,92.3422522413602,"Smooth","Max. Reward Condition",40,"5",8,1,54,125,"Long",0.0708984940256596,0.738890857964979,NA,0.505213453710994,"localGP"
"3856",16,12,10,4,82.6261489879953,92.3422522413602,"Smooth","Max. Reward Condition",40,"5",8,1,55,125,"Long",0.0708984940256596,0.738890857964979,NA,0.505213453710994,"localGP"
"3857",16,13,10,5,84.8597235153552,92.3422522413602,"Smooth","Max. Reward Condition",40,"5",8,5,66,125,"Long",0.0708984940256596,0.738890857964979,NA,0.505213453710994,"localGP"
"3858",16,14,9,5,83.9959054519375,92.3422522413602,"Smooth","Max. Reward Condition",40,"5",8,1,65,125,"Long",0.0708984940256596,0.738890857964979,NA,0.505213453710994,"localGP"
"3859",16,15,9,6,36.3129176389145,92.3422522413602,"Smooth","Max. Reward Condition",40,"5",8,1,76,125,"Long",0.0708984940256596,0.738890857964979,NA,0.505213453710994,"localGP"
"3860",16,16,7,7,17.1903965403995,92.3422522413602,"Smooth","Max. Reward Condition",40,"5",8,1,85,125,"Long",0.0708984940256596,0.738890857964979,NA,0.505213453710994,"localGP"
"3861",16,17,6,7,17.5184001750244,92.3422522413602,"Smooth","Max. Reward Condition",40,"5",8,1,84,125,"Long",0.0708984940256596,0.738890857964979,NA,0.505213453710994,"localGP"
"3862",16,18,4,1,24.2436731620906,92.3422522413602,"Smooth","Max. Reward Condition",40,"5",8,1,16,125,"Long",0.0708984940256596,0.738890857964979,NA,0.505213453710994,"localGP"
"3863",16,19,4,0,60.8338866583658,92.3422522413602,"Smooth","Max. Reward Condition",40,"5",8,1,5,125,"Long",0.0708984940256596,0.738890857964979,NA,0.505213453710994,"localGP"
"3864",16,20,5,0,59.2644023851676,92.3422522413602,"Smooth","Max. Reward Condition",40,"5",8,1,6,125,"Long",0.0708984940256596,0.738890857964979,NA,0.505213453710994,"localGP"
"3865",16,21,6,0,57.0675719463974,92.3422522413602,"Smooth","Max. Reward Condition",40,"5",8,1,7,125,"Long",0.0708984940256596,0.738890857964979,NA,0.505213453710994,"localGP"
"3866",16,22,7,0,41.9382069240684,92.3422522413602,"Smooth","Max. Reward Condition",40,"5",8,1,8,125,"Long",0.0708984940256596,0.738890857964979,NA,0.505213453710994,"localGP"
"3867",16,23,7,1,50.2177427569694,92.3422522413602,"Smooth","Max. Reward Condition",40,"5",8,1,19,125,"Long",0.0708984940256596,0.738890857964979,NA,0.505213453710994,"localGP"
"3868",16,24,8,1,44.4324036525511,92.3422522413602,"Smooth","Max. Reward Condition",40,"5",8,1,20,125,"Long",0.0708984940256596,0.738890857964979,NA,0.505213453710994,"localGP"
"3869",16,25,9,1,51.1161820645571,92.3422522413602,"Smooth","Max. Reward Condition",40,"5",8,3,21,125,"Long",0.0708984940256596,0.738890857964979,NA,0.505213453710994,"localGP"
"3870",16,26,10,1,40.1836169652237,92.3422522413602,"Smooth","Max. Reward Condition",40,"5",8,1,22,125,"Long",0.0708984940256596,0.738890857964979,NA,0.505213453710994,"localGP"
"3871",16,27,1,2,51.3385212336399,92.3422522413602,"Smooth","Max. Reward Condition",40,"5",8,2,24,125,"Long",0.0708984940256596,0.738890857964979,NA,0.505213453710994,"localGP"
"3872",16,28,5,6,43.2423959719255,92.3422522413602,"Smooth","Max. Reward Condition",40,"5",8,1,72,125,"Long",0.0708984940256596,0.738890857964979,NA,0.505213453710994,"localGP"
"3873",16,29,4,6,92.5612285235121,92.5612285235121,"Smooth","Max. Reward Condition",40,"5",8,2,71,125,"Long",0.0708984940256596,0.738890857964979,NA,0.505213453710994,"localGP"
"3874",16,30,4,7,87.7929185379322,92.5612285235121,"Smooth","Max. Reward Condition",40,"5",8,1,82,125,"Long",0.0708984940256596,0.738890857964979,NA,0.505213453710994,"localGP"
"3875",16,31,6,1,48.2263547700318,92.5612285235121,"Smooth","Max. Reward Condition",40,"5",8,4,18,125,"Long",0.0708984940256596,0.738890857964979,NA,0.505213453710994,"localGP"
"3876",16,32,6,2,38.3671913678501,92.5612285235121,"Smooth","Max. Reward Condition",40,"5",8,2,29,125,"Long",0.0708984940256596,0.738890857964979,NA,0.505213453710994,"localGP"
"3877",16,33,10,2,57.5348979137983,92.5612285235121,"Smooth","Max. Reward Condition",40,"5",8,1,33,125,"Long",0.0708984940256596,0.738890857964979,NA,0.505213453710994,"localGP"
"3878",16,34,10,3,75.7135998190363,92.5612285235121,"Smooth","Max. Reward Condition",40,"5",8,5,44,125,"Long",0.0708984940256596,0.738890857964979,NA,0.505213453710994,"localGP"
"3879",16,35,9,3,83.0323065830004,92.5612285235121,"Smooth","Max. Reward Condition",40,"5",8,1,43,125,"Long",0.0708984940256596,0.738890857964979,NA,0.505213453710994,"localGP"
"3880",16,36,9,2,75.3584348689062,92.5612285235121,"Smooth","Max. Reward Condition",40,"5",8,1,32,125,"Long",0.0708984940256596,0.738890857964979,NA,0.505213453710994,"localGP"
"3881",16,37,8,2,46.8578212721829,92.5612285235121,"Smooth","Max. Reward Condition",40,"5",8,1,31,125,"Long",0.0708984940256596,0.738890857964979,NA,0.505213453710994,"localGP"
"3882",16,38,9,3,83.0323065830004,92.5612285235121,"Smooth","Max. Reward Condition",40,"5",8,1,43,125,"Long",0.0708984940256596,0.738890857964979,NA,0.505213453710994,"localGP"
"3883",16,39,6,10,32.8333952900599,92.5612285235121,"Smooth","Max. Reward Condition",40,"5",8,1,117,125,"Long",0.0708984940256596,0.738890857964979,NA,0.505213453710994,"localGP"
"3884",16,40,7,10,14.8633331080282,92.5612285235121,"Smooth","Max. Reward Condition",40,"5",8,1,118,125,"Long",0.0708984940256596,0.738890857964979,NA,0.505213453710994,"localGP"
"3885",16,41,8,9,24.6189505790848,92.5612285235121,"Smooth","Max. Reward Condition",40,"5",8,1,108,125,"Long",0.0708984940256596,0.738890857964979,NA,0.505213453710994,"localGP"
"3886",16,1,3,1,42.8034972716549,42.8034972716549,"Smooth","Max. Reward Condition",20,"6",2,NA,15,126,"Short",0.0928883333600438,0.672169762340806,NA,0.571230307919415,"localGP"
"3887",16,2,2,1,41.6870799554234,42.8034972716549,"Smooth","Max. Reward Condition",20,"6",2,1,14,126,"Short",0.0928883333600438,0.672169762340806,NA,0.571230307919415,"localGP"
"3888",16,3,2,2,34.4224100731259,42.8034972716549,"Smooth","Max. Reward Condition",20,"6",2,2,25,126,"Short",0.0928883333600438,0.672169762340806,NA,0.571230307919415,"localGP"
"3889",16,4,2,6,31.0882445544401,42.8034972716549,"Smooth","Max. Reward Condition",20,"6",2,1,69,126,"Short",0.0928883333600438,0.672169762340806,NA,0.571230307919415,"localGP"
"3890",16,5,2,7,36.5665227563517,42.8034972716549,"Smooth","Max. Reward Condition",20,"6",2,1,80,126,"Short",0.0928883333600438,0.672169762340806,NA,0.571230307919415,"localGP"
"3891",16,6,5,7,38.2641941861674,42.8034972716549,"Smooth","Max. Reward Condition",20,"6",2,1,83,126,"Short",0.0928883333600438,0.672169762340806,NA,0.571230307919415,"localGP"
"3892",16,7,6,5,58.989470043494,58.989470043494,"Smooth","Max. Reward Condition",20,"6",2,3,62,126,"Short",0.0928883333600438,0.672169762340806,NA,0.571230307919415,"localGP"
"3893",16,8,7,5,65.2858713745774,65.2858713745774,"Smooth","Max. Reward Condition",20,"6",2,2,63,126,"Short",0.0928883333600438,0.672169762340806,NA,0.571230307919415,"localGP"
"3894",16,9,8,4,41.9391339011976,65.2858713745774,"Smooth","Max. Reward Condition",20,"6",2,4,53,126,"Short",0.0928883333600438,0.672169762340806,NA,0.571230307919415,"localGP"
"3895",16,10,8,5,82.1154481139937,82.1154481139937,"Smooth","Max. Reward Condition",20,"6",2,1,64,126,"Short",0.0928883333600438,0.672169762340806,NA,0.571230307919415,"localGP"
"3896",16,11,9,5,74.2282844948157,82.1154481139937,"Smooth","Max. Reward Condition",20,"6",2,1,65,126,"Short",0.0928883333600438,0.672169762340806,NA,0.571230307919415,"localGP"
"3897",16,12,10,5,64.3703869882263,82.1154481139937,"Smooth","Max. Reward Condition",20,"6",2,1,66,126,"Short",0.0928883333600438,0.672169762340806,NA,0.571230307919415,"localGP"
"3898",16,13,8,7,27.4177147480502,82.1154481139937,"Smooth","Max. Reward Condition",20,"6",2,1,86,126,"Short",0.0928883333600438,0.672169762340806,NA,0.571230307919415,"localGP"
"3899",16,14,8,6,74.3893540286675,82.1154481139937,"Smooth","Max. Reward Condition",20,"6",2,1,75,126,"Short",0.0928883333600438,0.672169762340806,NA,0.571230307919415,"localGP"
"3900",16,15,6,3,48.6990356478907,82.1154481139937,"Smooth","Max. Reward Condition",20,"6",2,2,40,126,"Short",0.0928883333600438,0.672169762340806,NA,0.571230307919415,"localGP"
"3901",16,16,5,3,32.4134397153988,82.1154481139937,"Smooth","Max. Reward Condition",20,"6",2,1,39,126,"Short",0.0928883333600438,0.672169762340806,NA,0.571230307919415,"localGP"
"3902",16,17,5,4,53.7953839453932,82.1154481139937,"Smooth","Max. Reward Condition",20,"6",2,1,50,126,"Short",0.0928883333600438,0.672169762340806,NA,0.571230307919415,"localGP"
"3903",16,18,0,4,18.3881659852616,82.1154481139937,"Smooth","Max. Reward Condition",20,"6",2,1,45,126,"Short",0.0928883333600438,0.672169762340806,NA,0.571230307919415,"localGP"
"3904",16,19,2,4,44.4621814530642,82.1154481139937,"Smooth","Max. Reward Condition",20,"6",2,2,47,126,"Short",0.0928883333600438,0.672169762340806,NA,0.571230307919415,"localGP"
"3905",16,20,3,4,59.6168211558576,82.1154481139937,"Smooth","Max. Reward Condition",20,"6",2,1,48,126,"Short",0.0928883333600438,0.672169762340806,NA,0.571230307919415,"localGP"
"3906",16,21,3,3,64.0855788300758,82.1154481139937,"Smooth","Max. Reward Condition",20,"6",2,2,37,126,"Short",0.0928883333600438,0.672169762340806,NA,0.571230307919415,"localGP"
"3907",16,1,2,2,33.6778376971896,33.6778376971896,"Smooth","Max. Reward Condition",40,"7",16,NA,25,127,"Long",0.0621414203040019,0.723563293652924,NA,0.448298212939105,"localGP"
"3908",16,2,2,3,44.0669303004105,44.0669303004105,"Smooth","Max. Reward Condition",40,"7",16,1,36,127,"Long",0.0621414203040019,0.723563293652924,NA,0.448298212939105,"localGP"
"3909",16,3,2,4,51.6785957888899,51.6785957888899,"Smooth","Max. Reward Condition",40,"7",16,1,47,127,"Long",0.0621414203040019,0.723563293652924,NA,0.448298212939105,"localGP"
"3910",16,4,9,8,70.9435815561283,70.9435815561283,"Smooth","Max. Reward Condition",40,"7",16,3,98,127,"Long",0.0621414203040019,0.723563293652924,NA,0.448298212939105,"localGP"
"3911",16,5,9,7,82.1507669313946,82.1507669313946,"Smooth","Max. Reward Condition",40,"7",16,1,87,127,"Long",0.0621414203040019,0.723563293652924,NA,0.448298212939105,"localGP"
"3912",16,6,9,7,82.1507669313946,82.1507669313946,"Smooth","Max. Reward Condition",40,"7",16,1,87,127,"Long",0.0621414203040019,0.723563293652924,NA,0.448298212939105,"localGP"
"3913",16,7,10,7,85.439763813076,85.439763813076,"Smooth","Max. Reward Condition",40,"7",16,1,88,127,"Long",0.0621414203040019,0.723563293652924,NA,0.448298212939105,"localGP"
"3914",16,8,10,6,87.869042125599,87.869042125599,"Smooth","Max. Reward Condition",40,"7",16,1,77,127,"Long",0.0621414203040019,0.723563293652924,NA,0.448298212939105,"localGP"
"3915",16,9,1,2,17.0104767919916,87.869042125599,"Smooth","Max. Reward Condition",40,"7",16,1,24,127,"Long",0.0621414203040019,0.723563293652924,NA,0.448298212939105,"localGP"
"3916",16,10,0,2,44.6802852658924,87.869042125599,"Smooth","Max. Reward Condition",40,"7",16,1,23,127,"Long",0.0621414203040019,0.723563293652924,NA,0.448298212939105,"localGP"
"3917",16,11,0,1,45.6400924104609,87.869042125599,"Smooth","Max. Reward Condition",40,"7",16,1,12,127,"Long",0.0621414203040019,0.723563293652924,NA,0.448298212939105,"localGP"
"3918",16,12,0,0,62.3937858826807,87.869042125599,"Smooth","Max. Reward Condition",40,"7",16,1,1,127,"Long",0.0621414203040019,0.723563293652924,NA,0.448298212939105,"localGP"
"3919",16,13,1,0,96.0543328963373,96.0543328963373,"Smooth","Max. Reward Condition",40,"7",16,1,2,127,"Long",0.0621414203040019,0.723563293652924,NA,0.448298212939105,"localGP"
"3920",16,14,1,0,96.0543328963373,96.0543328963373,"Smooth","Max. Reward Condition",40,"7",16,1,2,127,"Long",0.0621414203040019,0.723563293652924,NA,0.448298212939105,"localGP"
"3921",16,15,2,0,58.0037440903614,96.0543328963373,"Smooth","Max. Reward Condition",40,"7",16,1,3,127,"Long",0.0621414203040019,0.723563293652924,NA,0.448298212939105,"localGP"
"3922",16,16,1,0,96.0543328963373,96.0543328963373,"Smooth","Max. Reward Condition",40,"7",16,1,2,127,"Long",0.0621414203040019,0.723563293652924,NA,0.448298212939105,"localGP"
"3923",16,17,1,0,96.0543328963373,96.0543328963373,"Smooth","Max. Reward Condition",40,"7",16,1,2,127,"Long",0.0621414203040019,0.723563293652924,NA,0.448298212939105,"localGP"
"3924",16,18,1,0,96.0543328963373,96.0543328963373,"Smooth","Max. Reward Condition",40,"7",16,4,2,127,"Long",0.0621414203040019,0.723563293652924,NA,0.448298212939105,"localGP"
"3925",16,19,1,1,62.6840921632326,96.0543328963373,"Smooth","Max. Reward Condition",40,"7",16,1,13,127,"Long",0.0621414203040019,0.723563293652924,NA,0.448298212939105,"localGP"
"3926",16,20,1,0,96.0543328963373,96.0543328963373,"Smooth","Max. Reward Condition",40,"7",16,1,2,127,"Long",0.0621414203040019,0.723563293652924,NA,0.448298212939105,"localGP"
"3927",16,21,1,0,96.0543328963373,96.0543328963373,"Smooth","Max. Reward Condition",40,"7",16,3,2,127,"Long",0.0621414203040019,0.723563293652924,NA,0.448298212939105,"localGP"
"3928",16,22,1,0,96.0543328963373,96.0543328963373,"Smooth","Max. Reward Condition",40,"7",16,2,2,127,"Long",0.0621414203040019,0.723563293652924,NA,0.448298212939105,"localGP"
"3929",16,23,1,0,96.0543328963373,96.0543328963373,"Smooth","Max. Reward Condition",40,"7",16,1,2,127,"Long",0.0621414203040019,0.723563293652924,NA,0.448298212939105,"localGP"
"3930",16,24,1,0,96.0543328963373,96.0543328963373,"Smooth","Max. Reward Condition",40,"7",16,2,2,127,"Long",0.0621414203040019,0.723563293652924,NA,0.448298212939105,"localGP"
"3931",16,25,1,0,96.0543328963373,96.0543328963373,"Smooth","Max. Reward Condition",40,"7",16,2,2,127,"Long",0.0621414203040019,0.723563293652924,NA,0.448298212939105,"localGP"
"3932",16,26,2,1,37.8294983546141,96.0543328963373,"Smooth","Max. Reward Condition",40,"7",16,1,14,127,"Long",0.0621414203040019,0.723563293652924,NA,0.448298212939105,"localGP"
"3933",16,27,3,1,15.9471132222675,96.0543328963373,"Smooth","Max. Reward Condition",40,"7",16,1,15,127,"Long",0.0621414203040019,0.723563293652924,NA,0.448298212939105,"localGP"
"3934",16,28,5,1,38.6890479154097,96.0543328963373,"Smooth","Max. Reward Condition",40,"7",16,1,17,127,"Long",0.0621414203040019,0.723563293652924,NA,0.448298212939105,"localGP"
"3935",16,29,5,2,15.5566285414622,96.0543328963373,"Smooth","Max. Reward Condition",40,"7",16,4,28,127,"Long",0.0621414203040019,0.723563293652924,NA,0.448298212939105,"localGP"
"3936",16,30,5,3,14.4116653483847,96.0543328963373,"Smooth","Max. Reward Condition",40,"7",16,3,39,127,"Long",0.0621414203040019,0.723563293652924,NA,0.448298212939105,"localGP"
"3937",16,31,4,2,29.6795865237045,96.0543328963373,"Smooth","Max. Reward Condition",40,"7",16,1,27,127,"Long",0.0621414203040019,0.723563293652924,NA,0.448298212939105,"localGP"
"3938",16,32,4,5,56.5702647427263,96.0543328963373,"Smooth","Max. Reward Condition",40,"7",16,1,60,127,"Long",0.0621414203040019,0.723563293652924,NA,0.448298212939105,"localGP"
"3939",16,33,5,5,69.5623666177624,96.0543328963373,"Smooth","Max. Reward Condition",40,"7",16,1,61,127,"Long",0.0621414203040019,0.723563293652924,NA,0.448298212939105,"localGP"
"3940",16,34,5,6,65.7919203460871,96.0543328963373,"Smooth","Max. Reward Condition",40,"7",16,2,72,127,"Long",0.0621414203040019,0.723563293652924,NA,0.448298212939105,"localGP"
"3941",16,35,5,7,14.4741321431637,96.0543328963373,"Smooth","Max. Reward Condition",40,"7",16,1,83,127,"Long",0.0621414203040019,0.723563293652924,NA,0.448298212939105,"localGP"
"3942",16,36,4,7,38.4038441768744,96.0543328963373,"Smooth","Max. Reward Condition",40,"7",16,3,82,127,"Long",0.0621414203040019,0.723563293652924,NA,0.448298212939105,"localGP"
"3943",16,37,3,7,53.4998993765657,96.0543328963373,"Smooth","Max. Reward Condition",40,"7",16,6,81,127,"Long",0.0621414203040019,0.723563293652924,NA,0.448298212939105,"localGP"
"3944",16,38,2,7,20.8380154740656,96.0543328963373,"Smooth","Max. Reward Condition",40,"7",16,6,80,127,"Long",0.0621414203040019,0.723563293652924,NA,0.448298212939105,"localGP"
"3945",16,39,7,4,33.4912199403317,96.0543328963373,"Smooth","Max. Reward Condition",40,"7",16,5,52,127,"Long",0.0621414203040019,0.723563293652924,NA,0.448298212939105,"localGP"
"3946",16,40,7,9,31.0713174604534,96.0543328963373,"Smooth","Max. Reward Condition",40,"7",16,1,107,127,"Long",0.0621414203040019,0.723563293652924,NA,0.448298212939105,"localGP"
"3947",16,41,7,8,21.7601105267846,96.0543328963373,"Smooth","Max. Reward Condition",40,"7",16,1,96,127,"Long",0.0621414203040019,0.723563293652924,NA,0.448298212939105,"localGP"
"3948",16,1,3,2,87.0484650270771,87.0484650270771,"Smooth","Max. Reward Condition",20,"8",18,NA,26,128,"Short",0.0776446995073149,0.680541269662085,NA,0.510767136617898,"localGP"
"3949",16,2,4,2,74.4058624133972,87.0484650270771,"Smooth","Max. Reward Condition",20,"8",18,1,27,128,"Short",0.0776446995073149,0.680541269662085,NA,0.510767136617898,"localGP"
"3950",16,3,3,2,87.0484650270771,87.0484650270771,"Smooth","Max. Reward Condition",20,"8",18,1,26,128,"Short",0.0776446995073149,0.680541269662085,NA,0.510767136617898,"localGP"
"3951",16,4,3,1,75.1442624365829,87.0484650270771,"Smooth","Max. Reward Condition",20,"8",18,3,15,128,"Short",0.0776446995073149,0.680541269662085,NA,0.510767136617898,"localGP"
"3952",16,5,2,1,70.0239835784985,87.0484650270771,"Smooth","Max. Reward Condition",20,"8",18,1,14,128,"Short",0.0776446995073149,0.680541269662085,NA,0.510767136617898,"localGP"
"3953",16,6,2,2,100,100,"Smooth","Max. Reward Condition",20,"8",18,1,25,128,"Short",0.0776446995073149,0.680541269662085,NA,0.510767136617898,"localGP"
"3954",16,7,2,3,53.5961483472986,100,"Smooth","Max. Reward Condition",20,"8",18,1,36,128,"Short",0.0776446995073149,0.680541269662085,NA,0.510767136617898,"localGP"
"3955",16,8,8,0,49.6392731518266,100,"Smooth","Max. Reward Condition",20,"8",18,1,9,128,"Short",0.0776446995073149,0.680541269662085,NA,0.510767136617898,"localGP"
"3956",16,9,9,0,42.0409614410277,100,"Smooth","Max. Reward Condition",20,"8",18,1,10,128,"Short",0.0776446995073149,0.680541269662085,NA,0.510767136617898,"localGP"
"3957",16,10,10,0,38.2617250048476,100,"Smooth","Max. Reward Condition",20,"8",18,3,11,128,"Short",0.0776446995073149,0.680541269662085,NA,0.510767136617898,"localGP"
"3958",16,11,9,9,61.1848749174221,100,"Smooth","Max. Reward Condition",20,"8",18,1,109,128,"Short",0.0776446995073149,0.680541269662085,NA,0.510767136617898,"localGP"
"3959",16,12,8,9,44.1981806048447,100,"Smooth","Max. Reward Condition",20,"8",18,2,108,128,"Short",0.0776446995073149,0.680541269662085,NA,0.510767136617898,"localGP"
"3960",16,13,8,8,58.8343770395875,100,"Smooth","Max. Reward Condition",20,"8",18,1,97,128,"Short",0.0776446995073149,0.680541269662085,NA,0.510767136617898,"localGP"
"3961",16,14,9,8,80.6519418863633,100,"Smooth","Max. Reward Condition",20,"8",18,1,98,128,"Short",0.0776446995073149,0.680541269662085,NA,0.510767136617898,"localGP"
"3962",16,15,9,7,72.9623547713888,100,"Smooth","Max. Reward Condition",20,"8",18,3,87,128,"Short",0.0776446995073149,0.680541269662085,NA,0.510767136617898,"localGP"
"3963",16,16,9,6,46.7105802523154,100,"Smooth","Max. Reward Condition",20,"8",18,4,76,128,"Short",0.0776446995073149,0.680541269662085,NA,0.510767136617898,"localGP"
"3964",16,17,9,2,46.2486687787869,100,"Smooth","Max. Reward Condition",20,"8",18,5,32,128,"Short",0.0776446995073149,0.680541269662085,NA,0.510767136617898,"localGP"
"3965",16,18,9,3,52.6770087163606,100,"Smooth","Max. Reward Condition",20,"8",18,2,43,128,"Short",0.0776446995073149,0.680541269662085,NA,0.510767136617898,"localGP"
"3966",16,19,7,3,0,100,"Smooth","Max. Reward Condition",20,"8",18,1,41,128,"Short",0.0776446995073149,0.680541269662085,NA,0.510767136617898,"localGP"
"3967",16,20,5,4,37.8791272787462,100,"Smooth","Max. Reward Condition",20,"8",18,1,50,128,"Short",0.0776446995073149,0.680541269662085,NA,0.510767136617898,"localGP"
"3968",16,21,5,5,61.5391732787472,100,"Smooth","Max. Reward Condition",20,"8",18,3,61,128,"Short",0.0776446995073149,0.680541269662085,NA,0.510767136617898,"localGP"
"3969",17,1,4,2,29.5493469848231,29.5493469848231,"Rough","Avg. Reward Condition",20,"1",6,NA,27,129,"Short",0.0959240208555135,0.652315093207446,NA,0.563002219593479,"localGP"
"3970",17,2,4,1,54.7263505752768,54.7263505752768,"Rough","Avg. Reward Condition",20,"1",6,6,16,129,"Short",0.0959240208555135,0.652315093207446,NA,0.563002219593479,"localGP"
"3971",17,3,3,1,50.2100304142553,54.7263505752768,"Rough","Avg. Reward Condition",20,"1",6,5,15,129,"Short",0.0959240208555135,0.652315093207446,NA,0.563002219593479,"localGP"
"3972",17,4,2,1,32.7608851957518,54.7263505752768,"Rough","Avg. Reward Condition",20,"1",6,1,14,129,"Short",0.0959240208555135,0.652315093207446,NA,0.563002219593479,"localGP"
"3973",17,5,3,5,0,54.7263505752768,"Rough","Avg. Reward Condition",20,"1",6,2,59,129,"Short",0.0959240208555135,0.652315093207446,NA,0.563002219593479,"localGP"
"3974",17,6,6,8,47.1218833343134,54.7263505752768,"Rough","Avg. Reward Condition",20,"1",6,2,95,129,"Short",0.0959240208555135,0.652315093207446,NA,0.563002219593479,"localGP"
"3975",17,7,7,8,41.2867547239503,54.7263505752768,"Rough","Avg. Reward Condition",20,"1",6,1,96,129,"Short",0.0959240208555135,0.652315093207446,NA,0.563002219593479,"localGP"
"3976",17,8,8,4,54.5470358257258,54.7263505752768,"Rough","Avg. Reward Condition",20,"1",6,1,53,129,"Short",0.0959240208555135,0.652315093207446,NA,0.563002219593479,"localGP"
"3977",17,9,8,5,61.1665881936145,61.1665881936145,"Rough","Avg. Reward Condition",20,"1",6,2,64,129,"Short",0.0959240208555135,0.652315093207446,NA,0.563002219593479,"localGP"
"3978",17,10,8,6,60.0245821381091,61.1665881936145,"Rough","Avg. Reward Condition",20,"1",6,1,75,129,"Short",0.0959240208555135,0.652315093207446,NA,0.563002219593479,"localGP"
"3979",17,11,8,7,50.5413361109473,61.1665881936145,"Rough","Avg. Reward Condition",20,"1",6,2,86,129,"Short",0.0959240208555135,0.652315093207446,NA,0.563002219593479,"localGP"
"3980",17,12,7,0,94.4174730147353,94.4174730147353,"Rough","Avg. Reward Condition",20,"1",6,1,8,129,"Short",0.0959240208555135,0.652315093207446,NA,0.563002219593479,"localGP"
"3981",17,13,6,0,94.4963050018738,94.4963050018738,"Rough","Avg. Reward Condition",20,"1",6,1,7,129,"Short",0.0959240208555135,0.652315093207446,NA,0.563002219593479,"localGP"
"3982",17,14,6,0,94.4963050018738,94.4963050018738,"Rough","Avg. Reward Condition",20,"1",6,4,7,129,"Short",0.0959240208555135,0.652315093207446,NA,0.563002219593479,"localGP"
"3983",17,15,3,3,53.304494443318,94.4963050018738,"Rough","Avg. Reward Condition",20,"1",6,5,37,129,"Short",0.0959240208555135,0.652315093207446,NA,0.563002219593479,"localGP"
"3984",17,16,2,3,75.7021822863485,94.4963050018738,"Rough","Avg. Reward Condition",20,"1",6,2,36,129,"Short",0.0959240208555135,0.652315093207446,NA,0.563002219593479,"localGP"
"3985",17,17,1,3,70.5820098602199,94.4963050018738,"Rough","Avg. Reward Condition",20,"1",6,1,35,129,"Short",0.0959240208555135,0.652315093207446,NA,0.563002219593479,"localGP"
"3986",17,18,1,4,80.1452331951454,94.4963050018738,"Rough","Avg. Reward Condition",20,"1",6,3,46,129,"Short",0.0959240208555135,0.652315093207446,NA,0.563002219593479,"localGP"
"3987",17,19,2,8,11.0893535309519,94.4963050018738,"Rough","Avg. Reward Condition",20,"1",6,1,91,129,"Short",0.0959240208555135,0.652315093207446,NA,0.563002219593479,"localGP"
"3988",17,20,1,8,26.3468808811105,94.4963050018738,"Rough","Avg. Reward Condition",20,"1",6,1,90,129,"Short",0.0959240208555135,0.652315093207446,NA,0.563002219593479,"localGP"
"3989",17,21,1,9,36.7437798963148,94.4963050018738,"Rough","Avg. Reward Condition",20,"1",6,3,101,129,"Short",0.0959240208555135,0.652315093207446,NA,0.563002219593479,"localGP"
"3990",17,1,6,10,40.244981968157,40.244981968157,"Rough","Avg. Reward Condition",40,"2",14,NA,117,130,"Long",0.126826954421271,0.490030240263051,NA,0.695817257531851,"localGP"
"3991",17,2,0,9,55.3224243950514,55.3224243950514,"Rough","Avg. Reward Condition",40,"2",14,6,100,130,"Long",0.126826954421271,0.490030240263051,NA,0.695817257531851,"localGP"
"3992",17,3,0,8,35.7214499575293,55.3224243950514,"Rough","Avg. Reward Condition",40,"2",14,10,89,130,"Long",0.126826954421271,0.490030240263051,NA,0.695817257531851,"localGP"
"3993",17,4,7,6,23.0283508760921,55.3224243950514,"Rough","Avg. Reward Condition",40,"2",14,10,74,130,"Long",0.126826954421271,0.490030240263051,NA,0.695817257531851,"localGP"
"3994",17,5,7,7,54.0986871423135,55.3224243950514,"Rough","Avg. Reward Condition",40,"2",14,10,85,130,"Long",0.126826954421271,0.490030240263051,NA,0.695817257531851,"localGP"
"3995",17,6,6,0,43.3311523001001,55.3224243950514,"Rough","Avg. Reward Condition",40,"2",14,11,7,130,"Long",0.126826954421271,0.490030240263051,NA,0.695817257531851,"localGP"
"3996",17,7,7,0,11.3051024452039,55.3224243950514,"Rough","Avg. Reward Condition",40,"2",14,1,8,130,"Long",0.126826954421271,0.490030240263051,NA,0.695817257531851,"localGP"
"3997",17,8,8,0,0,55.3224243950514,"Rough","Avg. Reward Condition",40,"2",14,1,9,130,"Long",0.126826954421271,0.490030240263051,NA,0.695817257531851,"localGP"
"3998",17,9,8,1,32.7569952824828,55.3224243950514,"Rough","Avg. Reward Condition",40,"2",14,2,20,130,"Long",0.126826954421271,0.490030240263051,NA,0.695817257531851,"localGP"
"3999",17,10,7,1,25.1625322047614,55.3224243950514,"Rough","Avg. Reward Condition",40,"2",14,1,19,130,"Long",0.126826954421271,0.490030240263051,NA,0.695817257531851,"localGP"
"4000",17,11,6,2,45.4146704420325,55.3224243950514,"Rough","Avg. Reward Condition",40,"2",14,1,29,130,"Long",0.126826954421271,0.490030240263051,NA,0.695817257531851,"localGP"
"4001",17,12,6,1,38.5929151137272,55.3224243950514,"Rough","Avg. Reward Condition",40,"2",14,1,18,130,"Long",0.126826954421271,0.490030240263051,NA,0.695817257531851,"localGP"
"4002",17,13,1,5,56.5450425488561,56.5450425488561,"Rough","Avg. Reward Condition",40,"2",14,1,57,130,"Long",0.126826954421271,0.490030240263051,NA,0.695817257531851,"localGP"
"4003",17,14,1,6,65.2952902215334,65.2952902215334,"Rough","Avg. Reward Condition",40,"2",14,1,68,130,"Long",0.126826954421271,0.490030240263051,NA,0.695817257531851,"localGP"
"4004",17,15,2,6,67.3937194364363,67.3937194364363,"Rough","Avg. Reward Condition",40,"2",14,1,69,130,"Long",0.126826954421271,0.490030240263051,NA,0.695817257531851,"localGP"
"4005",17,16,3,6,62.6985194647097,67.3937194364363,"Rough","Avg. Reward Condition",40,"2",14,1,70,130,"Long",0.126826954421271,0.490030240263051,NA,0.695817257531851,"localGP"
"4006",17,17,2,9,44.7784563041284,67.3937194364363,"Rough","Avg. Reward Condition",40,"2",14,1,102,130,"Long",0.126826954421271,0.490030240263051,NA,0.695817257531851,"localGP"
"4007",17,18,2,8,35.4444030293938,67.3937194364363,"Rough","Avg. Reward Condition",40,"2",14,1,91,130,"Long",0.126826954421271,0.490030240263051,NA,0.695817257531851,"localGP"
"4008",17,19,6,6,28.3443995527315,67.3937194364363,"Rough","Avg. Reward Condition",40,"2",14,1,73,130,"Long",0.126826954421271,0.490030240263051,NA,0.695817257531851,"localGP"
"4009",17,20,3,10,73.0643820876039,73.0643820876039,"Rough","Avg. Reward Condition",40,"2",14,1,114,130,"Long",0.126826954421271,0.490030240263051,NA,0.695817257531851,"localGP"
"4010",17,21,8,5,20.9914514214434,73.0643820876039,"Rough","Avg. Reward Condition",40,"2",14,1,64,130,"Long",0.126826954421271,0.490030240263051,NA,0.695817257531851,"localGP"
"4011",17,22,5,5,19.3481905334313,73.0643820876039,"Rough","Avg. Reward Condition",40,"2",14,1,61,130,"Long",0.126826954421271,0.490030240263051,NA,0.695817257531851,"localGP"
"4012",17,23,2,7,55.242778504398,73.0643820876039,"Rough","Avg. Reward Condition",40,"2",14,1,80,130,"Long",0.126826954421271,0.490030240263051,NA,0.695817257531851,"localGP"
"4013",17,24,0,10,52.5762240445858,73.0643820876039,"Rough","Avg. Reward Condition",40,"2",14,1,111,130,"Long",0.126826954421271,0.490030240263051,NA,0.695817257531851,"localGP"
"4014",17,25,1,10,45.3799352902399,73.0643820876039,"Rough","Avg. Reward Condition",40,"2",14,1,112,130,"Long",0.126826954421271,0.490030240263051,NA,0.695817257531851,"localGP"
"4015",17,26,2,10,57.5696420564348,73.0643820876039,"Rough","Avg. Reward Condition",40,"2",14,18,113,130,"Long",0.126826954421271,0.490030240263051,NA,0.695817257531851,"localGP"
"4016",17,27,1,8,31.7848586206524,73.0643820876039,"Rough","Avg. Reward Condition",40,"2",14,1,90,130,"Long",0.126826954421271,0.490030240263051,NA,0.695817257531851,"localGP"
"4017",17,28,1,9,49.7358582140662,73.0643820876039,"Rough","Avg. Reward Condition",40,"2",14,1,101,130,"Long",0.126826954421271,0.490030240263051,NA,0.695817257531851,"localGP"
"4018",17,29,5,4,33.1949686505856,73.0643820876039,"Rough","Avg. Reward Condition",40,"2",14,3,50,130,"Long",0.126826954421271,0.490030240263051,NA,0.695817257531851,"localGP"
"4019",17,30,6,4,31.7673275946696,73.0643820876039,"Rough","Avg. Reward Condition",40,"2",14,1,51,130,"Long",0.126826954421271,0.490030240263051,NA,0.695817257531851,"localGP"
"4020",17,31,7,6,23.0283508760921,73.0643820876039,"Rough","Avg. Reward Condition",40,"2",14,9,74,130,"Long",0.126826954421271,0.490030240263051,NA,0.695817257531851,"localGP"
"4021",17,32,8,0,0,73.0643820876039,"Rough","Avg. Reward Condition",40,"2",14,1,9,130,"Long",0.126826954421271,0.490030240263051,NA,0.695817257531851,"localGP"
"4022",17,33,7,3,40.584194910341,73.0643820876039,"Rough","Avg. Reward Condition",40,"2",14,1,41,130,"Long",0.126826954421271,0.490030240263051,NA,0.695817257531851,"localGP"
"4023",17,34,8,4,21.7301827501008,73.0643820876039,"Rough","Avg. Reward Condition",40,"2",14,1,53,130,"Long",0.126826954421271,0.490030240263051,NA,0.695817257531851,"localGP"
"4024",17,35,7,4,30.1967224118984,73.0643820876039,"Rough","Avg. Reward Condition",40,"2",14,1,52,130,"Long",0.126826954421271,0.490030240263051,NA,0.695817257531851,"localGP"
"4025",17,36,8,8,71.5418011701731,73.0643820876039,"Rough","Avg. Reward Condition",40,"2",14,3,97,130,"Long",0.126826954421271,0.490030240263051,NA,0.695817257531851,"localGP"
"4026",17,37,8,9,77.111237702123,77.111237702123,"Rough","Avg. Reward Condition",40,"2",14,2,108,130,"Long",0.126826954421271,0.490030240263051,NA,0.695817257531851,"localGP"
"4027",17,38,8,10,56.0539932412239,77.111237702123,"Rough","Avg. Reward Condition",40,"2",14,1,119,130,"Long",0.126826954421271,0.490030240263051,NA,0.695817257531851,"localGP"
"4028",17,39,9,10,28.085231327396,77.111237702123,"Rough","Avg. Reward Condition",40,"2",14,2,120,130,"Long",0.126826954421271,0.490030240263051,NA,0.695817257531851,"localGP"
"4029",17,40,10,10,16.6581489852358,77.111237702123,"Rough","Avg. Reward Condition",40,"2",14,1,121,130,"Long",0.126826954421271,0.490030240263051,NA,0.695817257531851,"localGP"
"4030",17,41,10,5,30.1430147577339,77.111237702123,"Rough","Avg. Reward Condition",40,"2",14,2,66,130,"Long",0.126826954421271,0.490030240263051,NA,0.695817257531851,"localGP"
"4031",17,1,8,10,71.5964693856376,71.5964693856376,"Rough","Avg. Reward Condition",20,"3",16,NA,119,131,"Short",0.109957838856332,0.669669879079295,NA,0.64438769333163,"localGP"
"4032",17,2,7,3,32.8647798695032,71.5964693856376,"Rough","Avg. Reward Condition",20,"3",16,1,41,131,"Short",0.109957838856332,0.669669879079295,NA,0.64438769333163,"localGP"
"4033",17,3,7,4,33.4912199403317,71.5964693856376,"Rough","Avg. Reward Condition",20,"3",16,2,52,131,"Short",0.109957838856332,0.669669879079295,NA,0.64438769333163,"localGP"
"4034",17,4,8,4,42.8412484535967,71.5964693856376,"Rough","Avg. Reward Condition",20,"3",16,2,53,131,"Short",0.109957838856332,0.669669879079295,NA,0.64438769333163,"localGP"
"4035",17,5,8,5,55.4827017867846,71.5964693856376,"Rough","Avg. Reward Condition",20,"3",16,1,64,131,"Short",0.109957838856332,0.669669879079295,NA,0.64438769333163,"localGP"
"4036",17,6,9,5,54.5094189956315,71.5964693856376,"Rough","Avg. Reward Condition",20,"3",16,1,65,131,"Short",0.109957838856332,0.669669879079295,NA,0.64438769333163,"localGP"
"4037",17,7,9,6,72.6451286930569,72.6451286930569,"Rough","Avg. Reward Condition",20,"3",16,1,76,131,"Short",0.109957838856332,0.669669879079295,NA,0.64438769333163,"localGP"
"4038",17,8,8,2,32.4684678328566,72.6451286930569,"Rough","Avg. Reward Condition",20,"3",16,1,31,131,"Short",0.109957838856332,0.669669879079295,NA,0.64438769333163,"localGP"
"4039",17,9,8,1,52.8904958122933,72.6451286930569,"Rough","Avg. Reward Condition",20,"3",16,1,20,131,"Short",0.109957838856332,0.669669879079295,NA,0.64438769333163,"localGP"
"4040",17,10,7,1,57.8916852099034,72.6451286930569,"Rough","Avg. Reward Condition",20,"3",16,1,19,131,"Short",0.109957838856332,0.669669879079295,NA,0.64438769333163,"localGP"
"4041",17,11,5,0,42.7676425321103,72.6451286930569,"Rough","Avg. Reward Condition",20,"3",16,1,6,131,"Short",0.109957838856332,0.669669879079295,NA,0.64438769333163,"localGP"
"4042",17,12,6,2,37.2945484739635,72.6451286930569,"Rough","Avg. Reward Condition",20,"3",16,2,29,131,"Short",0.109957838856332,0.669669879079295,NA,0.64438769333163,"localGP"
"4043",17,13,5,2,15.5566285414622,72.6451286930569,"Rough","Avg. Reward Condition",20,"3",16,1,28,131,"Short",0.109957838856332,0.669669879079295,NA,0.64438769333163,"localGP"
"4044",17,14,9,3,6.15546941628624,72.6451286930569,"Rough","Avg. Reward Condition",20,"3",16,1,43,131,"Short",0.109957838856332,0.669669879079295,NA,0.64438769333163,"localGP"
"4045",17,15,10,2,56.4762656457171,72.6451286930569,"Rough","Avg. Reward Condition",20,"3",16,6,33,131,"Short",0.109957838856332,0.669669879079295,NA,0.64438769333163,"localGP"
"4046",17,16,8,1,52.8904958122933,72.6451286930569,"Rough","Avg. Reward Condition",20,"3",16,3,20,131,"Short",0.109957838856332,0.669669879079295,NA,0.64438769333163,"localGP"
"4047",17,17,9,1,49.5835644833186,72.6451286930569,"Rough","Avg. Reward Condition",20,"3",16,5,21,131,"Short",0.109957838856332,0.669669879079295,NA,0.64438769333163,"localGP"
"4048",17,18,1,3,12.8351269156198,72.6451286930569,"Rough","Avg. Reward Condition",20,"3",16,10,35,131,"Short",0.109957838856332,0.669669879079295,NA,0.64438769333163,"localGP"
"4049",17,19,1,4,16.6041970073858,72.6451286930569,"Rough","Avg. Reward Condition",20,"3",16,10,46,131,"Short",0.109957838856332,0.669669879079295,NA,0.64438769333163,"localGP"
"4050",17,20,1,5,4.1424885441266,72.6451286930569,"Rough","Avg. Reward Condition",20,"3",16,10,57,131,"Short",0.109957838856332,0.669669879079295,NA,0.64438769333163,"localGP"
"4051",17,21,2,5,41.71018551704,72.6451286930569,"Rough","Avg. Reward Condition",20,"3",16,1,58,131,"Short",0.109957838856332,0.669669879079295,NA,0.64438769333163,"localGP"
"4052",17,1,8,7,44.4895686177393,44.4895686177393,"Rough","Avg. Reward Condition",40,"4",11,NA,86,132,"Long",0.103346918941724,0.536586809868625,NA,0.644408442690617,"localGP"
"4053",17,2,7,7,41.1147763409862,44.4895686177393,"Rough","Avg. Reward Condition",40,"4",11,8,85,132,"Long",0.103346918941724,0.536586809868625,NA,0.644408442690617,"localGP"
"4054",17,3,0,6,64.4347453431336,64.4347453431336,"Rough","Avg. Reward Condition",40,"4",11,10,67,132,"Long",0.103346918941724,0.536586809868625,NA,0.644408442690617,"localGP"
"4055",17,4,0,5,32.447397425839,64.4347453431336,"Rough","Avg. Reward Condition",40,"4",11,10,56,132,"Long",0.103346918941724,0.536586809868625,NA,0.644408442690617,"localGP"
"4056",17,5,1,5,17.0308109764636,64.4347453431336,"Rough","Avg. Reward Condition",40,"4",11,10,57,132,"Long",0.103346918941724,0.536586809868625,NA,0.644408442690617,"localGP"
"4057",17,6,3,1,47.2843944908468,64.4347453431336,"Rough","Avg. Reward Condition",40,"4",11,11,15,132,"Long",0.103346918941724,0.536586809868625,NA,0.644408442690617,"localGP"
"4058",17,7,4,1,66.1495990392583,66.1495990392583,"Rough","Avg. Reward Condition",40,"4",11,1,16,132,"Long",0.103346918941724,0.536586809868625,NA,0.644408442690617,"localGP"
"4059",17,8,4,0,44.8118345976793,66.1495990392583,"Rough","Avg. Reward Condition",40,"4",11,1,5,132,"Long",0.103346918941724,0.536586809868625,NA,0.644408442690617,"localGP"
"4060",17,9,5,6,49.4392607625957,66.1495990392583,"Rough","Avg. Reward Condition",40,"4",11,9,72,132,"Long",0.103346918941724,0.536586809868625,NA,0.644408442690617,"localGP"
"4061",17,10,5,5,40.8445443747299,66.1495990392583,"Rough","Avg. Reward Condition",40,"4",11,3,61,132,"Long",0.103346918941724,0.536586809868625,NA,0.644408442690617,"localGP"
"4062",17,11,4,5,18.9411739420766,66.1495990392583,"Rough","Avg. Reward Condition",40,"4",11,1,60,132,"Long",0.103346918941724,0.536586809868625,NA,0.644408442690617,"localGP"
"4063",17,12,2,5,2.60066814407864,66.1495990392583,"Rough","Avg. Reward Condition",40,"4",11,2,58,132,"Long",0.103346918941724,0.536586809868625,NA,0.644408442690617,"localGP"
"4064",17,13,8,2,27.9169058810438,66.1495990392583,"Rough","Avg. Reward Condition",40,"4",11,1,31,132,"Long",0.103346918941724,0.536586809868625,NA,0.644408442690617,"localGP"
"4065",17,14,9,2,22.5222349190201,66.1495990392583,"Rough","Avg. Reward Condition",40,"4",11,0,32,132,"Long",0.103346918941724,0.536586809868625,NA,0.644408442690617,"localGP"
"4066",17,15,9,0,14.1036247824297,66.1495990392583,"Rough","Avg. Reward Condition",40,"4",11,2,10,132,"Long",0.103346918941724,0.536586809868625,NA,0.644408442690617,"localGP"
"4067",17,16,10,0,23.8973959656056,66.1495990392583,"Rough","Avg. Reward Condition",40,"4",11,2,11,132,"Long",0.103346918941724,0.536586809868625,NA,0.644408442690617,"localGP"
"4068",17,17,10,2,3.70972504488681,66.1495990392583,"Rough","Avg. Reward Condition",40,"4",11,4,33,132,"Long",0.103346918941724,0.536586809868625,NA,0.644408442690617,"localGP"
"4069",17,18,10,1,6.63857271825725,66.1495990392583,"Rough","Avg. Reward Condition",40,"4",11,1,22,132,"Long",0.103346918941724,0.536586809868625,NA,0.644408442690617,"localGP"
"4070",17,19,2,3,41.0550340200253,66.1495990392583,"Rough","Avg. Reward Condition",40,"4",11,1,36,132,"Long",0.103346918941724,0.536586809868625,NA,0.644408442690617,"localGP"
"4071",17,20,1,3,57.3052531096848,66.1495990392583,"Rough","Avg. Reward Condition",40,"4",11,0,35,132,"Long",0.103346918941724,0.536586809868625,NA,0.644408442690617,"localGP"
"4072",17,21,3,7,59.6140621219219,66.1495990392583,"Rough","Avg. Reward Condition",40,"4",11,8,81,132,"Long",0.103346918941724,0.536586809868625,NA,0.644408442690617,"localGP"
"4073",17,22,2,7,55.5981513858235,66.1495990392583,"Rough","Avg. Reward Condition",40,"4",11,2,80,132,"Long",0.103346918941724,0.536586809868625,NA,0.644408442690617,"localGP"
"4074",17,23,2,8,51.021079018963,66.1495990392583,"Rough","Avg. Reward Condition",40,"4",11,4,91,132,"Long",0.103346918941724,0.536586809868625,NA,0.644408442690617,"localGP"
"4075",17,24,3,8,64.4887240517494,66.1495990392583,"Rough","Avg. Reward Condition",40,"4",11,1,92,132,"Long",0.103346918941724,0.536586809868625,NA,0.644408442690617,"localGP"
"4076",17,25,4,8,79.4784884383396,79.4784884383396,"Rough","Avg. Reward Condition",40,"4",11,9,93,132,"Long",0.103346918941724,0.536586809868625,NA,0.644408442690617,"localGP"
"4077",17,26,4,7,65.5617086800568,79.4784884383396,"Rough","Avg. Reward Condition",40,"4",11,10,82,132,"Long",0.103346918941724,0.536586809868625,NA,0.644408442690617,"localGP"
"4078",17,27,5,7,51.7565921683248,79.4784884383396,"Rough","Avg. Reward Condition",40,"4",11,8,83,132,"Long",0.103346918941724,0.536586809868625,NA,0.644408442690617,"localGP"
"4079",17,28,5,8,54.8387102771574,79.4784884383396,"Rough","Avg. Reward Condition",40,"4",11,2,94,132,"Long",0.103346918941724,0.536586809868625,NA,0.644408442690617,"localGP"
"4080",17,29,6,8,28.6530615090915,79.4784884383396,"Rough","Avg. Reward Condition",40,"4",11,1,95,132,"Long",0.103346918941724,0.536586809868625,NA,0.644408442690617,"localGP"
"4081",17,30,9,4,34.9976006588863,79.4784884383396,"Rough","Avg. Reward Condition",40,"4",11,2,54,132,"Long",0.103346918941724,0.536586809868625,NA,0.644408442690617,"localGP"
"4082",17,31,10,4,30.4922270378704,79.4784884383396,"Rough","Avg. Reward Condition",40,"4",11,16,55,132,"Long",0.103346918941724,0.536586809868625,NA,0.644408442690617,"localGP"
"4083",17,32,10,3,16.8579870376679,79.4784884383396,"Rough","Avg. Reward Condition",40,"4",11,3,44,132,"Long",0.103346918941724,0.536586809868625,NA,0.644408442690617,"localGP"
"4084",17,33,9,3,44.6212995024142,79.4784884383396,"Rough","Avg. Reward Condition",40,"4",11,1,43,132,"Long",0.103346918941724,0.536586809868625,NA,0.644408442690617,"localGP"
"4085",17,34,8,4,42.7763415301342,79.4784884383396,"Rough","Avg. Reward Condition",40,"4",11,1,53,132,"Long",0.103346918941724,0.536586809868625,NA,0.644408442690617,"localGP"
"4086",17,35,7,4,66.5199662009468,79.4784884383396,"Rough","Avg. Reward Condition",40,"4",11,2,52,132,"Long",0.103346918941724,0.536586809868625,NA,0.644408442690617,"localGP"
"4087",17,36,7,5,74.6263346102851,79.4784884383396,"Rough","Avg. Reward Condition",40,"4",11,4,63,132,"Long",0.103346918941724,0.536586809868625,NA,0.644408442690617,"localGP"
"4088",17,37,8,5,25.4104652088754,79.4784884383396,"Rough","Avg. Reward Condition",40,"4",11,1,64,132,"Long",0.103346918941724,0.536586809868625,NA,0.644408442690617,"localGP"
"4089",17,38,8,6,60.0661393407619,79.4784884383396,"Rough","Avg. Reward Condition",40,"4",11,1,75,132,"Long",0.103346918941724,0.536586809868625,NA,0.644408442690617,"localGP"
"4090",17,39,7,6,78.20301873206,79.4784884383396,"Rough","Avg. Reward Condition",40,"4",11,10,74,132,"Long",0.103346918941724,0.536586809868625,NA,0.644408442690617,"localGP"
"4091",17,40,10,2,3.70972504488681,79.4784884383396,"Rough","Avg. Reward Condition",40,"4",11,1,33,132,"Long",0.103346918941724,0.536586809868625,NA,0.644408442690617,"localGP"
"4092",17,41,6,8,28.6530615090915,79.4784884383396,"Rough","Avg. Reward Condition",40,"4",11,2,95,132,"Long",0.103346918941724,0.536586809868625,NA,0.644408442690617,"localGP"
"4093",17,1,6,9,44.7235531380428,44.7235531380428,"Rough","Avg. Reward Condition",20,"5",12,NA,106,133,"Short",0.0997564654122763,0.826370621863176,NA,0.609560251540273,"localGP"
"4094",17,2,6,8,66.326299077943,66.326299077943,"Rough","Avg. Reward Condition",20,"5",12,1,95,133,"Short",0.0997564654122763,0.826370621863176,NA,0.609560251540273,"localGP"
"4095",17,3,5,8,82.0331276528132,82.0331276528132,"Rough","Avg. Reward Condition",20,"5",12,1,94,133,"Short",0.0997564654122763,0.826370621863176,NA,0.609560251540273,"localGP"
"4096",17,4,4,7,71.8109228804708,82.0331276528132,"Rough","Avg. Reward Condition",20,"5",12,1,82,133,"Short",0.0997564654122763,0.826370621863176,NA,0.609560251540273,"localGP"
"4097",17,5,4,8,46.4068555234457,82.0331276528132,"Rough","Avg. Reward Condition",20,"5",12,1,93,133,"Short",0.0997564654122763,0.826370621863176,NA,0.609560251540273,"localGP"
"4098",17,6,1,6,45.9269738346831,82.0331276528132,"Rough","Avg. Reward Condition",20,"5",12,1,68,133,"Short",0.0997564654122763,0.826370621863176,NA,0.609560251540273,"localGP"
"4099",17,7,1,5,60.2115433548299,82.0331276528132,"Rough","Avg. Reward Condition",20,"5",12,1,57,133,"Short",0.0997564654122763,0.826370621863176,NA,0.609560251540273,"localGP"
"4100",17,8,0,5,77.2112954701878,82.0331276528132,"Rough","Avg. Reward Condition",20,"5",12,1,56,133,"Short",0.0997564654122763,0.826370621863176,NA,0.609560251540273,"localGP"
"4101",17,9,0,4,73.4344016997412,82.0331276528132,"Rough","Avg. Reward Condition",20,"5",12,1,45,133,"Short",0.0997564654122763,0.826370621863176,NA,0.609560251540273,"localGP"
"4102",17,10,4,7,71.8109228804708,82.0331276528132,"Rough","Avg. Reward Condition",20,"5",12,5,82,133,"Short",0.0997564654122763,0.826370621863176,NA,0.609560251540273,"localGP"
"4103",17,11,3,7,42.7325962499658,82.0331276528132,"Rough","Avg. Reward Condition",20,"5",12,1,81,133,"Short",0.0997564654122763,0.826370621863176,NA,0.609560251540273,"localGP"
"4104",17,12,4,6,68.9050868774384,82.0331276528132,"Rough","Avg. Reward Condition",20,"5",12,1,71,133,"Short",0.0997564654122763,0.826370621863176,NA,0.609560251540273,"localGP"
"4105",17,13,7,4,50.9267348648604,82.0331276528132,"Rough","Avg. Reward Condition",20,"5",12,1,52,133,"Short",0.0997564654122763,0.826370621863176,NA,0.609560251540273,"localGP"
"4106",17,14,8,6,87.8662142990348,87.8662142990348,"Rough","Avg. Reward Condition",20,"5",12,12,75,133,"Short",0.0997564654122763,0.826370621863176,NA,0.609560251540273,"localGP"
"4107",17,15,8,5,68.8394216351871,87.8662142990348,"Rough","Avg. Reward Condition",20,"5",12,1,64,133,"Short",0.0997564654122763,0.826370621863176,NA,0.609560251540273,"localGP"
"4108",17,16,9,5,58.7716718822745,87.8662142990348,"Rough","Avg. Reward Condition",20,"5",12,1,65,133,"Short",0.0997564654122763,0.826370621863176,NA,0.609560251540273,"localGP"
"4109",17,17,9,6,67.9862039342171,87.8662142990348,"Rough","Avg. Reward Condition",20,"5",12,1,76,133,"Short",0.0997564654122763,0.826370621863176,NA,0.609560251540273,"localGP"
"4110",17,18,9,7,78.9152227809253,87.8662142990348,"Rough","Avg. Reward Condition",20,"5",12,2,87,133,"Short",0.0997564654122763,0.826370621863176,NA,0.609560251540273,"localGP"
"4111",17,19,10,7,59.9919604087236,87.8662142990348,"Rough","Avg. Reward Condition",20,"5",12,1,88,133,"Short",0.0997564654122763,0.826370621863176,NA,0.609560251540273,"localGP"
"4112",17,20,9,8,85.7573935505375,87.8662142990348,"Rough","Avg. Reward Condition",20,"5",12,1,98,133,"Short",0.0997564654122763,0.826370621863176,NA,0.609560251540273,"localGP"
"4113",17,21,8,8,74.2665096632298,87.8662142990348,"Rough","Avg. Reward Condition",20,"5",12,1,97,133,"Short",0.0997564654122763,0.826370621863176,NA,0.609560251540273,"localGP"
"4114",17,1,9,7,49.674641221052,49.674641221052,"Rough","Avg. Reward Condition",40,"6",3,NA,87,134,"Long",0.116947154531698,0.515108976597984,NA,0.654295275711507,"localGP"
"4115",17,2,9,10,56.585007074553,56.585007074553,"Rough","Avg. Reward Condition",40,"6",3,5,120,134,"Long",0.116947154531698,0.515108976597984,NA,0.654295275711507,"localGP"
"4116",17,3,9,9,64.5300150123819,64.5300150123819,"Rough","Avg. Reward Condition",40,"6",3,10,109,134,"Long",0.116947154531698,0.515108976597984,NA,0.654295275711507,"localGP"
"4117",17,4,10,9,83.9309950136253,83.9309950136253,"Rough","Avg. Reward Condition",40,"6",3,10,110,134,"Long",0.116947154531698,0.515108976597984,NA,0.654295275711507,"localGP"
"4118",17,5,10,6,69.1638610636693,83.9309950136253,"Rough","Avg. Reward Condition",40,"6",3,10,77,134,"Long",0.116947154531698,0.515108976597984,NA,0.654295275711507,"localGP"
"4119",17,6,9,6,44.7930308508045,83.9309950136253,"Rough","Avg. Reward Condition",40,"6",3,11,76,134,"Long",0.116947154531698,0.515108976597984,NA,0.654295275711507,"localGP"
"4120",17,7,1,7,36.7922771302289,83.9309950136253,"Rough","Avg. Reward Condition",40,"6",3,1,79,134,"Long",0.116947154531698,0.515108976597984,NA,0.654295275711507,"localGP"
"4121",17,8,0,7,30.0086994835873,83.9309950136253,"Rough","Avg. Reward Condition",40,"6",3,1,78,134,"Long",0.116947154531698,0.515108976597984,NA,0.654295275711507,"localGP"
"4122",17,9,2,3,30.603751713123,83.9309950136253,"Rough","Avg. Reward Condition",40,"6",3,1,36,134,"Long",0.116947154531698,0.515108976597984,NA,0.654295275711507,"localGP"
"4123",17,10,10,5,66.5733513621972,83.9309950136253,"Rough","Avg. Reward Condition",40,"6",3,1,66,134,"Long",0.116947154531698,0.515108976597984,NA,0.654295275711507,"localGP"
"4124",17,11,9,5,55.8126955341154,83.9309950136253,"Rough","Avg. Reward Condition",40,"6",3,1,65,134,"Long",0.116947154531698,0.515108976597984,NA,0.654295275711507,"localGP"
"4125",17,12,6,0,17.8640708688048,83.9309950136253,"Rough","Avg. Reward Condition",40,"6",3,1,7,134,"Long",0.116947154531698,0.515108976597984,NA,0.654295275711507,"localGP"
"4126",17,13,5,0,9.64595698214346,83.9309950136253,"Rough","Avg. Reward Condition",40,"6",3,1,6,134,"Long",0.116947154531698,0.515108976597984,NA,0.654295275711507,"localGP"
"4127",17,14,5,1,10.7719922717038,83.9309950136253,"Rough","Avg. Reward Condition",40,"6",3,2,17,134,"Long",0.116947154531698,0.515108976597984,NA,0.654295275711507,"localGP"
"4128",17,15,6,1,32.7748600046913,83.9309950136253,"Rough","Avg. Reward Condition",40,"6",3,1,18,134,"Long",0.116947154531698,0.515108976597984,NA,0.654295275711507,"localGP"
"4129",17,16,6,2,71.6274675486182,83.9309950136253,"Rough","Avg. Reward Condition",40,"6",3,1,29,134,"Long",0.116947154531698,0.515108976597984,NA,0.654295275711507,"localGP"
"4130",17,17,7,2,63.8501760294012,83.9309950136253,"Rough","Avg. Reward Condition",40,"6",3,4,30,134,"Long",0.116947154531698,0.515108976597984,NA,0.654295275711507,"localGP"
"4131",17,18,7,3,65.2894287443007,83.9309950136253,"Rough","Avg. Reward Condition",40,"6",3,1,41,134,"Long",0.116947154531698,0.515108976597984,NA,0.654295275711507,"localGP"
"4132",17,19,8,5,39.6478380945369,83.9309950136253,"Rough","Avg. Reward Condition",40,"6",3,1,64,134,"Long",0.116947154531698,0.515108976597984,NA,0.654295275711507,"localGP"
"4133",17,20,6,3,72.3648366559739,83.9309950136253,"Rough","Avg. Reward Condition",40,"6",3,1,40,134,"Long",0.116947154531698,0.515108976597984,NA,0.654295275711507,"localGP"
"4134",17,21,9,3,32.6557513762686,83.9309950136253,"Rough","Avg. Reward Condition",40,"6",3,1,43,134,"Long",0.116947154531698,0.515108976597984,NA,0.654295275711507,"localGP"
"4135",17,22,9,0,0,83.9309950136253,"Rough","Avg. Reward Condition",40,"6",3,1,10,134,"Long",0.116947154531698,0.515108976597984,NA,0.654295275711507,"localGP"
"4136",17,23,4,4,49.7580304361875,83.9309950136253,"Rough","Avg. Reward Condition",40,"6",3,1,49,134,"Long",0.116947154531698,0.515108976597984,NA,0.654295275711507,"localGP"
"4137",17,24,4,5,54.5351061532027,83.9309950136253,"Rough","Avg. Reward Condition",40,"6",3,0,60,134,"Long",0.116947154531698,0.515108976597984,NA,0.654295275711507,"localGP"
"4138",17,25,3,5,45.7673029552207,83.9309950136253,"Rough","Avg. Reward Condition",40,"6",3,1,59,134,"Long",0.116947154531698,0.515108976597984,NA,0.654295275711507,"localGP"
"4139",17,26,2,5,22.080089893032,83.9309950136253,"Rough","Avg. Reward Condition",40,"6",3,4,58,134,"Long",0.116947154531698,0.515108976597984,NA,0.654295275711507,"localGP"
"4140",17,27,3,7,41.1726557910907,83.9309950136253,"Rough","Avg. Reward Condition",40,"6",3,1,81,134,"Long",0.116947154531698,0.515108976597984,NA,0.654295275711507,"localGP"
"4141",17,28,4,7,73.9799406731188,83.9309950136253,"Rough","Avg. Reward Condition",40,"6",3,1,82,134,"Long",0.116947154531698,0.515108976597984,NA,0.654295275711507,"localGP"
"4142",17,29,4,6,65.0620615185849,83.9309950136253,"Rough","Avg. Reward Condition",40,"6",3,1,71,134,"Long",0.116947154531698,0.515108976597984,NA,0.654295275711507,"localGP"
"4143",17,30,5,6,47.8129336861214,83.9309950136253,"Rough","Avg. Reward Condition",40,"6",3,1,72,134,"Long",0.116947154531698,0.515108976597984,NA,0.654295275711507,"localGP"
"4144",17,31,5,5,43.9510730907808,83.9309950136253,"Rough","Avg. Reward Condition",40,"6",3,1,61,134,"Long",0.116947154531698,0.515108976597984,NA,0.654295275711507,"localGP"
"4145",17,32,5,4,50.7453556763626,83.9309950136253,"Rough","Avg. Reward Condition",40,"6",3,1,50,134,"Long",0.116947154531698,0.515108976597984,NA,0.654295275711507,"localGP"
"4146",17,33,5,3,63.6314304033713,83.9309950136253,"Rough","Avg. Reward Condition",40,"6",3,2,39,134,"Long",0.116947154531698,0.515108976597984,NA,0.654295275711507,"localGP"
"4147",17,34,4,3,48.5897341820255,83.9309950136253,"Rough","Avg. Reward Condition",40,"6",3,0,38,134,"Long",0.116947154531698,0.515108976597984,NA,0.654295275711507,"localGP"
"4148",17,35,8,10,41.0809609626061,83.9309950136253,"Rough","Avg. Reward Condition",40,"6",3,1,119,134,"Long",0.116947154531698,0.515108976597984,NA,0.654295275711507,"localGP"
"4149",17,36,6,5,34.8312473198158,83.9309950136253,"Rough","Avg. Reward Condition",40,"6",3,2,62,134,"Long",0.116947154531698,0.515108976597984,NA,0.654295275711507,"localGP"
"4150",17,37,6,6,43.2008505736077,83.9309950136253,"Rough","Avg. Reward Condition",40,"6",3,3,73,134,"Long",0.116947154531698,0.515108976597984,NA,0.654295275711507,"localGP"
"4151",17,38,6,7,47.0402121528256,83.9309950136253,"Rough","Avg. Reward Condition",40,"6",3,1,84,134,"Long",0.116947154531698,0.515108976597984,NA,0.654295275711507,"localGP"
"4152",17,39,4,8,67.6195096925002,83.9309950136253,"Rough","Avg. Reward Condition",40,"6",3,1,93,134,"Long",0.116947154531698,0.515108976597984,NA,0.654295275711507,"localGP"
"4153",17,40,4,9,39.9254255955642,83.9309950136253,"Rough","Avg. Reward Condition",40,"6",3,1,104,134,"Long",0.116947154531698,0.515108976597984,NA,0.654295275711507,"localGP"
"4154",17,41,4,10,39.6228842539641,83.9309950136253,"Rough","Avg. Reward Condition",40,"6",3,1,115,134,"Long",0.116947154531698,0.515108976597984,NA,0.654295275711507,"localGP"
"4155",17,1,0,1,40.9480065952068,40.9480065952068,"Rough","Avg. Reward Condition",20,"7",8,NA,12,135,"Short",0.0949186288814509,0.723675383878035,NA,0.612217820627092,"localGP"
"4156",17,2,10,2,57.5348979137983,57.5348979137983,"Rough","Avg. Reward Condition",20,"7",8,1,33,135,"Short",0.0949186288814509,0.723675383878035,NA,0.612217820627092,"localGP"
"4157",17,3,10,1,40.1836169652237,57.5348979137983,"Rough","Avg. Reward Condition",20,"7",8,2,22,135,"Short",0.0949186288814509,0.723675383878035,NA,0.612217820627092,"localGP"
"4158",17,4,7,6,46.0927708056765,57.5348979137983,"Rough","Avg. Reward Condition",20,"7",8,1,74,135,"Short",0.0949186288814509,0.723675383878035,NA,0.612217820627092,"localGP"
"4159",17,5,7,7,17.1903965403995,57.5348979137983,"Rough","Avg. Reward Condition",20,"7",8,0,85,135,"Short",0.0949186288814509,0.723675383878035,NA,0.612217820627092,"localGP"
"4160",17,6,7,8,32.7481973120659,57.5348979137983,"Rough","Avg. Reward Condition",20,"7",8,1,96,135,"Short",0.0949186288814509,0.723675383878035,NA,0.612217820627092,"localGP"
"4161",17,7,8,8,0,57.5348979137983,"Rough","Avg. Reward Condition",20,"7",8,1,97,135,"Short",0.0949186288814509,0.723675383878035,NA,0.612217820627092,"localGP"
"4162",17,8,6,9,54.5546785707911,57.5348979137983,"Rough","Avg. Reward Condition",20,"7",8,0,106,135,"Short",0.0949186288814509,0.723675383878035,NA,0.612217820627092,"localGP"
"4163",17,9,5,9,44.3361493266823,57.5348979137983,"Rough","Avg. Reward Condition",20,"7",8,1,105,135,"Short",0.0949186288814509,0.723675383878035,NA,0.612217820627092,"localGP"
"4164",17,10,4,9,45.6417969596103,57.5348979137983,"Rough","Avg. Reward Condition",20,"7",8,5,104,135,"Short",0.0949186288814509,0.723675383878035,NA,0.612217820627092,"localGP"
"4165",17,11,3,9,40.8521738054873,57.5348979137983,"Rough","Avg. Reward Condition",20,"7",8,0,103,135,"Short",0.0949186288814509,0.723675383878035,NA,0.612217820627092,"localGP"
"4166",17,12,3,10,63.8923159509584,63.8923159509584,"Rough","Avg. Reward Condition",20,"7",8,2,114,135,"Short",0.0949186288814509,0.723675383878035,NA,0.612217820627092,"localGP"
"4167",17,13,2,10,80.310641709381,80.310641709381,"Rough","Avg. Reward Condition",20,"7",8,2,113,135,"Short",0.0949186288814509,0.723675383878035,NA,0.612217820627092,"localGP"
"4168",17,14,1,10,55.500663546292,80.310641709381,"Rough","Avg. Reward Condition",20,"7",8,3,112,135,"Short",0.0949186288814509,0.723675383878035,NA,0.612217820627092,"localGP"
"4169",17,15,1,9,48.6391024853793,80.310641709381,"Rough","Avg. Reward Condition",20,"7",8,3,101,135,"Short",0.0949186288814509,0.723675383878035,NA,0.612217820627092,"localGP"
"4170",17,16,0,9,69.7292299048647,80.310641709381,"Rough","Avg. Reward Condition",20,"7",8,2,100,135,"Short",0.0949186288814509,0.723675383878035,NA,0.612217820627092,"localGP"
"4171",17,17,0,8,76.1914645017141,80.310641709381,"Rough","Avg. Reward Condition",20,"7",8,8,89,135,"Short",0.0949186288814509,0.723675383878035,NA,0.612217820627092,"localGP"
"4172",17,18,0,7,41.9871780226949,80.310641709381,"Rough","Avg. Reward Condition",20,"7",8,1,78,135,"Short",0.0949186288814509,0.723675383878035,NA,0.612217820627092,"localGP"
"4173",17,19,10,2,57.5348979137983,80.310641709381,"Rough","Avg. Reward Condition",20,"7",8,2,33,135,"Short",0.0949186288814509,0.723675383878035,NA,0.612217820627092,"localGP"
"4174",17,20,10,3,75.7135998190363,80.310641709381,"Rough","Avg. Reward Condition",20,"7",8,13,44,135,"Short",0.0949186288814509,0.723675383878035,NA,0.612217820627092,"localGP"
"4175",17,21,10,4,82.6261489879953,82.6261489879953,"Rough","Avg. Reward Condition",20,"7",8,1,55,135,"Short",0.0949186288814509,0.723675383878035,NA,0.612217820627092,"localGP"
"4176",17,1,10,9,53.0594493428652,53.0594493428652,"Rough","Avg. Reward Condition",40,"8",0,NA,110,136,"Long",18.8059063373597,0.0102430827880513,NA,147.904808668324,"localGP"
"4177",17,2,10,10,51.9145522661239,53.0594493428652,"Rough","Avg. Reward Condition",40,"8",0,10,121,136,"Long",18.8059063373597,0.0102430827880513,NA,147.904808668324,"localGP"
"4178",17,3,2,8,43.1292001162466,53.0594493428652,"Rough","Avg. Reward Condition",40,"8",0,10,91,136,"Long",18.8059063373597,0.0102430827880513,NA,147.904808668324,"localGP"
"4179",17,4,2,7,42.7772511233164,53.0594493428652,"Rough","Avg. Reward Condition",40,"8",0,10,80,136,"Long",18.8059063373597,0.0102430827880513,NA,147.904808668324,"localGP"
"4180",17,5,1,7,65.8282604254796,65.8282604254796,"Rough","Avg. Reward Condition",40,"8",0,10,79,136,"Long",18.8059063373597,0.0102430827880513,NA,147.904808668324,"localGP"
"4181",17,6,0,7,100,100,"Rough","Avg. Reward Condition",40,"8",0,1,78,136,"Long",18.8059063373597,0.0102430827880513,NA,147.904808668324,"localGP"
"4182",17,7,0,6,86.6558005262952,100,"Rough","Avg. Reward Condition",40,"8",0,1,67,136,"Long",18.8059063373597,0.0102430827880513,NA,147.904808668324,"localGP"
"4183",17,8,1,6,76.1819602246697,100,"Rough","Avg. Reward Condition",40,"8",0,1,68,136,"Long",18.8059063373597,0.0102430827880513,NA,147.904808668324,"localGP"
"4184",17,9,2,6,50.7364669239803,100,"Rough","Avg. Reward Condition",40,"8",0,2,69,136,"Long",18.8059063373597,0.0102430827880513,NA,147.904808668324,"localGP"
"4185",17,10,3,6,45.9504807109025,100,"Rough","Avg. Reward Condition",40,"8",0,1,70,136,"Long",18.8059063373597,0.0102430827880513,NA,147.904808668324,"localGP"
"4186",17,11,6,5,38.4802247226953,100,"Rough","Avg. Reward Condition",40,"8",0,2,62,136,"Long",18.8059063373597,0.0102430827880513,NA,147.904808668324,"localGP"
"4187",17,12,5,5,2.28166204896147,100,"Rough","Avg. Reward Condition",40,"8",0,2,61,136,"Long",18.8059063373597,0.0102430827880513,NA,147.904808668324,"localGP"
"4188",17,13,5,4,41.9694329426613,100,"Rough","Avg. Reward Condition",40,"8",0,1,50,136,"Long",18.8059063373597,0.0102430827880513,NA,147.904808668324,"localGP"
"4189",17,14,6,4,26.4092350309844,100,"Rough","Avg. Reward Condition",40,"8",0,2,51,136,"Long",18.8059063373597,0.0102430827880513,NA,147.904808668324,"localGP"
"4190",17,15,7,4,41.500031362003,100,"Rough","Avg. Reward Condition",40,"8",0,1,52,136,"Long",18.8059063373597,0.0102430827880513,NA,147.904808668324,"localGP"
"4191",17,16,10,6,47.7902004449391,100,"Rough","Avg. Reward Condition",40,"8",0,1,77,136,"Long",18.8059063373597,0.0102430827880513,NA,147.904808668324,"localGP"
"4192",17,17,6,0,31.7584982892941,100,"Rough","Avg. Reward Condition",40,"8",0,4,7,136,"Long",18.8059063373597,0.0102430827880513,NA,147.904808668324,"localGP"
"4193",17,18,5,0,51.8823056501457,100,"Rough","Avg. Reward Condition",40,"8",0,2,6,136,"Long",18.8059063373597,0.0102430827880513,NA,147.904808668324,"localGP"
"4194",17,19,9,4,26.0631617428535,100,"Rough","Avg. Reward Condition",40,"8",0,1,54,136,"Long",18.8059063373597,0.0102430827880513,NA,147.904808668324,"localGP"
"4195",17,20,7,9,29.4163528194198,100,"Rough","Avg. Reward Condition",40,"8",0,1,107,136,"Long",18.8059063373597,0.0102430827880513,NA,147.904808668324,"localGP"
"4196",17,21,7,10,0,100,"Rough","Avg. Reward Condition",40,"8",0,1,118,136,"Long",18.8059063373597,0.0102430827880513,NA,147.904808668324,"localGP"
"4197",17,22,6,10,20.7252504989893,100,"Rough","Avg. Reward Condition",40,"8",0,2,117,136,"Long",18.8059063373597,0.0102430827880513,NA,147.904808668324,"localGP"
"4198",17,23,6,9,38.5462096801416,100,"Rough","Avg. Reward Condition",40,"8",0,1,106,136,"Long",18.8059063373597,0.0102430827880513,NA,147.904808668324,"localGP"
"4199",17,24,8,9,62.5269000754681,100,"Rough","Avg. Reward Condition",40,"8",0,1,108,136,"Long",18.8059063373597,0.0102430827880513,NA,147.904808668324,"localGP"
"4200",17,25,8,10,35.964674339905,100,"Rough","Avg. Reward Condition",40,"8",0,1,119,136,"Long",18.8059063373597,0.0102430827880513,NA,147.904808668324,"localGP"
"4201",17,26,9,10,64.79218841543,100,"Rough","Avg. Reward Condition",40,"8",0,1,120,136,"Long",18.8059063373597,0.0102430827880513,NA,147.904808668324,"localGP"
"4202",17,27,9,9,79.2865457179187,100,"Rough","Avg. Reward Condition",40,"8",0,1,109,136,"Long",18.8059063373597,0.0102430827880513,NA,147.904808668324,"localGP"
"4203",17,28,4,3,60.3338826341623,100,"Rough","Avg. Reward Condition",40,"8",0,1,38,136,"Long",18.8059063373597,0.0102430827880513,NA,147.904808668324,"localGP"
"4204",17,29,3,3,58.6757331286265,100,"Rough","Avg. Reward Condition",40,"8",0,1,37,136,"Long",18.8059063373597,0.0102430827880513,NA,147.904808668324,"localGP"
"4205",17,30,2,3,65.4652426884159,100,"Rough","Avg. Reward Condition",40,"8",0,3,36,136,"Long",18.8059063373597,0.0102430827880513,NA,147.904808668324,"localGP"
"4206",17,31,1,3,82.5162957459714,100,"Rough","Avg. Reward Condition",40,"8",0,1,35,136,"Long",18.8059063373597,0.0102430827880513,NA,147.904808668324,"localGP"
"4207",17,32,0,0,35.9067188197196,100,"Rough","Avg. Reward Condition",40,"8",0,1,1,136,"Long",18.8059063373597,0.0102430827880513,NA,147.904808668324,"localGP"
"4208",17,33,0,3,67.8002087512036,100,"Rough","Avg. Reward Condition",40,"8",0,1,34,136,"Long",18.8059063373597,0.0102430827880513,NA,147.904808668324,"localGP"
"4209",17,34,0,4,73.5825236697953,100,"Rough","Avg. Reward Condition",40,"8",0,3,45,136,"Long",18.8059063373597,0.0102430827880513,NA,147.904808668324,"localGP"
"4210",17,35,0,5,65.7958331067151,100,"Rough","Avg. Reward Condition",40,"8",0,1,56,136,"Long",18.8059063373597,0.0102430827880513,NA,147.904808668324,"localGP"
"4211",17,36,3,5,42.0356921571109,100,"Rough","Avg. Reward Condition",40,"8",0,1,59,136,"Long",18.8059063373597,0.0102430827880513,NA,147.904808668324,"localGP"
"4212",17,37,3,4,72.1209794617426,100,"Rough","Avg. Reward Condition",40,"8",0,1,48,136,"Long",18.8059063373597,0.0102430827880513,NA,147.904808668324,"localGP"
"4213",17,38,2,4,52.0374453788032,100,"Rough","Avg. Reward Condition",40,"8",0,1,47,136,"Long",18.8059063373597,0.0102430827880513,NA,147.904808668324,"localGP"
"4214",17,39,10,5,1.48105880791409,100,"Rough","Avg. Reward Condition",40,"8",0,1,66,136,"Long",18.8059063373597,0.0102430827880513,NA,147.904808668324,"localGP"
"4215",17,40,8,5,25.4664364845841,100,"Rough","Avg. Reward Condition",40,"8",0,1,64,136,"Long",18.8059063373597,0.0102430827880513,NA,147.904808668324,"localGP"
"4216",17,41,8,4,38.5202921963772,100,"Rough","Avg. Reward Condition",40,"8",0,1,53,136,"Long",18.8059063373597,0.0102430827880513,NA,147.904808668324,"localGP"
"4217",18,1,9,2,61.2328313853332,61.2328313853332,"Rough","Avg. Reward Condition",40,"1",17,NA,32,137,"Long",0.0365152988684281,1.1850829961291,NA,0.0756329535642585,"localGP"
"4218",18,2,10,0,27.0967332866998,61.2328313853332,"Rough","Avg. Reward Condition",40,"1",17,1,11,137,"Long",0.0365152988684281,1.1850829961291,NA,0.0756329535642585,"localGP"
"4219",18,3,9,5,49.3600787974706,61.2328313853332,"Rough","Avg. Reward Condition",40,"1",17,1,65,137,"Long",0.0365152988684281,1.1850829961291,NA,0.0756329535642585,"localGP"
"4220",18,4,7,9,30.9576770826755,61.2328313853332,"Rough","Avg. Reward Condition",40,"1",17,1,107,137,"Long",0.0365152988684281,1.1850829961291,NA,0.0756329535642585,"localGP"
"4221",18,5,6,3,42.4608725278466,61.2328313853332,"Rough","Avg. Reward Condition",40,"1",17,2,40,137,"Long",0.0365152988684281,1.1850829961291,NA,0.0756329535642585,"localGP"
"4222",18,6,9,6,69.0496352033319,69.0496352033319,"Rough","Avg. Reward Condition",40,"1",17,2,76,137,"Long",0.0365152988684281,1.1850829961291,NA,0.0756329535642585,"localGP"
"4223",18,7,10,6,67.2792889568495,69.0496352033319,"Rough","Avg. Reward Condition",40,"1",17,3,77,137,"Long",0.0365152988684281,1.1850829961291,NA,0.0756329535642585,"localGP"
"4224",18,8,3,10,66.9843682918031,69.0496352033319,"Rough","Avg. Reward Condition",40,"1",17,1,114,137,"Long",0.0365152988684281,1.1850829961291,NA,0.0756329535642585,"localGP"
"4225",18,9,4,10,42.5458481354348,69.0496352033319,"Rough","Avg. Reward Condition",40,"1",17,1,115,137,"Long",0.0365152988684281,1.1850829961291,NA,0.0756329535642585,"localGP"
"4226",18,10,5,5,42.2377203459465,69.0496352033319,"Rough","Avg. Reward Condition",40,"1",17,0,61,137,"Long",0.0365152988684281,1.1850829961291,NA,0.0756329535642585,"localGP"
"4227",18,11,2,2,22.1855612210246,69.0496352033319,"Rough","Avg. Reward Condition",40,"1",17,0,25,137,"Long",0.0365152988684281,1.1850829961291,NA,0.0756329535642585,"localGP"
"4228",18,12,8,10,49.8309633888128,69.0496352033319,"Rough","Avg. Reward Condition",40,"1",17,0,119,137,"Long",0.0365152988684281,1.1850829961291,NA,0.0756329535642585,"localGP"
"4229",18,13,8,10,49.8309633888128,69.0496352033319,"Rough","Avg. Reward Condition",40,"1",17,0,119,137,"Long",0.0365152988684281,1.1850829961291,NA,0.0756329535642585,"localGP"
"4230",18,14,0,0,62.377113880281,69.0496352033319,"Rough","Avg. Reward Condition",40,"1",17,0,1,137,"Long",0.0365152988684281,1.1850829961291,NA,0.0756329535642585,"localGP"
"4231",18,15,7,5,24.4140130068995,69.0496352033319,"Rough","Avg. Reward Condition",40,"1",17,0,63,137,"Long",0.0365152988684281,1.1850829961291,NA,0.0756329535642585,"localGP"
"4232",18,16,9,7,72.9342168010689,72.9342168010689,"Rough","Avg. Reward Condition",40,"1",17,0,87,137,"Long",0.0365152988684281,1.1850829961291,NA,0.0756329535642585,"localGP"
"4233",18,17,10,7,52.8033208285955,72.9342168010689,"Rough","Avg. Reward Condition",40,"1",17,0,88,137,"Long",0.0365152988684281,1.1850829961291,NA,0.0756329535642585,"localGP"
"4234",18,18,9,7,72.9342168010689,72.9342168010689,"Rough","Avg. Reward Condition",40,"1",17,0,87,137,"Long",0.0365152988684281,1.1850829961291,NA,0.0756329535642585,"localGP"
"4235",18,19,8,7,41.2249363226123,72.9342168010689,"Rough","Avg. Reward Condition",40,"1",17,0,86,137,"Long",0.0365152988684281,1.1850829961291,NA,0.0756329535642585,"localGP"
"4236",18,20,9,7,72.9342168010689,72.9342168010689,"Rough","Avg. Reward Condition",40,"1",17,0,87,137,"Long",0.0365152988684281,1.1850829961291,NA,0.0756329535642585,"localGP"
"4237",18,21,9,7,72.9342168010689,72.9342168010689,"Rough","Avg. Reward Condition",40,"1",17,0,87,137,"Long",0.0365152988684281,1.1850829961291,NA,0.0756329535642585,"localGP"
"4238",18,22,9,7,72.9342168010689,72.9342168010689,"Rough","Avg. Reward Condition",40,"1",17,0,87,137,"Long",0.0365152988684281,1.1850829961291,NA,0.0756329535642585,"localGP"
"4239",18,23,9,7,72.9342168010689,72.9342168010689,"Rough","Avg. Reward Condition",40,"1",17,0,87,137,"Long",0.0365152988684281,1.1850829961291,NA,0.0756329535642585,"localGP"
"4240",18,24,9,7,72.9342168010689,72.9342168010689,"Rough","Avg. Reward Condition",40,"1",17,0,87,137,"Long",0.0365152988684281,1.1850829961291,NA,0.0756329535642585,"localGP"
"4241",18,25,9,7,72.9342168010689,72.9342168010689,"Rough","Avg. Reward Condition",40,"1",17,0,87,137,"Long",0.0365152988684281,1.1850829961291,NA,0.0756329535642585,"localGP"
"4242",18,26,9,7,72.9342168010689,72.9342168010689,"Rough","Avg. Reward Condition",40,"1",17,0,87,137,"Long",0.0365152988684281,1.1850829961291,NA,0.0756329535642585,"localGP"
"4243",18,27,9,7,72.9342168010689,72.9342168010689,"Rough","Avg. Reward Condition",40,"1",17,0,87,137,"Long",0.0365152988684281,1.1850829961291,NA,0.0756329535642585,"localGP"
"4244",18,28,9,3,46.6566969511363,72.9342168010689,"Rough","Avg. Reward Condition",40,"1",17,0,43,137,"Long",0.0365152988684281,1.1850829961291,NA,0.0756329535642585,"localGP"
"4245",18,29,1,5,55.0007890272568,72.9342168010689,"Rough","Avg. Reward Condition",40,"1",17,0,57,137,"Long",0.0365152988684281,1.1850829961291,NA,0.0756329535642585,"localGP"
"4246",18,30,2,5,96.5712701527156,96.5712701527156,"Rough","Avg. Reward Condition",40,"1",17,0,58,137,"Long",0.0365152988684281,1.1850829961291,NA,0.0756329535642585,"localGP"
"4247",18,31,3,5,100,100,"Rough","Avg. Reward Condition",40,"1",17,0,59,137,"Long",0.0365152988684281,1.1850829961291,NA,0.0756329535642585,"localGP"
"4248",18,32,2,5,96.5712701527156,100,"Rough","Avg. Reward Condition",40,"1",17,0,58,137,"Long",0.0365152988684281,1.1850829961291,NA,0.0756329535642585,"localGP"
"4249",18,33,3,5,100,100,"Rough","Avg. Reward Condition",40,"1",17,0,59,137,"Long",0.0365152988684281,1.1850829961291,NA,0.0756329535642585,"localGP"
"4250",18,34,2,5,96.5712701527156,100,"Rough","Avg. Reward Condition",40,"1",17,0,58,137,"Long",0.0365152988684281,1.1850829961291,NA,0.0756329535642585,"localGP"
"4251",18,35,3,5,100,100,"Rough","Avg. Reward Condition",40,"1",17,0,59,137,"Long",0.0365152988684281,1.1850829961291,NA,0.0756329535642585,"localGP"
"4252",18,36,2,5,96.5712701527156,100,"Rough","Avg. Reward Condition",40,"1",17,0,58,137,"Long",0.0365152988684281,1.1850829961291,NA,0.0756329535642585,"localGP"
"4253",18,37,2,5,96.5712701527156,100,"Rough","Avg. Reward Condition",40,"1",17,0,58,137,"Long",0.0365152988684281,1.1850829961291,NA,0.0756329535642585,"localGP"
"4254",18,38,3,5,100,100,"Rough","Avg. Reward Condition",40,"1",17,0,59,137,"Long",0.0365152988684281,1.1850829961291,NA,0.0756329535642585,"localGP"
"4255",18,39,3,5,100,100,"Rough","Avg. Reward Condition",40,"1",17,0,59,137,"Long",0.0365152988684281,1.1850829961291,NA,0.0756329535642585,"localGP"
"4256",18,40,3,5,100,100,"Rough","Avg. Reward Condition",40,"1",17,0,59,137,"Long",0.0365152988684281,1.1850829961291,NA,0.0756329535642585,"localGP"
"4257",18,41,3,5,100,100,"Rough","Avg. Reward Condition",40,"1",17,0,59,137,"Long",0.0365152988684281,1.1850829961291,NA,0.0756329535642585,"localGP"
"4258",18,1,8,8,86.9112548531245,86.9112548531245,"Rough","Avg. Reward Condition",20,"2",3,NA,97,138,"Short",0.0594817865885564,0.745985600407562,NA,0.215040023629827,"localGP"
"4259",18,2,8,7,70.5152140178525,86.9112548531245,"Rough","Avg. Reward Condition",20,"2",3,2,86,138,"Short",0.0594817865885564,0.745985600407562,NA,0.215040023629827,"localGP"
"4260",18,3,8,8,86.9112548531245,86.9112548531245,"Rough","Avg. Reward Condition",20,"2",3,3,97,138,"Short",0.0594817865885564,0.745985600407562,NA,0.215040023629827,"localGP"
"4261",18,4,10,9,83.9309950136253,86.9112548531245,"Rough","Avg. Reward Condition",20,"2",3,2,110,138,"Short",0.0594817865885564,0.745985600407562,NA,0.215040023629827,"localGP"
"4262",18,5,9,9,64.5300150123819,86.9112548531245,"Rough","Avg. Reward Condition",20,"2",3,2,109,138,"Short",0.0594817865885564,0.745985600407562,NA,0.215040023629827,"localGP"
"4263",18,6,9,8,71.6014432205771,86.9112548531245,"Rough","Avg. Reward Condition",20,"2",3,0,98,138,"Short",0.0594817865885564,0.745985600407562,NA,0.215040023629827,"localGP"
"4264",18,7,8,8,86.9112548531245,86.9112548531245,"Rough","Avg. Reward Condition",20,"2",3,0,97,138,"Short",0.0594817865885564,0.745985600407562,NA,0.215040023629827,"localGP"
"4265",18,8,0,8,24.0810609048184,86.9112548531245,"Rough","Avg. Reward Condition",20,"2",3,0,89,138,"Short",0.0594817865885564,0.745985600407562,NA,0.215040023629827,"localGP"
"4266",18,9,1,5,38.9803477901221,86.9112548531245,"Rough","Avg. Reward Condition",20,"2",3,0,57,138,"Short",0.0594817865885564,0.745985600407562,NA,0.215040023629827,"localGP"
"4267",18,10,5,2,41.5069107029267,86.9112548531245,"Rough","Avg. Reward Condition",20,"2",3,0,28,138,"Short",0.0594817865885564,0.745985600407562,NA,0.215040023629827,"localGP"
"4268",18,11,10,5,66.5733513621972,86.9112548531245,"Rough","Avg. Reward Condition",20,"2",3,0,66,138,"Short",0.0594817865885564,0.745985600407562,NA,0.215040023629827,"localGP"
"4269",18,12,10,6,69.1638610636693,86.9112548531245,"Rough","Avg. Reward Condition",20,"2",3,0,77,138,"Short",0.0594817865885564,0.745985600407562,NA,0.215040023629827,"localGP"
"4270",18,13,9,5,55.8126955341154,86.9112548531245,"Rough","Avg. Reward Condition",20,"2",3,0,65,138,"Short",0.0594817865885564,0.745985600407562,NA,0.215040023629827,"localGP"
"4271",18,14,9,6,44.7930308508045,86.9112548531245,"Rough","Avg. Reward Condition",20,"2",3,0,76,138,"Short",0.0594817865885564,0.745985600407562,NA,0.215040023629827,"localGP"
"4272",18,15,5,9,48.3044171595969,86.9112548531245,"Rough","Avg. Reward Condition",20,"2",3,0,105,138,"Short",0.0594817865885564,0.745985600407562,NA,0.215040023629827,"localGP"
"4273",18,16,8,8,86.9112548531245,86.9112548531245,"Rough","Avg. Reward Condition",20,"2",3,0,97,138,"Short",0.0594817865885564,0.745985600407562,NA,0.215040023629827,"localGP"
"4274",18,17,8,8,86.9112548531245,86.9112548531245,"Rough","Avg. Reward Condition",20,"2",3,0,97,138,"Short",0.0594817865885564,0.745985600407562,NA,0.215040023629827,"localGP"
"4275",18,18,8,8,86.9112548531245,86.9112548531245,"Rough","Avg. Reward Condition",20,"2",3,0,97,138,"Short",0.0594817865885564,0.745985600407562,NA,0.215040023629827,"localGP"
"4276",18,19,8,8,86.9112548531245,86.9112548531245,"Rough","Avg. Reward Condition",20,"2",3,0,97,138,"Short",0.0594817865885564,0.745985600407562,NA,0.215040023629827,"localGP"
"4277",18,20,7,8,100,100,"Rough","Avg. Reward Condition",20,"2",3,0,96,138,"Short",0.0594817865885564,0.745985600407562,NA,0.215040023629827,"localGP"
"4278",18,21,7,8,100,100,"Rough","Avg. Reward Condition",20,"2",3,0,96,138,"Short",0.0594817865885564,0.745985600407562,NA,0.215040023629827,"localGP"
"4279",18,1,10,6,33.4645988807569,33.4645988807569,"Rough","Avg. Reward Condition",40,"3",11,NA,77,139,"Long",0.0342120267987074,1.67579477961332,NA,0.0305686641321631,"localGP"
"4280",18,2,5,10,87.2658829250153,87.2658829250153,"Rough","Avg. Reward Condition",40,"3",11,3,116,139,"Long",0.0342120267987074,1.67579477961332,NA,0.0305686641321631,"localGP"
"4281",18,3,5,10,87.2658829250153,87.2658829250153,"Rough","Avg. Reward Condition",40,"3",11,5,116,139,"Long",0.0342120267987074,1.67579477961332,NA,0.0305686641321631,"localGP"
"4282",18,4,4,10,100,100,"Rough","Avg. Reward Condition",40,"3",11,3,115,139,"Long",0.0342120267987074,1.67579477961332,NA,0.0305686641321631,"localGP"
"4283",18,5,3,10,47.1514098553432,100,"Rough","Avg. Reward Condition",40,"3",11,6,114,139,"Long",0.0342120267987074,1.67579477961332,NA,0.0305686641321631,"localGP"
"4284",18,6,4,10,100,100,"Rough","Avg. Reward Condition",40,"3",11,4,115,139,"Long",0.0342120267987074,1.67579477961332,NA,0.0305686641321631,"localGP"
"4285",18,7,4,10,100,100,"Rough","Avg. Reward Condition",40,"3",11,2,115,139,"Long",0.0342120267987074,1.67579477961332,NA,0.0305686641321631,"localGP"
"4286",18,8,4,10,100,100,"Rough","Avg. Reward Condition",40,"3",11,8,115,139,"Long",0.0342120267987074,1.67579477961332,NA,0.0305686641321631,"localGP"
"4287",18,9,4,10,100,100,"Rough","Avg. Reward Condition",40,"3",11,2,115,139,"Long",0.0342120267987074,1.67579477961332,NA,0.0305686641321631,"localGP"
"4288",18,10,4,10,100,100,"Rough","Avg. Reward Condition",40,"3",11,8,115,139,"Long",0.0342120267987074,1.67579477961332,NA,0.0305686641321631,"localGP"
"4289",18,11,4,10,100,100,"Rough","Avg. Reward Condition",40,"3",11,3,115,139,"Long",0.0342120267987074,1.67579477961332,NA,0.0305686641321631,"localGP"
"4290",18,12,4,10,100,100,"Rough","Avg. Reward Condition",40,"3",11,8,115,139,"Long",0.0342120267987074,1.67579477961332,NA,0.0305686641321631,"localGP"
"4291",18,13,4,10,100,100,"Rough","Avg. Reward Condition",40,"3",11,4,115,139,"Long",0.0342120267987074,1.67579477961332,NA,0.0305686641321631,"localGP"
"4292",18,14,4,10,100,100,"Rough","Avg. Reward Condition",40,"3",11,6,115,139,"Long",0.0342120267987074,1.67579477961332,NA,0.0305686641321631,"localGP"
"4293",18,15,4,9,78.163385341713,100,"Rough","Avg. Reward Condition",40,"3",11,2,104,139,"Long",0.0342120267987074,1.67579477961332,NA,0.0305686641321631,"localGP"
"4294",18,16,4,10,100,100,"Rough","Avg. Reward Condition",40,"3",11,1,115,139,"Long",0.0342120267987074,1.67579477961332,NA,0.0305686641321631,"localGP"
"4295",18,17,4,10,100,100,"Rough","Avg. Reward Condition",40,"3",11,2,115,139,"Long",0.0342120267987074,1.67579477961332,NA,0.0305686641321631,"localGP"
"4296",18,18,4,10,100,100,"Rough","Avg. Reward Condition",40,"3",11,1,115,139,"Long",0.0342120267987074,1.67579477961332,NA,0.0305686641321631,"localGP"
"4297",18,19,4,10,100,100,"Rough","Avg. Reward Condition",40,"3",11,0,115,139,"Long",0.0342120267987074,1.67579477961332,NA,0.0305686641321631,"localGP"
"4298",18,20,4,10,100,100,"Rough","Avg. Reward Condition",40,"3",11,0,115,139,"Long",0.0342120267987074,1.67579477961332,NA,0.0305686641321631,"localGP"
"4299",18,21,4,10,100,100,"Rough","Avg. Reward Condition",40,"3",11,0,115,139,"Long",0.0342120267987074,1.67579477961332,NA,0.0305686641321631,"localGP"
"4300",18,22,4,10,100,100,"Rough","Avg. Reward Condition",40,"3",11,0,115,139,"Long",0.0342120267987074,1.67579477961332,NA,0.0305686641321631,"localGP"
"4301",18,23,4,10,100,100,"Rough","Avg. Reward Condition",40,"3",11,0,115,139,"Long",0.0342120267987074,1.67579477961332,NA,0.0305686641321631,"localGP"
"4302",18,24,4,10,100,100,"Rough","Avg. Reward Condition",40,"3",11,0,115,139,"Long",0.0342120267987074,1.67579477961332,NA,0.0305686641321631,"localGP"
"4303",18,25,4,10,100,100,"Rough","Avg. Reward Condition",40,"3",11,0,115,139,"Long",0.0342120267987074,1.67579477961332,NA,0.0305686641321631,"localGP"
"4304",18,26,4,10,100,100,"Rough","Avg. Reward Condition",40,"3",11,0,115,139,"Long",0.0342120267987074,1.67579477961332,NA,0.0305686641321631,"localGP"
"4305",18,27,4,10,100,100,"Rough","Avg. Reward Condition",40,"3",11,0,115,139,"Long",0.0342120267987074,1.67579477961332,NA,0.0305686641321631,"localGP"
"4306",18,28,4,10,100,100,"Rough","Avg. Reward Condition",40,"3",11,0,115,139,"Long",0.0342120267987074,1.67579477961332,NA,0.0305686641321631,"localGP"
"4307",18,29,4,10,100,100,"Rough","Avg. Reward Condition",40,"3",11,0,115,139,"Long",0.0342120267987074,1.67579477961332,NA,0.0305686641321631,"localGP"
"4308",18,30,4,10,100,100,"Rough","Avg. Reward Condition",40,"3",11,0,115,139,"Long",0.0342120267987074,1.67579477961332,NA,0.0305686641321631,"localGP"
"4309",18,31,4,10,100,100,"Rough","Avg. Reward Condition",40,"3",11,0,115,139,"Long",0.0342120267987074,1.67579477961332,NA,0.0305686641321631,"localGP"
"4310",18,32,4,10,100,100,"Rough","Avg. Reward Condition",40,"3",11,0,115,139,"Long",0.0342120267987074,1.67579477961332,NA,0.0305686641321631,"localGP"
"4311",18,33,4,10,100,100,"Rough","Avg. Reward Condition",40,"3",11,0,115,139,"Long",0.0342120267987074,1.67579477961332,NA,0.0305686641321631,"localGP"
"4312",18,34,4,10,100,100,"Rough","Avg. Reward Condition",40,"3",11,0,115,139,"Long",0.0342120267987074,1.67579477961332,NA,0.0305686641321631,"localGP"
"4313",18,35,4,10,100,100,"Rough","Avg. Reward Condition",40,"3",11,0,115,139,"Long",0.0342120267987074,1.67579477961332,NA,0.0305686641321631,"localGP"
"4314",18,36,4,10,100,100,"Rough","Avg. Reward Condition",40,"3",11,0,115,139,"Long",0.0342120267987074,1.67579477961332,NA,0.0305686641321631,"localGP"
"4315",18,37,4,10,100,100,"Rough","Avg. Reward Condition",40,"3",11,0,115,139,"Long",0.0342120267987074,1.67579477961332,NA,0.0305686641321631,"localGP"
"4316",18,38,4,10,100,100,"Rough","Avg. Reward Condition",40,"3",11,0,115,139,"Long",0.0342120267987074,1.67579477961332,NA,0.0305686641321631,"localGP"
"4317",18,39,4,10,100,100,"Rough","Avg. Reward Condition",40,"3",11,0,115,139,"Long",0.0342120267987074,1.67579477961332,NA,0.0305686641321631,"localGP"
"4318",18,40,4,10,100,100,"Rough","Avg. Reward Condition",40,"3",11,0,115,139,"Long",0.0342120267987074,1.67579477961332,NA,0.0305686641321631,"localGP"
"4319",18,41,4,10,100,100,"Rough","Avg. Reward Condition",40,"3",11,0,115,139,"Long",0.0342120267987074,1.67579477961332,NA,0.0305686641321631,"localGP"
"4320",18,1,10,8,69.2360163709825,69.2360163709825,"Rough","Avg. Reward Condition",20,"4",7,NA,99,140,"Short",0.0522408149944265,0.563246878181854,NA,0.16975164730156,"localGP"
"4321",18,2,9,9,65.488052809232,69.2360163709825,"Rough","Avg. Reward Condition",20,"4",7,1,109,140,"Short",0.0522408149944265,0.563246878181854,NA,0.16975164730156,"localGP"
"4322",18,3,5,0,33.6288335225116,69.2360163709825,"Rough","Avg. Reward Condition",20,"4",7,3,6,140,"Short",0.0522408149944265,0.563246878181854,NA,0.16975164730156,"localGP"
"4323",18,4,0,10,25.1709150765201,69.2360163709825,"Rough","Avg. Reward Condition",20,"4",7,4,111,140,"Short",0.0522408149944265,0.563246878181854,NA,0.16975164730156,"localGP"
"4324",18,5,1,0,29.6758982233628,69.2360163709825,"Rough","Avg. Reward Condition",20,"4",7,7,2,140,"Short",0.0522408149944265,0.563246878181854,NA,0.16975164730156,"localGP"
"4325",18,6,5,8,32.817572820121,69.2360163709825,"Rough","Avg. Reward Condition",20,"4",7,7,94,140,"Short",0.0522408149944265,0.563246878181854,NA,0.16975164730156,"localGP"
"4326",18,7,8,5,94.611075528205,94.611075528205,"Rough","Avg. Reward Condition",20,"4",7,4,64,140,"Short",0.0522408149944265,0.563246878181854,NA,0.16975164730156,"localGP"
"4327",18,8,8,5,94.611075528205,94.611075528205,"Rough","Avg. Reward Condition",20,"4",7,3,64,140,"Short",0.0522408149944265,0.563246878181854,NA,0.16975164730156,"localGP"
"4328",18,9,8,5,94.611075528205,94.611075528205,"Rough","Avg. Reward Condition",20,"4",7,8,64,140,"Short",0.0522408149944265,0.563246878181854,NA,0.16975164730156,"localGP"
"4329",18,10,8,5,94.611075528205,94.611075528205,"Rough","Avg. Reward Condition",20,"4",7,1,64,140,"Short",0.0522408149944265,0.563246878181854,NA,0.16975164730156,"localGP"
"4330",18,11,8,5,94.611075528205,94.611075528205,"Rough","Avg. Reward Condition",20,"4",7,2,64,140,"Short",0.0522408149944265,0.563246878181854,NA,0.16975164730156,"localGP"
"4331",18,12,8,5,94.611075528205,94.611075528205,"Rough","Avg. Reward Condition",20,"4",7,2,64,140,"Short",0.0522408149944265,0.563246878181854,NA,0.16975164730156,"localGP"
"4332",18,13,8,5,94.611075528205,94.611075528205,"Rough","Avg. Reward Condition",20,"4",7,1,64,140,"Short",0.0522408149944265,0.563246878181854,NA,0.16975164730156,"localGP"
"4333",18,14,8,5,94.611075528205,94.611075528205,"Rough","Avg. Reward Condition",20,"4",7,2,64,140,"Short",0.0522408149944265,0.563246878181854,NA,0.16975164730156,"localGP"
"4334",18,15,8,5,94.611075528205,94.611075528205,"Rough","Avg. Reward Condition",20,"4",7,0,64,140,"Short",0.0522408149944265,0.563246878181854,NA,0.16975164730156,"localGP"
"4335",18,16,8,5,94.611075528205,94.611075528205,"Rough","Avg. Reward Condition",20,"4",7,0,64,140,"Short",0.0522408149944265,0.563246878181854,NA,0.16975164730156,"localGP"
"4336",18,17,8,5,94.611075528205,94.611075528205,"Rough","Avg. Reward Condition",20,"4",7,0,64,140,"Short",0.0522408149944265,0.563246878181854,NA,0.16975164730156,"localGP"
"4337",18,18,8,5,94.611075528205,94.611075528205,"Rough","Avg. Reward Condition",20,"4",7,0,64,140,"Short",0.0522408149944265,0.563246878181854,NA,0.16975164730156,"localGP"
"4338",18,19,8,5,94.611075528205,94.611075528205,"Rough","Avg. Reward Condition",20,"4",7,6,64,140,"Short",0.0522408149944265,0.563246878181854,NA,0.16975164730156,"localGP"
"4339",18,20,8,5,94.611075528205,94.611075528205,"Rough","Avg. Reward Condition",20,"4",7,8,64,140,"Short",0.0522408149944265,0.563246878181854,NA,0.16975164730156,"localGP"
"4340",18,21,8,5,94.611075528205,94.611075528205,"Rough","Avg. Reward Condition",20,"4",7,2,64,140,"Short",0.0522408149944265,0.563246878181854,NA,0.16975164730156,"localGP"
"4341",18,1,4,3,49.0806625951853,49.0806625951853,"Rough","Avg. Reward Condition",40,"5",2,NA,38,141,"Long",0.0311549415257155,1.69078789323283,NA,0.0662111429082887,"localGP"
"4342",18,2,3,2,43.186831415249,49.0806625951853,"Rough","Avg. Reward Condition",40,"5",2,8,26,141,"Long",0.0311549415257155,1.69078789323283,NA,0.0662111429082887,"localGP"
"4343",18,3,1,9,45.0686328655171,49.0806625951853,"Rough","Avg. Reward Condition",40,"5",2,8,101,141,"Long",0.0311549415257155,1.69078789323283,NA,0.0662111429082887,"localGP"
"4344",18,4,1,10,33.6796759387102,49.0806625951853,"Rough","Avg. Reward Condition",40,"5",2,1,112,141,"Long",0.0311549415257155,1.69078789323283,NA,0.0662111429082887,"localGP"
"4345",18,5,8,7,27.4177147480502,49.0806625951853,"Rough","Avg. Reward Condition",40,"5",2,2,86,141,"Long",0.0311549415257155,1.69078789323283,NA,0.0662111429082887,"localGP"
"4346",18,6,0,10,20.5241810833273,49.0806625951853,"Rough","Avg. Reward Condition",40,"5",2,1,111,141,"Long",0.0311549415257155,1.69078789323283,NA,0.0662111429082887,"localGP"
"4347",18,7,0,4,18.3881659852616,49.0806625951853,"Rough","Avg. Reward Condition",40,"5",2,2,45,141,"Long",0.0311549415257155,1.69078789323283,NA,0.0662111429082887,"localGP"
"4348",18,8,0,5,0,49.0806625951853,"Rough","Avg. Reward Condition",40,"5",2,2,56,141,"Long",0.0311549415257155,1.69078789323283,NA,0.0662111429082887,"localGP"
"4349",18,9,3,9,100,100,"Rough","Avg. Reward Condition",40,"5",2,1,103,141,"Long",0.0311549415257155,1.69078789323283,NA,0.0662111429082887,"localGP"
"4350",18,10,3,9,100,100,"Rough","Avg. Reward Condition",40,"5",2,0,103,141,"Long",0.0311549415257155,1.69078789323283,NA,0.0662111429082887,"localGP"
"4351",18,11,3,9,100,100,"Rough","Avg. Reward Condition",40,"5",2,0,103,141,"Long",0.0311549415257155,1.69078789323283,NA,0.0662111429082887,"localGP"
"4352",18,12,4,9,50.5750945891225,100,"Rough","Avg. Reward Condition",40,"5",2,0,104,141,"Long",0.0311549415257155,1.69078789323283,NA,0.0662111429082887,"localGP"
"4353",18,13,3,9,100,100,"Rough","Avg. Reward Condition",40,"5",2,0,103,141,"Long",0.0311549415257155,1.69078789323283,NA,0.0662111429082887,"localGP"
"4354",18,14,3,8,78.6066779803956,100,"Rough","Avg. Reward Condition",40,"5",2,0,92,141,"Long",0.0311549415257155,1.69078789323283,NA,0.0662111429082887,"localGP"
"4355",18,15,3,9,100,100,"Rough","Avg. Reward Condition",40,"5",2,0,103,141,"Long",0.0311549415257155,1.69078789323283,NA,0.0662111429082887,"localGP"
"4356",18,16,3,9,100,100,"Rough","Avg. Reward Condition",40,"5",2,4,103,141,"Long",0.0311549415257155,1.69078789323283,NA,0.0662111429082887,"localGP"
"4357",18,17,3,9,100,100,"Rough","Avg. Reward Condition",40,"5",2,6,103,141,"Long",0.0311549415257155,1.69078789323283,NA,0.0662111429082887,"localGP"
"4358",18,18,3,9,100,100,"Rough","Avg. Reward Condition",40,"5",2,7,103,141,"Long",0.0311549415257155,1.69078789323283,NA,0.0662111429082887,"localGP"
"4359",18,19,3,9,100,100,"Rough","Avg. Reward Condition",40,"5",2,1,103,141,"Long",0.0311549415257155,1.69078789323283,NA,0.0662111429082887,"localGP"
"4360",18,20,3,9,100,100,"Rough","Avg. Reward Condition",40,"5",2,2,103,141,"Long",0.0311549415257155,1.69078789323283,NA,0.0662111429082887,"localGP"
"4361",18,21,3,9,100,100,"Rough","Avg. Reward Condition",40,"5",2,0,103,141,"Long",0.0311549415257155,1.69078789323283,NA,0.0662111429082887,"localGP"
"4362",18,22,3,9,100,100,"Rough","Avg. Reward Condition",40,"5",2,0,103,141,"Long",0.0311549415257155,1.69078789323283,NA,0.0662111429082887,"localGP"
"4363",18,23,3,9,100,100,"Rough","Avg. Reward Condition",40,"5",2,0,103,141,"Long",0.0311549415257155,1.69078789323283,NA,0.0662111429082887,"localGP"
"4364",18,24,3,9,100,100,"Rough","Avg. Reward Condition",40,"5",2,0,103,141,"Long",0.0311549415257155,1.69078789323283,NA,0.0662111429082887,"localGP"
"4365",18,25,3,9,100,100,"Rough","Avg. Reward Condition",40,"5",2,0,103,141,"Long",0.0311549415257155,1.69078789323283,NA,0.0662111429082887,"localGP"
"4366",18,26,3,9,100,100,"Rough","Avg. Reward Condition",40,"5",2,0,103,141,"Long",0.0311549415257155,1.69078789323283,NA,0.0662111429082887,"localGP"
"4367",18,27,3,10,55.7632671935158,100,"Rough","Avg. Reward Condition",40,"5",2,0,114,141,"Long",0.0311549415257155,1.69078789323283,NA,0.0662111429082887,"localGP"
"4368",18,28,3,9,100,100,"Rough","Avg. Reward Condition",40,"5",2,0,103,141,"Long",0.0311549415257155,1.69078789323283,NA,0.0662111429082887,"localGP"
"4369",18,29,3,9,100,100,"Rough","Avg. Reward Condition",40,"5",2,0,103,141,"Long",0.0311549415257155,1.69078789323283,NA,0.0662111429082887,"localGP"
"4370",18,30,3,9,100,100,"Rough","Avg. Reward Condition",40,"5",2,0,103,141,"Long",0.0311549415257155,1.69078789323283,NA,0.0662111429082887,"localGP"
"4371",18,31,3,9,100,100,"Rough","Avg. Reward Condition",40,"5",2,0,103,141,"Long",0.0311549415257155,1.69078789323283,NA,0.0662111429082887,"localGP"
"4372",18,32,3,9,100,100,"Rough","Avg. Reward Condition",40,"5",2,0,103,141,"Long",0.0311549415257155,1.69078789323283,NA,0.0662111429082887,"localGP"
"4373",18,33,3,9,100,100,"Rough","Avg. Reward Condition",40,"5",2,0,103,141,"Long",0.0311549415257155,1.69078789323283,NA,0.0662111429082887,"localGP"
"4374",18,34,3,9,100,100,"Rough","Avg. Reward Condition",40,"5",2,0,103,141,"Long",0.0311549415257155,1.69078789323283,NA,0.0662111429082887,"localGP"
"4375",18,35,3,9,100,100,"Rough","Avg. Reward Condition",40,"5",2,0,103,141,"Long",0.0311549415257155,1.69078789323283,NA,0.0662111429082887,"localGP"
"4376",18,36,2,9,94.3317374885778,100,"Rough","Avg. Reward Condition",40,"5",2,0,102,141,"Long",0.0311549415257155,1.69078789323283,NA,0.0662111429082887,"localGP"
"4377",18,37,2,9,94.3317374885778,100,"Rough","Avg. Reward Condition",40,"5",2,0,102,141,"Long",0.0311549415257155,1.69078789323283,NA,0.0662111429082887,"localGP"
"4378",18,38,3,9,100,100,"Rough","Avg. Reward Condition",40,"5",2,0,103,141,"Long",0.0311549415257155,1.69078789323283,NA,0.0662111429082887,"localGP"
"4379",18,39,3,9,100,100,"Rough","Avg. Reward Condition",40,"5",2,0,103,141,"Long",0.0311549415257155,1.69078789323283,NA,0.0662111429082887,"localGP"
"4380",18,40,3,9,100,100,"Rough","Avg. Reward Condition",40,"5",2,0,103,141,"Long",0.0311549415257155,1.69078789323283,NA,0.0662111429082887,"localGP"
"4381",18,41,3,9,100,100,"Rough","Avg. Reward Condition",40,"5",2,0,103,141,"Long",0.0311549415257155,1.69078789323283,NA,0.0662111429082887,"localGP"
"4382",18,1,5,5,32.9255511589724,32.9255511589724,"Rough","Avg. Reward Condition",20,"6",10,NA,61,142,"Short",0.0506568921206056,0.545862635461771,NA,0.168726400635068,"localGP"
"4383",18,2,4,7,40.2484782792363,40.2484782792363,"Rough","Avg. Reward Condition",20,"6",10,11,82,142,"Short",0.0506568921206056,0.545862635461771,NA,0.168726400635068,"localGP"
"4384",18,3,10,5,57.9008365209864,57.9008365209864,"Rough","Avg. Reward Condition",20,"6",10,6,66,142,"Short",0.0506568921206056,0.545862635461771,NA,0.168726400635068,"localGP"
"4385",18,4,10,4,38.6013750106334,57.9008365209864,"Rough","Avg. Reward Condition",20,"6",10,1,55,142,"Short",0.0506568921206056,0.545862635461771,NA,0.168726400635068,"localGP"
"4386",18,5,2,3,100,100,"Rough","Avg. Reward Condition",20,"6",10,2,36,142,"Short",0.0506568921206056,0.545862635461771,NA,0.168726400635068,"localGP"
"4387",18,6,2,3,100,100,"Rough","Avg. Reward Condition",20,"6",10,2,36,142,"Short",0.0506568921206056,0.545862635461771,NA,0.168726400635068,"localGP"
"4388",18,7,2,3,100,100,"Rough","Avg. Reward Condition",20,"6",10,1,36,142,"Short",0.0506568921206056,0.545862635461771,NA,0.168726400635068,"localGP"
"4389",18,8,2,3,100,100,"Rough","Avg. Reward Condition",20,"6",10,0,36,142,"Short",0.0506568921206056,0.545862635461771,NA,0.168726400635068,"localGP"
"4390",18,9,2,3,100,100,"Rough","Avg. Reward Condition",20,"6",10,0,36,142,"Short",0.0506568921206056,0.545862635461771,NA,0.168726400635068,"localGP"
"4391",18,10,2,3,100,100,"Rough","Avg. Reward Condition",20,"6",10,0,36,142,"Short",0.0506568921206056,0.545862635461771,NA,0.168726400635068,"localGP"
"4392",18,11,2,3,100,100,"Rough","Avg. Reward Condition",20,"6",10,0,36,142,"Short",0.0506568921206056,0.545862635461771,NA,0.168726400635068,"localGP"
"4393",18,12,2,3,100,100,"Rough","Avg. Reward Condition",20,"6",10,0,36,142,"Short",0.0506568921206056,0.545862635461771,NA,0.168726400635068,"localGP"
"4394",18,13,2,3,100,100,"Rough","Avg. Reward Condition",20,"6",10,0,36,142,"Short",0.0506568921206056,0.545862635461771,NA,0.168726400635068,"localGP"
"4395",18,14,2,3,100,100,"Rough","Avg. Reward Condition",20,"6",10,0,36,142,"Short",0.0506568921206056,0.545862635461771,NA,0.168726400635068,"localGP"
"4396",18,15,2,3,100,100,"Rough","Avg. Reward Condition",20,"6",10,0,36,142,"Short",0.0506568921206056,0.545862635461771,NA,0.168726400635068,"localGP"
"4397",18,16,2,3,100,100,"Rough","Avg. Reward Condition",20,"6",10,0,36,142,"Short",0.0506568921206056,0.545862635461771,NA,0.168726400635068,"localGP"
"4398",18,17,2,3,100,100,"Rough","Avg. Reward Condition",20,"6",10,0,36,142,"Short",0.0506568921206056,0.545862635461771,NA,0.168726400635068,"localGP"
"4399",18,18,2,3,100,100,"Rough","Avg. Reward Condition",20,"6",10,0,36,142,"Short",0.0506568921206056,0.545862635461771,NA,0.168726400635068,"localGP"
"4400",18,19,2,3,100,100,"Rough","Avg. Reward Condition",20,"6",10,0,36,142,"Short",0.0506568921206056,0.545862635461771,NA,0.168726400635068,"localGP"
"4401",18,20,2,3,100,100,"Rough","Avg. Reward Condition",20,"6",10,0,36,142,"Short",0.0506568921206056,0.545862635461771,NA,0.168726400635068,"localGP"
"4402",18,21,2,3,100,100,"Rough","Avg. Reward Condition",20,"6",10,0,36,142,"Short",0.0506568921206056,0.545862635461771,NA,0.168726400635068,"localGP"
"4403",18,1,6,10,20.7252504989893,20.7252504989893,"Rough","Avg. Reward Condition",40,"7",0,NA,117,143,"Long",0.0364106050129686,1.36290312393518,NA,0.0446798408446835,"localGP"
"4404",18,2,2,4,52.0374453788032,52.0374453788032,"Rough","Avg. Reward Condition",40,"7",0,11,47,143,"Long",0.0364106050129686,1.36290312393518,NA,0.0446798408446835,"localGP"
"4405",18,3,6,3,44.3716523377351,52.0374453788032,"Rough","Avg. Reward Condition",40,"7",0,2,40,143,"Long",0.0364106050129686,1.36290312393518,NA,0.0446798408446835,"localGP"
"4406",18,4,2,9,15.2735933162074,52.0374453788032,"Rough","Avg. Reward Condition",40,"7",0,1,102,143,"Long",0.0364106050129686,1.36290312393518,NA,0.0446798408446835,"localGP"
"4407",18,5,1,10,30.39108048243,52.0374453788032,"Rough","Avg. Reward Condition",40,"7",0,3,112,143,"Long",0.0364106050129686,1.36290312393518,NA,0.0446798408446835,"localGP"
"4408",18,6,2,1,57.0497014200341,57.0497014200341,"Rough","Avg. Reward Condition",40,"7",0,2,14,143,"Long",0.0364106050129686,1.36290312393518,NA,0.0446798408446835,"localGP"
"4409",18,7,4,5,2.16332347915908,57.0497014200341,"Rough","Avg. Reward Condition",40,"7",0,7,60,143,"Long",0.0364106050129686,1.36290312393518,NA,0.0446798408446835,"localGP"
"4410",18,8,3,2,44.1450806306014,57.0497014200341,"Rough","Avg. Reward Condition",40,"7",0,1,26,143,"Long",0.0364106050129686,1.36290312393518,NA,0.0446798408446835,"localGP"
"4411",18,9,1,8,57.1437083477446,57.1437083477446,"Rough","Avg. Reward Condition",40,"7",0,1,90,143,"Long",0.0364106050129686,1.36290312393518,NA,0.0446798408446835,"localGP"
"4412",18,10,0,8,68.7533579586689,68.7533579586689,"Rough","Avg. Reward Condition",40,"7",0,2,89,143,"Long",0.0364106050129686,1.36290312393518,NA,0.0446798408446835,"localGP"
"4413",18,11,0,7,100,100,"Rough","Avg. Reward Condition",40,"7",0,2,78,143,"Long",0.0364106050129686,1.36290312393518,NA,0.0446798408446835,"localGP"
"4414",18,12,0,6,86.6558005262952,100,"Rough","Avg. Reward Condition",40,"7",0,1,67,143,"Long",0.0364106050129686,1.36290312393518,NA,0.0446798408446835,"localGP"
"4415",18,13,0,7,100,100,"Rough","Avg. Reward Condition",40,"7",0,1,78,143,"Long",0.0364106050129686,1.36290312393518,NA,0.0446798408446835,"localGP"
"4416",18,14,0,7,100,100,"Rough","Avg. Reward Condition",40,"7",0,0,78,143,"Long",0.0364106050129686,1.36290312393518,NA,0.0446798408446835,"localGP"
"4417",18,15,0,7,100,100,"Rough","Avg. Reward Condition",40,"7",0,0,78,143,"Long",0.0364106050129686,1.36290312393518,NA,0.0446798408446835,"localGP"
"4418",18,16,0,7,100,100,"Rough","Avg. Reward Condition",40,"7",0,0,78,143,"Long",0.0364106050129686,1.36290312393518,NA,0.0446798408446835,"localGP"
"4419",18,17,0,7,100,100,"Rough","Avg. Reward Condition",40,"7",0,0,78,143,"Long",0.0364106050129686,1.36290312393518,NA,0.0446798408446835,"localGP"
"4420",18,18,0,7,100,100,"Rough","Avg. Reward Condition",40,"7",0,0,78,143,"Long",0.0364106050129686,1.36290312393518,NA,0.0446798408446835,"localGP"
"4421",18,19,0,7,100,100,"Rough","Avg. Reward Condition",40,"7",0,0,78,143,"Long",0.0364106050129686,1.36290312393518,NA,0.0446798408446835,"localGP"
"4422",18,20,0,7,100,100,"Rough","Avg. Reward Condition",40,"7",0,0,78,143,"Long",0.0364106050129686,1.36290312393518,NA,0.0446798408446835,"localGP"
"4423",18,21,0,7,100,100,"Rough","Avg. Reward Condition",40,"7",0,0,78,143,"Long",0.0364106050129686,1.36290312393518,NA,0.0446798408446835,"localGP"
"4424",18,22,0,7,100,100,"Rough","Avg. Reward Condition",40,"7",0,0,78,143,"Long",0.0364106050129686,1.36290312393518,NA,0.0446798408446835,"localGP"
"4425",18,23,0,7,100,100,"Rough","Avg. Reward Condition",40,"7",0,0,78,143,"Long",0.0364106050129686,1.36290312393518,NA,0.0446798408446835,"localGP"
"4426",18,24,0,7,100,100,"Rough","Avg. Reward Condition",40,"7",0,0,78,143,"Long",0.0364106050129686,1.36290312393518,NA,0.0446798408446835,"localGP"
"4427",18,25,0,7,100,100,"Rough","Avg. Reward Condition",40,"7",0,0,78,143,"Long",0.0364106050129686,1.36290312393518,NA,0.0446798408446835,"localGP"
"4428",18,26,1,7,65.8282604254796,100,"Rough","Avg. Reward Condition",40,"7",0,0,79,143,"Long",0.0364106050129686,1.36290312393518,NA,0.0446798408446835,"localGP"
"4429",18,27,0,7,100,100,"Rough","Avg. Reward Condition",40,"7",0,0,78,143,"Long",0.0364106050129686,1.36290312393518,NA,0.0446798408446835,"localGP"
"4430",18,28,0,7,100,100,"Rough","Avg. Reward Condition",40,"7",0,0,78,143,"Long",0.0364106050129686,1.36290312393518,NA,0.0446798408446835,"localGP"
"4431",18,29,0,7,100,100,"Rough","Avg. Reward Condition",40,"7",0,0,78,143,"Long",0.0364106050129686,1.36290312393518,NA,0.0446798408446835,"localGP"
"4432",18,30,0,7,100,100,"Rough","Avg. Reward Condition",40,"7",0,0,78,143,"Long",0.0364106050129686,1.36290312393518,NA,0.0446798408446835,"localGP"
"4433",18,31,0,7,100,100,"Rough","Avg. Reward Condition",40,"7",0,0,78,143,"Long",0.0364106050129686,1.36290312393518,NA,0.0446798408446835,"localGP"
"4434",18,32,0,7,100,100,"Rough","Avg. Reward Condition",40,"7",0,0,78,143,"Long",0.0364106050129686,1.36290312393518,NA,0.0446798408446835,"localGP"
"4435",18,33,0,7,100,100,"Rough","Avg. Reward Condition",40,"7",0,0,78,143,"Long",0.0364106050129686,1.36290312393518,NA,0.0446798408446835,"localGP"
"4436",18,34,0,7,100,100,"Rough","Avg. Reward Condition",40,"7",0,0,78,143,"Long",0.0364106050129686,1.36290312393518,NA,0.0446798408446835,"localGP"
"4437",18,35,0,7,100,100,"Rough","Avg. Reward Condition",40,"7",0,0,78,143,"Long",0.0364106050129686,1.36290312393518,NA,0.0446798408446835,"localGP"
"4438",18,36,0,7,100,100,"Rough","Avg. Reward Condition",40,"7",0,0,78,143,"Long",0.0364106050129686,1.36290312393518,NA,0.0446798408446835,"localGP"
"4439",18,37,0,7,100,100,"Rough","Avg. Reward Condition",40,"7",0,0,78,143,"Long",0.0364106050129686,1.36290312393518,NA,0.0446798408446835,"localGP"
"4440",18,38,0,7,100,100,"Rough","Avg. Reward Condition",40,"7",0,0,78,143,"Long",0.0364106050129686,1.36290312393518,NA,0.0446798408446835,"localGP"
"4441",18,39,0,7,100,100,"Rough","Avg. Reward Condition",40,"7",0,0,78,143,"Long",0.0364106050129686,1.36290312393518,NA,0.0446798408446835,"localGP"
"4442",18,40,0,7,100,100,"Rough","Avg. Reward Condition",40,"7",0,0,78,143,"Long",0.0364106050129686,1.36290312393518,NA,0.0446798408446835,"localGP"
"4443",18,41,0,7,100,100,"Rough","Avg. Reward Condition",40,"7",0,0,78,143,"Long",0.0364106050129686,1.36290312393518,NA,0.0446798408446835,"localGP"
"4444",18,1,3,6,61.712476104061,61.712476104061,"Rough","Avg. Reward Condition",20,"8",16,NA,70,144,"Short",0.0526855775566742,0.549098014205929,NA,0.137877786823103,"localGP"
"4445",18,2,6,4,32.9227848500965,61.712476104061,"Rough","Avg. Reward Condition",20,"8",16,5,51,144,"Short",0.0526855775566742,0.549098014205929,NA,0.137877786823103,"localGP"
"4446",18,3,6,8,18.8814193506035,61.712476104061,"Rough","Avg. Reward Condition",20,"8",16,5,95,144,"Short",0.0526855775566742,0.549098014205929,NA,0.137877786823103,"localGP"
"4447",18,4,5,6,65.7919203460871,65.7919203460871,"Rough","Avg. Reward Condition",20,"8",16,6,72,144,"Short",0.0526855775566742,0.549098014205929,NA,0.137877786823103,"localGP"
"4448",18,5,5,5,69.5623666177624,69.5623666177624,"Rough","Avg. Reward Condition",20,"8",16,2,61,144,"Short",0.0526855775566742,0.549098014205929,NA,0.137877786823103,"localGP"
"4449",18,6,5,3,14.4116653483847,69.5623666177624,"Rough","Avg. Reward Condition",20,"8",16,10,39,144,"Short",0.0526855775566742,0.549098014205929,NA,0.137877786823103,"localGP"
"4450",18,7,5,2,15.5566285414622,69.5623666177624,"Rough","Avg. Reward Condition",20,"8",16,4,28,144,"Short",0.0526855775566742,0.549098014205929,NA,0.137877786823103,"localGP"
"4451",18,8,9,8,70.9435815561283,70.9435815561283,"Rough","Avg. Reward Condition",20,"8",16,8,98,144,"Short",0.0526855775566742,0.549098014205929,NA,0.137877786823103,"localGP"
"4452",18,9,10,4,47.4832881916052,70.9435815561283,"Rough","Avg. Reward Condition",20,"8",16,9,55,144,"Short",0.0526855775566742,0.549098014205929,NA,0.137877786823103,"localGP"
"4453",18,10,1,9,37.1316762368546,70.9435815561283,"Rough","Avg. Reward Condition",20,"8",16,1,101,144,"Short",0.0526855775566742,0.549098014205929,NA,0.137877786823103,"localGP"
"4454",18,11,3,3,100,100,"Rough","Avg. Reward Condition",20,"8",16,5,37,144,"Short",0.0526855775566742,0.549098014205929,NA,0.137877786823103,"localGP"
"4455",18,12,3,3,100,100,"Rough","Avg. Reward Condition",20,"8",16,14,37,144,"Short",0.0526855775566742,0.549098014205929,NA,0.137877786823103,"localGP"
"4456",18,13,3,3,100,100,"Rough","Avg. Reward Condition",20,"8",16,1,37,144,"Short",0.0526855775566742,0.549098014205929,NA,0.137877786823103,"localGP"
"4457",18,14,3,3,100,100,"Rough","Avg. Reward Condition",20,"8",16,1,37,144,"Short",0.0526855775566742,0.549098014205929,NA,0.137877786823103,"localGP"
"4458",18,15,3,3,100,100,"Rough","Avg. Reward Condition",20,"8",16,3,37,144,"Short",0.0526855775566742,0.549098014205929,NA,0.137877786823103,"localGP"
"4459",18,16,3,3,100,100,"Rough","Avg. Reward Condition",20,"8",16,1,37,144,"Short",0.0526855775566742,0.549098014205929,NA,0.137877786823103,"localGP"
"4460",18,17,3,3,100,100,"Rough","Avg. Reward Condition",20,"8",16,1,37,144,"Short",0.0526855775566742,0.549098014205929,NA,0.137877786823103,"localGP"
"4461",18,18,3,3,100,100,"Rough","Avg. Reward Condition",20,"8",16,1,37,144,"Short",0.0526855775566742,0.549098014205929,NA,0.137877786823103,"localGP"
"4462",18,19,3,3,100,100,"Rough","Avg. Reward Condition",20,"8",16,2,37,144,"Short",0.0526855775566742,0.549098014205929,NA,0.137877786823103,"localGP"
"4463",18,20,3,3,100,100,"Rough","Avg. Reward Condition",20,"8",16,1,37,144,"Short",0.0526855775566742,0.549098014205929,NA,0.137877786823103,"localGP"
"4464",18,21,3,3,100,100,"Rough","Avg. Reward Condition",20,"8",16,2,37,144,"Short",0.0526855775566742,0.549098014205929,NA,0.137877786823103,"localGP"
"4465",19,1,1,9,27.2962837582995,27.2962837582995,"Smooth","Avg. Reward Condition",20,"1",19,NA,101,145,"Short",0.0914938425407399,1.04817439360964,NA,0.495979419159299,"localGP"
"4466",19,2,4,9,36.8213901880563,36.8213901880563,"Smooth","Avg. Reward Condition",20,"1",19,1,104,145,"Short",0.0914938425407399,1.04817439360964,NA,0.495979419159299,"localGP"
"4467",19,3,5,9,35.5439910651726,36.8213901880563,"Smooth","Avg. Reward Condition",20,"1",19,1,105,145,"Short",0.0914938425407399,1.04817439360964,NA,0.495979419159299,"localGP"
"4468",19,4,8,6,77.0215365379863,77.0215365379863,"Smooth","Avg. Reward Condition",20,"1",19,2,75,145,"Short",0.0914938425407399,1.04817439360964,NA,0.495979419159299,"localGP"
"4469",19,5,7,6,100,100,"Smooth","Avg. Reward Condition",20,"1",19,8,74,145,"Short",0.0914938425407399,1.04817439360964,NA,0.495979419159299,"localGP"
"4470",19,6,7,5,82.9053550398923,100,"Smooth","Avg. Reward Condition",20,"1",19,7,63,145,"Short",0.0914938425407399,1.04817439360964,NA,0.495979419159299,"localGP"
"4471",19,7,5,2,33.1124573467648,100,"Smooth","Avg. Reward Condition",20,"1",19,5,28,145,"Short",0.0914938425407399,1.04817439360964,NA,0.495979419159299,"localGP"
"4472",19,8,4,0,26.8200706235865,100,"Smooth","Avg. Reward Condition",20,"1",19,1,5,145,"Short",0.0914938425407399,1.04817439360964,NA,0.495979419159299,"localGP"
"4473",19,9,3,0,41.1602043670531,100,"Smooth","Avg. Reward Condition",20,"1",19,1,4,145,"Short",0.0914938425407399,1.04817439360964,NA,0.495979419159299,"localGP"
"4474",19,10,4,1,28.4498548614704,100,"Smooth","Avg. Reward Condition",20,"1",19,1,16,145,"Short",0.0914938425407399,1.04817439360964,NA,0.495979419159299,"localGP"
"4475",19,11,3,1,65.6803696524248,100,"Smooth","Avg. Reward Condition",20,"1",19,2,15,145,"Short",0.0914938425407399,1.04817439360964,NA,0.495979419159299,"localGP"
"4476",19,12,2,1,73.5415165064452,100,"Smooth","Avg. Reward Condition",20,"1",19,4,14,145,"Short",0.0914938425407399,1.04817439360964,NA,0.495979419159299,"localGP"
"4477",19,13,2,2,85.7983244921108,100,"Smooth","Avg. Reward Condition",20,"1",19,1,25,145,"Short",0.0914938425407399,1.04817439360964,NA,0.495979419159299,"localGP"
"4478",19,14,1,2,57.7851669507592,100,"Smooth","Avg. Reward Condition",20,"1",19,1,24,145,"Short",0.0914938425407399,1.04817439360964,NA,0.495979419159299,"localGP"
"4479",19,15,3,4,21.941962898439,100,"Smooth","Avg. Reward Condition",20,"1",19,8,48,145,"Short",0.0914938425407399,1.04817439360964,NA,0.495979419159299,"localGP"
"4480",19,16,3,3,23.5066828698662,100,"Smooth","Avg. Reward Condition",20,"1",19,2,37,145,"Short",0.0914938425407399,1.04817439360964,NA,0.495979419159299,"localGP"
"4481",19,17,0,4,43.1655586548984,100,"Smooth","Avg. Reward Condition",20,"1",19,1,45,145,"Short",0.0914938425407399,1.04817439360964,NA,0.495979419159299,"localGP"
"4482",19,18,3,2,41.5227672023987,100,"Smooth","Avg. Reward Condition",20,"1",19,1,26,145,"Short",0.0914938425407399,1.04817439360964,NA,0.495979419159299,"localGP"
"4483",19,19,3,10,41.9989758752231,100,"Smooth","Avg. Reward Condition",20,"1",19,1,114,145,"Short",0.0914938425407399,1.04817439360964,NA,0.495979419159299,"localGP"
"4484",19,20,8,5,62.1217741531308,100,"Smooth","Avg. Reward Condition",20,"1",19,1,64,145,"Short",0.0914938425407399,1.04817439360964,NA,0.495979419159299,"localGP"
"4485",19,21,8,3,65.6372493724856,100,"Smooth","Avg. Reward Condition",20,"1",19,1,42,145,"Short",0.0914938425407399,1.04817439360964,NA,0.495979419159299,"localGP"
"4486",19,1,2,9,26.1687678921862,26.1687678921862,"Smooth","Avg. Reward Condition",40,"2",6,NA,102,146,"Long",0.098850712453503,0.812023674221308,NA,0.503515835891289,"localGP"
"4487",19,2,3,9,26.2253245390007,26.2253245390007,"Smooth","Avg. Reward Condition",40,"2",6,7,103,146,"Long",0.098850712453503,0.812023674221308,NA,0.503515835891289,"localGP"
"4488",19,3,8,1,68.8502438954186,68.8502438954186,"Smooth","Avg. Reward Condition",40,"2",6,2,20,146,"Long",0.098850712453503,0.812023674221308,NA,0.503515835891289,"localGP"
"4489",19,4,8,0,72.9354979095338,72.9354979095338,"Smooth","Avg. Reward Condition",40,"2",6,4,9,146,"Long",0.098850712453503,0.812023674221308,NA,0.503515835891289,"localGP"
"4490",19,5,7,0,94.4174730147353,94.4174730147353,"Smooth","Avg. Reward Condition",40,"2",6,7,8,146,"Long",0.098850712453503,0.812023674221308,NA,0.503515835891289,"localGP"
"4491",19,6,6,0,94.4963050018738,94.4963050018738,"Smooth","Avg. Reward Condition",40,"2",6,7,7,146,"Long",0.098850712453503,0.812023674221308,NA,0.503515835891289,"localGP"
"4492",19,7,2,0,68.5922918789332,94.4963050018738,"Smooth","Avg. Reward Condition",40,"2",6,5,3,146,"Long",0.098850712453503,0.812023674221308,NA,0.503515835891289,"localGP"
"4493",19,8,2,1,32.7608851957518,94.4963050018738,"Smooth","Avg. Reward Condition",40,"2",6,11,14,146,"Long",0.098850712453503,0.812023674221308,NA,0.503515835891289,"localGP"
"4494",19,9,3,3,53.304494443318,94.4963050018738,"Smooth","Avg. Reward Condition",40,"2",6,3,37,146,"Long",0.098850712453503,0.812023674221308,NA,0.503515835891289,"localGP"
"4495",19,10,5,0,91.7432297732024,94.4963050018738,"Smooth","Avg. Reward Condition",40,"2",6,2,6,146,"Long",0.098850712453503,0.812023674221308,NA,0.503515835891289,"localGP"
"4496",19,11,5,1,54.7135189925466,94.4963050018738,"Smooth","Avg. Reward Condition",40,"2",6,5,17,146,"Long",0.098850712453503,0.812023674221308,NA,0.503515835891289,"localGP"
"4497",19,12,6,1,58.9505924012191,94.4963050018738,"Smooth","Avg. Reward Condition",40,"2",6,1,18,146,"Long",0.098850712453503,0.812023674221308,NA,0.503515835891289,"localGP"
"4498",19,13,6,2,37.1794683639589,94.4963050018738,"Smooth","Avg. Reward Condition",40,"2",6,2,29,146,"Long",0.098850712453503,0.812023674221308,NA,0.503515835891289,"localGP"
"4499",19,14,3,10,63.8466333050974,94.4963050018738,"Smooth","Avg. Reward Condition",40,"2",6,3,114,146,"Long",0.098850712453503,0.812023674221308,NA,0.503515835891289,"localGP"
"4500",19,15,4,10,76.3931212257129,94.4963050018738,"Smooth","Avg. Reward Condition",40,"2",6,1,115,146,"Long",0.098850712453503,0.812023674221308,NA,0.503515835891289,"localGP"
"4501",19,16,4,9,29.8742358544545,94.4963050018738,"Smooth","Avg. Reward Condition",40,"2",6,1,104,146,"Long",0.098850712453503,0.812023674221308,NA,0.503515835891289,"localGP"
"4502",19,17,4,10,76.3931212257129,94.4963050018738,"Smooth","Avg. Reward Condition",40,"2",6,0,115,146,"Long",0.098850712453503,0.812023674221308,NA,0.503515835891289,"localGP"
"4503",19,18,4,7,63.6433329496781,94.4963050018738,"Smooth","Avg. Reward Condition",40,"2",6,2,82,146,"Long",0.098850712453503,0.812023674221308,NA,0.503515835891289,"localGP"
"4504",19,19,3,5,0,94.4963050018738,"Smooth","Avg. Reward Condition",40,"2",6,1,59,146,"Long",0.098850712453503,0.812023674221308,NA,0.503515835891289,"localGP"
"4505",19,20,8,2,56.1209576242771,94.4963050018738,"Smooth","Avg. Reward Condition",40,"2",6,2,31,146,"Long",0.098850712453503,0.812023674221308,NA,0.503515835891289,"localGP"
"4506",19,21,8,5,61.1665881936145,94.4963050018738,"Smooth","Avg. Reward Condition",40,"2",6,2,64,146,"Long",0.098850712453503,0.812023674221308,NA,0.503515835891289,"localGP"
"4507",19,22,9,8,81.6907585501877,94.4963050018738,"Smooth","Avg. Reward Condition",40,"2",6,3,98,146,"Long",0.098850712453503,0.812023674221308,NA,0.503515835891289,"localGP"
"4508",19,23,8,8,59.0034109397581,94.4963050018738,"Smooth","Avg. Reward Condition",40,"2",6,2,97,146,"Long",0.098850712453503,0.812023674221308,NA,0.503515835891289,"localGP"
"4509",19,24,9,7,52.0950905321092,94.4963050018738,"Smooth","Avg. Reward Condition",40,"2",6,5,87,146,"Long",0.098850712453503,0.812023674221308,NA,0.503515835891289,"localGP"
"4510",19,25,8,7,50.5413361109473,94.4963050018738,"Smooth","Avg. Reward Condition",40,"2",6,5,86,146,"Long",0.098850712453503,0.812023674221308,NA,0.503515835891289,"localGP"
"4511",19,26,8,6,60.0245821381091,94.4963050018738,"Smooth","Avg. Reward Condition",40,"2",6,2,75,146,"Long",0.098850712453503,0.812023674221308,NA,0.503515835891289,"localGP"
"4512",19,27,10,0,10.3010804163192,94.4963050018738,"Smooth","Avg. Reward Condition",40,"2",6,1,11,146,"Long",0.098850712453503,0.812023674221308,NA,0.503515835891289,"localGP"
"4513",19,28,5,8,46.7235740972404,94.4963050018738,"Smooth","Avg. Reward Condition",40,"2",6,3,94,146,"Long",0.098850712453503,0.812023674221308,NA,0.503515835891289,"localGP"
"4514",19,29,5,9,24.8190311871749,94.4963050018738,"Smooth","Avg. Reward Condition",40,"2",6,1,105,146,"Long",0.098850712453503,0.812023674221308,NA,0.503515835891289,"localGP"
"4515",19,30,7,1,83.5475141176989,94.4963050018738,"Smooth","Avg. Reward Condition",40,"2",6,2,19,146,"Long",0.098850712453503,0.812023674221308,NA,0.503515835891289,"localGP"
"4516",19,31,3,9,26.2253245390007,94.4963050018738,"Smooth","Avg. Reward Condition",40,"2",6,2,103,146,"Long",0.098850712453503,0.812023674221308,NA,0.503515835891289,"localGP"
"4517",19,32,10,9,86.1457429128577,94.4963050018738,"Smooth","Avg. Reward Condition",40,"2",6,2,110,146,"Long",0.098850712453503,0.812023674221308,NA,0.503515835891289,"localGP"
"4518",19,33,10,8,49.0427197755467,94.4963050018738,"Smooth","Avg. Reward Condition",40,"2",6,3,99,146,"Long",0.098850712453503,0.812023674221308,NA,0.503515835891289,"localGP"
"4519",19,34,3,2,33.1157535503822,94.4963050018738,"Smooth","Avg. Reward Condition",40,"2",6,2,26,146,"Long",0.098850712453503,0.812023674221308,NA,0.503515835891289,"localGP"
"4520",19,35,3,0,63.3554027374264,94.4963050018738,"Smooth","Avg. Reward Condition",40,"2",6,4,4,146,"Long",0.098850712453503,0.812023674221308,NA,0.503515835891289,"localGP"
"4521",19,36,1,8,26.3468808811105,94.4963050018738,"Smooth","Avg. Reward Condition",40,"2",6,2,90,146,"Long",0.098850712453503,0.812023674221308,NA,0.503515835891289,"localGP"
"4522",19,37,7,10,34.0754913036813,94.4963050018738,"Smooth","Avg. Reward Condition",40,"2",6,1,118,146,"Long",0.098850712453503,0.812023674221308,NA,0.503515835891289,"localGP"
"4523",19,38,7,9,30.1286651387231,94.4963050018738,"Smooth","Avg. Reward Condition",40,"2",6,2,107,146,"Long",0.098850712453503,0.812023674221308,NA,0.503515835891289,"localGP"
"4524",19,39,4,5,3.31356658088059,94.4963050018738,"Smooth","Avg. Reward Condition",40,"2",6,2,60,146,"Long",0.098850712453503,0.812023674221308,NA,0.503515835891289,"localGP"
"4525",19,40,2,5,39.0984637940291,94.4963050018738,"Smooth","Avg. Reward Condition",40,"2",6,2,58,146,"Long",0.098850712453503,0.812023674221308,NA,0.503515835891289,"localGP"
"4526",19,41,7,4,44.475034820107,94.4963050018738,"Smooth","Avg. Reward Condition",40,"2",6,3,52,146,"Long",0.098850712453503,0.812023674221308,NA,0.503515835891289,"localGP"
"4527",19,1,1,7,26.9136247200842,26.9136247200842,"Smooth","Avg. Reward Condition",20,"3",8,NA,79,147,"Short",0.0809075587295351,1.1665000695683,NA,0.557491727069818,"localGP"
"4528",19,2,0,9,69.7292299048647,69.7292299048647,"Smooth","Avg. Reward Condition",20,"3",8,5,100,147,"Short",0.0809075587295351,1.1665000695683,NA,0.557491727069818,"localGP"
"4529",19,3,1,9,48.6391024853793,69.7292299048647,"Smooth","Avg. Reward Condition",20,"3",8,9,101,147,"Short",0.0809075587295351,1.1665000695683,NA,0.557491727069818,"localGP"
"4530",19,4,1,0,27.8861757237678,69.7292299048647,"Smooth","Avg. Reward Condition",20,"3",8,10,2,147,"Short",0.0809075587295351,1.1665000695683,NA,0.557491727069818,"localGP"
"4531",19,5,8,0,19.9542007611665,69.7292299048647,"Smooth","Avg. Reward Condition",20,"3",8,3,9,147,"Short",0.0809075587295351,1.1665000695683,NA,0.557491727069818,"localGP"
"4532",19,6,10,0,43.3847910552767,69.7292299048647,"Smooth","Avg. Reward Condition",20,"3",8,1,11,147,"Short",0.0809075587295351,1.1665000695683,NA,0.557491727069818,"localGP"
"4533",19,7,10,2,57.5348979137983,69.7292299048647,"Smooth","Avg. Reward Condition",20,"3",8,1,33,147,"Short",0.0809075587295351,1.1665000695683,NA,0.557491727069818,"localGP"
"4534",19,8,9,2,75.3584348689062,75.3584348689062,"Smooth","Avg. Reward Condition",20,"3",8,2,32,147,"Short",0.0809075587295351,1.1665000695683,NA,0.557491727069818,"localGP"
"4535",19,9,4,9,45.6417969596103,75.3584348689062,"Smooth","Avg. Reward Condition",20,"3",8,1,104,147,"Short",0.0809075587295351,1.1665000695683,NA,0.557491727069818,"localGP"
"4536",19,10,4,10,41.3626992316202,75.3584348689062,"Smooth","Avg. Reward Condition",20,"3",8,3,115,147,"Short",0.0809075587295351,1.1665000695683,NA,0.557491727069818,"localGP"
"4537",19,11,5,8,45.4136649367735,75.3584348689062,"Smooth","Avg. Reward Condition",20,"3",8,1,94,147,"Short",0.0809075587295351,1.1665000695683,NA,0.557491727069818,"localGP"
"4538",19,12,5,6,43.2423959719255,75.3584348689062,"Smooth","Avg. Reward Condition",20,"3",8,10,72,147,"Short",0.0809075587295351,1.1665000695683,NA,0.557491727069818,"localGP"
"4539",19,13,4,6,92.5612285235121,92.5612285235121,"Smooth","Avg. Reward Condition",20,"3",8,2,71,147,"Short",0.0809075587295351,1.1665000695683,NA,0.557491727069818,"localGP"
"4540",19,14,4,5,81.9160830308222,92.5612285235121,"Smooth","Avg. Reward Condition",20,"3",8,2,60,147,"Short",0.0809075587295351,1.1665000695683,NA,0.557491727069818,"localGP"
"4541",19,15,4,4,51.2326654593487,92.5612285235121,"Smooth","Avg. Reward Condition",20,"3",8,10,49,147,"Short",0.0809075587295351,1.1665000695683,NA,0.557491727069818,"localGP"
"4542",19,16,4,5,81.9160830308222,92.5612285235121,"Smooth","Avg. Reward Condition",20,"3",8,2,60,147,"Short",0.0809075587295351,1.1665000695683,NA,0.557491727069818,"localGP"
"4543",19,17,3,5,100,100,"Smooth","Avg. Reward Condition",20,"3",8,2,59,147,"Short",0.0809075587295351,1.1665000695683,NA,0.557491727069818,"localGP"
"4544",19,18,3,6,92.3422522413602,100,"Smooth","Avg. Reward Condition",20,"3",8,2,70,147,"Short",0.0809075587295351,1.1665000695683,NA,0.557491727069818,"localGP"
"4545",19,19,6,0,57.0675719463974,100,"Smooth","Avg. Reward Condition",20,"3",8,2,7,147,"Short",0.0809075587295351,1.1665000695683,NA,0.557491727069818,"localGP"
"4546",19,20,6,1,48.2263547700318,100,"Smooth","Avg. Reward Condition",20,"3",8,1,18,147,"Short",0.0809075587295351,1.1665000695683,NA,0.557491727069818,"localGP"
"4547",19,21,10,6,58.4861545371747,100,"Smooth","Avg. Reward Condition",20,"3",8,1,77,147,"Short",0.0809075587295351,1.1665000695683,NA,0.557491727069818,"localGP"
"4548",19,1,6,2,51.6560216281502,51.6560216281502,"Smooth","Avg. Reward Condition",40,"4",5,NA,29,148,"Long",0.103592548156291,0.852330547979115,NA,0.521738450418071,"localGP"
"4549",19,2,6,1,87.877786509451,87.877786509451,"Smooth","Avg. Reward Condition",40,"4",5,7,18,148,"Long",0.103592548156291,0.852330547979115,NA,0.521738450418071,"localGP"
"4550",19,3,5,2,42.3575427746737,87.877786509451,"Smooth","Avg. Reward Condition",40,"4",5,1,28,148,"Long",0.103592548156291,0.852330547979115,NA,0.521738450418071,"localGP"
"4551",19,4,5,5,35.9893886726837,87.877786509451,"Smooth","Avg. Reward Condition",40,"4",5,1,61,148,"Long",0.103592548156291,0.852330547979115,NA,0.521738450418071,"localGP"
"4552",19,5,3,5,31.9706635707149,87.877786509451,"Smooth","Avg. Reward Condition",40,"4",5,1,59,148,"Long",0.103592548156291,0.852330547979115,NA,0.521738450418071,"localGP"
"4553",19,6,4,5,27.8972182072898,87.877786509451,"Smooth","Avg. Reward Condition",40,"4",5,1,60,148,"Long",0.103592548156291,0.852330547979115,NA,0.521738450418071,"localGP"
"4554",19,7,2,5,55.6706913285101,87.877786509451,"Smooth","Avg. Reward Condition",40,"4",5,1,58,148,"Long",0.103592548156291,0.852330547979115,NA,0.521738450418071,"localGP"
"4555",19,8,2,4,23.662499097667,87.877786509451,"Smooth","Avg. Reward Condition",40,"4",5,1,47,148,"Long",0.103592548156291,0.852330547979115,NA,0.521738450418071,"localGP"
"4556",19,9,0,4,49.9176816085481,87.877786509451,"Smooth","Avg. Reward Condition",40,"4",5,1,45,148,"Long",0.103592548156291,0.852330547979115,NA,0.521738450418071,"localGP"
"4557",19,10,0,3,37.5224299882295,87.877786509451,"Smooth","Avg. Reward Condition",40,"4",5,1,34,148,"Long",0.103592548156291,0.852330547979115,NA,0.521738450418071,"localGP"
"4558",19,11,2,10,8.81939176369258,87.877786509451,"Smooth","Avg. Reward Condition",40,"4",5,2,113,148,"Long",0.103592548156291,0.852330547979115,NA,0.521738450418071,"localGP"
"4559",19,12,4,4,22.6938996654939,87.877786509451,"Smooth","Avg. Reward Condition",40,"4",5,2,49,148,"Long",0.103592548156291,0.852330547979115,NA,0.521738450418071,"localGP"
"4560",19,13,5,6,48.862030975187,87.877786509451,"Smooth","Avg. Reward Condition",40,"4",5,1,72,148,"Long",0.103592548156291,0.852330547979115,NA,0.521738450418071,"localGP"
"4561",19,14,7,7,68.4962011684434,87.877786509451,"Smooth","Avg. Reward Condition",40,"4",5,3,85,148,"Long",0.103592548156291,0.852330547979115,NA,0.521738450418071,"localGP"
"4562",19,15,7,8,38.3612104416698,87.877786509451,"Smooth","Avg. Reward Condition",40,"4",5,1,96,148,"Long",0.103592548156291,0.852330547979115,NA,0.521738450418071,"localGP"
"4563",19,16,6,7,60.8864429943102,87.877786509451,"Smooth","Avg. Reward Condition",40,"4",5,0,84,148,"Long",0.103592548156291,0.852330547979115,NA,0.521738450418071,"localGP"
"4564",19,17,1,0,96.5592273768924,96.5592273768924,"Smooth","Avg. Reward Condition",40,"4",5,2,2,148,"Long",0.103592548156291,0.852330547979115,NA,0.521738450418071,"localGP"
"4565",19,18,0,0,76.5662850402658,96.5592273768924,"Smooth","Avg. Reward Condition",40,"4",5,6,1,148,"Long",0.103592548156291,0.852330547979115,NA,0.521738450418071,"localGP"
"4566",19,19,0,1,66.1941053311197,96.5592273768924,"Smooth","Avg. Reward Condition",40,"4",5,2,12,148,"Long",0.103592548156291,0.852330547979115,NA,0.521738450418071,"localGP"
"4567",19,20,2,9,6.68128638580311,96.5592273768924,"Smooth","Avg. Reward Condition",40,"4",5,1,102,148,"Long",0.103592548156291,0.852330547979115,NA,0.521738450418071,"localGP"
"4568",19,21,7,6,95.8234728185907,96.5592273768924,"Smooth","Avg. Reward Condition",40,"4",5,2,74,148,"Long",0.103592548156291,0.852330547979115,NA,0.521738450418071,"localGP"
"4569",19,22,2,4,23.662499097667,96.5592273768924,"Smooth","Avg. Reward Condition",40,"4",5,1,47,148,"Long",0.103592548156291,0.852330547979115,NA,0.521738450418071,"localGP"
"4570",19,23,1,5,50.8339680932968,96.5592273768924,"Smooth","Avg. Reward Condition",40,"4",5,1,57,148,"Long",0.103592548156291,0.852330547979115,NA,0.521738450418071,"localGP"
"4571",19,24,2,1,65.1261244784447,96.5592273768924,"Smooth","Avg. Reward Condition",40,"4",5,2,14,148,"Long",0.103592548156291,0.852330547979115,NA,0.521738450418071,"localGP"
"4572",19,25,3,1,36.8335295517252,96.5592273768924,"Smooth","Avg. Reward Condition",40,"4",5,1,15,148,"Long",0.103592548156291,0.852330547979115,NA,0.521738450418071,"localGP"
"4573",19,26,4,1,39.4465578742712,96.5592273768924,"Smooth","Avg. Reward Condition",40,"4",5,0,16,148,"Long",0.103592548156291,0.852330547979115,NA,0.521738450418071,"localGP"
"4574",19,27,4,9,37.7107355403065,96.5592273768924,"Smooth","Avg. Reward Condition",40,"4",5,2,104,148,"Long",0.103592548156291,0.852330547979115,NA,0.521738450418071,"localGP"
"4575",19,28,6,10,49.8503873237507,96.5592273768924,"Smooth","Avg. Reward Condition",40,"4",5,4,117,148,"Long",0.103592548156291,0.852330547979115,NA,0.521738450418071,"localGP"
"4576",19,29,7,10,38.4917850519421,96.5592273768924,"Smooth","Avg. Reward Condition",40,"4",5,2,118,148,"Long",0.103592548156291,0.852330547979115,NA,0.521738450418071,"localGP"
"4577",19,30,7,0,68.4752649344305,96.5592273768924,"Smooth","Avg. Reward Condition",40,"4",5,4,8,148,"Long",0.103592548156291,0.852330547979115,NA,0.521738450418071,"localGP"
"4578",19,31,6,0,63.3442305024088,96.5592273768924,"Smooth","Avg. Reward Condition",40,"4",5,1,7,148,"Long",0.103592548156291,0.852330547979115,NA,0.521738450418071,"localGP"
"4579",19,32,6,7,60.8864429943102,96.5592273768924,"Smooth","Avg. Reward Condition",40,"4",5,1,84,148,"Long",0.103592548156291,0.852330547979115,NA,0.521738450418071,"localGP"
"4580",19,33,6,5,19.3202384321572,96.5592273768924,"Smooth","Avg. Reward Condition",40,"4",5,4,62,148,"Long",0.103592548156291,0.852330547979115,NA,0.521738450418071,"localGP"
"4581",19,34,7,5,32.4689598978585,96.5592273768924,"Smooth","Avg. Reward Condition",40,"4",5,3,63,148,"Long",0.103592548156291,0.852330547979115,NA,0.521738450418071,"localGP"
"4582",19,35,8,5,25.922745926598,96.5592273768924,"Smooth","Avg. Reward Condition",40,"4",5,3,64,148,"Long",0.103592548156291,0.852330547979115,NA,0.521738450418071,"localGP"
"4583",19,36,8,10,47.7263891292854,96.5592273768924,"Smooth","Avg. Reward Condition",40,"4",5,1,119,148,"Long",0.103592548156291,0.852330547979115,NA,0.521738450418071,"localGP"
"4584",19,37,8,9,65.659951662905,96.5592273768924,"Smooth","Avg. Reward Condition",40,"4",5,1,108,148,"Long",0.103592548156291,0.852330547979115,NA,0.521738450418071,"localGP"
"4585",19,38,0,9,38.8483371292891,96.5592273768924,"Smooth","Avg. Reward Condition",40,"4",5,1,100,148,"Long",0.103592548156291,0.852330547979115,NA,0.521738450418071,"localGP"
"4586",19,39,9,1,68.5223309875422,96.5592273768924,"Smooth","Avg. Reward Condition",40,"4",5,1,21,148,"Long",0.103592548156291,0.852330547979115,NA,0.521738450418071,"localGP"
"4587",19,40,9,2,40.6256617216609,96.5592273768924,"Smooth","Avg. Reward Condition",40,"4",5,1,32,148,"Long",0.103592548156291,0.852330547979115,NA,0.521738450418071,"localGP"
"4588",19,41,9,1,68.5223309875422,96.5592273768924,"Smooth","Avg. Reward Condition",40,"4",5,0,21,148,"Long",0.103592548156291,0.852330547979115,NA,0.521738450418071,"localGP"
"4589",19,1,2,8,43.6561164584679,43.6561164584679,"Smooth","Avg. Reward Condition",20,"5",18,NA,91,149,"Short",0.0946263102456576,0.959024080594334,NA,0.517320585338138,"localGP"
"4590",19,2,1,7,8.31794726790205,43.6561164584679,"Smooth","Avg. Reward Condition",20,"5",18,16,79,149,"Short",0.0946263102456576,0.959024080594334,NA,0.517320585338138,"localGP"
"4591",19,3,3,8,43.809517415815,43.809517415815,"Smooth","Avg. Reward Condition",20,"5",18,10,92,149,"Short",0.0946263102456576,0.959024080594334,NA,0.517320585338138,"localGP"
"4592",19,4,2,3,53.5961483472986,53.5961483472986,"Smooth","Avg. Reward Condition",20,"5",18,2,36,149,"Short",0.0946263102456576,0.959024080594334,NA,0.517320585338138,"localGP"
"4593",19,5,5,8,32.0305817810502,53.5961483472986,"Smooth","Avg. Reward Condition",20,"5",18,1,94,149,"Short",0.0946263102456576,0.959024080594334,NA,0.517320585338138,"localGP"
"4594",19,6,6,8,37.9736257778301,53.5961483472986,"Smooth","Avg. Reward Condition",20,"5",18,3,95,149,"Short",0.0946263102456576,0.959024080594334,NA,0.517320585338138,"localGP"
"4595",19,7,6,7,45.7922377623339,53.5961483472986,"Smooth","Avg. Reward Condition",20,"5",18,2,84,149,"Short",0.0946263102456576,0.959024080594334,NA,0.517320585338138,"localGP"
"4596",19,8,6,6,45.1082294847669,53.5961483472986,"Smooth","Avg. Reward Condition",20,"5",18,2,73,149,"Short",0.0946263102456576,0.959024080594334,NA,0.517320585338138,"localGP"
"4597",19,9,10,10,40.9300790469513,53.5961483472986,"Smooth","Avg. Reward Condition",20,"5",18,2,121,149,"Short",0.0946263102456576,0.959024080594334,NA,0.517320585338138,"localGP"
"4598",19,10,7,7,26.6472142919114,53.5961483472986,"Smooth","Avg. Reward Condition",20,"5",18,1,85,149,"Short",0.0946263102456576,0.959024080594334,NA,0.517320585338138,"localGP"
"4599",19,11,4,10,41.5348285805763,53.5961483472986,"Smooth","Avg. Reward Condition",20,"5",18,6,115,149,"Short",0.0946263102456576,0.959024080594334,NA,0.517320585338138,"localGP"
"4600",19,12,2,8,43.6561164584679,53.5961483472986,"Smooth","Avg. Reward Condition",20,"5",18,2,91,149,"Short",0.0946263102456576,0.959024080594334,NA,0.517320585338138,"localGP"
"4601",19,13,1,4,5.78214672223985,53.5961483472986,"Smooth","Avg. Reward Condition",20,"5",18,2,46,149,"Short",0.0946263102456576,0.959024080594334,NA,0.517320585338138,"localGP"
"4602",19,14,3,4,56.8504124991032,56.8504124991032,"Smooth","Avg. Reward Condition",20,"5",18,10,48,149,"Short",0.0946263102456576,0.959024080594334,NA,0.517320585338138,"localGP"
"4603",19,15,7,7,26.6472142919114,56.8504124991032,"Smooth","Avg. Reward Condition",20,"5",18,2,85,149,"Short",0.0946263102456576,0.959024080594334,NA,0.517320585338138,"localGP"
"4604",19,16,6,4,24.0248838436953,56.8504124991032,"Smooth","Avg. Reward Condition",20,"5",18,3,51,149,"Short",0.0946263102456576,0.959024080594334,NA,0.517320585338138,"localGP"
"4605",19,17,5,10,27.0731077876455,56.8504124991032,"Smooth","Avg. Reward Condition",20,"5",18,2,116,149,"Short",0.0946263102456576,0.959024080594334,NA,0.517320585338138,"localGP"
"4606",19,18,3,10,32.5695318981662,56.8504124991032,"Smooth","Avg. Reward Condition",20,"5",18,1,114,149,"Short",0.0946263102456576,0.959024080594334,NA,0.517320585338138,"localGP"
"4607",19,19,4,9,48.6599556271506,56.8504124991032,"Smooth","Avg. Reward Condition",20,"5",18,1,104,149,"Short",0.0946263102456576,0.959024080594334,NA,0.517320585338138,"localGP"
"4608",19,20,5,5,61.5391732787472,61.5391732787472,"Smooth","Avg. Reward Condition",20,"5",18,1,61,149,"Short",0.0946263102456576,0.959024080594334,NA,0.517320585338138,"localGP"
"4609",19,21,8,3,32.1774726570329,61.5391732787472,"Smooth","Avg. Reward Condition",20,"5",18,1,42,149,"Short",0.0946263102456576,0.959024080594334,NA,0.517320585338138,"localGP"
"4610",19,1,6,0,31.7584982892941,31.7584982892941,"Smooth","Avg. Reward Condition",40,"6",0,NA,7,150,"Long",0.0940802364673507,0.874070765157018,NA,0.499094786612792,"localGP"
"4611",19,2,4,9,40.5959555269918,40.5959555269918,"Smooth","Avg. Reward Condition",40,"6",0,8,104,150,"Long",0.0940802364673507,0.874070765157018,NA,0.499094786612792,"localGP"
"4612",19,3,4,10,33.7085018505347,40.5959555269918,"Smooth","Avg. Reward Condition",40,"6",0,11,115,150,"Long",0.0940802364673507,0.874070765157018,NA,0.499094786612792,"localGP"
"4613",19,4,2,10,24.8474427773121,40.5959555269918,"Smooth","Avg. Reward Condition",40,"6",0,9,113,150,"Long",0.0940802364673507,0.874070765157018,NA,0.499094786612792,"localGP"
"4614",19,5,3,10,32.167524099138,40.5959555269918,"Smooth","Avg. Reward Condition",40,"6",0,11,114,150,"Long",0.0940802364673507,0.874070765157018,NA,0.499094786612792,"localGP"
"4615",19,6,4,8,67.9616061763023,67.9616061763023,"Smooth","Avg. Reward Condition",40,"6",0,3,93,150,"Long",0.0940802364673507,0.874070765157018,NA,0.499094786612792,"localGP"
"4616",19,7,4,8,67.9616061763023,67.9616061763023,"Smooth","Avg. Reward Condition",40,"6",0,11,93,150,"Long",0.0940802364673507,0.874070765157018,NA,0.499094786612792,"localGP"
"4617",19,8,4,7,56.8581816389781,67.9616061763023,"Smooth","Avg. Reward Condition",40,"6",0,1,82,150,"Long",0.0940802364673507,0.874070765157018,NA,0.499094786612792,"localGP"
"4618",19,9,1,7,65.8282604254796,67.9616061763023,"Smooth","Avg. Reward Condition",40,"6",0,2,79,150,"Long",0.0940802364673507,0.874070765157018,NA,0.499094786612792,"localGP"
"4619",19,10,7,7,59.9525509256433,67.9616061763023,"Smooth","Avg. Reward Condition",40,"6",0,2,85,150,"Long",0.0940802364673507,0.874070765157018,NA,0.499094786612792,"localGP"
"4620",19,11,7,8,55.9864237907349,67.9616061763023,"Smooth","Avg. Reward Condition",40,"6",0,2,96,150,"Long",0.0940802364673507,0.874070765157018,NA,0.499094786612792,"localGP"
"4621",19,12,9,10,64.79218841543,67.9616061763023,"Smooth","Avg. Reward Condition",40,"6",0,1,120,150,"Long",0.0940802364673507,0.874070765157018,NA,0.499094786612792,"localGP"
"4622",19,13,10,9,53.0594493428652,67.9616061763023,"Smooth","Avg. Reward Condition",40,"6",0,2,110,150,"Long",0.0940802364673507,0.874070765157018,NA,0.499094786612792,"localGP"
"4623",19,14,7,10,0,67.9616061763023,"Smooth","Avg. Reward Condition",40,"6",0,2,118,150,"Long",0.0940802364673507,0.874070765157018,NA,0.499094786612792,"localGP"
"4624",19,15,7,8,55.9864237907349,67.9616061763023,"Smooth","Avg. Reward Condition",40,"6",0,1,96,150,"Long",0.0940802364673507,0.874070765157018,NA,0.499094786612792,"localGP"
"4625",19,16,6,6,57.452029610737,67.9616061763023,"Smooth","Avg. Reward Condition",40,"6",0,1,73,150,"Long",0.0940802364673507,0.874070765157018,NA,0.499094786612792,"localGP"
"4626",19,17,7,4,41.500031362003,67.9616061763023,"Smooth","Avg. Reward Condition",40,"6",0,2,52,150,"Long",0.0940802364673507,0.874070765157018,NA,0.499094786612792,"localGP"
"4627",19,18,0,9,31.7722689774849,67.9616061763023,"Smooth","Avg. Reward Condition",40,"6",0,2,100,150,"Long",0.0940802364673507,0.874070765157018,NA,0.499094786612792,"localGP"
"4628",19,19,0,10,14.8843519517488,67.9616061763023,"Smooth","Avg. Reward Condition",40,"6",0,5,111,150,"Long",0.0940802364673507,0.874070765157018,NA,0.499094786612792,"localGP"
"4629",19,20,7,5,54.6376414443385,67.9616061763023,"Smooth","Avg. Reward Condition",40,"6",0,2,63,150,"Long",0.0940802364673507,0.874070765157018,NA,0.499094786612792,"localGP"
"4630",19,21,1,4,70.1094548150881,70.1094548150881,"Smooth","Avg. Reward Condition",40,"6",0,4,46,150,"Long",0.0940802364673507,0.874070765157018,NA,0.499094786612792,"localGP"
"4631",19,22,2,4,52.0374453788032,70.1094548150881,"Smooth","Avg. Reward Condition",40,"6",0,5,47,150,"Long",0.0940802364673507,0.874070765157018,NA,0.499094786612792,"localGP"
"4632",19,23,4,9,40.5959555269918,70.1094548150881,"Smooth","Avg. Reward Condition",40,"6",0,2,104,150,"Long",0.0940802364673507,0.874070765157018,NA,0.499094786612792,"localGP"
"4633",19,24,6,7,57.6061006011955,70.1094548150881,"Smooth","Avg. Reward Condition",40,"6",0,3,84,150,"Long",0.0940802364673507,0.874070765157018,NA,0.499094786612792,"localGP"
"4634",19,25,9,0,44.764827701854,70.1094548150881,"Smooth","Avg. Reward Condition",40,"6",0,1,10,150,"Long",0.0940802364673507,0.874070765157018,NA,0.499094786612792,"localGP"
"4635",19,26,9,1,39.3581963035653,70.1094548150881,"Smooth","Avg. Reward Condition",40,"6",0,2,21,150,"Long",0.0940802364673507,0.874070765157018,NA,0.499094786612792,"localGP"
"4636",19,27,0,5,65.7958331067151,70.1094548150881,"Smooth","Avg. Reward Condition",40,"6",0,1,56,150,"Long",0.0940802364673507,0.874070765157018,NA,0.499094786612792,"localGP"
"4637",19,28,1,5,62.1319695197463,70.1094548150881,"Smooth","Avg. Reward Condition",40,"6",0,1,57,150,"Long",0.0940802364673507,0.874070765157018,NA,0.499094786612792,"localGP"
"4638",19,29,5,1,27.9959182394562,70.1094548150881,"Smooth","Avg. Reward Condition",40,"6",0,1,17,150,"Long",0.0940802364673507,0.874070765157018,NA,0.499094786612792,"localGP"
"4639",19,30,3,0,24.0642449228446,70.1094548150881,"Smooth","Avg. Reward Condition",40,"6",0,2,4,150,"Long",0.0940802364673507,0.874070765157018,NA,0.499094786612792,"localGP"
"4640",19,31,9,9,79.2865457179187,79.2865457179187,"Smooth","Avg. Reward Condition",40,"6",0,2,109,150,"Long",0.0940802364673507,0.874070765157018,NA,0.499094786612792,"localGP"
"4641",19,32,9,8,92.8491332342499,92.8491332342499,"Smooth","Avg. Reward Condition",40,"6",0,1,98,150,"Long",0.0940802364673507,0.874070765157018,NA,0.499094786612792,"localGP"
"4642",19,33,10,8,76.6171334634599,92.8491332342499,"Smooth","Avg. Reward Condition",40,"6",0,4,99,150,"Long",0.0940802364673507,0.874070765157018,NA,0.499094786612792,"localGP"
"4643",19,34,10,7,82.7698657970911,92.8491332342499,"Smooth","Avg. Reward Condition",40,"6",0,2,88,150,"Long",0.0940802364673507,0.874070765157018,NA,0.499094786612792,"localGP"
"4644",19,35,10,6,47.7902004449391,92.8491332342499,"Smooth","Avg. Reward Condition",40,"6",0,2,77,150,"Long",0.0940802364673507,0.874070765157018,NA,0.499094786612792,"localGP"
"4645",19,36,10,5,1.48105880791409,92.8491332342499,"Smooth","Avg. Reward Condition",40,"6",0,1,66,150,"Long",0.0940802364673507,0.874070765157018,NA,0.499094786612792,"localGP"
"4646",19,37,1,6,76.1819602246697,92.8491332342499,"Smooth","Avg. Reward Condition",40,"6",0,1,68,150,"Long",0.0940802364673507,0.874070765157018,NA,0.499094786612792,"localGP"
"4647",19,38,0,6,86.6558005262952,92.8491332342499,"Smooth","Avg. Reward Condition",40,"6",0,1,67,150,"Long",0.0940802364673507,0.874070765157018,NA,0.499094786612792,"localGP"
"4648",19,39,1,6,76.1819602246697,92.8491332342499,"Smooth","Avg. Reward Condition",40,"6",0,2,68,150,"Long",0.0940802364673507,0.874070765157018,NA,0.499094786612792,"localGP"
"4649",19,40,10,7,82.7698657970911,92.8491332342499,"Smooth","Avg. Reward Condition",40,"6",0,1,88,150,"Long",0.0940802364673507,0.874070765157018,NA,0.499094786612792,"localGP"
"4650",19,41,10,7,82.7698657970911,92.8491332342499,"Smooth","Avg. Reward Condition",40,"6",0,1,88,150,"Long",0.0940802364673507,0.874070765157018,NA,0.499094786612792,"localGP"
"4651",19,1,9,1,33.320982275261,33.320982275261,"Smooth","Avg. Reward Condition",20,"7",1,NA,21,151,"Short",0.0897042079800467,1.05593558448432,NA,0.528599752057265,"localGP"
"4652",19,2,7,0,69.1960987845747,69.1960987845747,"Smooth","Avg. Reward Condition",20,"7",1,9,8,151,"Short",0.0897042079800467,1.05593558448432,NA,0.528599752057265,"localGP"
"4653",19,3,7,1,78.9605492405504,78.9605492405504,"Smooth","Avg. Reward Condition",20,"7",1,8,19,151,"Short",0.0897042079800467,1.05593558448432,NA,0.528599752057265,"localGP"
"4654",19,4,6,1,70.4800541800228,78.9605492405504,"Smooth","Avg. Reward Condition",20,"7",1,8,18,151,"Short",0.0897042079800467,1.05593558448432,NA,0.528599752057265,"localGP"
"4655",19,5,6,0,87.9392304939487,87.9392304939487,"Smooth","Avg. Reward Condition",20,"7",1,8,7,151,"Short",0.0897042079800467,1.05593558448432,NA,0.528599752057265,"localGP"
"4656",19,6,3,3,25.8331935832357,87.9392304939487,"Smooth","Avg. Reward Condition",20,"7",1,5,37,151,"Short",0.0897042079800467,1.05593558448432,NA,0.528599752057265,"localGP"
"4657",19,7,5,2,71.346109333768,87.9392304939487,"Smooth","Avg. Reward Condition",20,"7",1,1,28,151,"Short",0.0897042079800467,1.05593558448432,NA,0.528599752057265,"localGP"
"4658",19,8,5,3,69.3021428353684,87.9392304939487,"Smooth","Avg. Reward Condition",20,"7",1,1,39,151,"Short",0.0897042079800467,1.05593558448432,NA,0.528599752057265,"localGP"
"4659",19,9,6,4,96.8351832239486,96.8351832239486,"Smooth","Avg. Reward Condition",20,"7",1,1,51,151,"Short",0.0897042079800467,1.05593558448432,NA,0.528599752057265,"localGP"
"4660",19,10,6,5,96.622130971634,96.8351832239486,"Smooth","Avg. Reward Condition",20,"7",1,1,62,151,"Short",0.0897042079800467,1.05593558448432,NA,0.528599752057265,"localGP"
"4661",19,11,7,5,77.3624039749998,96.8351832239486,"Smooth","Avg. Reward Condition",20,"7",1,1,63,151,"Short",0.0897042079800467,1.05593558448432,NA,0.528599752057265,"localGP"
"4662",19,12,7,4,77.4616893062404,96.8351832239486,"Smooth","Avg. Reward Condition",20,"7",1,2,52,151,"Short",0.0897042079800467,1.05593558448432,NA,0.528599752057265,"localGP"
"4663",19,13,6,4,96.8351832239486,96.8351832239486,"Smooth","Avg. Reward Condition",20,"7",1,2,51,151,"Short",0.0897042079800467,1.05593558448432,NA,0.528599752057265,"localGP"
"4664",19,14,6,5,96.622130971634,96.8351832239486,"Smooth","Avg. Reward Condition",20,"7",1,1,62,151,"Short",0.0897042079800467,1.05593558448432,NA,0.528599752057265,"localGP"
"4665",19,15,6,6,78.697918940418,96.8351832239486,"Smooth","Avg. Reward Condition",20,"7",1,1,73,151,"Short",0.0897042079800467,1.05593558448432,NA,0.528599752057265,"localGP"
"4666",19,16,5,6,69.9155090037251,96.8351832239486,"Smooth","Avg. Reward Condition",20,"7",1,2,72,151,"Short",0.0897042079800467,1.05593558448432,NA,0.528599752057265,"localGP"
"4667",19,17,5,7,56.1045851311328,96.8351832239486,"Smooth","Avg. Reward Condition",20,"7",1,2,83,151,"Short",0.0897042079800467,1.05593558448432,NA,0.528599752057265,"localGP"
"4668",19,18,5,8,29.2229394651416,96.8351832239486,"Smooth","Avg. Reward Condition",20,"7",1,10,94,151,"Short",0.0897042079800467,1.05593558448432,NA,0.528599752057265,"localGP"
"4669",19,19,9,5,46.4508872756904,96.8351832239486,"Smooth","Avg. Reward Condition",20,"7",1,2,65,151,"Short",0.0897042079800467,1.05593558448432,NA,0.528599752057265,"localGP"
"4670",19,20,5,7,56.1045851311328,96.8351832239486,"Smooth","Avg. Reward Condition",20,"7",1,2,83,151,"Short",0.0897042079800467,1.05593558448432,NA,0.528599752057265,"localGP"
"4671",19,21,6,7,56.6570427677056,96.8351832239486,"Smooth","Avg. Reward Condition",20,"7",1,1,84,151,"Short",0.0897042079800467,1.05593558448432,NA,0.528599752057265,"localGP"
"4672",19,1,8,7,42.1666103712664,42.1666103712664,"Smooth","Avg. Reward Condition",40,"8",9,NA,86,152,"Long",0.10030552066678,0.858561507543275,NA,0.493689014877632,"localGP"
"4673",19,2,10,9,64.7402218310995,64.7402218310995,"Smooth","Avg. Reward Condition",40,"8",9,11,110,152,"Long",0.10030552066678,0.858561507543275,NA,0.493689014877632,"localGP"
"4674",19,3,0,10,40.1320586753249,64.7402218310995,"Smooth","Avg. Reward Condition",40,"8",9,1,111,152,"Long",0.10030552066678,0.858561507543275,NA,0.493689014877632,"localGP"
"4675",19,4,1,10,50.2356022974188,64.7402218310995,"Smooth","Avg. Reward Condition",40,"8",9,1,112,152,"Long",0.10030552066678,0.858561507543275,NA,0.493689014877632,"localGP"
"4676",19,5,6,9,70.5892702957914,70.5892702957914,"Smooth","Avg. Reward Condition",40,"8",9,1,106,152,"Long",0.10030552066678,0.858561507543275,NA,0.493689014877632,"localGP"
"4677",19,6,5,9,75.2199907218667,75.2199907218667,"Smooth","Avg. Reward Condition",40,"8",9,1,105,152,"Long",0.10030552066678,0.858561507543275,NA,0.493689014877632,"localGP"
"4678",19,7,7,8,48.5069548575254,75.2199907218667,"Smooth","Avg. Reward Condition",40,"8",9,1,96,152,"Long",0.10030552066678,0.858561507543275,NA,0.493689014877632,"localGP"
"4679",19,8,6,8,47.3250412535165,75.2199907218667,"Smooth","Avg. Reward Condition",40,"8",9,2,95,152,"Long",0.10030552066678,0.858561507543275,NA,0.493689014877632,"localGP"
"4680",19,9,4,10,47.1833228393405,75.2199907218667,"Smooth","Avg. Reward Condition",40,"8",9,1,115,152,"Long",0.10030552066678,0.858561507543275,NA,0.493689014877632,"localGP"
"4681",19,10,3,10,39.8581222940404,75.2199907218667,"Smooth","Avg. Reward Condition",40,"8",9,1,114,152,"Long",0.10030552066678,0.858561507543275,NA,0.493689014877632,"localGP"
"4682",19,11,10,10,20.1449124623771,75.2199907218667,"Smooth","Avg. Reward Condition",40,"8",9,3,121,152,"Long",0.10030552066678,0.858561507543275,NA,0.493689014877632,"localGP"
"4683",19,12,9,7,82.8870600418845,82.8870600418845,"Smooth","Avg. Reward Condition",40,"8",9,1,87,152,"Long",0.10030552066678,0.858561507543275,NA,0.493689014877632,"localGP"
"4684",19,13,8,5,0,82.8870600418845,"Smooth","Avg. Reward Condition",40,"8",9,4,64,152,"Long",0.10030552066678,0.858561507543275,NA,0.493689014877632,"localGP"
"4685",19,14,4,7,31.2245968865116,82.8870600418845,"Smooth","Avg. Reward Condition",40,"8",9,5,82,152,"Long",0.10030552066678,0.858561507543275,NA,0.493689014877632,"localGP"
"4686",19,15,0,5,93.2896159771943,93.2896159771943,"Smooth","Avg. Reward Condition",40,"8",9,4,56,152,"Long",0.10030552066678,0.858561507543275,NA,0.493689014877632,"localGP"
"4687",19,16,1,5,55.4257093623145,93.2896159771943,"Smooth","Avg. Reward Condition",40,"8",9,2,57,152,"Long",0.10030552066678,0.858561507543275,NA,0.493689014877632,"localGP"
"4688",19,17,0,4,52.8064485464723,93.2896159771943,"Smooth","Avg. Reward Condition",40,"8",9,2,45,152,"Long",0.10030552066678,0.858561507543275,NA,0.493689014877632,"localGP"
"4689",19,18,0,9,58.8852993976115,93.2896159771943,"Smooth","Avg. Reward Condition",40,"8",9,2,100,152,"Long",0.10030552066678,0.858561507543275,NA,0.493689014877632,"localGP"
"4690",19,19,0,8,46.0959126703329,93.2896159771943,"Smooth","Avg. Reward Condition",40,"8",9,1,89,152,"Long",0.10030552066678,0.858561507543275,NA,0.493689014877632,"localGP"
"4691",19,20,7,10,78.998388653825,93.2896159771943,"Smooth","Avg. Reward Condition",40,"8",9,2,118,152,"Long",0.10030552066678,0.858561507543275,NA,0.493689014877632,"localGP"
"4692",19,21,7,9,69.1316756663671,93.2896159771943,"Smooth","Avg. Reward Condition",40,"8",9,1,107,152,"Long",0.10030552066678,0.858561507543275,NA,0.493689014877632,"localGP"
"4693",19,22,8,9,64.9640361511548,93.2896159771943,"Smooth","Avg. Reward Condition",40,"8",9,3,108,152,"Long",0.10030552066678,0.858561507543275,NA,0.493689014877632,"localGP"
"4694",19,23,8,8,67.1128582001085,93.2896159771943,"Smooth","Avg. Reward Condition",40,"8",9,1,97,152,"Long",0.10030552066678,0.858561507543275,NA,0.493689014877632,"localGP"
"4695",19,24,9,9,56.1300557046755,93.2896159771943,"Smooth","Avg. Reward Condition",40,"8",9,1,109,152,"Long",0.10030552066678,0.858561507543275,NA,0.493689014877632,"localGP"
"4696",19,25,10,7,64.0304826931053,93.2896159771943,"Smooth","Avg. Reward Condition",40,"8",9,1,88,152,"Long",0.10030552066678,0.858561507543275,NA,0.493689014877632,"localGP"
"4697",19,26,10,6,41.1599115765723,93.2896159771943,"Smooth","Avg. Reward Condition",40,"8",9,1,77,152,"Long",0.10030552066678,0.858561507543275,NA,0.493689014877632,"localGP"
"4698",19,27,6,4,34.6420598160748,93.2896159771943,"Smooth","Avg. Reward Condition",40,"8",9,2,51,152,"Long",0.10030552066678,0.858561507543275,NA,0.493689014877632,"localGP"
"4699",19,28,4,0,79.9431598436755,93.2896159771943,"Smooth","Avg. Reward Condition",40,"8",9,1,5,152,"Long",0.10030552066678,0.858561507543275,NA,0.493689014877632,"localGP"
"4700",19,29,4,1,66.1540959055095,93.2896159771943,"Smooth","Avg. Reward Condition",40,"8",9,2,16,152,"Long",0.10030552066678,0.858561507543275,NA,0.493689014877632,"localGP"
"4701",19,30,7,5,4.73175051861213,93.2896159771943,"Smooth","Avg. Reward Condition",40,"8",9,6,63,152,"Long",0.10030552066678,0.858561507543275,NA,0.493689014877632,"localGP"
"4702",19,31,7,2,45.3020225853978,93.2896159771943,"Smooth","Avg. Reward Condition",40,"8",9,2,30,152,"Long",0.10030552066678,0.858561507543275,NA,0.493689014877632,"localGP"
"4703",19,32,10,0,73.1299582594774,93.2896159771943,"Smooth","Avg. Reward Condition",40,"8",9,9,11,152,"Long",0.10030552066678,0.858561507543275,NA,0.493689014877632,"localGP"
"4704",19,33,10,1,42.9509969441746,93.2896159771943,"Smooth","Avg. Reward Condition",40,"8",9,1,22,152,"Long",0.10030552066678,0.858561507543275,NA,0.493689014877632,"localGP"
"4705",19,34,8,6,1.80796018647668,93.2896159771943,"Smooth","Avg. Reward Condition",40,"8",9,1,75,152,"Long",0.10030552066678,0.858561507543275,NA,0.493689014877632,"localGP"
"4706",19,35,7,3,18.1076390436013,93.2896159771943,"Smooth","Avg. Reward Condition",40,"8",9,1,41,152,"Long",0.10030552066678,0.858561507543275,NA,0.493689014877632,"localGP"
"4707",19,36,0,1,72.3819209739553,93.2896159771943,"Smooth","Avg. Reward Condition",40,"8",9,1,12,152,"Long",0.10030552066678,0.858561507543275,NA,0.493689014877632,"localGP"
"4708",19,37,5,7,31.1556847928287,93.2896159771943,"Smooth","Avg. Reward Condition",40,"8",9,1,83,152,"Long",0.10030552066678,0.858561507543275,NA,0.493689014877632,"localGP"
"4709",19,38,8,4,25.3679855103689,93.2896159771943,"Smooth","Avg. Reward Condition",40,"8",9,1,53,152,"Long",0.10030552066678,0.858561507543275,NA,0.493689014877632,"localGP"
"4710",19,39,5,1,62.2178044014381,93.2896159771943,"Smooth","Avg. Reward Condition",40,"8",9,7,17,152,"Long",0.10030552066678,0.858561507543275,NA,0.493689014877632,"localGP"
"4711",19,40,6,1,54.5470744987009,93.2896159771943,"Smooth","Avg. Reward Condition",40,"8",9,1,18,152,"Long",0.10030552066678,0.858561507543275,NA,0.493689014877632,"localGP"
"4712",19,41,0,2,53.9477562891327,93.2896159771943,"Smooth","Avg. Reward Condition",40,"8",9,2,23,152,"Long",0.10030552066678,0.858561507543275,NA,0.493689014877632,"localGP"
"4713",20,1,1,3,79.9836672889353,79.9836672889353,"Smooth","Avg. Reward Condition",40,"1",14,NA,35,153,"Long",0.0805724997308836,0.66750957352751,NA,0.505320694769323,"localGP"
"4714",20,2,1,4,50.1159622354863,79.9836672889353,"Smooth","Avg. Reward Condition",40,"1",14,1,46,153,"Long",0.0805724997308836,0.66750957352751,NA,0.505320694769323,"localGP"
"4715",20,3,1,5,56.5450425488561,79.9836672889353,"Smooth","Avg. Reward Condition",40,"1",14,1,57,153,"Long",0.0805724997308836,0.66750957352751,NA,0.505320694769323,"localGP"
"4716",20,4,2,5,54.5749797854144,79.9836672889353,"Smooth","Avg. Reward Condition",40,"1",14,2,58,153,"Long",0.0805724997308836,0.66750957352751,NA,0.505320694769323,"localGP"
"4717",20,5,2,6,67.3937194364363,79.9836672889353,"Smooth","Avg. Reward Condition",40,"1",14,3,69,153,"Long",0.0805724997308836,0.66750957352751,NA,0.505320694769323,"localGP"
"4718",20,6,2,6,67.3937194364363,79.9836672889353,"Smooth","Avg. Reward Condition",40,"1",14,2,69,153,"Long",0.0805724997308836,0.66750957352751,NA,0.505320694769323,"localGP"
"4719",20,7,2,7,55.242778504398,79.9836672889353,"Smooth","Avg. Reward Condition",40,"1",14,2,80,153,"Long",0.0805724997308836,0.66750957352751,NA,0.505320694769323,"localGP"
"4720",20,8,1,1,79.8594953579445,79.9836672889353,"Smooth","Avg. Reward Condition",40,"1",14,1,13,153,"Long",0.0805724997308836,0.66750957352751,NA,0.505320694769323,"localGP"
"4721",20,9,1,2,100,100,"Smooth","Avg. Reward Condition",40,"1",14,1,24,153,"Long",0.0805724997308836,0.66750957352751,NA,0.505320694769323,"localGP"
"4722",20,10,2,2,74.8205512494422,100,"Smooth","Avg. Reward Condition",40,"1",14,3,25,153,"Long",0.0805724997308836,0.66750957352751,NA,0.505320694769323,"localGP"
"4723",20,11,2,1,53.6211624173466,100,"Smooth","Avg. Reward Condition",40,"1",14,2,14,153,"Long",0.0805724997308836,0.66750957352751,NA,0.505320694769323,"localGP"
"4724",20,12,0,2,76.8659090537279,100,"Smooth","Avg. Reward Condition",40,"1",14,3,23,153,"Long",0.0805724997308836,0.66750957352751,NA,0.505320694769323,"localGP"
"4725",20,13,2,0,39.9028275804377,100,"Smooth","Avg. Reward Condition",40,"1",14,3,3,153,"Long",0.0805724997308836,0.66750957352751,NA,0.505320694769323,"localGP"
"4726",20,14,3,5,32.3660103282064,100,"Smooth","Avg. Reward Condition",40,"1",14,5,59,153,"Long",0.0805724997308836,0.66750957352751,NA,0.505320694769323,"localGP"
"4727",20,15,3,6,62.6985194647097,100,"Smooth","Avg. Reward Condition",40,"1",14,1,70,153,"Long",0.0805724997308836,0.66750957352751,NA,0.505320694769323,"localGP"
"4728",20,16,0,6,76.4733892351915,100,"Smooth","Avg. Reward Condition",40,"1",14,1,67,153,"Long",0.0805724997308836,0.66750957352751,NA,0.505320694769323,"localGP"
"4729",20,17,1,6,65.2952902215334,100,"Smooth","Avg. Reward Condition",40,"1",14,4,68,153,"Long",0.0805724997308836,0.66750957352751,NA,0.505320694769323,"localGP"
"4730",20,18,1,7,41.2794472519756,100,"Smooth","Avg. Reward Condition",40,"1",14,4,79,153,"Long",0.0805724997308836,0.66750957352751,NA,0.505320694769323,"localGP"
"4731",20,19,1,8,31.7848586206524,100,"Smooth","Avg. Reward Condition",40,"1",14,1,90,153,"Long",0.0805724997308836,0.66750957352751,NA,0.505320694769323,"localGP"
"4732",20,20,8,7,50.4837512080328,100,"Smooth","Avg. Reward Condition",40,"1",14,1,86,153,"Long",0.0805724997308836,0.66750957352751,NA,0.505320694769323,"localGP"
"4733",20,21,8,8,71.5418011701731,100,"Smooth","Avg. Reward Condition",40,"1",14,1,97,153,"Long",0.0805724997308836,0.66750957352751,NA,0.505320694769323,"localGP"
"4734",20,22,7,6,23.0283508760921,100,"Smooth","Avg. Reward Condition",40,"1",14,2,74,153,"Long",0.0805724997308836,0.66750957352751,NA,0.505320694769323,"localGP"
"4735",20,23,4,7,79.6870668844462,100,"Smooth","Avg. Reward Condition",40,"1",14,1,82,153,"Long",0.0805724997308836,0.66750957352751,NA,0.505320694769323,"localGP"
"4736",20,24,4,8,61.073766397803,100,"Smooth","Avg. Reward Condition",40,"1",14,1,93,153,"Long",0.0805724997308836,0.66750957352751,NA,0.505320694769323,"localGP"
"4737",20,25,5,8,47.473484519333,100,"Smooth","Avg. Reward Condition",40,"1",14,17,94,153,"Long",0.0805724997308836,0.66750957352751,NA,0.505320694769323,"localGP"
"4738",20,26,5,7,59.9884412518984,100,"Smooth","Avg. Reward Condition",40,"1",14,2,83,153,"Long",0.0805724997308836,0.66750957352751,NA,0.505320694769323,"localGP"
"4739",20,27,4,6,56.3577284300017,100,"Smooth","Avg. Reward Condition",40,"1",14,2,71,153,"Long",0.0805724997308836,0.66750957352751,NA,0.505320694769323,"localGP"
"4740",20,28,5,6,32.4190183733433,100,"Smooth","Avg. Reward Condition",40,"1",14,3,72,153,"Long",0.0805724997308836,0.66750957352751,NA,0.505320694769323,"localGP"
"4741",20,29,4,8,61.073766397803,100,"Smooth","Avg. Reward Condition",40,"1",14,7,93,153,"Long",0.0805724997308836,0.66750957352751,NA,0.505320694769323,"localGP"
"4742",20,30,8,6,39.7173346778069,100,"Smooth","Avg. Reward Condition",40,"1",14,7,75,153,"Long",0.0805724997308836,0.66750957352751,NA,0.505320694769323,"localGP"
"4743",20,31,9,6,53.922059162167,100,"Smooth","Avg. Reward Condition",40,"1",14,3,76,153,"Long",0.0805724997308836,0.66750957352751,NA,0.505320694769323,"localGP"
"4744",20,32,9,7,47.5868272276955,100,"Smooth","Avg. Reward Condition",40,"1",14,2,87,153,"Long",0.0805724997308836,0.66750957352751,NA,0.505320694769323,"localGP"
"4745",20,33,10,5,30.1430147577339,100,"Smooth","Avg. Reward Condition",40,"1",14,2,66,153,"Long",0.0805724997308836,0.66750957352751,NA,0.505320694769323,"localGP"
"4746",20,34,9,5,22.009962782613,100,"Smooth","Avg. Reward Condition",40,"1",14,1,65,153,"Long",0.0805724997308836,0.66750957352751,NA,0.505320694769323,"localGP"
"4747",20,35,9,9,45.572725705469,100,"Smooth","Avg. Reward Condition",40,"1",14,2,109,153,"Long",0.0805724997308836,0.66750957352751,NA,0.505320694769323,"localGP"
"4748",20,36,9,8,50.6401868602736,100,"Smooth","Avg. Reward Condition",40,"1",14,1,98,153,"Long",0.0805724997308836,0.66750957352751,NA,0.505320694769323,"localGP"
"4749",20,37,10,8,35.2764128240829,100,"Smooth","Avg. Reward Condition",40,"1",14,1,99,153,"Long",0.0805724997308836,0.66750957352751,NA,0.505320694769323,"localGP"
"4750",20,38,10,9,9.60078662109297,100,"Smooth","Avg. Reward Condition",40,"1",14,2,110,153,"Long",0.0805724997308836,0.66750957352751,NA,0.505320694769323,"localGP"
"4751",20,39,7,8,64.3486070540573,100,"Smooth","Avg. Reward Condition",40,"1",14,1,96,153,"Long",0.0805724997308836,0.66750957352751,NA,0.505320694769323,"localGP"
"4752",20,40,2,5,54.5749797854144,100,"Smooth","Avg. Reward Condition",40,"1",14,5,58,153,"Long",0.0805724997308836,0.66750957352751,NA,0.505320694769323,"localGP"
"4753",20,41,3,10,73.0643820876039,100,"Smooth","Avg. Reward Condition",40,"1",14,2,114,153,"Long",0.0805724997308836,0.66750957352751,NA,0.505320694769323,"localGP"
"4754",20,1,4,4,58.9084220518728,58.9084220518728,"Smooth","Avg. Reward Condition",20,"2",1,NA,49,154,"Short",0.0745246308859173,0.643707445398154,NA,0.495339637350359,"localGP"
"4755",20,2,5,4,93.0511729954542,93.0511729954542,"Smooth","Avg. Reward Condition",20,"2",1,2,50,154,"Short",0.0745246308859173,0.643707445398154,NA,0.495339637350359,"localGP"
"4756",20,3,6,4,96.8351832239486,96.8351832239486,"Smooth","Avg. Reward Condition",20,"2",1,1,51,154,"Short",0.0745246308859173,0.643707445398154,NA,0.495339637350359,"localGP"
"4757",20,4,6,3,82.7136870116885,96.8351832239486,"Smooth","Avg. Reward Condition",20,"2",1,1,40,154,"Short",0.0745246308859173,0.643707445398154,NA,0.495339637350359,"localGP"
"4758",20,5,5,3,69.3021428353684,96.8351832239486,"Smooth","Avg. Reward Condition",20,"2",1,1,39,154,"Short",0.0745246308859173,0.643707445398154,NA,0.495339637350359,"localGP"
"4759",20,6,5,4,93.0511729954542,96.8351832239486,"Smooth","Avg. Reward Condition",20,"2",1,2,50,154,"Short",0.0745246308859173,0.643707445398154,NA,0.495339637350359,"localGP"
"4760",20,7,5,5,89.574494748802,96.8351832239486,"Smooth","Avg. Reward Condition",20,"2",1,1,61,154,"Short",0.0745246308859173,0.643707445398154,NA,0.495339637350359,"localGP"
"4761",20,8,6,5,96.622130971634,96.8351832239486,"Smooth","Avg. Reward Condition",20,"2",1,2,62,154,"Short",0.0745246308859173,0.643707445398154,NA,0.495339637350359,"localGP"
"4762",20,9,6,6,78.697918940418,96.8351832239486,"Smooth","Avg. Reward Condition",20,"2",1,1,73,154,"Short",0.0745246308859173,0.643707445398154,NA,0.495339637350359,"localGP"
"4763",20,10,6,7,56.6570427677056,96.8351832239486,"Smooth","Avg. Reward Condition",20,"2",1,1,84,154,"Short",0.0745246308859173,0.643707445398154,NA,0.495339637350359,"localGP"
"4764",20,11,7,7,63.4190187757228,96.8351832239486,"Smooth","Avg. Reward Condition",20,"2",1,1,85,154,"Short",0.0745246308859173,0.643707445398154,NA,0.495339637350359,"localGP"
"4765",20,12,7,6,77.9627730782378,96.8351832239486,"Smooth","Avg. Reward Condition",20,"2",1,4,74,154,"Short",0.0745246308859173,0.643707445398154,NA,0.495339637350359,"localGP"
"4766",20,13,7,5,77.3624039749998,96.8351832239486,"Smooth","Avg. Reward Condition",20,"2",1,1,63,154,"Short",0.0745246308859173,0.643707445398154,NA,0.495339637350359,"localGP"
"4767",20,14,7,4,77.4616893062404,96.8351832239486,"Smooth","Avg. Reward Condition",20,"2",1,3,52,154,"Short",0.0745246308859173,0.643707445398154,NA,0.495339637350359,"localGP"
"4768",20,15,8,4,50.5233477520952,96.8351832239486,"Smooth","Avg. Reward Condition",20,"2",1,2,53,154,"Short",0.0745246308859173,0.643707445398154,NA,0.495339637350359,"localGP"
"4769",20,16,8,5,58.2160279726654,96.8351832239486,"Smooth","Avg. Reward Condition",20,"2",1,1,64,154,"Short",0.0745246308859173,0.643707445398154,NA,0.495339637350359,"localGP"
"4770",20,17,7,10,39.1305006812837,96.8351832239486,"Smooth","Avg. Reward Condition",20,"2",1,7,118,154,"Short",0.0745246308859173,0.643707445398154,NA,0.495339637350359,"localGP"
"4771",20,18,8,10,52.0181459798519,96.8351832239486,"Smooth","Avg. Reward Condition",20,"2",1,11,119,154,"Short",0.0745246308859173,0.643707445398154,NA,0.495339637350359,"localGP"
"4772",20,19,9,10,49.6139701131598,96.8351832239486,"Smooth","Avg. Reward Condition",20,"2",1,1,120,154,"Short",0.0745246308859173,0.643707445398154,NA,0.495339637350359,"localGP"
"4773",20,20,9,9,58.8980343444626,96.8351832239486,"Smooth","Avg. Reward Condition",20,"2",1,1,109,154,"Short",0.0745246308859173,0.643707445398154,NA,0.495339637350359,"localGP"
"4774",20,21,9,8,62.5304329189769,96.8351832239486,"Smooth","Avg. Reward Condition",20,"2",1,2,98,154,"Short",0.0745246308859173,0.643707445398154,NA,0.495339637350359,"localGP"
"4775",20,1,0,8,23.1725085445236,23.1725085445236,"Smooth","Avg. Reward Condition",40,"3",16,NA,89,155,"Long",0.10162055334647,0.623207838215313,NA,0.579776073495497,"localGP"
"4776",20,2,0,9,12.3134748029018,23.1725085445236,"Smooth","Avg. Reward Condition",40,"3",16,1,100,155,"Long",0.10162055334647,0.623207838215313,NA,0.579776073495497,"localGP"
"4777",20,3,8,10,71.5964693856376,71.5964693856376,"Smooth","Avg. Reward Condition",40,"3",16,1,119,155,"Long",0.10162055334647,0.623207838215313,NA,0.579776073495497,"localGP"
"4778",20,4,6,8,18.8814193506035,71.5964693856376,"Smooth","Avg. Reward Condition",40,"3",16,1,95,155,"Long",0.10162055334647,0.623207838215313,NA,0.579776073495497,"localGP"
"4779",20,5,6,3,20.2544962767055,71.5964693856376,"Smooth","Avg. Reward Condition",40,"3",16,1,40,155,"Long",0.10162055334647,0.623207838215313,NA,0.579776073495497,"localGP"
"4780",20,6,7,3,32.8647798695032,71.5964693856376,"Smooth","Avg. Reward Condition",40,"3",16,1,41,155,"Long",0.10162055334647,0.623207838215313,NA,0.579776073495497,"localGP"
"4781",20,7,6,4,32.9227848500965,71.5964693856376,"Smooth","Avg. Reward Condition",40,"3",16,1,51,155,"Long",0.10162055334647,0.623207838215313,NA,0.579776073495497,"localGP"
"4782",20,8,5,1,38.6890479154097,71.5964693856376,"Smooth","Avg. Reward Condition",40,"3",16,1,17,155,"Long",0.10162055334647,0.623207838215313,NA,0.579776073495497,"localGP"
"4783",20,9,0,4,9.44675850929692,71.5964693856376,"Smooth","Avg. Reward Condition",40,"3",16,1,45,155,"Long",0.10162055334647,0.623207838215313,NA,0.579776073495497,"localGP"
"4784",20,10,0,3,30.8986299879706,71.5964693856376,"Smooth","Avg. Reward Condition",40,"3",16,2,34,155,"Long",0.10162055334647,0.623207838215313,NA,0.579776073495497,"localGP"
"4785",20,11,1,3,12.8351269156198,71.5964693856376,"Smooth","Avg. Reward Condition",40,"3",16,1,35,155,"Long",0.10162055334647,0.623207838215313,NA,0.579776073495497,"localGP"
"4786",20,12,2,3,44.0669303004105,71.5964693856376,"Smooth","Avg. Reward Condition",40,"3",16,4,36,155,"Long",0.10162055334647,0.623207838215313,NA,0.579776073495497,"localGP"
"4787",20,13,2,2,33.6778376971896,71.5964693856376,"Smooth","Avg. Reward Condition",40,"3",16,2,25,155,"Long",0.10162055334647,0.623207838215313,NA,0.579776073495497,"localGP"
"4788",20,14,2,6,31.1551855737256,71.5964693856376,"Smooth","Avg. Reward Condition",40,"3",16,1,69,155,"Long",0.10162055334647,0.623207838215313,NA,0.579776073495497,"localGP"
"4789",20,15,3,6,61.712476104061,71.5964693856376,"Smooth","Avg. Reward Condition",40,"3",16,2,70,155,"Long",0.10162055334647,0.623207838215313,NA,0.579776073495497,"localGP"
"4790",20,16,3,7,53.4998993765657,71.5964693856376,"Smooth","Avg. Reward Condition",40,"3",16,2,81,155,"Long",0.10162055334647,0.623207838215313,NA,0.579776073495497,"localGP"
"4791",20,17,0,7,37.8557325594618,71.5964693856376,"Smooth","Avg. Reward Condition",40,"3",16,1,78,155,"Long",0.10162055334647,0.623207838215313,NA,0.579776073495497,"localGP"
"4792",20,18,0,6,35.4675147086049,71.5964693856376,"Smooth","Avg. Reward Condition",40,"3",16,5,67,155,"Long",0.10162055334647,0.623207838215313,NA,0.579776073495497,"localGP"
"4793",20,19,0,7,37.8557325594618,71.5964693856376,"Smooth","Avg. Reward Condition",40,"3",16,15,78,155,"Long",0.10162055334647,0.623207838215313,NA,0.579776073495497,"localGP"
"4794",20,20,1,7,30.6098170794807,71.5964693856376,"Smooth","Avg. Reward Condition",40,"3",16,9,79,155,"Long",0.10162055334647,0.623207838215313,NA,0.579776073495497,"localGP"
"4795",20,21,1,8,47.6114909591659,71.5964693856376,"Smooth","Avg. Reward Condition",40,"3",16,10,90,155,"Long",0.10162055334647,0.623207838215313,NA,0.579776073495497,"localGP"
"4796",20,22,2,8,47.6806943266492,71.5964693856376,"Smooth","Avg. Reward Condition",40,"3",16,6,91,155,"Long",0.10162055334647,0.623207838215313,NA,0.579776073495497,"localGP"
"4797",20,23,10,1,60.2797132321524,71.5964693856376,"Smooth","Avg. Reward Condition",40,"3",16,4,22,155,"Long",0.10162055334647,0.623207838215313,NA,0.579776073495497,"localGP"
"4798",20,24,10,0,30.3219618945097,71.5964693856376,"Smooth","Avg. Reward Condition",40,"3",16,1,11,155,"Long",0.10162055334647,0.623207838215313,NA,0.579776073495497,"localGP"
"4799",20,25,10,4,47.4832881916052,71.5964693856376,"Smooth","Avg. Reward Condition",40,"3",16,1,55,155,"Long",0.10162055334647,0.623207838215313,NA,0.579776073495497,"localGP"
"4800",20,26,10,2,56.4762656457171,71.5964693856376,"Smooth","Avg. Reward Condition",40,"3",16,1,33,155,"Long",0.10162055334647,0.623207838215313,NA,0.579776073495497,"localGP"
"4801",20,27,9,2,31.2786150347164,71.5964693856376,"Smooth","Avg. Reward Condition",40,"3",16,1,32,155,"Long",0.10162055334647,0.623207838215313,NA,0.579776073495497,"localGP"
"4802",20,28,8,2,32.4684678328566,71.5964693856376,"Smooth","Avg. Reward Condition",40,"3",16,1,31,155,"Long",0.10162055334647,0.623207838215313,NA,0.579776073495497,"localGP"
"4803",20,29,9,8,70.9435815561283,71.5964693856376,"Smooth","Avg. Reward Condition",40,"3",16,1,98,155,"Long",0.10162055334647,0.623207838215313,NA,0.579776073495497,"localGP"
"4804",20,30,8,8,44.062668247347,71.5964693856376,"Smooth","Avg. Reward Condition",40,"3",16,1,97,155,"Long",0.10162055334647,0.623207838215313,NA,0.579776073495497,"localGP"
"4805",20,31,10,8,76.157753608192,76.157753608192,"Smooth","Avg. Reward Condition",40,"3",16,1,99,155,"Long",0.10162055334647,0.623207838215313,NA,0.579776073495497,"localGP"
"4806",20,32,10,9,72.5110425569696,76.157753608192,"Smooth","Avg. Reward Condition",40,"3",16,4,110,155,"Long",0.10162055334647,0.623207838215313,NA,0.579776073495497,"localGP"
"4807",20,33,9,9,48.2469413431705,76.157753608192,"Smooth","Avg. Reward Condition",40,"3",16,1,109,155,"Long",0.10162055334647,0.623207838215313,NA,0.579776073495497,"localGP"
"4808",20,34,9,10,29.5582991168429,76.157753608192,"Smooth","Avg. Reward Condition",40,"3",16,2,120,155,"Long",0.10162055334647,0.623207838215313,NA,0.579776073495497,"localGP"
"4809",20,35,0,8,23.1725085445236,76.157753608192,"Smooth","Avg. Reward Condition",40,"3",16,1,89,155,"Long",0.10162055334647,0.623207838215313,NA,0.579776073495497,"localGP"
"4810",20,36,2,1,37.8294983546141,76.157753608192,"Smooth","Avg. Reward Condition",40,"3",16,1,14,155,"Long",0.10162055334647,0.623207838215313,NA,0.579776073495497,"localGP"
"4811",20,37,3,10,53.1177540166695,76.157753608192,"Smooth","Avg. Reward Condition",40,"3",16,1,114,155,"Long",0.10162055334647,0.623207838215313,NA,0.579776073495497,"localGP"
"4812",20,38,4,10,54.7578057805641,76.157753608192,"Smooth","Avg. Reward Condition",40,"3",16,10,115,155,"Long",0.10162055334647,0.623207838215313,NA,0.579776073495497,"localGP"
"4813",20,39,5,10,12.2429925631197,76.157753608192,"Smooth","Avg. Reward Condition",40,"3",16,2,116,155,"Long",0.10162055334647,0.623207838215313,NA,0.579776073495497,"localGP"
"4814",20,40,9,1,49.5835644833186,76.157753608192,"Smooth","Avg. Reward Condition",40,"3",16,1,21,155,"Long",0.10162055334647,0.623207838215313,NA,0.579776073495497,"localGP"
"4815",20,41,9,0,28.4138633075893,76.157753608192,"Smooth","Avg. Reward Condition",40,"3",16,1,10,155,"Long",0.10162055334647,0.623207838215313,NA,0.579776073495497,"localGP"
"4816",20,1,3,8,30.4607303474872,30.4607303474872,"Smooth","Avg. Reward Condition",20,"4",13,NA,92,156,"Short",0.079340061672854,0.665982410922665,NA,0.511411757340362,"localGP"
"4817",20,2,10,10,64.51081568663,64.51081568663,"Smooth","Avg. Reward Condition",20,"4",13,10,121,156,"Short",0.079340061672854,0.665982410922665,NA,0.511411757340362,"localGP"
"4818",20,3,9,10,60.7749452676807,64.51081568663,"Smooth","Avg. Reward Condition",20,"4",13,1,120,156,"Short",0.079340061672854,0.665982410922665,NA,0.511411757340362,"localGP"
"4819",20,4,9,9,62.7122285843456,64.51081568663,"Smooth","Avg. Reward Condition",20,"4",13,1,109,156,"Short",0.079340061672854,0.665982410922665,NA,0.511411757340362,"localGP"
"4820",20,5,9,8,52.3170386231255,64.51081568663,"Smooth","Avg. Reward Condition",20,"4",13,1,98,156,"Short",0.079340061672854,0.665982410922665,NA,0.511411757340362,"localGP"
"4821",20,6,8,8,57.8542961251915,64.51081568663,"Smooth","Avg. Reward Condition",20,"4",13,2,97,156,"Short",0.079340061672854,0.665982410922665,NA,0.511411757340362,"localGP"
"4822",20,7,8,7,57.7313818278047,64.51081568663,"Smooth","Avg. Reward Condition",20,"4",13,1,86,156,"Short",0.079340061672854,0.665982410922665,NA,0.511411757340362,"localGP"
"4823",20,8,9,7,38.2481492101488,64.51081568663,"Smooth","Avg. Reward Condition",20,"4",13,2,87,156,"Short",0.079340061672854,0.665982410922665,NA,0.511411757340362,"localGP"
"4824",20,9,9,6,20.0963903815858,64.51081568663,"Smooth","Avg. Reward Condition",20,"4",13,1,76,156,"Short",0.079340061672854,0.665982410922665,NA,0.511411757340362,"localGP"
"4825",20,10,10,6,43.7834189744313,64.51081568663,"Smooth","Avg. Reward Condition",20,"4",13,1,77,156,"Short",0.079340061672854,0.665982410922665,NA,0.511411757340362,"localGP"
"4826",20,11,10,4,46.4286824642032,64.51081568663,"Smooth","Avg. Reward Condition",20,"4",13,1,55,156,"Short",0.079340061672854,0.665982410922665,NA,0.511411757340362,"localGP"
"4827",20,12,9,4,36.4101012939869,64.51081568663,"Smooth","Avg. Reward Condition",20,"4",13,1,54,156,"Short",0.079340061672854,0.665982410922665,NA,0.511411757340362,"localGP"
"4828",20,13,8,4,13.6511878031672,64.51081568663,"Smooth","Avg. Reward Condition",20,"4",13,1,53,156,"Short",0.079340061672854,0.665982410922665,NA,0.511411757340362,"localGP"
"4829",20,14,8,5,7.50786844236636,64.51081568663,"Smooth","Avg. Reward Condition",20,"4",13,2,64,156,"Short",0.079340061672854,0.665982410922665,NA,0.511411757340362,"localGP"
"4830",20,15,9,7,38.2481492101488,64.51081568663,"Smooth","Avg. Reward Condition",20,"4",13,1,87,156,"Short",0.079340061672854,0.665982410922665,NA,0.511411757340362,"localGP"
"4831",20,16,10,8,70.6098250573604,70.6098250573604,"Smooth","Avg. Reward Condition",20,"4",13,1,99,156,"Short",0.079340061672854,0.665982410922665,NA,0.511411757340362,"localGP"
"4832",20,17,10,7,43.7318226156506,70.6098250573604,"Smooth","Avg. Reward Condition",20,"4",13,1,88,156,"Short",0.079340061672854,0.665982410922665,NA,0.511411757340362,"localGP"
"4833",20,18,8,9,45.2150517088665,70.6098250573604,"Smooth","Avg. Reward Condition",20,"4",13,4,108,156,"Short",0.079340061672854,0.665982410922665,NA,0.511411757340362,"localGP"
"4834",20,19,6,10,0.313800419129401,70.6098250573604,"Smooth","Avg. Reward Condition",20,"4",13,1,117,156,"Short",0.079340061672854,0.665982410922665,NA,0.511411757340362,"localGP"
"4835",20,20,8,3,21.3087357569789,70.6098250573604,"Smooth","Avg. Reward Condition",20,"4",13,1,42,156,"Short",0.079340061672854,0.665982410922665,NA,0.511411757340362,"localGP"
"4836",20,21,9,3,35.3475203040359,70.6098250573604,"Smooth","Avg. Reward Condition",20,"4",13,1,43,156,"Short",0.079340061672854,0.665982410922665,NA,0.511411757340362,"localGP"
"4837",20,1,5,5,61.5391732787472,61.5391732787472,"Smooth","Avg. Reward Condition",40,"5",18,NA,61,157,"Long",0.0961312809837657,0.624402701531655,NA,0.544167718434144,"localGP"
"4838",20,2,5,2,52.4052015124445,61.5391732787472,"Smooth","Avg. Reward Condition",40,"5",18,4,28,157,"Long",0.0961312809837657,0.624402701531655,NA,0.544167718434144,"localGP"
"4839",20,3,5,1,44.0731143129656,61.5391732787472,"Smooth","Avg. Reward Condition",40,"5",18,15,17,157,"Long",0.0961312809837657,0.624402701531655,NA,0.544167718434144,"localGP"
"4840",20,4,5,9,24.0405194815787,61.5391732787472,"Smooth","Avg. Reward Condition",40,"5",18,10,105,157,"Long",0.0961312809837657,0.624402701531655,NA,0.544167718434144,"localGP"
"4841",20,5,4,9,48.6599556271506,61.5391732787472,"Smooth","Avg. Reward Condition",40,"5",18,16,104,157,"Long",0.0961312809837657,0.624402701531655,NA,0.544167718434144,"localGP"
"4842",20,6,3,9,61.4935218902942,61.5391732787472,"Smooth","Avg. Reward Condition",40,"5",18,9,103,157,"Long",0.0961312809837657,0.624402701531655,NA,0.544167718434144,"localGP"
"4843",20,7,3,10,32.5695318981662,61.5391732787472,"Smooth","Avg. Reward Condition",40,"5",18,1,114,157,"Long",0.0961312809837657,0.624402701531655,NA,0.544167718434144,"localGP"
"4844",20,8,8,6,52.3875490141336,61.5391732787472,"Smooth","Avg. Reward Condition",40,"5",18,2,75,157,"Long",0.0961312809837657,0.624402701531655,NA,0.544167718434144,"localGP"
"4845",20,9,7,6,35.0970793586,61.5391732787472,"Smooth","Avg. Reward Condition",40,"5",18,1,74,157,"Long",0.0961312809837657,0.624402701531655,NA,0.544167718434144,"localGP"
"4846",20,10,6,9,34.6588515600726,61.5391732787472,"Smooth","Avg. Reward Condition",40,"5",18,1,106,157,"Long",0.0961312809837657,0.624402701531655,NA,0.544167718434144,"localGP"
"4847",20,11,7,9,43.7178093969653,61.5391732787472,"Smooth","Avg. Reward Condition",40,"5",18,1,107,157,"Long",0.0961312809837657,0.624402701531655,NA,0.544167718434144,"localGP"
"4848",20,12,8,9,44.1981806048447,61.5391732787472,"Smooth","Avg. Reward Condition",40,"5",18,1,108,157,"Long",0.0961312809837657,0.624402701531655,NA,0.544167718434144,"localGP"
"4849",20,13,8,8,58.8343770395875,61.5391732787472,"Smooth","Avg. Reward Condition",40,"5",18,1,97,157,"Long",0.0961312809837657,0.624402701531655,NA,0.544167718434144,"localGP"
"4850",20,14,3,4,56.8504124991032,61.5391732787472,"Smooth","Avg. Reward Condition",40,"5",18,1,48,157,"Long",0.0961312809837657,0.624402701531655,NA,0.544167718434144,"localGP"
"4851",20,15,2,4,35.9082246738817,61.5391732787472,"Smooth","Avg. Reward Condition",40,"5",18,1,47,157,"Long",0.0961312809837657,0.624402701531655,NA,0.544167718434144,"localGP"
"4852",20,16,1,5,10.6858485286314,61.5391732787472,"Smooth","Avg. Reward Condition",40,"5",18,1,57,157,"Long",0.0961312809837657,0.624402701531655,NA,0.544167718434144,"localGP"
"4853",20,17,0,6,15.0068435971623,61.5391732787472,"Smooth","Avg. Reward Condition",40,"5",18,1,67,157,"Long",0.0961312809837657,0.624402701531655,NA,0.544167718434144,"localGP"
"4854",20,18,0,7,18.2389240639338,61.5391732787472,"Smooth","Avg. Reward Condition",40,"5",18,3,78,157,"Long",0.0961312809837657,0.624402701531655,NA,0.544167718434144,"localGP"
"4855",20,19,0,8,40.1557616499508,61.5391732787472,"Smooth","Avg. Reward Condition",40,"5",18,2,89,157,"Long",0.0961312809837657,0.624402701531655,NA,0.544167718434144,"localGP"
"4856",20,20,0,3,20.6322691826754,61.5391732787472,"Smooth","Avg. Reward Condition",40,"5",18,1,34,157,"Long",0.0961312809837657,0.624402701531655,NA,0.544167718434144,"localGP"
"4857",20,21,1,2,56.0034935119072,61.5391732787472,"Smooth","Avg. Reward Condition",40,"5",18,2,24,157,"Long",0.0961312809837657,0.624402701531655,NA,0.544167718434144,"localGP"
"4858",20,22,1,3,23.743412126775,61.5391732787472,"Smooth","Avg. Reward Condition",40,"5",18,1,35,157,"Long",0.0961312809837657,0.624402701531655,NA,0.544167718434144,"localGP"
"4859",20,23,2,3,53.5961483472986,61.5391732787472,"Smooth","Avg. Reward Condition",40,"5",18,2,36,157,"Long",0.0961312809837657,0.624402701531655,NA,0.544167718434144,"localGP"
"4860",20,24,9,9,61.1848749174221,61.5391732787472,"Smooth","Avg. Reward Condition",40,"5",18,1,109,157,"Long",0.0961312809837657,0.624402701531655,NA,0.544167718434144,"localGP"
"4861",20,25,10,9,68.5571263747788,68.5571263747788,"Smooth","Avg. Reward Condition",40,"5",18,4,110,157,"Long",0.0961312809837657,0.624402701531655,NA,0.544167718434144,"localGP"
"4862",20,26,10,8,59.2407992793453,68.5571263747788,"Smooth","Avg. Reward Condition",40,"5",18,1,99,157,"Long",0.0961312809837657,0.624402701531655,NA,0.544167718434144,"localGP"
"4863",20,27,9,8,80.6519418863633,80.6519418863633,"Smooth","Avg. Reward Condition",40,"5",18,6,98,157,"Long",0.0961312809837657,0.624402701531655,NA,0.544167718434144,"localGP"
"4864",20,28,9,7,72.9623547713888,80.6519418863633,"Smooth","Avg. Reward Condition",40,"5",18,1,87,157,"Long",0.0961312809837657,0.624402701531655,NA,0.544167718434144,"localGP"
"4865",20,29,9,6,46.7105802523154,80.6519418863633,"Smooth","Avg. Reward Condition",40,"5",18,6,76,157,"Long",0.0961312809837657,0.624402701531655,NA,0.544167718434144,"localGP"
"4866",20,30,6,4,24.0248838436953,80.6519418863633,"Smooth","Avg. Reward Condition",40,"5",18,1,51,157,"Long",0.0961312809837657,0.624402701531655,NA,0.544167718434144,"localGP"
"4867",20,31,5,3,28.2693028674169,80.6519418863633,"Smooth","Avg. Reward Condition",40,"5",18,1,39,157,"Long",0.0961312809837657,0.624402701531655,NA,0.544167718434144,"localGP"
"4868",20,32,5,4,37.8791272787462,80.6519418863633,"Smooth","Avg. Reward Condition",40,"5",18,8,50,157,"Long",0.0961312809837657,0.624402701531655,NA,0.544167718434144,"localGP"
"4869",20,33,3,5,60.9956565134491,80.6519418863633,"Smooth","Avg. Reward Condition",40,"5",18,1,59,157,"Long",0.0961312809837657,0.624402701531655,NA,0.544167718434144,"localGP"
"4870",20,34,5,8,32.0305817810502,80.6519418863633,"Smooth","Avg. Reward Condition",40,"5",18,1,94,157,"Long",0.0961312809837657,0.624402701531655,NA,0.544167718434144,"localGP"
"4871",20,35,5,7,60.8656482156471,80.6519418863633,"Smooth","Avg. Reward Condition",40,"5",18,1,83,157,"Long",0.0961312809837657,0.624402701531655,NA,0.544167718434144,"localGP"
"4872",20,36,4,7,47.8263633972584,80.6519418863633,"Smooth","Avg. Reward Condition",40,"5",18,1,82,157,"Long",0.0961312809837657,0.624402701531655,NA,0.544167718434144,"localGP"
"4873",20,37,3,7,22.0436802123003,80.6519418863633,"Smooth","Avg. Reward Condition",40,"5",18,1,81,157,"Long",0.0961312809837657,0.624402701531655,NA,0.544167718434144,"localGP"
"4874",20,38,1,8,43.9523199496518,80.6519418863633,"Smooth","Avg. Reward Condition",40,"5",18,1,90,157,"Long",0.0961312809837657,0.624402701531655,NA,0.544167718434144,"localGP"
"4875",20,39,2,8,43.6561164584679,80.6519418863633,"Smooth","Avg. Reward Condition",40,"5",18,1,91,157,"Long",0.0961312809837657,0.624402701531655,NA,0.544167718434144,"localGP"
"4876",20,40,2,9,54.5359599883725,80.6519418863633,"Smooth","Avg. Reward Condition",40,"5",18,2,102,157,"Long",0.0961312809837657,0.624402701531655,NA,0.544167718434144,"localGP"
"4877",20,41,2,10,25.2569128061938,80.6519418863633,"Smooth","Avg. Reward Condition",40,"5",18,1,113,157,"Long",0.0961312809837657,0.624402701531655,NA,0.544167718434144,"localGP"
"4878",20,1,6,1,31.833699427692,31.833699427692,"Smooth","Avg. Reward Condition",20,"6",4,NA,18,158,"Short",0.0792041078798744,0.683557142522297,NA,0.520433033437189,"localGP"
"4879",20,2,8,1,47.0627415324652,47.0627415324652,"Smooth","Avg. Reward Condition",20,"6",4,1,20,158,"Short",0.0792041078798744,0.683557142522297,NA,0.520433033437189,"localGP"
"4880",20,3,10,6,0,47.0627415324652,"Smooth","Avg. Reward Condition",20,"6",4,1,77,158,"Short",0.0792041078798744,0.683557142522297,NA,0.520433033437189,"localGP"
"4881",20,4,8,4,73.0063845921063,73.0063845921063,"Smooth","Avg. Reward Condition",20,"6",4,1,53,158,"Short",0.0792041078798744,0.683557142522297,NA,0.520433033437189,"localGP"
"4882",20,5,8,5,68.1580149592583,73.0063845921063,"Smooth","Avg. Reward Condition",20,"6",4,1,64,158,"Short",0.0792041078798744,0.683557142522297,NA,0.520433033437189,"localGP"
"4883",20,6,9,5,68.6489850017742,73.0063845921063,"Smooth","Avg. Reward Condition",20,"6",4,1,65,158,"Short",0.0792041078798744,0.683557142522297,NA,0.520433033437189,"localGP"
"4884",20,7,10,4,26.9255221357028,73.0063845921063,"Smooth","Avg. Reward Condition",20,"6",4,1,55,158,"Short",0.0792041078798744,0.683557142522297,NA,0.520433033437189,"localGP"
"4885",20,8,9,4,51.3835658310019,73.0063845921063,"Smooth","Avg. Reward Condition",20,"6",4,3,54,158,"Short",0.0792041078798744,0.683557142522297,NA,0.520433033437189,"localGP"
"4886",20,9,10,3,29.4064021858765,73.0063845921063,"Smooth","Avg. Reward Condition",20,"6",4,2,44,158,"Short",0.0792041078798744,0.683557142522297,NA,0.520433033437189,"localGP"
"4887",20,10,10,2,51.2894760836585,73.0063845921063,"Smooth","Avg. Reward Condition",20,"6",4,3,33,158,"Short",0.0792041078798744,0.683557142522297,NA,0.520433033437189,"localGP"
"4888",20,11,6,2,47.7797456303013,73.0063845921063,"Smooth","Avg. Reward Condition",20,"6",4,1,29,158,"Short",0.0792041078798744,0.683557142522297,NA,0.520433033437189,"localGP"
"4889",20,12,7,2,55.9275751413252,73.0063845921063,"Smooth","Avg. Reward Condition",20,"6",4,1,30,158,"Short",0.0792041078798744,0.683557142522297,NA,0.520433033437189,"localGP"
"4890",20,13,7,3,65.7956842559425,73.0063845921063,"Smooth","Avg. Reward Condition",20,"6",4,2,41,158,"Short",0.0792041078798744,0.683557142522297,NA,0.520433033437189,"localGP"
"4891",20,14,7,4,41.2492240825344,73.0063845921063,"Smooth","Avg. Reward Condition",20,"6",4,1,52,158,"Short",0.0792041078798744,0.683557142522297,NA,0.520433033437189,"localGP"
"4892",20,15,6,4,15.4794174054474,73.0063845921063,"Smooth","Avg. Reward Condition",20,"6",4,2,51,158,"Short",0.0792041078798744,0.683557142522297,NA,0.520433033437189,"localGP"
"4893",20,16,9,8,49.0474995122184,73.0063845921063,"Smooth","Avg. Reward Condition",20,"6",4,1,98,158,"Short",0.0792041078798744,0.683557142522297,NA,0.520433033437189,"localGP"
"4894",20,17,10,8,16.5930440253731,73.0063845921063,"Smooth","Avg. Reward Condition",20,"6",4,3,99,158,"Short",0.0792041078798744,0.683557142522297,NA,0.520433033437189,"localGP"
"4895",20,18,9,7,50.1010574572642,73.0063845921063,"Smooth","Avg. Reward Condition",20,"6",4,1,87,158,"Short",0.0792041078798744,0.683557142522297,NA,0.520433033437189,"localGP"
"4896",20,19,1,0,44.1381856766965,73.0063845921063,"Smooth","Avg. Reward Condition",20,"6",4,3,2,158,"Short",0.0792041078798744,0.683557142522297,NA,0.520433033437189,"localGP"
"4897",20,20,1,1,71.1759996690276,73.0063845921063,"Smooth","Avg. Reward Condition",20,"6",4,1,13,158,"Short",0.0792041078798744,0.683557142522297,NA,0.520433033437189,"localGP"
"4898",20,21,1,2,73.4445687616828,73.4445687616828,"Smooth","Avg. Reward Condition",20,"6",4,1,24,158,"Short",0.0792041078798744,0.683557142522297,NA,0.520433033437189,"localGP"
"4899",20,1,5,0,91.7432297732024,91.7432297732024,"Smooth","Avg. Reward Condition",40,"7",6,NA,6,159,"Long",0.09607430772668,0.677575071661974,NA,0.539301316248711,"localGP"
"4900",20,2,6,0,94.4963050018738,94.4963050018738,"Smooth","Avg. Reward Condition",40,"7",6,13,7,159,"Long",0.09607430772668,0.677575071661974,NA,0.539301316248711,"localGP"
"4901",20,3,6,1,58.9505924012191,94.4963050018738,"Smooth","Avg. Reward Condition",40,"7",6,1,18,159,"Long",0.09607430772668,0.677575071661974,NA,0.539301316248711,"localGP"
"4902",20,4,8,8,59.0034109397581,94.4963050018738,"Smooth","Avg. Reward Condition",40,"7",6,2,97,159,"Long",0.09607430772668,0.677575071661974,NA,0.539301316248711,"localGP"
"4903",20,5,8,7,50.5413361109473,94.4963050018738,"Smooth","Avg. Reward Condition",40,"7",6,1,86,159,"Long",0.09607430772668,0.677575071661974,NA,0.539301316248711,"localGP"
"4904",20,6,8,6,60.0245821381091,94.4963050018738,"Smooth","Avg. Reward Condition",40,"7",6,1,75,159,"Long",0.09607430772668,0.677575071661974,NA,0.539301316248711,"localGP"
"4905",20,7,8,5,61.1665881936145,94.4963050018738,"Smooth","Avg. Reward Condition",40,"7",6,1,64,159,"Long",0.09607430772668,0.677575071661974,NA,0.539301316248711,"localGP"
"4906",20,8,7,5,62.7685778639352,94.4963050018738,"Smooth","Avg. Reward Condition",40,"7",6,6,63,159,"Long",0.09607430772668,0.677575071661974,NA,0.539301316248711,"localGP"
"4907",20,9,6,5,31.686870799894,94.4963050018738,"Smooth","Avg. Reward Condition",40,"7",6,1,62,159,"Long",0.09607430772668,0.677575071661974,NA,0.539301316248711,"localGP"
"4908",20,10,9,5,16.2842425403002,94.4963050018738,"Smooth","Avg. Reward Condition",40,"7",6,1,65,159,"Long",0.09607430772668,0.677575071661974,NA,0.539301316248711,"localGP"
"4909",20,11,10,5,28.65801545199,94.4963050018738,"Smooth","Avg. Reward Condition",40,"7",6,3,66,159,"Long",0.09607430772668,0.677575071661974,NA,0.539301316248711,"localGP"
"4910",20,12,10,2,28.7117658746382,94.4963050018738,"Smooth","Avg. Reward Condition",40,"7",6,2,33,159,"Long",0.09607430772668,0.677575071661974,NA,0.539301316248711,"localGP"
"4911",20,13,10,3,32.6350825351917,94.4963050018738,"Smooth","Avg. Reward Condition",40,"7",6,1,44,159,"Long",0.09607430772668,0.677575071661974,NA,0.539301316248711,"localGP"
"4912",20,14,9,3,30.7578099709399,94.4963050018738,"Smooth","Avg. Reward Condition",40,"7",6,1,43,159,"Long",0.09607430772668,0.677575071661974,NA,0.539301316248711,"localGP"
"4913",20,15,3,9,26.2253245390007,94.4963050018738,"Smooth","Avg. Reward Condition",40,"7",6,1,103,159,"Long",0.09607430772668,0.677575071661974,NA,0.539301316248711,"localGP"
"4914",20,16,3,8,24.7062704261568,94.4963050018738,"Smooth","Avg. Reward Condition",40,"7",6,2,92,159,"Long",0.09607430772668,0.677575071661974,NA,0.539301316248711,"localGP"
"4915",20,17,6,8,47.1218833343134,94.4963050018738,"Smooth","Avg. Reward Condition",40,"7",6,1,95,159,"Long",0.09607430772668,0.677575071661974,NA,0.539301316248711,"localGP"
"4916",20,18,7,8,41.2867547239503,94.4963050018738,"Smooth","Avg. Reward Condition",40,"7",6,2,96,159,"Long",0.09607430772668,0.677575071661974,NA,0.539301316248711,"localGP"
"4917",20,19,7,7,33.8108043843731,94.4963050018738,"Smooth","Avg. Reward Condition",40,"7",6,1,85,159,"Long",0.09607430772668,0.677575071661974,NA,0.539301316248711,"localGP"
"4918",20,20,6,10,20.3520060539049,94.4963050018738,"Smooth","Avg. Reward Condition",40,"7",6,1,117,159,"Long",0.09607430772668,0.677575071661974,NA,0.539301316248711,"localGP"
"4919",20,21,7,10,34.0754913036813,94.4963050018738,"Smooth","Avg. Reward Condition",40,"7",6,1,118,159,"Long",0.09607430772668,0.677575071661974,NA,0.539301316248711,"localGP"
"4920",20,22,8,9,49.0885670492111,94.4963050018738,"Smooth","Avg. Reward Condition",40,"7",6,1,108,159,"Long",0.09607430772668,0.677575071661974,NA,0.539301316248711,"localGP"
"4921",20,23,8,10,32.093395262208,94.4963050018738,"Smooth","Avg. Reward Condition",40,"7",6,1,119,159,"Long",0.09607430772668,0.677575071661974,NA,0.539301316248711,"localGP"
"4922",20,24,7,9,30.1286651387231,94.4963050018738,"Smooth","Avg. Reward Condition",40,"7",6,2,107,159,"Long",0.09607430772668,0.677575071661974,NA,0.539301316248711,"localGP"
"4923",20,25,3,5,0,94.4963050018738,"Smooth","Avg. Reward Condition",40,"7",6,1,59,159,"Long",0.09607430772668,0.677575071661974,NA,0.539301316248711,"localGP"
"4924",20,26,0,8,61.7889867982793,94.4963050018738,"Smooth","Avg. Reward Condition",40,"7",6,3,89,159,"Long",0.09607430772668,0.677575071661974,NA,0.539301316248711,"localGP"
"4925",20,27,0,7,56.7102070439247,94.4963050018738,"Smooth","Avg. Reward Condition",40,"7",6,1,78,159,"Long",0.09607430772668,0.677575071661974,NA,0.539301316248711,"localGP"
"4926",20,28,1,7,34.3269334073576,94.4963050018738,"Smooth","Avg. Reward Condition",40,"7",6,1,79,159,"Long",0.09607430772668,0.677575071661974,NA,0.539301316248711,"localGP"
"4927",20,29,3,4,19.5910841909591,94.4963050018738,"Smooth","Avg. Reward Condition",40,"7",6,16,48,159,"Long",0.09607430772668,0.677575071661974,NA,0.539301316248711,"localGP"
"4928",20,30,3,3,53.304494443318,94.4963050018738,"Smooth","Avg. Reward Condition",40,"7",6,1,37,159,"Long",0.09607430772668,0.677575071661974,NA,0.539301316248711,"localGP"
"4929",20,31,5,3,48.1996361335517,94.4963050018738,"Smooth","Avg. Reward Condition",40,"7",6,2,39,159,"Long",0.09607430772668,0.677575071661974,NA,0.539301316248711,"localGP"
"4930",20,32,4,3,43.2322213513653,94.4963050018738,"Smooth","Avg. Reward Condition",40,"7",6,4,38,159,"Long",0.09607430772668,0.677575071661974,NA,0.539301316248711,"localGP"
"4931",20,33,7,9,30.1286651387231,94.4963050018738,"Smooth","Avg. Reward Condition",40,"7",6,1,107,159,"Long",0.09607430772668,0.677575071661974,NA,0.539301316248711,"localGP"
"4932",20,34,3,10,63.8466333050974,94.4963050018738,"Smooth","Avg. Reward Condition",40,"7",6,12,114,159,"Long",0.09607430772668,0.677575071661974,NA,0.539301316248711,"localGP"
"4933",20,35,4,10,76.3931212257129,94.4963050018738,"Smooth","Avg. Reward Condition",40,"7",6,1,115,159,"Long",0.09607430772668,0.677575071661974,NA,0.539301316248711,"localGP"
"4934",20,36,3,10,63.8466333050974,94.4963050018738,"Smooth","Avg. Reward Condition",40,"7",6,2,114,159,"Long",0.09607430772668,0.677575071661974,NA,0.539301316248711,"localGP"
"4935",20,37,0,1,36.3388197833164,94.4963050018738,"Smooth","Avg. Reward Condition",40,"7",6,1,12,159,"Long",0.09607430772668,0.677575071661974,NA,0.539301316248711,"localGP"
"4936",20,38,0,2,64.4680936879448,94.4963050018738,"Smooth","Avg. Reward Condition",40,"7",6,3,23,159,"Long",0.09607430772668,0.677575071661974,NA,0.539301316248711,"localGP"
"4937",20,39,1,2,44.6789211207644,94.4963050018738,"Smooth","Avg. Reward Condition",40,"7",6,1,24,159,"Long",0.09607430772668,0.677575071661974,NA,0.539301316248711,"localGP"
"4938",20,40,1,3,70.5820098602199,94.4963050018738,"Smooth","Avg. Reward Condition",40,"7",6,1,35,159,"Long",0.09607430772668,0.677575071661974,NA,0.539301316248711,"localGP"
"4939",20,41,0,3,82.5721379784096,94.4963050018738,"Smooth","Avg. Reward Condition",40,"7",6,1,34,159,"Long",0.09607430772668,0.677575071661974,NA,0.539301316248711,"localGP"
"4940",20,1,6,4,26.4092350309844,26.4092350309844,"Smooth","Avg. Reward Condition",20,"8",0,NA,51,160,"Short",0.0916795543166205,0.612277891111008,NA,0.579474890659813,"localGP"
"4941",20,2,8,1,18.2055379783708,26.4092350309844,"Smooth","Avg. Reward Condition",20,"8",0,13,20,160,"Short",0.0916795543166205,0.612277891111008,NA,0.579474890659813,"localGP"
"4942",20,3,9,2,59.0192052842826,59.0192052842826,"Smooth","Avg. Reward Condition",20,"8",0,1,32,160,"Short",0.0916795543166205,0.612277891111008,NA,0.579474890659813,"localGP"
"4943",20,4,10,2,46.7186953634037,59.0192052842826,"Smooth","Avg. Reward Condition",20,"8",0,1,33,160,"Short",0.0916795543166205,0.612277891111008,NA,0.579474890659813,"localGP"
"4944",20,5,10,1,59.1692091474609,59.1692091474609,"Smooth","Avg. Reward Condition",20,"8",0,1,22,160,"Short",0.0916795543166205,0.612277891111008,NA,0.579474890659813,"localGP"
"4945",20,6,10,0,53.5439418376189,59.1692091474609,"Smooth","Avg. Reward Condition",20,"8",0,1,11,160,"Short",0.0916795543166205,0.612277891111008,NA,0.579474890659813,"localGP"
"4946",20,7,5,8,68.8909705274262,68.8909705274262,"Smooth","Avg. Reward Condition",20,"8",0,1,94,160,"Short",0.0916795543166205,0.612277891111008,NA,0.579474890659813,"localGP"
"4947",20,8,6,8,69.9411761225891,69.9411761225891,"Smooth","Avg. Reward Condition",20,"8",0,1,95,160,"Short",0.0916795543166205,0.612277891111008,NA,0.579474890659813,"localGP"
"4948",20,9,6,9,38.5462096801416,69.9411761225891,"Smooth","Avg. Reward Condition",20,"8",0,1,106,160,"Short",0.0916795543166205,0.612277891111008,NA,0.579474890659813,"localGP"
"4949",20,10,4,9,40.5959555269918,69.9411761225891,"Smooth","Avg. Reward Condition",20,"8",0,1,104,160,"Short",0.0916795543166205,0.612277891111008,NA,0.579474890659813,"localGP"
"4950",20,11,4,8,67.9616061763023,69.9411761225891,"Smooth","Avg. Reward Condition",20,"8",0,1,93,160,"Short",0.0916795543166205,0.612277891111008,NA,0.579474890659813,"localGP"
"4951",20,12,4,7,56.8581816389781,69.9411761225891,"Smooth","Avg. Reward Condition",20,"8",0,1,82,160,"Short",0.0916795543166205,0.612277891111008,NA,0.579474890659813,"localGP"
"4952",20,13,4,5,2.16332347915908,69.9411761225891,"Smooth","Avg. Reward Condition",20,"8",0,1,60,160,"Short",0.0916795543166205,0.612277891111008,NA,0.579474890659813,"localGP"
"4953",20,14,1,4,70.1094548150881,70.1094548150881,"Smooth","Avg. Reward Condition",20,"8",0,5,46,160,"Short",0.0916795543166205,0.612277891111008,NA,0.579474890659813,"localGP"
"4954",20,15,1,5,62.1319695197463,70.1094548150881,"Smooth","Avg. Reward Condition",20,"8",0,1,57,160,"Short",0.0916795543166205,0.612277891111008,NA,0.579474890659813,"localGP"
"4955",20,16,1,6,76.1819602246697,76.1819602246697,"Smooth","Avg. Reward Condition",20,"8",0,1,68,160,"Short",0.0916795543166205,0.612277891111008,NA,0.579474890659813,"localGP"
"4956",20,17,2,6,50.7364669239803,76.1819602246697,"Smooth","Avg. Reward Condition",20,"8",0,4,69,160,"Short",0.0916795543166205,0.612277891111008,NA,0.579474890659813,"localGP"
"4957",20,18,2,7,42.7772511233164,76.1819602246697,"Smooth","Avg. Reward Condition",20,"8",0,1,80,160,"Short",0.0916795543166205,0.612277891111008,NA,0.579474890659813,"localGP"
"4958",20,19,3,5,42.0356921571109,76.1819602246697,"Smooth","Avg. Reward Condition",20,"8",0,1,59,160,"Short",0.0916795543166205,0.612277891111008,NA,0.579474890659813,"localGP"
"4959",20,20,3,6,45.9504807109025,76.1819602246697,"Smooth","Avg. Reward Condition",20,"8",0,1,70,160,"Short",0.0916795543166205,0.612277891111008,NA,0.579474890659813,"localGP"
"4960",20,21,3,7,55.5467645036046,76.1819602246697,"Smooth","Avg. Reward Condition",20,"8",0,4,81,160,"Short",0.0916795543166205,0.612277891111008,NA,0.579474890659813,"localGP"
"4961",21,1,0,7,75.6546500292789,75.6546500292789,"Rough","Max. Reward Condition",20,"1",17,NA,78,161,"Short",0.100844106341461,0.880217421963463,NA,0.464143331311072,"localGP"
"4962",21,2,1,7,56.599176854759,75.6546500292789,"Rough","Max. Reward Condition",20,"1",17,2,79,161,"Short",0.100844106341461,0.880217421963463,NA,0.464143331311072,"localGP"
"4963",21,3,1,6,46.8743954250285,75.6546500292789,"Rough","Max. Reward Condition",20,"1",17,2,68,161,"Short",0.100844106341461,0.880217421963463,NA,0.464143331311072,"localGP"
"4964",21,4,0,2,36.3094858806942,75.6546500292789,"Rough","Max. Reward Condition",20,"1",17,5,23,161,"Short",0.100844106341461,0.880217421963463,NA,0.464143331311072,"localGP"
"4965",21,5,0,10,11.2786864565213,75.6546500292789,"Rough","Max. Reward Condition",20,"1",17,5,111,161,"Short",0.100844106341461,0.880217421963463,NA,0.464143331311072,"localGP"
"4966",21,6,5,6,42.0069236019537,75.6546500292789,"Rough","Max. Reward Condition",20,"1",17,1,72,161,"Short",0.100844106341461,0.880217421963463,NA,0.464143331311072,"localGP"
"4967",21,7,5,4,61.0193303568798,75.6546500292789,"Rough","Max. Reward Condition",20,"1",17,2,50,161,"Short",0.100844106341461,0.880217421963463,NA,0.464143331311072,"localGP"
"4968",21,8,5,3,56.3851805160455,75.6546500292789,"Rough","Max. Reward Condition",20,"1",17,3,39,161,"Short",0.100844106341461,0.880217421963463,NA,0.464143331311072,"localGP"
"4969",21,9,5,2,42.0898431676423,75.6546500292789,"Rough","Max. Reward Condition",20,"1",17,9,28,161,"Short",0.100844106341461,0.880217421963463,NA,0.464143331311072,"localGP"
"4970",21,10,7,2,75.4767861169897,75.6546500292789,"Rough","Max. Reward Condition",20,"1",17,2,30,161,"Short",0.100844106341461,0.880217421963463,NA,0.464143331311072,"localGP"
"4971",21,11,8,2,58.6698020983596,75.6546500292789,"Rough","Max. Reward Condition",20,"1",17,1,31,161,"Short",0.100844106341461,0.880217421963463,NA,0.464143331311072,"localGP"
"4972",21,12,3,6,61.6521718992743,75.6546500292789,"Rough","Max. Reward Condition",20,"1",17,2,70,161,"Short",0.100844106341461,0.880217421963463,NA,0.464143331311072,"localGP"
"4973",21,13,4,7,36.7346397615748,75.6546500292789,"Rough","Max. Reward Condition",20,"1",17,8,82,161,"Short",0.100844106341461,0.880217421963463,NA,0.464143331311072,"localGP"
"4974",21,14,4,5,82.6609311486781,82.6609311486781,"Rough","Max. Reward Condition",20,"1",17,5,60,161,"Short",0.100844106341461,0.880217421963463,NA,0.464143331311072,"localGP"
"4975",21,15,3,5,100,100,"Rough","Max. Reward Condition",20,"1",17,3,59,161,"Short",0.100844106341461,0.880217421963463,NA,0.464143331311072,"localGP"
"4976",21,16,3,4,81.7432518785976,100,"Rough","Max. Reward Condition",20,"1",17,13,48,161,"Short",0.100844106341461,0.880217421963463,NA,0.464143331311072,"localGP"
"4977",21,17,2,1,38.0642763953082,100,"Rough","Max. Reward Condition",20,"1",17,11,14,161,"Short",0.100844106341461,0.880217421963463,NA,0.464143331311072,"localGP"
"4978",21,18,1,1,33.7566886392353,100,"Rough","Max. Reward Condition",20,"1",17,7,13,161,"Short",0.100844106341461,0.880217421963463,NA,0.464143331311072,"localGP"
"4979",21,19,0,4,42.8036360256074,100,"Rough","Max. Reward Condition",20,"1",17,3,45,161,"Short",0.100844106341461,0.880217421963463,NA,0.464143331311072,"localGP"
"4980",21,20,6,0,78.5527301112154,100,"Rough","Max. Reward Condition",20,"1",17,2,7,161,"Short",0.100844106341461,0.880217421963463,NA,0.464143331311072,"localGP"
"4981",21,21,6,1,68.7866414207953,100,"Rough","Max. Reward Condition",20,"1",17,1,18,161,"Short",0.100844106341461,0.880217421963463,NA,0.464143331311072,"localGP"
"4982",21,1,10,8,61.2037213631902,61.2037213631902,"Rough","Max. Reward Condition",40,"2",2,NA,99,162,"Long",0.0892503569431171,0.875734923480064,NA,0.474664946433763,"localGP"
"4983",21,2,10,7,56.407307630686,61.2037213631902,"Rough","Max. Reward Condition",40,"2",2,12,88,162,"Long",0.0892503569431171,0.875734923480064,NA,0.474664946433763,"localGP"
"4984",21,3,10,6,72.5002768176028,72.5002768176028,"Rough","Max. Reward Condition",40,"2",2,6,77,162,"Long",0.0892503569431171,0.875734923480064,NA,0.474664946433763,"localGP"
"4985",21,4,10,5,64.3703869882263,72.5002768176028,"Rough","Max. Reward Condition",40,"2",2,5,66,162,"Long",0.0892503569431171,0.875734923480064,NA,0.474664946433763,"localGP"
"4986",21,5,9,6,60.9966324493762,72.5002768176028,"Rough","Max. Reward Condition",40,"2",2,7,76,162,"Long",0.0892503569431171,0.875734923480064,NA,0.474664946433763,"localGP"
"4987",21,6,8,4,41.9391339011976,72.5002768176028,"Rough","Max. Reward Condition",40,"2",2,4,53,162,"Long",0.0892503569431171,0.875734923480064,NA,0.474664946433763,"localGP"
"4988",21,7,2,3,39.2617782530789,72.5002768176028,"Rough","Max. Reward Condition",40,"2",2,1,36,162,"Long",0.0892503569431171,0.875734923480064,NA,0.474664946433763,"localGP"
"4989",21,8,10,6,72.5002768176028,72.5002768176028,"Rough","Max. Reward Condition",40,"2",2,2,77,162,"Long",0.0892503569431171,0.875734923480064,NA,0.474664946433763,"localGP"
"4990",21,9,8,10,50.0631766898922,72.5002768176028,"Rough","Max. Reward Condition",40,"2",2,2,119,162,"Long",0.0892503569431171,0.875734923480064,NA,0.474664946433763,"localGP"
"4991",21,10,7,10,82.2172279121399,82.2172279121399,"Rough","Max. Reward Condition",40,"2",2,1,118,162,"Long",0.0892503569431171,0.875734923480064,NA,0.474664946433763,"localGP"
"4992",21,11,6,10,52.4204868482691,82.2172279121399,"Rough","Max. Reward Condition",40,"2",2,2,117,162,"Long",0.0892503569431171,0.875734923480064,NA,0.474664946433763,"localGP"
"4993",21,12,7,9,45.2247389588236,82.2172279121399,"Rough","Max. Reward Condition",40,"2",2,11,107,162,"Long",0.0892503569431171,0.875734923480064,NA,0.474664946433763,"localGP"
"4994",21,13,1,5,10.1171315586826,82.2172279121399,"Rough","Max. Reward Condition",40,"2",2,1,57,162,"Long",0.0892503569431171,0.875734923480064,NA,0.474664946433763,"localGP"
"4995",21,14,9,8,30.4917162873029,82.2172279121399,"Rough","Max. Reward Condition",40,"2",2,5,98,162,"Long",0.0892503569431171,0.875734923480064,NA,0.474664946433763,"localGP"
"4996",21,15,9,5,74.2282844948157,82.2172279121399,"Rough","Max. Reward Condition",40,"2",2,1,65,162,"Long",0.0892503569431171,0.875734923480064,NA,0.474664946433763,"localGP"
"4997",21,16,0,2,52.0793629083007,82.2172279121399,"Rough","Max. Reward Condition",40,"2",2,1,23,162,"Long",0.0892503569431171,0.875734923480064,NA,0.474664946433763,"localGP"
"4998",21,17,4,8,47.2350737016185,82.2172279121399,"Rough","Max. Reward Condition",40,"2",2,2,93,162,"Long",0.0892503569431171,0.875734923480064,NA,0.474664946433763,"localGP"
"4999",21,18,5,8,25.9035878012328,82.2172279121399,"Rough","Max. Reward Condition",40,"2",2,1,94,162,"Long",0.0892503569431171,0.875734923480064,NA,0.474664946433763,"localGP"
"5000",21,19,5,9,16.8148223768183,82.2172279121399,"Rough","Max. Reward Condition",40,"2",2,1,105,162,"Long",0.0892503569431171,0.875734923480064,NA,0.474664946433763,"localGP"
"5001",21,20,5,7,38.2641941861674,82.2172279121399,"Rough","Max. Reward Condition",40,"2",2,1,83,162,"Long",0.0892503569431171,0.875734923480064,NA,0.474664946433763,"localGP"
"5002",21,21,7,3,50.3085292278085,82.2172279121399,"Rough","Max. Reward Condition",40,"2",2,2,41,162,"Long",0.0892503569431171,0.875734923480064,NA,0.474664946433763,"localGP"
"5003",21,22,10,4,52.2107180843675,82.2172279121399,"Rough","Max. Reward Condition",40,"2",2,8,55,162,"Long",0.0892503569431171,0.875734923480064,NA,0.474664946433763,"localGP"
"5004",21,23,7,4,44.3010414414356,82.2172279121399,"Rough","Max. Reward Condition",40,"2",2,1,52,162,"Long",0.0892503569431171,0.875734923480064,NA,0.474664946433763,"localGP"
"5005",21,24,6,3,48.6990356478907,82.2172279121399,"Rough","Max. Reward Condition",40,"2",2,1,40,162,"Long",0.0892503569431171,0.875734923480064,NA,0.474664946433763,"localGP"
"5006",21,25,10,0,37.7307124403184,82.2172279121399,"Rough","Max. Reward Condition",40,"2",2,2,11,162,"Long",0.0892503569431171,0.875734923480064,NA,0.474664946433763,"localGP"
"5007",21,26,2,5,29.9250214426935,82.2172279121399,"Rough","Max. Reward Condition",40,"2",2,11,58,162,"Long",0.0892503569431171,0.875734923480064,NA,0.474664946433763,"localGP"
"5008",21,27,2,6,31.0882445544401,82.2172279121399,"Rough","Max. Reward Condition",40,"2",2,1,69,162,"Long",0.0892503569431171,0.875734923480064,NA,0.474664946433763,"localGP"
"5009",21,28,2,7,36.5665227563517,82.2172279121399,"Rough","Max. Reward Condition",40,"2",2,1,80,162,"Long",0.0892503569431171,0.875734923480064,NA,0.474664946433763,"localGP"
"5010",21,29,0,7,39.2104381953876,82.2172279121399,"Rough","Max. Reward Condition",40,"2",2,2,78,162,"Long",0.0892503569431171,0.875734923480064,NA,0.474664946433763,"localGP"
"5011",21,30,5,6,69.4199837896596,82.2172279121399,"Rough","Max. Reward Condition",40,"2",2,1,72,162,"Long",0.0892503569431171,0.875734923480064,NA,0.474664946433763,"localGP"
"5012",21,31,4,6,42.855932628209,82.2172279121399,"Rough","Max. Reward Condition",40,"2",2,1,71,162,"Long",0.0892503569431171,0.875734923480064,NA,0.474664946433763,"localGP"
"5013",21,32,4,5,25.2003501997717,82.2172279121399,"Rough","Max. Reward Condition",40,"2",2,1,60,162,"Long",0.0892503569431171,0.875734923480064,NA,0.474664946433763,"localGP"
"5014",21,33,4,4,50.4349667237655,82.2172279121399,"Rough","Max. Reward Condition",40,"2",2,2,49,162,"Long",0.0892503569431171,0.875734923480064,NA,0.474664946433763,"localGP"
"5015",21,34,3,4,59.6168211558576,82.2172279121399,"Rough","Max. Reward Condition",40,"2",2,1,48,162,"Long",0.0892503569431171,0.875734923480064,NA,0.474664946433763,"localGP"
"5016",21,35,3,1,42.8034972716549,82.2172279121399,"Rough","Max. Reward Condition",40,"2",2,2,15,162,"Long",0.0892503569431171,0.875734923480064,NA,0.474664946433763,"localGP"
"5017",21,36,3,0,45.8336686523861,82.2172279121399,"Rough","Max. Reward Condition",40,"2",2,1,4,162,"Long",0.0892503569431171,0.875734923480064,NA,0.474664946433763,"localGP"
"5018",21,37,2,0,27.6666761639388,82.2172279121399,"Rough","Max. Reward Condition",40,"2",2,1,3,162,"Long",0.0892503569431171,0.875734923480064,NA,0.474664946433763,"localGP"
"5019",21,38,1,0,62.0575397860804,82.2172279121399,"Rough","Max. Reward Condition",40,"2",2,1,2,162,"Long",0.0892503569431171,0.875734923480064,NA,0.474664946433763,"localGP"
"5020",21,39,0,0,59.752754852951,82.2172279121399,"Rough","Max. Reward Condition",40,"2",2,4,1,162,"Long",0.0892503569431171,0.875734923480064,NA,0.474664946433763,"localGP"
"5021",21,40,0,1,65.1431397571806,82.2172279121399,"Rough","Max. Reward Condition",40,"2",2,1,12,162,"Long",0.0892503569431171,0.875734923480064,NA,0.474664946433763,"localGP"
"5022",21,41,5,2,15.5993196852058,82.2172279121399,"Rough","Max. Reward Condition",40,"2",2,5,28,162,"Long",0.0892503569431171,0.875734923480064,NA,0.474664946433763,"localGP"
"5023",21,1,3,7,55.5467645036046,55.5467645036046,"Rough","Max. Reward Condition",20,"3",0,NA,81,163,"Short",0.0880307301186788,1.41392459168279,NA,0.448196900141556,"localGP"
"5024",21,2,2,7,42.7772511233164,55.5467645036046,"Rough","Max. Reward Condition",20,"3",0,11,80,163,"Short",0.0880307301186788,1.41392459168279,NA,0.448196900141556,"localGP"
"5025",21,3,10,4,33.0997948089622,55.5467645036046,"Rough","Max. Reward Condition",20,"3",0,6,55,163,"Short",0.0880307301186788,1.41392459168279,NA,0.448196900141556,"localGP"
"5026",21,4,2,6,50.7364669239803,55.5467645036046,"Rough","Max. Reward Condition",20,"3",0,1,69,163,"Short",0.0880307301186788,1.41392459168279,NA,0.448196900141556,"localGP"
"5027",21,5,9,6,52.7533090833761,55.5467645036046,"Rough","Max. Reward Condition",20,"3",0,2,76,163,"Short",0.0880307301186788,1.41392459168279,NA,0.448196900141556,"localGP"
"5028",21,6,7,9,29.4163528194198,55.5467645036046,"Rough","Max. Reward Condition",20,"3",0,2,107,163,"Short",0.0880307301186788,1.41392459168279,NA,0.448196900141556,"localGP"
"5029",21,7,8,4,38.5202921963772,55.5467645036046,"Rough","Max. Reward Condition",20,"3",0,1,53,163,"Short",0.0880307301186788,1.41392459168279,NA,0.448196900141556,"localGP"
"5030",21,8,8,0,45.9420828127071,55.5467645036046,"Rough","Max. Reward Condition",20,"3",0,1,9,163,"Short",0.0880307301186788,1.41392459168279,NA,0.448196900141556,"localGP"
"5031",21,9,10,0,53.5439418376189,55.5467645036046,"Rough","Max. Reward Condition",20,"3",0,1,11,163,"Short",0.0880307301186788,1.41392459168279,NA,0.448196900141556,"localGP"
"5032",21,10,10,7,82.7698657970911,82.7698657970911,"Rough","Max. Reward Condition",20,"3",0,3,88,163,"Short",0.0880307301186788,1.41392459168279,NA,0.448196900141556,"localGP"
"5033",21,11,10,8,76.6171334634599,82.7698657970911,"Rough","Max. Reward Condition",20,"3",0,1,99,163,"Short",0.0880307301186788,1.41392459168279,NA,0.448196900141556,"localGP"
"5034",21,12,10,7,82.7698657970911,82.7698657970911,"Rough","Max. Reward Condition",20,"3",0,1,88,163,"Short",0.0880307301186788,1.41392459168279,NA,0.448196900141556,"localGP"
"5035",21,13,10,2,46.7186953634037,82.7698657970911,"Rough","Max. Reward Condition",20,"3",0,4,33,163,"Short",0.0880307301186788,1.41392459168279,NA,0.448196900141556,"localGP"
"5036",21,14,5,7,46.7426538325774,82.7698657970911,"Rough","Max. Reward Condition",20,"3",0,1,83,163,"Short",0.0880307301186788,1.41392459168279,NA,0.448196900141556,"localGP"
"5037",21,15,9,8,92.8491332342499,92.8491332342499,"Rough","Max. Reward Condition",20,"3",0,2,98,163,"Short",0.0880307301186788,1.41392459168279,NA,0.448196900141556,"localGP"
"5038",21,16,9,8,92.8491332342499,92.8491332342499,"Rough","Max. Reward Condition",20,"3",0,2,98,163,"Short",0.0880307301186788,1.41392459168279,NA,0.448196900141556,"localGP"
"5039",21,17,9,8,92.8491332342499,92.8491332342499,"Rough","Max. Reward Condition",20,"3",0,3,98,163,"Short",0.0880307301186788,1.41392459168279,NA,0.448196900141556,"localGP"
"5040",21,18,8,8,88.0084195550964,92.8491332342499,"Rough","Max. Reward Condition",20,"3",0,14,97,163,"Short",0.0880307301186788,1.41392459168279,NA,0.448196900141556,"localGP"
"5041",21,19,4,3,60.3338826341623,92.8491332342499,"Rough","Max. Reward Condition",20,"3",0,1,38,163,"Short",0.0880307301186788,1.41392459168279,NA,0.448196900141556,"localGP"
"5042",21,20,9,6,52.7533090833761,92.8491332342499,"Rough","Max. Reward Condition",20,"3",0,2,76,163,"Short",0.0880307301186788,1.41392459168279,NA,0.448196900141556,"localGP"
"5043",21,21,9,7,93.0900522357202,93.0900522357202,"Rough","Max. Reward Condition",20,"3",0,2,87,163,"Short",0.0880307301186788,1.41392459168279,NA,0.448196900141556,"localGP"
"5044",21,1,5,4,33.9006613520623,33.9006613520623,"Rough","Max. Reward Condition",40,"4",13,NA,50,164,"Long",0.0854139414291926,0.837702886994087,NA,0.483063441708025,"localGP"
"5045",21,2,4,4,68.9292564082941,68.9292564082941,"Rough","Max. Reward Condition",40,"4",13,12,49,164,"Long",0.0854139414291926,0.837702886994087,NA,0.483063441708025,"localGP"
"5046",21,3,3,4,69.0645761763699,69.0645761763699,"Rough","Max. Reward Condition",40,"4",13,1,48,164,"Long",0.0854139414291926,0.837702886994087,NA,0.483063441708025,"localGP"
"5047",21,4,3,2,75.9223381375201,75.9223381375201,"Rough","Max. Reward Condition",40,"4",13,1,26,164,"Long",0.0854139414291926,0.837702886994087,NA,0.483063441708025,"localGP"
"5048",21,5,2,2,91.2685637119397,91.2685637119397,"Rough","Max. Reward Condition",40,"4",13,1,25,164,"Long",0.0854139414291926,0.837702886994087,NA,0.483063441708025,"localGP"
"5049",21,6,1,2,38.3504915671492,91.2685637119397,"Rough","Max. Reward Condition",40,"4",13,8,24,164,"Long",0.0854139414291926,0.837702886994087,NA,0.483063441708025,"localGP"
"5050",21,7,1,1,60.4080576029201,91.2685637119397,"Rough","Max. Reward Condition",40,"4",13,11,13,164,"Long",0.0854139414291926,0.837702886994087,NA,0.483063441708025,"localGP"
"5051",21,8,1,0,62.1042117184929,91.2685637119397,"Rough","Max. Reward Condition",40,"4",13,3,2,164,"Long",0.0854139414291926,0.837702886994087,NA,0.483063441708025,"localGP"
"5052",21,9,2,4,86.7630388184153,91.2685637119397,"Rough","Max. Reward Condition",40,"4",13,10,47,164,"Long",0.0854139414291926,0.837702886994087,NA,0.483063441708025,"localGP"
"5053",21,10,2,4,86.7630388184153,91.2685637119397,"Rough","Max. Reward Condition",40,"4",13,7,47,164,"Long",0.0854139414291926,0.837702886994087,NA,0.483063441708025,"localGP"
"5054",21,11,2,5,73.5182942872348,91.2685637119397,"Rough","Max. Reward Condition",40,"4",13,5,58,164,"Long",0.0854139414291926,0.837702886994087,NA,0.483063441708025,"localGP"
"5055",21,12,1,5,64.6815173963215,91.2685637119397,"Rough","Max. Reward Condition",40,"4",13,1,57,164,"Long",0.0854139414291926,0.837702886994087,NA,0.483063441708025,"localGP"
"5056",21,13,1,4,57.8821067127826,91.2685637119397,"Rough","Max. Reward Condition",40,"4",13,3,46,164,"Long",0.0854139414291926,0.837702886994087,NA,0.483063441708025,"localGP"
"5057",21,14,0,4,32.731169027758,91.2685637119397,"Rough","Max. Reward Condition",40,"4",13,3,45,164,"Long",0.0854139414291926,0.837702886994087,NA,0.483063441708025,"localGP"
"5058",21,15,7,6,59.1670306987151,91.2685637119397,"Rough","Max. Reward Condition",40,"4",13,1,74,164,"Long",0.0854139414291926,0.837702886994087,NA,0.483063441708025,"localGP"
"5059",21,16,6,6,81.5801840646008,91.2685637119397,"Rough","Max. Reward Condition",40,"4",13,2,73,164,"Long",0.0854139414291926,0.837702886994087,NA,0.483063441708025,"localGP"
"5060",21,17,4,5,46.8761367253109,91.2685637119397,"Rough","Max. Reward Condition",40,"4",13,2,60,164,"Long",0.0854139414291926,0.837702886994087,NA,0.483063441708025,"localGP"
"5061",21,18,6,5,40.403960166515,91.2685637119397,"Rough","Max. Reward Condition",40,"4",13,1,62,164,"Long",0.0854139414291926,0.837702886994087,NA,0.483063441708025,"localGP"
"5062",21,19,7,4,32.6827550464112,91.2685637119397,"Rough","Max. Reward Condition",40,"4",13,2,52,164,"Long",0.0854139414291926,0.837702886994087,NA,0.483063441708025,"localGP"
"5063",21,20,8,4,13.6511878031672,91.2685637119397,"Rough","Max. Reward Condition",40,"4",13,4,53,164,"Long",0.0854139414291926,0.837702886994087,NA,0.483063441708025,"localGP"
"5064",21,21,9,0,44.4816550255405,91.2685637119397,"Rough","Max. Reward Condition",40,"4",13,7,10,164,"Long",0.0854139414291926,0.837702886994087,NA,0.483063441708025,"localGP"
"5065",21,22,10,0,100,100,"Rough","Max. Reward Condition",40,"4",13,12,11,164,"Long",0.0854139414291926,0.837702886994087,NA,0.483063441708025,"localGP"
"5066",21,23,10,1,84.1387204630061,100,"Rough","Max. Reward Condition",40,"4",13,4,22,164,"Long",0.0854139414291926,0.837702886994087,NA,0.483063441708025,"localGP"
"5067",21,24,10,0,100,100,"Rough","Max. Reward Condition",40,"4",13,7,11,164,"Long",0.0854139414291926,0.837702886994087,NA,0.483063441708025,"localGP"
"5068",21,25,10,0,100,100,"Rough","Max. Reward Condition",40,"4",13,5,11,164,"Long",0.0854139414291926,0.837702886994087,NA,0.483063441708025,"localGP"
"5069",21,26,10,0,100,100,"Rough","Max. Reward Condition",40,"4",13,2,11,164,"Long",0.0854139414291926,0.837702886994087,NA,0.483063441708025,"localGP"
"5070",21,27,10,0,100,100,"Rough","Max. Reward Condition",40,"4",13,2,11,164,"Long",0.0854139414291926,0.837702886994087,NA,0.483063441708025,"localGP"
"5071",21,28,4,3,68.6184588399681,100,"Rough","Max. Reward Condition",40,"4",13,1,38,164,"Long",0.0854139414291926,0.837702886994087,NA,0.483063441708025,"localGP"
"5072",21,29,4,2,29.018522629385,100,"Rough","Max. Reward Condition",40,"4",13,1,27,164,"Long",0.0854139414291926,0.837702886994087,NA,0.483063441708025,"localGP"
"5073",21,30,6,2,4.35555688035975,100,"Rough","Max. Reward Condition",40,"4",13,1,29,164,"Long",0.0854139414291926,0.837702886994087,NA,0.483063441708025,"localGP"
"5074",21,31,5,8,17.7476651044899,100,"Rough","Max. Reward Condition",40,"4",13,2,94,164,"Long",0.0854139414291926,0.837702886994087,NA,0.483063441708025,"localGP"
"5075",21,32,2,6,46.1154151661553,100,"Rough","Max. Reward Condition",40,"4",13,1,69,164,"Long",0.0854139414291926,0.837702886994087,NA,0.483063441708025,"localGP"
"5076",21,33,1,6,39.9812394486691,100,"Rough","Max. Reward Condition",40,"4",13,2,68,164,"Long",0.0854139414291926,0.837702886994087,NA,0.483063441708025,"localGP"
"5077",21,34,7,2,13.4842610715727,100,"Rough","Max. Reward Condition",40,"4",13,1,30,164,"Long",0.0854139414291926,0.837702886994087,NA,0.483063441708025,"localGP"
"5078",21,35,0,4,32.731169027758,100,"Rough","Max. Reward Condition",40,"4",13,2,45,164,"Long",0.0854139414291926,0.837702886994087,NA,0.483063441708025,"localGP"
"5079",21,36,5,10,12.2288928318123,100,"Rough","Max. Reward Condition",40,"4",13,1,116,164,"Long",0.0854139414291926,0.837702886994087,NA,0.483063441708025,"localGP"
"5080",21,37,7,7,65.4024008297737,100,"Rough","Max. Reward Condition",40,"4",13,1,85,164,"Long",0.0854139414291926,0.837702886994087,NA,0.483063441708025,"localGP"
"5081",21,38,8,7,57.7313818278047,100,"Rough","Max. Reward Condition",40,"4",13,7,86,164,"Long",0.0854139414291926,0.837702886994087,NA,0.483063441708025,"localGP"
"5082",21,39,10,6,43.7834189744313,100,"Rough","Max. Reward Condition",40,"4",13,15,77,164,"Long",0.0854139414291926,0.837702886994087,NA,0.483063441708025,"localGP"
"5083",21,40,9,7,38.2481492101488,100,"Rough","Max. Reward Condition",40,"4",13,1,87,164,"Long",0.0854139414291926,0.837702886994087,NA,0.483063441708025,"localGP"
"5084",21,41,9,8,52.3170386231255,100,"Rough","Max. Reward Condition",40,"4",13,2,98,164,"Long",0.0854139414291926,0.837702886994087,NA,0.483063441708025,"localGP"
"5085",21,1,4,7,40.2484782792363,40.2484782792363,"Rough","Max. Reward Condition",20,"5",10,NA,82,165,"Short",0.0972372359735591,0.941997626118175,NA,0.418278368583105,"localGP"
"5086",21,2,5,9,26.2088929234098,40.2484782792363,"Rough","Max. Reward Condition",20,"5",10,6,105,165,"Short",0.0972372359735591,0.941997626118175,NA,0.418278368583105,"localGP"
"5087",21,3,3,1,42.3496807301259,42.3496807301259,"Rough","Max. Reward Condition",20,"5",10,1,15,165,"Short",0.0972372359735591,0.941997626118175,NA,0.418278368583105,"localGP"
"5088",21,4,4,0,53.850860567956,53.850860567956,"Rough","Max. Reward Condition",20,"5",10,1,5,165,"Short",0.0972372359735591,0.941997626118175,NA,0.418278368583105,"localGP"
"5089",21,5,10,2,46.3755139459927,53.850860567956,"Rough","Max. Reward Condition",20,"5",10,2,33,165,"Short",0.0972372359735591,0.941997626118175,NA,0.418278368583105,"localGP"
"5090",21,6,9,2,45.2192972308501,53.850860567956,"Rough","Max. Reward Condition",20,"5",10,2,32,165,"Short",0.0972372359735591,0.941997626118175,NA,0.418278368583105,"localGP"
"5091",21,7,7,2,56.4176187347025,56.4176187347025,"Rough","Max. Reward Condition",20,"5",10,1,30,165,"Short",0.0972372359735591,0.941997626118175,NA,0.418278368583105,"localGP"
"5092",21,8,8,2,57.307222927851,57.307222927851,"Rough","Max. Reward Condition",20,"5",10,6,31,165,"Short",0.0972372359735591,0.941997626118175,NA,0.418278368583105,"localGP"
"5093",21,9,9,4,30.3366861320128,57.307222927851,"Rough","Max. Reward Condition",20,"5",10,1,54,165,"Short",0.0972372359735591,0.941997626118175,NA,0.418278368583105,"localGP"
"5094",21,10,8,2,57.307222927851,57.307222927851,"Rough","Max. Reward Condition",20,"5",10,3,31,165,"Short",0.0972372359735591,0.941997626118175,NA,0.418278368583105,"localGP"
"5095",21,11,8,3,46.1516878548074,57.307222927851,"Rough","Max. Reward Condition",20,"5",10,1,42,165,"Short",0.0972372359735591,0.941997626118175,NA,0.418278368583105,"localGP"
"5096",21,12,4,9,0,57.307222927851,"Rough","Max. Reward Condition",20,"5",10,8,104,165,"Short",0.0972372359735591,0.941997626118175,NA,0.418278368583105,"localGP"
"5097",21,13,3,9,31.2610555933862,57.307222927851,"Rough","Max. Reward Condition",20,"5",10,10,103,165,"Short",0.0972372359735591,0.941997626118175,NA,0.418278368583105,"localGP"
"5098",21,14,1,7,37.2168883613835,57.307222927851,"Rough","Max. Reward Condition",20,"5",10,1,79,165,"Short",0.0972372359735591,0.941997626118175,NA,0.418278368583105,"localGP"
"5099",21,15,1,6,49.8844020365175,57.307222927851,"Rough","Max. Reward Condition",20,"5",10,2,68,165,"Short",0.0972372359735591,0.941997626118175,NA,0.418278368583105,"localGP"
"5100",21,16,1,5,31.2671140536522,57.307222927851,"Rough","Max. Reward Condition",20,"5",10,1,57,165,"Short",0.0972372359735591,0.941997626118175,NA,0.418278368583105,"localGP"
"5101",21,17,9,0,60.0001478018408,60.0001478018408,"Rough","Max. Reward Condition",20,"5",10,17,10,165,"Short",0.0972372359735591,0.941997626118175,NA,0.418278368583105,"localGP"
"5102",21,18,5,1,61.2403460186364,61.2403460186364,"Rough","Max. Reward Condition",20,"5",10,8,17,165,"Short",0.0972372359735591,0.941997626118175,NA,0.418278368583105,"localGP"
"5103",21,19,1,5,31.2671140536522,61.2403460186364,"Rough","Max. Reward Condition",20,"5",10,9,57,165,"Short",0.0972372359735591,0.941997626118175,NA,0.418278368583105,"localGP"
"5104",21,20,10,3,42.1645192614556,61.2403460186364,"Rough","Max. Reward Condition",20,"5",10,15,44,165,"Short",0.0972372359735591,0.941997626118175,NA,0.418278368583105,"localGP"
"5105",21,21,10,9,28.3067992353855,61.2403460186364,"Rough","Max. Reward Condition",20,"5",10,1,110,165,"Short",0.0972372359735591,0.941997626118175,NA,0.418278368583105,"localGP"
"5106",21,1,3,8,44.1553815422113,44.1553815422113,"Rough","Max. Reward Condition",40,"6",8,NA,92,166,"Long",0.0786395225101831,0.827792881135221,NA,0.441128488694654,"localGP"
"5107",21,2,2,9,45.8472757192181,45.8472757192181,"Rough","Max. Reward Condition",40,"6",8,17,102,166,"Long",0.0786395225101831,0.827792881135221,NA,0.441128488694654,"localGP"
"5108",21,3,2,10,80.310641709381,80.310641709381,"Rough","Max. Reward Condition",40,"6",8,8,113,166,"Long",0.0786395225101831,0.827792881135221,NA,0.441128488694654,"localGP"
"5109",21,4,3,10,63.8923159509584,80.310641709381,"Rough","Max. Reward Condition",40,"6",8,16,114,166,"Long",0.0786395225101831,0.827792881135221,NA,0.441128488694654,"localGP"
"5110",21,5,4,10,41.3626992316202,80.310641709381,"Rough","Max. Reward Condition",40,"6",8,8,115,166,"Long",0.0786395225101831,0.827792881135221,NA,0.441128488694654,"localGP"
"5111",21,6,3,9,40.8521738054873,80.310641709381,"Rough","Max. Reward Condition",40,"6",8,4,103,166,"Long",0.0786395225101831,0.827792881135221,NA,0.441128488694654,"localGP"
"5112",21,7,8,5,75.2422907496321,80.310641709381,"Rough","Max. Reward Condition",40,"6",8,9,64,166,"Long",0.0786395225101831,0.827792881135221,NA,0.441128488694654,"localGP"
"5113",21,8,7,5,62.0812481900124,80.310641709381,"Rough","Max. Reward Condition",40,"6",8,8,63,166,"Long",0.0786395225101831,0.827792881135221,NA,0.441128488694654,"localGP"
"5114",21,9,7,4,51.6827805309329,80.310641709381,"Rough","Max. Reward Condition",40,"6",8,4,52,166,"Long",0.0786395225101831,0.827792881135221,NA,0.441128488694654,"localGP"
"5115",21,10,8,4,60.2211526419582,80.310641709381,"Rough","Max. Reward Condition",40,"6",8,3,53,166,"Long",0.0786395225101831,0.827792881135221,NA,0.441128488694654,"localGP"
"5116",21,11,7,3,34.6479005726558,80.310641709381,"Rough","Max. Reward Condition",40,"6",8,3,41,166,"Long",0.0786395225101831,0.827792881135221,NA,0.441128488694654,"localGP"
"5117",21,12,8,3,54.3441668023564,80.310641709381,"Rough","Max. Reward Condition",40,"6",8,1,42,166,"Long",0.0786395225101831,0.827792881135221,NA,0.441128488694654,"localGP"
"5118",21,13,0,1,40.9480065952068,80.310641709381,"Rough","Max. Reward Condition",40,"6",8,2,12,166,"Long",0.0786395225101831,0.827792881135221,NA,0.441128488694654,"localGP"
"5119",21,14,3,3,52.6628186310928,80.310641709381,"Rough","Max. Reward Condition",40,"6",8,1,37,166,"Long",0.0786395225101831,0.827792881135221,NA,0.441128488694654,"localGP"
"5120",21,15,3,5,100,100,"Rough","Max. Reward Condition",40,"6",8,1,59,166,"Long",0.0786395225101831,0.827792881135221,NA,0.441128488694654,"localGP"
"5121",21,16,2,5,73.2302297303204,100,"Rough","Max. Reward Condition",40,"6",8,6,58,166,"Long",0.0786395225101831,0.827792881135221,NA,0.441128488694654,"localGP"
"5122",21,17,3,5,100,100,"Rough","Max. Reward Condition",40,"6",8,1,59,166,"Long",0.0786395225101831,0.827792881135221,NA,0.441128488694654,"localGP"
"5123",21,18,3,6,92.3422522413602,100,"Rough","Max. Reward Condition",40,"6",8,1,70,166,"Long",0.0786395225101831,0.827792881135221,NA,0.441128488694654,"localGP"
"5124",21,19,3,5,100,100,"Rough","Max. Reward Condition",40,"6",8,1,59,166,"Long",0.0786395225101831,0.827792881135221,NA,0.441128488694654,"localGP"
"5125",21,20,4,5,81.9160830308222,100,"Rough","Max. Reward Condition",40,"6",8,1,60,166,"Long",0.0786395225101831,0.827792881135221,NA,0.441128488694654,"localGP"
"5126",21,21,4,6,92.5612285235121,100,"Rough","Max. Reward Condition",40,"6",8,1,71,166,"Long",0.0786395225101831,0.827792881135221,NA,0.441128488694654,"localGP"
"5127",21,22,5,6,43.2423959719255,100,"Rough","Max. Reward Condition",40,"6",8,1,72,166,"Long",0.0786395225101831,0.827792881135221,NA,0.441128488694654,"localGP"
"5128",21,23,3,5,100,100,"Rough","Max. Reward Condition",40,"6",8,4,59,166,"Long",0.0786395225101831,0.827792881135221,NA,0.441128488694654,"localGP"
"5129",21,24,3,5,100,100,"Rough","Max. Reward Condition",40,"6",8,3,59,166,"Long",0.0786395225101831,0.827792881135221,NA,0.441128488694654,"localGP"
"5130",21,25,3,4,81.3649995175119,100,"Rough","Max. Reward Condition",40,"6",8,1,48,166,"Long",0.0786395225101831,0.827792881135221,NA,0.441128488694654,"localGP"
"5131",21,26,4,4,51.2326654593487,100,"Rough","Max. Reward Condition",40,"6",8,2,49,166,"Long",0.0786395225101831,0.827792881135221,NA,0.441128488694654,"localGP"
"5132",21,27,6,5,20.2602754347386,100,"Rough","Max. Reward Condition",40,"6",8,1,62,166,"Long",0.0786395225101831,0.827792881135221,NA,0.441128488694654,"localGP"
"5133",21,28,7,1,50.2177427569694,100,"Rough","Max. Reward Condition",40,"6",8,1,19,166,"Long",0.0786395225101831,0.827792881135221,NA,0.441128488694654,"localGP"
"5134",21,29,4,3,36.7498748726121,100,"Rough","Max. Reward Condition",40,"6",8,5,38,166,"Long",0.0786395225101831,0.827792881135221,NA,0.441128488694654,"localGP"
"5135",21,30,2,10,80.310641709381,100,"Rough","Max. Reward Condition",40,"6",8,1,113,166,"Long",0.0786395225101831,0.827792881135221,NA,0.441128488694654,"localGP"
"5136",21,31,0,9,69.7292299048647,100,"Rough","Max. Reward Condition",40,"6",8,2,100,166,"Long",0.0786395225101831,0.827792881135221,NA,0.441128488694654,"localGP"
"5137",21,32,0,8,76.1914645017141,100,"Rough","Max. Reward Condition",40,"6",8,2,89,166,"Long",0.0786395225101831,0.827792881135221,NA,0.441128488694654,"localGP"
"5138",21,33,0,7,41.9871780226949,100,"Rough","Max. Reward Condition",40,"6",8,1,78,166,"Long",0.0786395225101831,0.827792881135221,NA,0.441128488694654,"localGP"
"5139",21,34,2,3,53.3062519651342,100,"Rough","Max. Reward Condition",40,"6",8,2,36,166,"Long",0.0786395225101831,0.827792881135221,NA,0.441128488694654,"localGP"
"5140",21,35,2,4,66.8505188208105,100,"Rough","Max. Reward Condition",40,"6",8,2,47,166,"Long",0.0786395225101831,0.827792881135221,NA,0.441128488694654,"localGP"
"5141",21,36,1,6,47.1009153774724,100,"Rough","Max. Reward Condition",40,"6",8,1,68,166,"Long",0.0786395225101831,0.827792881135221,NA,0.441128488694654,"localGP"
"5142",21,37,7,4,51.6827805309329,100,"Rough","Max. Reward Condition",40,"6",8,2,52,166,"Long",0.0786395225101831,0.827792881135221,NA,0.441128488694654,"localGP"
"5143",21,38,7,2,26.7980711857913,100,"Rough","Max. Reward Condition",40,"6",8,1,30,166,"Long",0.0786395225101831,0.827792881135221,NA,0.441128488694654,"localGP"
"5144",21,39,6,2,38.3671913678501,100,"Rough","Max. Reward Condition",40,"6",8,2,29,166,"Long",0.0786395225101831,0.827792881135221,NA,0.441128488694654,"localGP"
"5145",21,40,4,5,81.9160830308222,100,"Rough","Max. Reward Condition",40,"6",8,1,60,166,"Long",0.0786395225101831,0.827792881135221,NA,0.441128488694654,"localGP"
"5146",21,41,4,6,92.5612285235121,100,"Rough","Max. Reward Condition",40,"6",8,7,71,166,"Long",0.0786395225101831,0.827792881135221,NA,0.441128488694654,"localGP"
"5147",21,1,0,10,60.8079360936337,60.8079360936337,"Rough","Max. Reward Condition",20,"7",19,NA,111,167,"Short",0.0907576832692414,1.03139578384738,NA,0.456459342157777,"localGP"
"5148",21,2,9,9,85.2726059415545,85.2726059415545,"Rough","Max. Reward Condition",20,"7",19,5,109,167,"Short",0.0907576832692414,1.03139578384738,NA,0.456459342157777,"localGP"
"5149",21,3,9,10,65.8121215823365,85.2726059415545,"Rough","Max. Reward Condition",20,"7",19,7,120,167,"Short",0.0907576832692414,1.03139578384738,NA,0.456459342157777,"localGP"
"5150",21,4,7,6,100,100,"Rough","Max. Reward Condition",20,"7",19,8,74,167,"Short",0.0907576832692414,1.03139578384738,NA,0.456459342157777,"localGP"
"5151",21,5,7,7,78.4257216995386,100,"Rough","Max. Reward Condition",20,"7",19,6,85,167,"Short",0.0907576832692414,1.03139578384738,NA,0.456459342157777,"localGP"
"5152",21,6,7,4,73.3248485001287,100,"Rough","Max. Reward Condition",20,"7",19,13,52,167,"Short",0.0907576832692414,1.03139578384738,NA,0.456459342157777,"localGP"
"5153",21,7,6,4,77.7374692379335,100,"Rough","Max. Reward Condition",20,"7",19,2,51,167,"Short",0.0907576832692414,1.03139578384738,NA,0.456459342157777,"localGP"
"5154",21,8,4,4,9.99263596424557,100,"Rough","Max. Reward Condition",20,"7",19,2,49,167,"Short",0.0907576832692414,1.03139578384738,NA,0.456459342157777,"localGP"
"5155",21,9,8,2,57.747723924339,100,"Rough","Max. Reward Condition",20,"7",19,1,31,167,"Short",0.0907576832692414,1.03139578384738,NA,0.456459342157777,"localGP"
"5156",21,10,10,7,65.5347594322433,100,"Rough","Max. Reward Condition",20,"7",19,7,88,167,"Short",0.0907576832692414,1.03139578384738,NA,0.456459342157777,"localGP"
"5157",21,11,10,8,61.9465090311745,100,"Rough","Max. Reward Condition",20,"7",19,1,99,167,"Short",0.0907576832692414,1.03139578384738,NA,0.456459342157777,"localGP"
"5158",21,12,10,9,46.6801278336504,100,"Rough","Max. Reward Condition",20,"7",19,2,110,167,"Short",0.0907576832692414,1.03139578384738,NA,0.456459342157777,"localGP"
"5159",21,13,6,6,73.1570356560972,100,"Rough","Max. Reward Condition",20,"7",19,1,73,167,"Short",0.0907576832692414,1.03139578384738,NA,0.456459342157777,"localGP"
"5160",21,14,9,7,60.6742426292071,100,"Rough","Max. Reward Condition",20,"7",19,2,87,167,"Short",0.0907576832692414,1.03139578384738,NA,0.456459342157777,"localGP"
"5161",21,15,9,8,78.8036694153572,100,"Rough","Max. Reward Condition",20,"7",19,2,98,167,"Short",0.0907576832692414,1.03139578384738,NA,0.456459342157777,"localGP"
"5162",21,16,8,8,81.8046970917315,100,"Rough","Max. Reward Condition",20,"7",19,7,97,167,"Short",0.0907576832692414,1.03139578384738,NA,0.456459342157777,"localGP"
"5163",21,17,7,9,29.4654937800479,100,"Rough","Max. Reward Condition",20,"7",19,2,107,167,"Short",0.0907576832692414,1.03139578384738,NA,0.456459342157777,"localGP"
"5164",21,18,10,9,46.6801278336504,100,"Rough","Max. Reward Condition",20,"7",19,1,110,167,"Short",0.0907576832692414,1.03139578384738,NA,0.456459342157777,"localGP"
"5165",21,19,8,7,93.2880256740387,100,"Rough","Max. Reward Condition",20,"7",19,1,86,167,"Short",0.0907576832692414,1.03139578384738,NA,0.456459342157777,"localGP"
"5166",21,20,8,6,77.0215365379863,100,"Rough","Max. Reward Condition",20,"7",19,2,75,167,"Short",0.0907576832692414,1.03139578384738,NA,0.456459342157777,"localGP"
"5167",21,21,7,6,100,100,"Rough","Max. Reward Condition",20,"7",19,7,74,167,"Short",0.0907576832692414,1.03139578384738,NA,0.456459342157777,"localGP"
"5168",21,1,4,2,51.1248580268457,51.1248580268457,"Rough","Max. Reward Condition",40,"8",7,NA,27,168,"Long",0.0785343247327032,0.794179024475727,NA,0.453166620912688,"localGP"
"5169",21,2,4,3,38.855169036226,51.1248580268457,"Rough","Max. Reward Condition",40,"8",7,10,38,168,"Long",0.0785343247327032,0.794179024475727,NA,0.453166620912688,"localGP"
"5170",21,3,7,1,64.1520185583196,64.1520185583196,"Rough","Max. Reward Condition",40,"8",7,6,19,168,"Long",0.0785343247327032,0.794179024475727,NA,0.453166620912688,"localGP"
"5171",21,4,8,1,64.1561620326148,64.1561620326148,"Rough","Max. Reward Condition",40,"8",7,7,20,168,"Long",0.0785343247327032,0.794179024475727,NA,0.453166620912688,"localGP"
"5172",21,5,8,2,53.532220554727,64.1561620326148,"Rough","Max. Reward Condition",40,"8",7,9,31,168,"Long",0.0785343247327032,0.794179024475727,NA,0.453166620912688,"localGP"
"5173",21,6,7,6,64.1165610070556,64.1561620326148,"Rough","Max. Reward Condition",40,"8",7,9,74,168,"Long",0.0785343247327032,0.794179024475727,NA,0.453166620912688,"localGP"
"5174",21,7,7,5,60.2449538313095,64.1561620326148,"Rough","Max. Reward Condition",40,"8",7,10,63,168,"Long",0.0785343247327032,0.794179024475727,NA,0.453166620912688,"localGP"
"5175",21,8,6,2,61.16747892044,64.1561620326148,"Rough","Max. Reward Condition",40,"8",7,20,29,168,"Long",0.0785343247327032,0.794179024475727,NA,0.453166620912688,"localGP"
"5176",21,9,10,0,8.49021731188623,64.1561620326148,"Rough","Max. Reward Condition",40,"8",7,5,11,168,"Long",0.0785343247327032,0.794179024475727,NA,0.453166620912688,"localGP"
"5177",21,10,9,1,32.884325467042,64.1561620326148,"Rough","Max. Reward Condition",40,"8",7,5,21,168,"Long",0.0785343247327032,0.794179024475727,NA,0.453166620912688,"localGP"
"5178",21,11,0,7,40.3703125808271,64.1561620326148,"Rough","Max. Reward Condition",40,"8",7,5,78,168,"Long",0.0785343247327032,0.794179024475727,NA,0.453166620912688,"localGP"
"5179",21,12,0,6,34.4193486809273,64.1561620326148,"Rough","Max. Reward Condition",40,"8",7,10,67,168,"Long",0.0785343247327032,0.794179024475727,NA,0.453166620912688,"localGP"
"5180",21,13,8,9,44.3344271984956,64.1561620326148,"Rough","Max. Reward Condition",40,"8",7,1,108,168,"Long",0.0785343247327032,0.794179024475727,NA,0.453166620912688,"localGP"
"5181",21,14,8,10,40.3851735013873,64.1561620326148,"Rough","Max. Reward Condition",40,"8",7,2,119,168,"Long",0.0785343247327032,0.794179024475727,NA,0.453166620912688,"localGP"
"5182",21,15,5,9,27.8448402853638,64.1561620326148,"Rough","Max. Reward Condition",40,"8",7,1,105,168,"Long",0.0785343247327032,0.794179024475727,NA,0.453166620912688,"localGP"
"5183",21,16,4,10,49.1017404834783,64.1561620326148,"Rough","Max. Reward Condition",40,"8",7,1,115,168,"Long",0.0785343247327032,0.794179024475727,NA,0.453166620912688,"localGP"
"5184",21,17,3,8,50.2866899354238,64.1561620326148,"Rough","Max. Reward Condition",40,"8",7,2,92,168,"Long",0.0785343247327032,0.794179024475727,NA,0.453166620912688,"localGP"
"5185",21,18,3,7,63.2387067485633,64.1561620326148,"Rough","Max. Reward Condition",40,"8",7,2,81,168,"Long",0.0785343247327032,0.794179024475727,NA,0.453166620912688,"localGP"
"5186",21,19,2,7,57.6455524159847,64.1561620326148,"Rough","Max. Reward Condition",40,"8",7,1,80,168,"Long",0.0785343247327032,0.794179024475727,NA,0.453166620912688,"localGP"
"5187",21,20,2,6,61.2240030846988,64.1561620326148,"Rough","Max. Reward Condition",40,"8",7,2,69,168,"Long",0.0785343247327032,0.794179024475727,NA,0.453166620912688,"localGP"
"5188",21,21,4,5,66.807827900394,66.807827900394,"Rough","Max. Reward Condition",40,"8",7,8,60,168,"Long",0.0785343247327032,0.794179024475727,NA,0.453166620912688,"localGP"
"5189",21,22,5,5,44.5106092443796,66.807827900394,"Rough","Max. Reward Condition",40,"8",7,1,61,168,"Long",0.0785343247327032,0.794179024475727,NA,0.453166620912688,"localGP"
"5190",21,23,5,4,43.7941876820187,66.807827900394,"Rough","Max. Reward Condition",40,"8",7,1,50,168,"Long",0.0785343247327032,0.794179024475727,NA,0.453166620912688,"localGP"
"5191",21,24,10,10,51.5021845783836,66.807827900394,"Rough","Max. Reward Condition",40,"8",7,10,121,168,"Long",0.0785343247327032,0.794179024475727,NA,0.453166620912688,"localGP"
"5192",21,25,10,9,70.0392210248855,70.0392210248855,"Rough","Max. Reward Condition",40,"8",7,2,110,168,"Long",0.0785343247327032,0.794179024475727,NA,0.453166620912688,"localGP"
"5193",21,26,10,8,69.2360163709825,70.0392210248855,"Rough","Max. Reward Condition",40,"8",7,4,99,168,"Long",0.0785343247327032,0.794179024475727,NA,0.453166620912688,"localGP"
"5194",21,27,9,8,62.1221519136899,70.0392210248855,"Rough","Max. Reward Condition",40,"8",7,5,98,168,"Long",0.0785343247327032,0.794179024475727,NA,0.453166620912688,"localGP"
"5195",21,28,9,7,48.6503812146378,70.0392210248855,"Rough","Max. Reward Condition",40,"8",7,3,87,168,"Long",0.0785343247327032,0.794179024475727,NA,0.453166620912688,"localGP"
"5196",21,29,10,7,44.2918220402032,70.0392210248855,"Rough","Max. Reward Condition",40,"8",7,2,88,168,"Long",0.0785343247327032,0.794179024475727,NA,0.453166620912688,"localGP"
"5197",21,30,4,7,63.6224035811194,70.0392210248855,"Rough","Max. Reward Condition",40,"8",7,1,82,168,"Long",0.0785343247327032,0.794179024475727,NA,0.453166620912688,"localGP"
"5198",21,31,5,8,32.817572820121,70.0392210248855,"Rough","Max. Reward Condition",40,"8",7,1,94,168,"Long",0.0785343247327032,0.794179024475727,NA,0.453166620912688,"localGP"
"5199",21,32,1,3,41.4633758464049,70.0392210248855,"Rough","Max. Reward Condition",40,"8",7,1,35,168,"Long",0.0785343247327032,0.794179024475727,NA,0.453166620912688,"localGP"
"5200",21,33,0,3,65.0525898505903,70.0392210248855,"Rough","Max. Reward Condition",40,"8",7,2,34,168,"Long",0.0785343247327032,0.794179024475727,NA,0.453166620912688,"localGP"
"5201",21,34,0,4,87.6072005238065,87.6072005238065,"Rough","Max. Reward Condition",40,"8",7,2,45,168,"Long",0.0785343247327032,0.794179024475727,NA,0.453166620912688,"localGP"
"5202",21,35,1,4,71.7748626014639,87.6072005238065,"Rough","Max. Reward Condition",40,"8",7,1,46,168,"Long",0.0785343247327032,0.794179024475727,NA,0.453166620912688,"localGP"
"5203",21,36,2,4,69.0845854443266,87.6072005238065,"Rough","Max. Reward Condition",40,"8",7,5,47,168,"Long",0.0785343247327032,0.794179024475727,NA,0.453166620912688,"localGP"
"5204",21,37,2,5,81.410941886626,87.6072005238065,"Rough","Max. Reward Condition",40,"8",7,1,58,168,"Long",0.0785343247327032,0.794179024475727,NA,0.453166620912688,"localGP"
"5205",21,38,3,5,100,100,"Rough","Max. Reward Condition",40,"8",7,2,59,168,"Long",0.0785343247327032,0.794179024475727,NA,0.453166620912688,"localGP"
"5206",21,39,3,4,62.4304276826515,100,"Rough","Max. Reward Condition",40,"8",7,1,48,168,"Long",0.0785343247327032,0.794179024475727,NA,0.453166620912688,"localGP"
"5207",21,40,0,2,43.1350947350746,100,"Rough","Max. Reward Condition",40,"8",7,1,23,168,"Long",0.0785343247327032,0.794179024475727,NA,0.453166620912688,"localGP"
"5208",21,41,2,6,61.2240030846988,100,"Rough","Max. Reward Condition",40,"8",7,2,69,168,"Long",0.0785343247327032,0.794179024475727,NA,0.453166620912688,"localGP"
"5209",22,1,4,5,2.16332347915908,2.16332347915908,"Rough","Max. Reward Condition",40,"1",0,NA,60,169,"Long",0.108374942323637,1.11445137348277,NA,0.726204777877553,"localGP"
"5210",22,2,4,6,4.57974265293169,4.57974265293169,"Rough","Max. Reward Condition",40,"1",0,7,71,169,"Long",0.108374942323637,1.11445137348277,NA,0.726204777877553,"localGP"
"5211",22,3,6,3,44.3716523377351,44.3716523377351,"Rough","Max. Reward Condition",40,"1",0,6,40,169,"Long",0.108374942323637,1.11445137348277,NA,0.726204777877553,"localGP"
"5212",22,4,6,2,14.151020308226,44.3716523377351,"Rough","Max. Reward Condition",40,"1",0,2,29,169,"Long",0.108374942323637,1.11445137348277,NA,0.726204777877553,"localGP"
"5213",22,5,9,1,39.3581963035653,44.3716523377351,"Rough","Max. Reward Condition",40,"1",0,4,21,169,"Long",0.108374942323637,1.11445137348277,NA,0.726204777877553,"localGP"
"5214",22,6,9,2,59.0192052842826,59.0192052842826,"Rough","Max. Reward Condition",40,"1",0,1,32,169,"Long",0.108374942323637,1.11445137348277,NA,0.726204777877553,"localGP"
"5215",22,7,8,3,44.148571192128,59.0192052842826,"Rough","Max. Reward Condition",40,"1",0,2,42,169,"Long",0.108374942323637,1.11445137348277,NA,0.726204777877553,"localGP"
"5216",22,8,0,2,53.4074849522853,59.0192052842826,"Rough","Max. Reward Condition",40,"1",0,2,23,169,"Long",0.108374942323637,1.11445137348277,NA,0.726204777877553,"localGP"
"5217",22,9,2,3,65.4652426884159,65.4652426884159,"Rough","Max. Reward Condition",40,"1",0,2,36,169,"Long",0.108374942323637,1.11445137348277,NA,0.726204777877553,"localGP"
"5218",22,10,4,3,60.3338826341623,65.4652426884159,"Rough","Max. Reward Condition",40,"1",0,12,38,169,"Long",0.108374942323637,1.11445137348277,NA,0.726204777877553,"localGP"
"5219",22,11,8,2,37.9601847511936,65.4652426884159,"Rough","Max. Reward Condition",40,"1",0,1,31,169,"Long",0.108374942323637,1.11445137348277,NA,0.726204777877553,"localGP"
"5220",22,12,6,5,38.4802247226953,65.4652426884159,"Rough","Max. Reward Condition",40,"1",0,2,62,169,"Long",0.108374942323637,1.11445137348277,NA,0.726204777877553,"localGP"
"5221",22,13,9,1,39.3581963035653,65.4652426884159,"Rough","Max. Reward Condition",40,"1",0,1,21,169,"Long",0.108374942323637,1.11445137348277,NA,0.726204777877553,"localGP"
"5222",22,14,7,4,41.500031362003,65.4652426884159,"Rough","Max. Reward Condition",40,"1",0,1,52,169,"Long",0.108374942323637,1.11445137348277,NA,0.726204777877553,"localGP"
"5223",22,15,8,5,25.4664364845841,65.4652426884159,"Rough","Max. Reward Condition",40,"1",0,1,64,169,"Long",0.108374942323637,1.11445137348277,NA,0.726204777877553,"localGP"
"5224",22,16,9,6,52.7533090833761,65.4652426884159,"Rough","Max. Reward Condition",40,"1",0,2,76,169,"Long",0.108374942323637,1.11445137348277,NA,0.726204777877553,"localGP"
"5225",22,17,10,6,47.7902004449391,65.4652426884159,"Rough","Max. Reward Condition",40,"1",0,1,77,169,"Long",0.108374942323637,1.11445137348277,NA,0.726204777877553,"localGP"
"5226",22,18,10,5,1.48105880791409,65.4652426884159,"Rough","Max. Reward Condition",40,"1",0,1,66,169,"Long",0.108374942323637,1.11445137348277,NA,0.726204777877553,"localGP"
"5227",22,19,5,10,34.5994838474691,65.4652426884159,"Rough","Max. Reward Condition",40,"1",0,2,116,169,"Long",0.108374942323637,1.11445137348277,NA,0.726204777877553,"localGP"
"5228",22,20,3,0,24.0642449228446,65.4652426884159,"Rough","Max. Reward Condition",40,"1",0,2,4,169,"Long",0.108374942323637,1.11445137348277,NA,0.726204777877553,"localGP"
"5229",22,21,1,0,67.0136291844954,67.0136291844954,"Rough","Max. Reward Condition",40,"1",0,7,2,169,"Long",0.108374942323637,1.11445137348277,NA,0.726204777877553,"localGP"
"5230",22,22,0,0,35.9067188197196,67.0136291844954,"Rough","Max. Reward Condition",40,"1",0,1,1,169,"Long",0.108374942323637,1.11445137348277,NA,0.726204777877553,"localGP"
"5231",22,23,4,0,18.0590972616153,67.0136291844954,"Rough","Max. Reward Condition",40,"1",0,11,5,169,"Long",0.108374942323637,1.11445137348277,NA,0.726204777877553,"localGP"
"5232",22,24,6,9,38.5462096801416,67.0136291844954,"Rough","Max. Reward Condition",40,"1",0,1,106,169,"Long",0.108374942323637,1.11445137348277,NA,0.726204777877553,"localGP"
"5233",22,25,3,5,42.0356921571109,67.0136291844954,"Rough","Max. Reward Condition",40,"1",0,1,59,169,"Long",0.108374942323637,1.11445137348277,NA,0.726204777877553,"localGP"
"5234",22,26,4,2,25.7389872414226,67.0136291844954,"Rough","Max. Reward Condition",40,"1",0,1,27,169,"Long",0.108374942323637,1.11445137348277,NA,0.726204777877553,"localGP"
"5235",22,27,10,2,46.7186953634037,67.0136291844954,"Rough","Max. Reward Condition",40,"1",0,1,33,169,"Long",0.108374942323637,1.11445137348277,NA,0.726204777877553,"localGP"
"5236",22,28,8,6,65.2396135357156,67.0136291844954,"Rough","Max. Reward Condition",40,"1",0,1,75,169,"Long",0.108374942323637,1.11445137348277,NA,0.726204777877553,"localGP"
"5237",22,29,8,7,98.0758057854271,98.0758057854271,"Rough","Max. Reward Condition",40,"1",0,2,86,169,"Long",0.108374942323637,1.11445137348277,NA,0.726204777877553,"localGP"
"5238",22,30,7,7,59.9525509256433,98.0758057854271,"Rough","Max. Reward Condition",40,"1",0,1,85,169,"Long",0.108374942323637,1.11445137348277,NA,0.726204777877553,"localGP"
"5239",22,31,10,8,76.6171334634599,98.0758057854271,"Rough","Max. Reward Condition",40,"1",0,2,99,169,"Long",0.108374942323637,1.11445137348277,NA,0.726204777877553,"localGP"
"5240",22,32,9,10,64.79218841543,98.0758057854271,"Rough","Max. Reward Condition",40,"1",0,1,120,169,"Long",0.108374942323637,1.11445137348277,NA,0.726204777877553,"localGP"
"5241",22,33,3,1,29.8909935964922,98.0758057854271,"Rough","Max. Reward Condition",40,"1",0,1,15,169,"Long",0.108374942323637,1.11445137348277,NA,0.726204777877553,"localGP"
"5242",22,34,9,6,52.7533090833761,98.0758057854271,"Rough","Max. Reward Condition",40,"1",0,4,76,169,"Long",0.108374942323637,1.11445137348277,NA,0.726204777877553,"localGP"
"5243",22,35,9,7,93.0900522357202,98.0758057854271,"Rough","Max. Reward Condition",40,"1",0,1,87,169,"Long",0.108374942323637,1.11445137348277,NA,0.726204777877553,"localGP"
"5244",22,36,9,8,92.8491332342499,98.0758057854271,"Rough","Max. Reward Condition",40,"1",0,6,98,169,"Long",0.108374942323637,1.11445137348277,NA,0.726204777877553,"localGP"
"5245",22,37,8,8,88.0084195550964,98.0758057854271,"Rough","Max. Reward Condition",40,"1",0,2,97,169,"Long",0.108374942323637,1.11445137348277,NA,0.726204777877553,"localGP"
"5246",22,38,7,8,55.9864237907349,98.0758057854271,"Rough","Max. Reward Condition",40,"1",0,1,96,169,"Long",0.108374942323637,1.11445137348277,NA,0.726204777877553,"localGP"
"5247",22,39,2,9,15.2735933162074,98.0758057854271,"Rough","Max. Reward Condition",40,"1",0,3,102,169,"Long",0.108374942323637,1.11445137348277,NA,0.726204777877553,"localGP"
"5248",22,40,2,7,42.7772511233164,98.0758057854271,"Rough","Max. Reward Condition",40,"1",0,2,80,169,"Long",0.108374942323637,1.11445137348277,NA,0.726204777877553,"localGP"
"5249",22,41,1,7,65.8282604254796,98.0758057854271,"Rough","Max. Reward Condition",40,"1",0,17,79,169,"Long",0.108374942323637,1.11445137348277,NA,0.726204777877553,"localGP"
"5250",22,1,9,1,72.9706833593443,72.9706833593443,"Rough","Max. Reward Condition",20,"2",12,NA,21,170,"Short",0.0848498493406809,1.13250637533323,NA,0.420543186743946,"localGP"
"5251",22,2,2,7,41.0584762362061,72.9706833593443,"Rough","Max. Reward Condition",20,"2",12,1,80,170,"Short",0.0848498493406809,1.13250637533323,NA,0.420543186743946,"localGP"
"5252",22,3,3,6,20.8670491008818,72.9706833593443,"Rough","Max. Reward Condition",20,"2",12,2,70,170,"Short",0.0848498493406809,1.13250637533323,NA,0.420543186743946,"localGP"
"5253",22,4,7,5,86.8061250260335,86.8061250260335,"Rough","Max. Reward Condition",20,"2",12,2,63,170,"Short",0.0848498493406809,1.13250637533323,NA,0.420543186743946,"localGP"
"5254",22,5,7,4,50.9267348648604,86.8061250260335,"Rough","Max. Reward Condition",20,"2",12,2,52,170,"Short",0.0848498493406809,1.13250637533323,NA,0.420543186743946,"localGP"
"5255",22,6,7,6,92.2608433233279,92.2608433233279,"Rough","Max. Reward Condition",20,"2",12,14,74,170,"Short",0.0848498493406809,1.13250637533323,NA,0.420543186743946,"localGP"
"5256",22,7,7,7,63.3946973965317,92.2608433233279,"Rough","Max. Reward Condition",20,"2",12,1,85,170,"Short",0.0848498493406809,1.13250637533323,NA,0.420543186743946,"localGP"
"5257",22,8,6,7,79.1421963160271,92.2608433233279,"Rough","Max. Reward Condition",20,"2",12,1,84,170,"Short",0.0848498493406809,1.13250637533323,NA,0.420543186743946,"localGP"
"5258",22,9,6,6,97.0143306966023,97.0143306966023,"Rough","Max. Reward Condition",20,"2",12,2,73,170,"Short",0.0848498493406809,1.13250637533323,NA,0.420543186743946,"localGP"
"5259",22,10,5,6,100,100,"Rough","Max. Reward Condition",20,"2",12,2,72,170,"Short",0.0848498493406809,1.13250637533323,NA,0.420543186743946,"localGP"
"5260",22,11,5,5,67.9178322502487,100,"Rough","Max. Reward Condition",20,"2",12,1,61,170,"Short",0.0848498493406809,1.13250637533323,NA,0.420543186743946,"localGP"
"5261",22,12,5,6,100,100,"Rough","Max. Reward Condition",20,"2",12,5,72,170,"Short",0.0848498493406809,1.13250637533323,NA,0.420543186743946,"localGP"
"5262",22,13,5,7,95.4475396391107,100,"Rough","Max. Reward Condition",20,"2",12,2,83,170,"Short",0.0848498493406809,1.13250637533323,NA,0.420543186743946,"localGP"
"5263",22,14,10,1,80.8865853596209,100,"Rough","Max. Reward Condition",20,"2",12,10,22,170,"Short",0.0848498493406809,1.13250637533323,NA,0.420543186743946,"localGP"
"5264",22,15,10,0,62.934470369234,100,"Rough","Max. Reward Condition",20,"2",12,2,11,170,"Short",0.0848498493406809,1.13250637533323,NA,0.420543186743946,"localGP"
"5265",22,16,9,1,72.9706833593443,100,"Rough","Max. Reward Condition",20,"2",12,8,21,170,"Short",0.0848498493406809,1.13250637533323,NA,0.420543186743946,"localGP"
"5266",22,17,9,1,72.9706833593443,100,"Rough","Max. Reward Condition",20,"2",12,7,21,170,"Short",0.0848498493406809,1.13250637533323,NA,0.420543186743946,"localGP"
"5267",22,18,3,1,68.4386100251646,100,"Rough","Max. Reward Condition",20,"2",12,5,15,170,"Short",0.0848498493406809,1.13250637533323,NA,0.420543186743946,"localGP"
"5268",22,19,3,2,92.3609329000905,100,"Rough","Max. Reward Condition",20,"2",12,1,26,170,"Short",0.0848498493406809,1.13250637533323,NA,0.420543186743946,"localGP"
"5269",22,20,3,3,78.6603428808522,100,"Rough","Max. Reward Condition",20,"2",12,1,37,170,"Short",0.0848498493406809,1.13250637533323,NA,0.420543186743946,"localGP"
"5270",22,21,4,3,65.5943555027251,100,"Rough","Max. Reward Condition",20,"2",12,2,38,170,"Short",0.0848498493406809,1.13250637533323,NA,0.420543186743946,"localGP"
"5271",22,1,7,0,50.8945892528803,50.8945892528803,"Rough","Max. Reward Condition",40,"3",15,NA,8,171,"Long",0.104029932259228,1.01676139428965,NA,0.641238262890553,"localGP"
"5272",22,2,10,0,40.8689661512174,50.8945892528803,"Rough","Max. Reward Condition",40,"3",15,11,11,171,"Long",0.104029932259228,1.01676139428965,NA,0.641238262890553,"localGP"
"5273",22,3,9,2,80.7274963103288,80.7274963103288,"Rough","Max. Reward Condition",40,"3",15,1,32,171,"Long",0.104029932259228,1.01676139428965,NA,0.641238262890553,"localGP"
"5274",22,4,8,1,63.1293377459291,80.7274963103288,"Rough","Max. Reward Condition",40,"3",15,2,20,171,"Long",0.104029932259228,1.01676139428965,NA,0.641238262890553,"localGP"
"5275",22,5,8,4,71.7350689327,80.7274963103288,"Rough","Max. Reward Condition",40,"3",15,1,53,171,"Long",0.104029932259228,1.01676139428965,NA,0.641238262890553,"localGP"
"5276",22,6,8,3,71.8089338593077,80.7274963103288,"Rough","Max. Reward Condition",40,"3",15,1,42,171,"Long",0.104029932259228,1.01676139428965,NA,0.641238262890553,"localGP"
"5277",22,7,9,3,76.9729164746691,80.7274963103288,"Rough","Max. Reward Condition",40,"3",15,2,43,171,"Long",0.104029932259228,1.01676139428965,NA,0.641238262890553,"localGP"
"5278",22,8,7,2,69.9700174342543,80.7274963103288,"Rough","Max. Reward Condition",40,"3",15,1,30,171,"Long",0.104029932259228,1.01676139428965,NA,0.641238262890553,"localGP"
"5279",22,9,8,2,70.4382048809147,80.7274963103288,"Rough","Max. Reward Condition",40,"3",15,2,31,171,"Long",0.104029932259228,1.01676139428965,NA,0.641238262890553,"localGP"
"5280",22,10,9,0,56.7976440911413,80.7274963103288,"Rough","Max. Reward Condition",40,"3",15,3,10,171,"Long",0.104029932259228,1.01676139428965,NA,0.641238262890553,"localGP"
"5281",22,11,5,6,48.2722078874415,80.7274963103288,"Rough","Max. Reward Condition",40,"3",15,1,72,171,"Long",0.104029932259228,1.01676139428965,NA,0.641238262890553,"localGP"
"5282",22,12,6,6,24.1302467883987,80.7274963103288,"Rough","Max. Reward Condition",40,"3",15,9,73,171,"Long",0.104029932259228,1.01676139428965,NA,0.641238262890553,"localGP"
"5283",22,13,6,5,7.28580345199959,80.7274963103288,"Rough","Max. Reward Condition",40,"3",15,1,62,171,"Long",0.104029932259228,1.01676139428965,NA,0.641238262890553,"localGP"
"5284",22,14,6,1,47.8003239133114,80.7274963103288,"Rough","Max. Reward Condition",40,"3",15,6,18,171,"Long",0.104029932259228,1.01676139428965,NA,0.641238262890553,"localGP"
"5285",22,15,5,0,62.3288785579905,80.7274963103288,"Rough","Max. Reward Condition",40,"3",15,1,6,171,"Long",0.104029932259228,1.01676139428965,NA,0.641238262890553,"localGP"
"5286",22,16,4,0,68.1149801380177,80.7274963103288,"Rough","Max. Reward Condition",40,"3",15,1,5,171,"Long",0.104029932259228,1.01676139428965,NA,0.641238262890553,"localGP"
"5287",22,17,3,1,45.7237040394925,80.7274963103288,"Rough","Max. Reward Condition",40,"3",15,7,15,171,"Long",0.104029932259228,1.01676139428965,NA,0.641238262890553,"localGP"
"5288",22,18,2,1,64.9541194011158,80.7274963103288,"Rough","Max. Reward Condition",40,"3",15,1,14,171,"Long",0.104029932259228,1.01676139428965,NA,0.641238262890553,"localGP"
"5289",22,19,2,0,58.2249517542055,80.7274963103288,"Rough","Max. Reward Condition",40,"3",15,1,3,171,"Long",0.104029932259228,1.01676139428965,NA,0.641238262890553,"localGP"
"5290",22,20,1,0,75.5614168340443,80.7274963103288,"Rough","Max. Reward Condition",40,"3",15,2,2,171,"Long",0.104029932259228,1.01676139428965,NA,0.641238262890553,"localGP"
"5291",22,21,3,0,54.228682490005,80.7274963103288,"Rough","Max. Reward Condition",40,"3",15,1,4,171,"Long",0.104029932259228,1.01676139428965,NA,0.641238262890553,"localGP"
"5292",22,22,2,3,47.5308435127139,80.7274963103288,"Rough","Max. Reward Condition",40,"3",15,1,36,171,"Long",0.104029932259228,1.01676139428965,NA,0.641238262890553,"localGP"
"5293",22,23,0,3,77.1083741262543,80.7274963103288,"Rough","Max. Reward Condition",40,"3",15,1,34,171,"Long",0.104029932259228,1.01676139428965,NA,0.641238262890553,"localGP"
"5294",22,24,0,2,95.1832335243152,95.1832335243152,"Rough","Max. Reward Condition",40,"3",15,8,23,171,"Long",0.104029932259228,1.01676139428965,NA,0.641238262890553,"localGP"
"5295",22,25,1,2,100,100,"Rough","Max. Reward Condition",40,"3",15,1,24,171,"Long",0.104029932259228,1.01676139428965,NA,0.641238262890553,"localGP"
"5296",22,26,1,2,100,100,"Rough","Max. Reward Condition",40,"3",15,1,24,171,"Long",0.104029932259228,1.01676139428965,NA,0.641238262890553,"localGP"
"5297",22,27,1,3,78.9236623533558,100,"Rough","Max. Reward Condition",40,"3",15,3,35,171,"Long",0.104029932259228,1.01676139428965,NA,0.641238262890553,"localGP"
"5298",22,28,2,4,51.9546837041907,100,"Rough","Max. Reward Condition",40,"3",15,1,47,171,"Long",0.104029932259228,1.01676139428965,NA,0.641238262890553,"localGP"
"5299",22,29,2,5,87.9015805668821,100,"Rough","Max. Reward Condition",40,"3",15,1,58,171,"Long",0.104029932259228,1.01676139428965,NA,0.641238262890553,"localGP"
"5300",22,30,3,5,91.5692138938096,100,"Rough","Max. Reward Condition",40,"3",15,7,59,171,"Long",0.104029932259228,1.01676139428965,NA,0.641238262890553,"localGP"
"5301",22,31,3,6,54.3433653304578,100,"Rough","Max. Reward Condition",40,"3",15,1,70,171,"Long",0.104029932259228,1.01676139428965,NA,0.641238262890553,"localGP"
"5302",22,32,1,3,78.9236623533558,100,"Rough","Max. Reward Condition",40,"3",15,1,35,171,"Long",0.104029932259228,1.01676139428965,NA,0.641238262890553,"localGP"
"5303",22,33,1,4,71.7502401708434,100,"Rough","Max. Reward Condition",40,"3",15,2,46,171,"Long",0.104029932259228,1.01676139428965,NA,0.641238262890553,"localGP"
"5304",22,34,1,5,94.5829546424011,100,"Rough","Max. Reward Condition",40,"3",15,1,57,171,"Long",0.104029932259228,1.01676139428965,NA,0.641238262890553,"localGP"
"5305",22,35,0,5,81.07604936737,100,"Rough","Max. Reward Condition",40,"3",15,2,56,171,"Long",0.104029932259228,1.01676139428965,NA,0.641238262890553,"localGP"
"5306",22,36,0,6,57.3114594367428,100,"Rough","Max. Reward Condition",40,"3",15,3,67,171,"Long",0.104029932259228,1.01676139428965,NA,0.641238262890553,"localGP"
"5307",22,37,0,7,33.8332215321882,100,"Rough","Max. Reward Condition",40,"3",15,8,78,171,"Long",0.104029932259228,1.01676139428965,NA,0.641238262890553,"localGP"
"5308",22,38,3,10,42.3400534005875,100,"Rough","Max. Reward Condition",40,"3",15,1,114,171,"Long",0.104029932259228,1.01676139428965,NA,0.641238262890553,"localGP"
"5309",22,39,5,10,83.4515170389364,100,"Rough","Max. Reward Condition",40,"3",15,2,116,171,"Long",0.104029932259228,1.01676139428965,NA,0.641238262890553,"localGP"
"5310",22,40,6,10,60.2558059319283,100,"Rough","Max. Reward Condition",40,"3",15,2,117,171,"Long",0.104029932259228,1.01676139428965,NA,0.641238262890553,"localGP"
"5311",22,41,1,10,69.8575262469171,100,"Rough","Max. Reward Condition",40,"3",15,2,112,171,"Long",0.104029932259228,1.01676139428965,NA,0.641238262890553,"localGP"
"5312",22,1,4,10,14.42380895843,14.42380895843,"Rough","Max. Reward Condition",20,"4",4,NA,115,172,"Short",0.093775471311005,1.23295991706391,NA,0.470726897237119,"localGP"
"5313",22,2,9,9,55.0944127232389,55.0944127232389,"Rough","Max. Reward Condition",20,"4",4,13,109,172,"Short",0.093775471311005,1.23295991706391,NA,0.470726897237119,"localGP"
"5314",22,3,8,9,44.028878775324,55.0944127232389,"Rough","Max. Reward Condition",20,"4",4,1,108,172,"Short",0.093775471311005,1.23295991706391,NA,0.470726897237119,"localGP"
"5315",22,4,1,7,1.24285436035292,55.0944127232389,"Rough","Max. Reward Condition",20,"4",4,6,79,172,"Short",0.093775471311005,1.23295991706391,NA,0.470726897237119,"localGP"
"5316",22,5,9,7,50.1010574572642,55.0944127232389,"Rough","Max. Reward Condition",20,"4",4,2,87,172,"Short",0.093775471311005,1.23295991706391,NA,0.470726897237119,"localGP"
"5317",22,6,9,6,37.8754043106106,55.0944127232389,"Rough","Max. Reward Condition",20,"4",4,9,76,172,"Short",0.093775471311005,1.23295991706391,NA,0.470726897237119,"localGP"
"5318",22,7,0,10,18.0477374151467,55.0944127232389,"Rough","Max. Reward Condition",20,"4",4,5,111,172,"Short",0.093775471311005,1.23295991706391,NA,0.470726897237119,"localGP"
"5319",22,8,7,3,65.7956842559425,65.7956842559425,"Rough","Max. Reward Condition",20,"4",4,5,41,172,"Short",0.093775471311005,1.23295991706391,NA,0.470726897237119,"localGP"
"5320",22,9,6,3,49.7582235748205,65.7956842559425,"Rough","Max. Reward Condition",20,"4",4,3,40,172,"Short",0.093775471311005,1.23295991706391,NA,0.470726897237119,"localGP"
"5321",22,10,9,2,58.1650037764681,65.7956842559425,"Rough","Max. Reward Condition",20,"4",4,3,32,172,"Short",0.093775471311005,1.23295991706391,NA,0.470726897237119,"localGP"
"5322",22,11,7,0,47.3215439823763,65.7956842559425,"Rough","Max. Reward Condition",20,"4",4,2,8,172,"Short",0.093775471311005,1.23295991706391,NA,0.470726897237119,"localGP"
"5323",22,12,6,9,52.8376225982162,65.7956842559425,"Rough","Max. Reward Condition",20,"4",4,8,106,172,"Short",0.093775471311005,1.23295991706391,NA,0.470726897237119,"localGP"
"5324",22,13,5,2,88.4170710697694,88.4170710697694,"Rough","Max. Reward Condition",20,"4",4,2,28,172,"Short",0.093775471311005,1.23295991706391,NA,0.470726897237119,"localGP"
"5325",22,14,4,2,100,100,"Rough","Max. Reward Condition",20,"4",4,7,27,172,"Short",0.093775471311005,1.23295991706391,NA,0.470726897237119,"localGP"
"5326",22,15,4,2,100,100,"Rough","Max. Reward Condition",20,"4",4,6,27,172,"Short",0.093775471311005,1.23295991706391,NA,0.470726897237119,"localGP"
"5327",22,16,4,1,36.6948932499117,100,"Rough","Max. Reward Condition",20,"4",4,1,16,172,"Short",0.093775471311005,1.23295991706391,NA,0.470726897237119,"localGP"
"5328",22,17,8,0,39.2746651521329,100,"Rough","Max. Reward Condition",20,"4",4,4,9,172,"Short",0.093775471311005,1.23295991706391,NA,0.470726897237119,"localGP"
"5329",22,18,6,2,47.7797456303013,100,"Rough","Max. Reward Condition",20,"4",4,8,29,172,"Short",0.093775471311005,1.23295991706391,NA,0.470726897237119,"localGP"
"5330",22,19,8,2,61.3718007278431,100,"Rough","Max. Reward Condition",20,"4",4,2,31,172,"Short",0.093775471311005,1.23295991706391,NA,0.470726897237119,"localGP"
"5331",22,20,5,4,35.2754667062624,100,"Rough","Max. Reward Condition",20,"4",4,1,50,172,"Short",0.093775471311005,1.23295991706391,NA,0.470726897237119,"localGP"
"5332",22,21,1,8,27.6316672751783,100,"Rough","Max. Reward Condition",20,"4",4,2,90,172,"Short",0.093775471311005,1.23295991706391,NA,0.470726897237119,"localGP"
"5333",22,1,10,3,16.8579870376679,16.8579870376679,"Rough","Max. Reward Condition",40,"5",11,NA,44,173,"Long",0.11557706332866,0.921240998851428,NA,0.702625014738143,"localGP"
"5334",22,2,9,1,20.8343699641272,20.8343699641272,"Rough","Max. Reward Condition",40,"5",11,16,21,173,"Long",0.11557706332866,0.921240998851428,NA,0.702625014738143,"localGP"
"5335",22,3,9,0,14.1036247824297,20.8343699641272,"Rough","Max. Reward Condition",40,"5",11,2,10,173,"Long",0.11557706332866,0.921240998851428,NA,0.702625014738143,"localGP"
"5336",22,4,5,1,51.6981708043446,51.6981708043446,"Rough","Max. Reward Condition",40,"5",11,5,17,173,"Long",0.11557706332866,0.921240998851428,NA,0.702625014738143,"localGP"
"5337",22,5,5,2,64.0266563277365,64.0266563277365,"Rough","Max. Reward Condition",40,"5",11,3,28,173,"Long",0.11557706332866,0.921240998851428,NA,0.702625014738143,"localGP"
"5338",22,6,5,3,37.4787684417098,64.0266563277365,"Rough","Max. Reward Condition",40,"5",11,4,39,173,"Long",0.11557706332866,0.921240998851428,NA,0.702625014738143,"localGP"
"5339",22,7,8,5,25.4104652088754,64.0266563277365,"Rough","Max. Reward Condition",40,"5",11,4,64,173,"Long",0.11557706332866,0.921240998851428,NA,0.702625014738143,"localGP"
"5340",22,8,7,5,74.6263346102851,74.6263346102851,"Rough","Max. Reward Condition",40,"5",11,2,63,173,"Long",0.11557706332866,0.921240998851428,NA,0.702625014738143,"localGP"
"5341",22,9,3,9,46.9814894388447,74.6263346102851,"Rough","Max. Reward Condition",40,"5",11,5,103,173,"Long",0.11557706332866,0.921240998851428,NA,0.702625014738143,"localGP"
"5342",22,10,2,9,30.1299532832918,74.6263346102851,"Rough","Max. Reward Condition",40,"5",11,2,102,173,"Long",0.11557706332866,0.921240998851428,NA,0.702625014738143,"localGP"
"5343",22,11,3,5,0,74.6263346102851,"Rough","Max. Reward Condition",40,"5",11,2,59,173,"Long",0.11557706332866,0.921240998851428,NA,0.702625014738143,"localGP"
"5344",22,12,0,3,52.5672318356315,74.6263346102851,"Rough","Max. Reward Condition",40,"5",11,3,34,173,"Long",0.11557706332866,0.921240998851428,NA,0.702625014738143,"localGP"
"5345",22,13,0,5,32.447397425839,74.6263346102851,"Rough","Max. Reward Condition",40,"5",11,2,56,173,"Long",0.11557706332866,0.921240998851428,NA,0.702625014738143,"localGP"
"5346",22,14,1,3,57.3052531096848,74.6263346102851,"Rough","Max. Reward Condition",40,"5",11,1,35,173,"Long",0.11557706332866,0.921240998851428,NA,0.702625014738143,"localGP"
"5347",22,15,1,2,66.3313254646448,74.6263346102851,"Rough","Max. Reward Condition",40,"5",11,2,24,173,"Long",0.11557706332866,0.921240998851428,NA,0.702625014738143,"localGP"
"5348",22,16,0,2,46.5877000271828,74.6263346102851,"Rough","Max. Reward Condition",40,"5",11,1,23,173,"Long",0.11557706332866,0.921240998851428,NA,0.702625014738143,"localGP"
"5349",22,17,2,4,24.879382735305,74.6263346102851,"Rough","Max. Reward Condition",40,"5",11,2,47,173,"Long",0.11557706332866,0.921240998851428,NA,0.702625014738143,"localGP"
"5350",22,18,10,2,3.70972504488681,74.6263346102851,"Rough","Max. Reward Condition",40,"5",11,4,33,173,"Long",0.11557706332866,0.921240998851428,NA,0.702625014738143,"localGP"
"5351",22,19,7,2,35.7041281850423,74.6263346102851,"Rough","Max. Reward Condition",40,"5",11,2,30,173,"Long",0.11557706332866,0.921240998851428,NA,0.702625014738143,"localGP"
"5352",22,20,2,0,19.407077744957,74.6263346102851,"Rough","Max. Reward Condition",40,"5",11,2,3,173,"Long",0.11557706332866,0.921240998851428,NA,0.702625014738143,"localGP"
"5353",22,21,5,5,40.8445443747299,74.6263346102851,"Rough","Max. Reward Condition",40,"5",11,2,61,173,"Long",0.11557706332866,0.921240998851428,NA,0.702625014738143,"localGP"
"5354",22,22,4,7,65.5617086800568,74.6263346102851,"Rough","Max. Reward Condition",40,"5",11,4,82,173,"Long",0.11557706332866,0.921240998851428,NA,0.702625014738143,"localGP"
"5355",22,23,4,8,79.4784884383396,79.4784884383396,"Rough","Max. Reward Condition",40,"5",11,9,93,173,"Long",0.11557706332866,0.921240998851428,NA,0.702625014738143,"localGP"
"5356",22,24,5,7,51.7565921683248,79.4784884383396,"Rough","Max. Reward Condition",40,"5",11,1,83,173,"Long",0.11557706332866,0.921240998851428,NA,0.702625014738143,"localGP"
"5357",22,25,8,6,60.0661393407619,79.4784884383396,"Rough","Max. Reward Condition",40,"5",11,5,75,173,"Long",0.11557706332866,0.921240998851428,NA,0.702625014738143,"localGP"
"5358",22,26,7,6,78.20301873206,79.4784884383396,"Rough","Max. Reward Condition",40,"5",11,5,74,173,"Long",0.11557706332866,0.921240998851428,NA,0.702625014738143,"localGP"
"5359",22,27,6,6,71.604411900564,79.4784884383396,"Rough","Max. Reward Condition",40,"5",11,3,73,173,"Long",0.11557706332866,0.921240998851428,NA,0.702625014738143,"localGP"
"5360",22,28,6,7,34.4381373712981,79.4784884383396,"Rough","Max. Reward Condition",40,"5",11,3,84,173,"Long",0.11557706332866,0.921240998851428,NA,0.702625014738143,"localGP"
"5361",22,29,6,9,46.6920205360619,79.4784884383396,"Rough","Max. Reward Condition",40,"5",11,13,106,173,"Long",0.11557706332866,0.921240998851428,NA,0.702625014738143,"localGP"
"5362",22,30,7,9,39.2512889710385,79.4784884383396,"Rough","Max. Reward Condition",40,"5",11,6,107,173,"Long",0.11557706332866,0.921240998851428,NA,0.702625014738143,"localGP"
"5363",22,31,0,2,46.5877000271828,79.4784884383396,"Rough","Max. Reward Condition",40,"5",11,1,23,173,"Long",0.11557706332866,0.921240998851428,NA,0.702625014738143,"localGP"
"5364",22,32,4,3,13.976974015902,79.4784884383396,"Rough","Max. Reward Condition",40,"5",11,2,38,173,"Long",0.11557706332866,0.921240998851428,NA,0.702625014738143,"localGP"
"5365",22,33,8,5,25.4104652088754,79.4784884383396,"Rough","Max. Reward Condition",40,"5",11,6,64,173,"Long",0.11557706332866,0.921240998851428,NA,0.702625014738143,"localGP"
"5366",22,34,6,4,60.614772799294,79.4784884383396,"Rough","Max. Reward Condition",40,"5",11,1,51,173,"Long",0.11557706332866,0.921240998851428,NA,0.702625014738143,"localGP"
"5367",22,35,6,5,71.4465704662512,79.4784884383396,"Rough","Max. Reward Condition",40,"5",11,1,62,173,"Long",0.11557706332866,0.921240998851428,NA,0.702625014738143,"localGP"
"5368",22,36,6,7,34.4381373712981,79.4784884383396,"Rough","Max. Reward Condition",40,"5",11,1,84,173,"Long",0.11557706332866,0.921240998851428,NA,0.702625014738143,"localGP"
"5369",22,37,8,7,44.4895686177393,79.4784884383396,"Rough","Max. Reward Condition",40,"5",11,1,86,173,"Long",0.11557706332866,0.921240998851428,NA,0.702625014738143,"localGP"
"5370",22,38,9,7,46.7520963310915,79.4784884383396,"Rough","Max. Reward Condition",40,"5",11,2,87,173,"Long",0.11557706332866,0.921240998851428,NA,0.702625014738143,"localGP"
"5371",22,39,10,9,24.963535638827,79.4784884383396,"Rough","Max. Reward Condition",40,"5",11,14,110,173,"Long",0.11557706332866,0.921240998851428,NA,0.702625014738143,"localGP"
"5372",22,40,7,1,43.7686366704455,79.4784884383396,"Rough","Max. Reward Condition",40,"5",11,20,19,173,"Long",0.11557706332866,0.921240998851428,NA,0.702625014738143,"localGP"
"5373",22,41,8,3,49.8615329660386,79.4784884383396,"Rough","Max. Reward Condition",40,"5",11,15,42,173,"Long",0.11557706332866,0.921240998851428,NA,0.702625014738143,"localGP"
"5374",22,1,8,3,37.2279744875083,37.2279744875083,"Rough","Max. Reward Condition",20,"6",9,NA,42,174,"Short",0.0945741311249158,1.77453817935532,NA,0.764221981571949,"localGP"
"5375",22,2,8,5,0,37.2279744875083,"Rough","Max. Reward Condition",20,"6",9,14,64,174,"Short",0.0945741311249158,1.77453817935532,NA,0.764221981571949,"localGP"
"5376",22,3,7,9,69.1316756663671,69.1316756663671,"Rough","Max. Reward Condition",20,"6",9,5,107,174,"Short",0.0945741311249158,1.77453817935532,NA,0.764221981571949,"localGP"
"5377",22,4,7,10,78.998388653825,78.998388653825,"Rough","Max. Reward Condition",20,"6",9,7,118,174,"Short",0.0945741311249158,1.77453817935532,NA,0.764221981571949,"localGP"
"5378",22,5,8,10,60.2945325402359,78.998388653825,"Rough","Max. Reward Condition",20,"6",9,5,119,174,"Short",0.0945741311249158,1.77453817935532,NA,0.764221981571949,"localGP"
"5379",22,6,5,10,51.4501450041282,78.998388653825,"Rough","Max. Reward Condition",20,"6",9,7,116,174,"Short",0.0945741311249158,1.77453817935532,NA,0.764221981571949,"localGP"
"5380",22,7,5,9,75.2199907218667,78.998388653825,"Rough","Max. Reward Condition",20,"6",9,4,105,174,"Short",0.0945741311249158,1.77453817935532,NA,0.764221981571949,"localGP"
"5381",22,8,5,8,61.7105758678251,78.998388653825,"Rough","Max. Reward Condition",20,"6",9,7,94,174,"Short",0.0945741311249158,1.77453817935532,NA,0.764221981571949,"localGP"
"5382",22,9,6,8,47.3250412535165,78.998388653825,"Rough","Max. Reward Condition",20,"6",9,6,95,174,"Short",0.0945741311249158,1.77453817935532,NA,0.764221981571949,"localGP"
"5383",22,10,0,0,80.3515759217729,80.3515759217729,"Rough","Max. Reward Condition",20,"6",9,9,1,174,"Short",0.0945741311249158,1.77453817935532,NA,0.764221981571949,"localGP"
"5384",22,11,1,0,83.523634481826,83.523634481826,"Rough","Max. Reward Condition",20,"6",9,1,2,174,"Short",0.0945741311249158,1.77453817935532,NA,0.764221981571949,"localGP"
"5385",22,12,1,1,49.8229804022981,83.523634481826,"Rough","Max. Reward Condition",20,"6",9,2,13,174,"Short",0.0945741311249158,1.77453817935532,NA,0.764221981571949,"localGP"
"5386",22,13,1,0,83.523634481826,83.523634481826,"Rough","Max. Reward Condition",20,"6",9,1,2,174,"Short",0.0945741311249158,1.77453817935532,NA,0.764221981571949,"localGP"
"5387",22,14,2,0,46.5810288004854,83.523634481826,"Rough","Max. Reward Condition",20,"6",9,2,3,174,"Short",0.0945741311249158,1.77453817935532,NA,0.764221981571949,"localGP"
"5388",22,15,1,0,83.523634481826,83.523634481826,"Rough","Max. Reward Condition",20,"6",9,1,2,174,"Short",0.0945741311249158,1.77453817935532,NA,0.764221981571949,"localGP"
"5389",22,16,5,1,62.2178044014381,83.523634481826,"Rough","Max. Reward Condition",20,"6",9,2,17,174,"Short",0.0945741311249158,1.77453817935532,NA,0.764221981571949,"localGP"
"5390",22,17,6,1,54.5470744987009,83.523634481826,"Rough","Max. Reward Condition",20,"6",9,1,18,174,"Short",0.0945741311249158,1.77453817935532,NA,0.764221981571949,"localGP"
"5391",22,18,5,3,31.7363408535339,83.523634481826,"Rough","Max. Reward Condition",20,"6",9,6,39,174,"Short",0.0945741311249158,1.77453817935532,NA,0.764221981571949,"localGP"
"5392",22,19,2,5,39.0745307223915,83.523634481826,"Rough","Max. Reward Condition",20,"6",9,2,58,174,"Short",0.0945741311249158,1.77453817935532,NA,0.764221981571949,"localGP"
"5393",22,20,2,9,51.5479444865926,83.523634481826,"Rough","Max. Reward Condition",20,"6",9,12,102,174,"Short",0.0945741311249158,1.77453817935532,NA,0.764221981571949,"localGP"
"5394",22,21,2,8,43.6838621835881,83.523634481826,"Rough","Max. Reward Condition",20,"6",9,3,91,174,"Short",0.0945741311249158,1.77453817935532,NA,0.764221981571949,"localGP"
"5395",22,1,10,3,0,0,"Rough","Max. Reward Condition",40,"7",5,NA,44,175,"Long",0.118744270321136,0.977142929137519,NA,0.738579610747944,"localGP"
"5396",22,2,1,3,44.7929276438267,44.7929276438267,"Rough","Max. Reward Condition",40,"7",5,10,35,175,"Long",0.118744270321136,0.977142929137519,NA,0.738579610747944,"localGP"
"5397",22,3,2,3,50.3035066578995,50.3035066578995,"Rough","Max. Reward Condition",40,"7",5,1,36,175,"Long",0.118744270321136,0.977142929137519,NA,0.738579610747944,"localGP"
"5398",22,4,2,5,55.6706913285101,55.6706913285101,"Rough","Max. Reward Condition",40,"7",5,2,58,175,"Long",0.118744270321136,0.977142929137519,NA,0.738579610747944,"localGP"
"5399",22,5,4,9,37.7107355403065,55.6706913285101,"Rough","Max. Reward Condition",40,"7",5,2,104,175,"Long",0.118744270321136,0.977142929137519,NA,0.738579610747944,"localGP"
"5400",22,6,4,7,25.8399951345323,55.6706913285101,"Rough","Max. Reward Condition",40,"7",5,2,82,175,"Long",0.118744270321136,0.977142929137519,NA,0.738579610747944,"localGP"
"5401",22,7,2,7,63.0009414809194,63.0009414809194,"Rough","Max. Reward Condition",40,"7",5,1,80,175,"Long",0.118744270321136,0.977142929137519,NA,0.738579610747944,"localGP"
"5402",22,8,2,8,25.1092880006294,63.0009414809194,"Rough","Max. Reward Condition",40,"7",5,2,91,175,"Long",0.118744270321136,0.977142929137519,NA,0.738579610747944,"localGP"
"5403",22,9,2,10,8.81939176369258,63.0009414809194,"Rough","Max. Reward Condition",40,"7",5,11,113,175,"Long",0.118744270321136,0.977142929137519,NA,0.738579610747944,"localGP"
"5404",22,10,1,10,42.4236930737599,63.0009414809194,"Rough","Max. Reward Condition",40,"7",5,2,112,175,"Long",0.118744270321136,0.977142929137519,NA,0.738579610747944,"localGP"
"5405",22,11,0,10,59.6346497477861,63.0009414809194,"Rough","Max. Reward Condition",40,"7",5,7,111,175,"Long",0.118744270321136,0.977142929137519,NA,0.738579610747944,"localGP"
"5406",22,12,0,9,38.8483371292891,63.0009414809194,"Rough","Max. Reward Condition",40,"7",5,1,100,175,"Long",0.118744270321136,0.977142929137519,NA,0.738579610747944,"localGP"
"5407",22,13,4,10,87.6706682543469,87.6706682543469,"Rough","Max. Reward Condition",40,"7",5,2,115,175,"Long",0.118744270321136,0.977142929137519,NA,0.738579610747944,"localGP"
"5408",22,14,5,10,80.0382640749474,87.6706682543469,"Rough","Max. Reward Condition",40,"7",5,2,116,175,"Long",0.118744270321136,0.977142929137519,NA,0.738579610747944,"localGP"
"5409",22,15,6,10,49.8503873237507,87.6706682543469,"Rough","Max. Reward Condition",40,"7",5,2,117,175,"Long",0.118744270321136,0.977142929137519,NA,0.738579610747944,"localGP"
"5410",22,16,6,9,54.6126076443518,87.6706682543469,"Rough","Max. Reward Condition",40,"7",5,1,106,175,"Long",0.118744270321136,0.977142929137519,NA,0.738579610747944,"localGP"
"5411",22,17,7,10,38.4917850519421,87.6706682543469,"Rough","Max. Reward Condition",40,"7",5,2,118,175,"Long",0.118744270321136,0.977142929137519,NA,0.738579610747944,"localGP"
"5412",22,18,8,10,47.7263891292854,87.6706682543469,"Rough","Max. Reward Condition",40,"7",5,2,119,175,"Long",0.118744270321136,0.977142929137519,NA,0.738579610747944,"localGP"
"5413",22,19,7,5,32.4689598978585,87.6706682543469,"Rough","Max. Reward Condition",40,"7",5,7,63,175,"Long",0.118744270321136,0.977142929137519,NA,0.738579610747944,"localGP"
"5414",22,20,7,6,95.8234728185907,95.8234728185907,"Rough","Max. Reward Condition",40,"7",5,1,74,175,"Long",0.118744270321136,0.977142929137519,NA,0.738579610747944,"localGP"
"5415",22,21,7,7,68.4962011684434,95.8234728185907,"Rough","Max. Reward Condition",40,"7",5,1,85,175,"Long",0.118744270321136,0.977142929137519,NA,0.738579610747944,"localGP"
"5416",22,22,6,7,60.8864429943102,95.8234728185907,"Rough","Max. Reward Condition",40,"7",5,2,84,175,"Long",0.118744270321136,0.977142929137519,NA,0.738579610747944,"localGP"
"5417",22,23,5,2,42.3575427746737,95.8234728185907,"Rough","Max. Reward Condition",40,"7",5,2,28,175,"Long",0.118744270321136,0.977142929137519,NA,0.738579610747944,"localGP"
"5418",22,24,6,2,51.6560216281502,95.8234728185907,"Rough","Max. Reward Condition",40,"7",5,8,29,175,"Long",0.118744270321136,0.977142929137519,NA,0.738579610747944,"localGP"
"5419",22,25,6,1,87.877786509451,95.8234728185907,"Rough","Max. Reward Condition",40,"7",5,1,18,175,"Long",0.118744270321136,0.977142929137519,NA,0.738579610747944,"localGP"
"5420",22,26,5,1,65.3608725522841,95.8234728185907,"Rough","Max. Reward Condition",40,"7",5,3,17,175,"Long",0.118744270321136,0.977142929137519,NA,0.738579610747944,"localGP"
"5421",22,27,5,0,55.5275348715588,95.8234728185907,"Rough","Max. Reward Condition",40,"7",5,1,6,175,"Long",0.118744270321136,0.977142929137519,NA,0.738579610747944,"localGP"
"5422",22,28,6,0,63.3442305024088,95.8234728185907,"Rough","Max. Reward Condition",40,"7",5,2,7,175,"Long",0.118744270321136,0.977142929137519,NA,0.738579610747944,"localGP"
"5423",22,29,7,0,68.4752649344305,95.8234728185907,"Rough","Max. Reward Condition",40,"7",5,1,8,175,"Long",0.118744270321136,0.977142929137519,NA,0.738579610747944,"localGP"
"5424",22,30,7,1,81.9911885215714,95.8234728185907,"Rough","Max. Reward Condition",40,"7",5,1,19,175,"Long",0.118744270321136,0.977142929137519,NA,0.738579610747944,"localGP"
"5425",22,31,8,1,86.7518912658619,95.8234728185907,"Rough","Max. Reward Condition",40,"7",5,1,20,175,"Long",0.118744270321136,0.977142929137519,NA,0.738579610747944,"localGP"
"5426",22,32,8,2,68.5610945075531,95.8234728185907,"Rough","Max. Reward Condition",40,"7",5,3,31,175,"Long",0.118744270321136,0.977142929137519,NA,0.738579610747944,"localGP"
"5427",22,33,9,2,40.6256617216609,95.8234728185907,"Rough","Max. Reward Condition",40,"7",5,8,32,175,"Long",0.118744270321136,0.977142929137519,NA,0.738579610747944,"localGP"
"5428",22,34,9,1,68.5223309875422,95.8234728185907,"Rough","Max. Reward Condition",40,"7",5,1,21,175,"Long",0.118744270321136,0.977142929137519,NA,0.738579610747944,"localGP"
"5429",22,35,9,0,92.5470885084956,95.8234728185907,"Rough","Max. Reward Condition",40,"7",5,2,10,175,"Long",0.118744270321136,0.977142929137519,NA,0.738579610747944,"localGP"
"5430",22,36,10,0,60.7914007542761,95.8234728185907,"Rough","Max. Reward Condition",40,"7",5,1,11,175,"Long",0.118744270321136,0.977142929137519,NA,0.738579610747944,"localGP"
"5431",22,37,9,0,92.5470885084956,95.8234728185907,"Rough","Max. Reward Condition",40,"7",5,7,10,175,"Long",0.118744270321136,0.977142929137519,NA,0.738579610747944,"localGP"
"5432",22,38,8,0,96.125082157983,96.125082157983,"Rough","Max. Reward Condition",40,"7",5,1,9,175,"Long",0.118744270321136,0.977142929137519,NA,0.738579610747944,"localGP"
"5433",22,39,3,0,47.8459154961646,96.125082157983,"Rough","Max. Reward Condition",40,"7",5,7,4,175,"Long",0.118744270321136,0.977142929137519,NA,0.738579610747944,"localGP"
"5434",22,40,0,4,49.9176816085481,96.125082157983,"Rough","Max. Reward Condition",40,"7",5,2,45,175,"Long",0.118744270321136,0.977142929137519,NA,0.738579610747944,"localGP"
"5435",22,41,10,2,22.4366254461022,96.125082157983,"Rough","Max. Reward Condition",40,"7",5,2,33,175,"Long",0.118744270321136,0.977142929137519,NA,0.738579610747944,"localGP"
"5436",22,1,3,9,26.2253245390007,26.2253245390007,"Rough","Max. Reward Condition",20,"8",6,NA,103,176,"Short",0.088695330845406,1.44479565917615,NA,0.44095279008049,"localGP"
"5437",22,2,3,8,24.7062704261568,26.2253245390007,"Rough","Max. Reward Condition",20,"8",6,4,92,176,"Short",0.088695330845406,1.44479565917615,NA,0.44095279008049,"localGP"
"5438",22,3,9,9,83.6268655538995,83.6268655538995,"Rough","Max. Reward Condition",20,"8",6,4,109,176,"Short",0.088695330845406,1.44479565917615,NA,0.44095279008049,"localGP"
"5439",22,4,9,10,34.3418785557881,83.6268655538995,"Rough","Max. Reward Condition",20,"8",6,4,120,176,"Short",0.088695330845406,1.44479565917615,NA,0.44095279008049,"localGP"
"5440",22,5,3,2,33.1157535503822,83.6268655538995,"Rough","Max. Reward Condition",20,"8",6,4,26,176,"Short",0.088695330845406,1.44479565917615,NA,0.44095279008049,"localGP"
"5441",22,6,4,8,46.9524514765954,83.6268655538995,"Rough","Max. Reward Condition",20,"8",6,4,93,176,"Short",0.088695330845406,1.44479565917615,NA,0.44095279008049,"localGP"
"5442",22,7,5,6,17.4640278220834,83.6268655538995,"Rough","Max. Reward Condition",20,"8",6,1,72,176,"Short",0.088695330845406,1.44479565917615,NA,0.44095279008049,"localGP"
"5443",22,8,5,10,51.4215648628106,83.6268655538995,"Rough","Max. Reward Condition",20,"8",6,10,116,176,"Short",0.088695330845406,1.44479565917615,NA,0.44095279008049,"localGP"
"5444",22,9,5,9,24.8190311871749,83.6268655538995,"Rough","Max. Reward Condition",20,"8",6,2,105,176,"Short",0.088695330845406,1.44479565917615,NA,0.44095279008049,"localGP"
"5445",22,10,7,2,60.5825002841952,83.6268655538995,"Rough","Max. Reward Condition",20,"8",6,1,30,176,"Short",0.088695330845406,1.44479565917615,NA,0.44095279008049,"localGP"
"5446",22,11,8,2,56.1209576242771,83.6268655538995,"Rough","Max. Reward Condition",20,"8",6,11,31,176,"Short",0.088695330845406,1.44479565917615,NA,0.44095279008049,"localGP"
"5447",22,12,8,0,72.9354979095338,83.6268655538995,"Rough","Max. Reward Condition",20,"8",6,3,9,176,"Short",0.088695330845406,1.44479565917615,NA,0.44095279008049,"localGP"
"5448",22,13,8,5,61.1665881936145,83.6268655538995,"Rough","Max. Reward Condition",20,"8",6,1,64,176,"Short",0.088695330845406,1.44479565917615,NA,0.44095279008049,"localGP"
"5449",22,14,8,4,54.5470358257258,83.6268655538995,"Rough","Max. Reward Condition",20,"8",6,1,53,176,"Short",0.088695330845406,1.44479565917615,NA,0.44095279008049,"localGP"
"5450",22,15,10,5,28.65801545199,83.6268655538995,"Rough","Max. Reward Condition",20,"8",6,1,66,176,"Short",0.088695330845406,1.44479565917615,NA,0.44095279008049,"localGP"
"5451",22,16,0,6,46.0544782889019,83.6268655538995,"Rough","Max. Reward Condition",20,"8",6,2,67,176,"Short",0.088695330845406,1.44479565917615,NA,0.44095279008049,"localGP"
"5452",22,17,0,7,56.7102070439247,83.6268655538995,"Rough","Max. Reward Condition",20,"8",6,1,78,176,"Short",0.088695330845406,1.44479565917615,NA,0.44095279008049,"localGP"
"5453",22,18,8,0,72.9354979095338,83.6268655538995,"Rough","Max. Reward Condition",20,"8",6,1,9,176,"Short",0.088695330845406,1.44479565917615,NA,0.44095279008049,"localGP"
"5454",22,19,6,3,37.4132597632544,83.6268655538995,"Rough","Max. Reward Condition",20,"8",6,2,40,176,"Short",0.088695330845406,1.44479565917615,NA,0.44095279008049,"localGP"
"5455",22,20,2,3,75.7021822863485,83.6268655538995,"Rough","Max. Reward Condition",20,"8",6,1,36,176,"Short",0.088695330845406,1.44479565917615,NA,0.44095279008049,"localGP"
"5456",22,21,2,2,34.5579265575561,83.6268655538995,"Rough","Max. Reward Condition",20,"8",6,2,25,176,"Short",0.088695330845406,1.44479565917615,NA,0.44095279008049,"localGP"
"5457",23,1,9,5,83.9959054519375,83.9959054519375,"Smooth","Max. Reward Condition",20,"1",8,NA,65,177,"Short",0.0875328709446005,4.54598460323595,NA,1.72662382554173,"localGP"
"5458",23,2,9,4,91.0101706017793,91.0101706017793,"Smooth","Max. Reward Condition",20,"1",8,0,54,177,"Short",0.0875328709446005,4.54598460323595,NA,1.72662382554173,"localGP"
"5459",23,3,8,4,60.2211526419582,91.0101706017793,"Smooth","Max. Reward Condition",20,"1",8,4,53,177,"Short",0.0875328709446005,4.54598460323595,NA,1.72662382554173,"localGP"
"5460",23,4,10,1,40.1836169652237,91.0101706017793,"Smooth","Max. Reward Condition",20,"1",8,9,22,177,"Short",0.0875328709446005,4.54598460323595,NA,1.72662382554173,"localGP"
"5461",23,5,10,2,57.5348979137983,91.0101706017793,"Smooth","Max. Reward Condition",20,"1",8,9,33,177,"Short",0.0875328709446005,4.54598460323595,NA,1.72662382554173,"localGP"
"5462",23,6,10,5,84.8597235153552,91.0101706017793,"Smooth","Max. Reward Condition",20,"1",8,2,66,177,"Short",0.0875328709446005,4.54598460323595,NA,1.72662382554173,"localGP"
"5463",23,7,10,5,84.8597235153552,91.0101706017793,"Smooth","Max. Reward Condition",20,"1",8,9,66,177,"Short",0.0875328709446005,4.54598460323595,NA,1.72662382554173,"localGP"
"5464",23,8,10,5,84.8597235153552,91.0101706017793,"Smooth","Max. Reward Condition",20,"1",8,0,66,177,"Short",0.0875328709446005,4.54598460323595,NA,1.72662382554173,"localGP"
"5465",23,9,10,5,84.8597235153552,91.0101706017793,"Smooth","Max. Reward Condition",20,"1",8,1,66,177,"Short",0.0875328709446005,4.54598460323595,NA,1.72662382554173,"localGP"
"5466",23,10,6,9,54.5546785707911,91.0101706017793,"Smooth","Max. Reward Condition",20,"1",8,2,106,177,"Short",0.0875328709446005,4.54598460323595,NA,1.72662382554173,"localGP"
"5467",23,11,0,10,49.1845400953948,91.0101706017793,"Smooth","Max. Reward Condition",20,"1",8,2,111,177,"Short",0.0875328709446005,4.54598460323595,NA,1.72662382554173,"localGP"
"5468",23,12,8,8,0,91.0101706017793,"Smooth","Max. Reward Condition",20,"1",8,1,97,177,"Short",0.0875328709446005,4.54598460323595,NA,1.72662382554173,"localGP"
"5469",23,13,5,3,43.5148638021869,91.0101706017793,"Smooth","Max. Reward Condition",20,"1",8,1,39,177,"Short",0.0875328709446005,4.54598460323595,NA,1.72662382554173,"localGP"
"5470",23,14,1,3,30.8979610069097,91.0101706017793,"Smooth","Max. Reward Condition",20,"1",8,1,35,177,"Short",0.0875328709446005,4.54598460323595,NA,1.72662382554173,"localGP"
"5471",23,15,1,1,43.0875243946016,91.0101706017793,"Smooth","Max. Reward Condition",20,"1",8,0,13,177,"Short",0.0875328709446005,4.54598460323595,NA,1.72662382554173,"localGP"
"5472",23,16,2,1,30.8824837156439,91.0101706017793,"Smooth","Max. Reward Condition",20,"1",8,0,14,177,"Short",0.0875328709446005,4.54598460323595,NA,1.72662382554173,"localGP"
"5473",23,17,9,1,51.1161820645571,91.0101706017793,"Smooth","Max. Reward Condition",20,"1",8,0,21,177,"Short",0.0875328709446005,4.54598460323595,NA,1.72662382554173,"localGP"
"5474",23,18,7,10,14.8633331080282,91.0101706017793,"Smooth","Max. Reward Condition",20,"1",8,0,118,177,"Short",0.0875328709446005,4.54598460323595,NA,1.72662382554173,"localGP"
"5475",23,19,9,9,49.9056902969143,91.0101706017793,"Smooth","Max. Reward Condition",20,"1",8,1,109,177,"Short",0.0875328709446005,4.54598460323595,NA,1.72662382554173,"localGP"
"5476",23,20,10,9,65.2100813195769,91.0101706017793,"Smooth","Max. Reward Condition",20,"1",8,0,110,177,"Short",0.0875328709446005,4.54598460323595,NA,1.72662382554173,"localGP"
"5477",23,21,10,10,31.7453717496263,91.0101706017793,"Smooth","Max. Reward Condition",20,"1",8,0,121,177,"Short",0.0875328709446005,4.54598460323595,NA,1.72662382554173,"localGP"
"5478",23,1,5,0,42.7676425321103,42.7676425321103,"Smooth","Max. Reward Condition",40,"2",16,NA,6,178,"Long",0.0620340484085092,1.11859769406072,NA,0.255538589239622,"localGP"
"5479",23,2,0,9,12.3134748029018,42.7676425321103,"Smooth","Max. Reward Condition",40,"2",16,7,100,178,"Long",0.0620340484085092,1.11859769406072,NA,0.255538589239622,"localGP"
"5480",23,3,1,4,16.6041970073858,42.7676425321103,"Smooth","Max. Reward Condition",40,"2",16,3,46,178,"Long",0.0620340484085092,1.11859769406072,NA,0.255538589239622,"localGP"
"5481",23,4,10,8,76.157753608192,76.157753608192,"Smooth","Max. Reward Condition",40,"2",16,9,99,178,"Long",0.0620340484085092,1.11859769406072,NA,0.255538589239622,"localGP"
"5482",23,5,9,8,70.9435815561283,76.157753608192,"Smooth","Max. Reward Condition",40,"2",16,1,98,178,"Long",0.0620340484085092,1.11859769406072,NA,0.255538589239622,"localGP"
"5483",23,6,9,8,70.9435815561283,76.157753608192,"Smooth","Max. Reward Condition",40,"2",16,6,98,178,"Long",0.0620340484085092,1.11859769406072,NA,0.255538589239622,"localGP"
"5484",23,7,10,8,76.157753608192,76.157753608192,"Smooth","Max. Reward Condition",40,"2",16,3,99,178,"Long",0.0620340484085092,1.11859769406072,NA,0.255538589239622,"localGP"
"5485",23,8,10,9,72.5110425569696,76.157753608192,"Smooth","Max. Reward Condition",40,"2",16,1,110,178,"Long",0.0620340484085092,1.11859769406072,NA,0.255538589239622,"localGP"
"5486",23,9,9,9,48.2469413431705,76.157753608192,"Smooth","Max. Reward Condition",40,"2",16,1,109,178,"Long",0.0620340484085092,1.11859769406072,NA,0.255538589239622,"localGP"
"5487",23,10,10,10,60.953630023244,76.157753608192,"Smooth","Max. Reward Condition",40,"2",16,1,121,178,"Long",0.0620340484085092,1.11859769406072,NA,0.255538589239622,"localGP"
"5488",23,11,7,9,31.0713174604534,76.157753608192,"Smooth","Max. Reward Condition",40,"2",16,0,107,178,"Long",0.0620340484085092,1.11859769406072,NA,0.255538589239622,"localGP"
"5489",23,12,10,9,72.5110425569696,76.157753608192,"Smooth","Max. Reward Condition",40,"2",16,0,110,178,"Long",0.0620340484085092,1.11859769406072,NA,0.255538589239622,"localGP"
"5490",23,13,9,8,70.9435815561283,76.157753608192,"Smooth","Max. Reward Condition",40,"2",16,0,98,178,"Long",0.0620340484085092,1.11859769406072,NA,0.255538589239622,"localGP"
"5491",23,14,8,7,52.5353402462406,76.157753608192,"Smooth","Max. Reward Condition",40,"2",16,1,86,178,"Long",0.0620340484085092,1.11859769406072,NA,0.255538589239622,"localGP"
"5492",23,15,9,7,82.1507669313946,82.1507669313946,"Smooth","Max. Reward Condition",40,"2",16,1,87,178,"Long",0.0620340484085092,1.11859769406072,NA,0.255538589239622,"localGP"
"5493",23,16,10,7,85.439763813076,85.439763813076,"Smooth","Max. Reward Condition",40,"2",16,0,88,178,"Long",0.0620340484085092,1.11859769406072,NA,0.255538589239622,"localGP"
"5494",23,17,9,7,82.1507669313946,85.439763813076,"Smooth","Max. Reward Condition",40,"2",16,0,87,178,"Long",0.0620340484085092,1.11859769406072,NA,0.255538589239622,"localGP"
"5495",23,18,10,7,85.439763813076,85.439763813076,"Smooth","Max. Reward Condition",40,"2",16,0,88,178,"Long",0.0620340484085092,1.11859769406072,NA,0.255538589239622,"localGP"
"5496",23,19,10,7,85.439763813076,85.439763813076,"Smooth","Max. Reward Condition",40,"2",16,0,88,178,"Long",0.0620340484085092,1.11859769406072,NA,0.255538589239622,"localGP"
"5497",23,20,10,6,87.869042125599,87.869042125599,"Smooth","Max. Reward Condition",40,"2",16,4,77,178,"Long",0.0620340484085092,1.11859769406072,NA,0.255538589239622,"localGP"
"5498",23,21,9,6,72.6451286930569,87.869042125599,"Smooth","Max. Reward Condition",40,"2",16,3,76,178,"Long",0.0620340484085092,1.11859769406072,NA,0.255538589239622,"localGP"
"5499",23,22,10,6,87.869042125599,87.869042125599,"Smooth","Max. Reward Condition",40,"2",16,5,77,178,"Long",0.0620340484085092,1.11859769406072,NA,0.255538589239622,"localGP"
"5500",23,23,10,6,87.869042125599,87.869042125599,"Smooth","Max. Reward Condition",40,"2",16,5,77,178,"Long",0.0620340484085092,1.11859769406072,NA,0.255538589239622,"localGP"
"5501",23,24,10,7,85.439763813076,87.869042125599,"Smooth","Max. Reward Condition",40,"2",16,6,88,178,"Long",0.0620340484085092,1.11859769406072,NA,0.255538589239622,"localGP"
"5502",23,25,10,6,87.869042125599,87.869042125599,"Smooth","Max. Reward Condition",40,"2",16,4,77,178,"Long",0.0620340484085092,1.11859769406072,NA,0.255538589239622,"localGP"
"5503",23,26,10,6,87.869042125599,87.869042125599,"Smooth","Max. Reward Condition",40,"2",16,13,77,178,"Long",0.0620340484085092,1.11859769406072,NA,0.255538589239622,"localGP"
"5504",23,27,10,7,85.439763813076,87.869042125599,"Smooth","Max. Reward Condition",40,"2",16,0,88,178,"Long",0.0620340484085092,1.11859769406072,NA,0.255538589239622,"localGP"
"5505",23,28,10,7,85.439763813076,87.869042125599,"Smooth","Max. Reward Condition",40,"2",16,0,88,178,"Long",0.0620340484085092,1.11859769406072,NA,0.255538589239622,"localGP"
"5506",23,29,10,8,76.157753608192,87.869042125599,"Smooth","Max. Reward Condition",40,"2",16,0,99,178,"Long",0.0620340484085092,1.11859769406072,NA,0.255538589239622,"localGP"
"5507",23,30,7,10,56.2743193871667,87.869042125599,"Smooth","Max. Reward Condition",40,"2",16,0,118,178,"Long",0.0620340484085092,1.11859769406072,NA,0.255538589239622,"localGP"
"5508",23,31,2,8,47.6806943266492,87.869042125599,"Smooth","Max. Reward Condition",40,"2",16,0,91,178,"Long",0.0620340484085092,1.11859769406072,NA,0.255538589239622,"localGP"
"5509",23,32,5,2,15.5566285414622,87.869042125599,"Smooth","Max. Reward Condition",40,"2",16,0,28,178,"Long",0.0620340484085092,1.11859769406072,NA,0.255538589239622,"localGP"
"5510",23,33,10,5,61.4885690232436,87.869042125599,"Smooth","Max. Reward Condition",40,"2",16,0,66,178,"Long",0.0620340484085092,1.11859769406072,NA,0.255538589239622,"localGP"
"5511",23,34,10,6,87.869042125599,87.869042125599,"Smooth","Max. Reward Condition",40,"2",16,0,77,178,"Long",0.0620340484085092,1.11859769406072,NA,0.255538589239622,"localGP"
"5512",23,35,9,6,72.6451286930569,87.869042125599,"Smooth","Max. Reward Condition",40,"2",16,0,76,178,"Long",0.0620340484085092,1.11859769406072,NA,0.255538589239622,"localGP"
"5513",23,36,10,6,87.869042125599,87.869042125599,"Smooth","Max. Reward Condition",40,"2",16,0,77,178,"Long",0.0620340484085092,1.11859769406072,NA,0.255538589239622,"localGP"
"5514",23,37,10,6,87.869042125599,87.869042125599,"Smooth","Max. Reward Condition",40,"2",16,0,77,178,"Long",0.0620340484085092,1.11859769406072,NA,0.255538589239622,"localGP"
"5515",23,38,9,6,72.6451286930569,87.869042125599,"Smooth","Max. Reward Condition",40,"2",16,0,76,178,"Long",0.0620340484085092,1.11859769406072,NA,0.255538589239622,"localGP"
"5516",23,39,10,6,87.869042125599,87.869042125599,"Smooth","Max. Reward Condition",40,"2",16,0,77,178,"Long",0.0620340484085092,1.11859769406072,NA,0.255538589239622,"localGP"
"5517",23,40,10,7,85.439763813076,87.869042125599,"Smooth","Max. Reward Condition",40,"2",16,0,88,178,"Long",0.0620340484085092,1.11859769406072,NA,0.255538589239622,"localGP"
"5518",23,41,10,6,87.869042125599,87.869042125599,"Smooth","Max. Reward Condition",40,"2",16,0,77,178,"Long",0.0620340484085092,1.11859769406072,NA,0.255538589239622,"localGP"
"5519",23,1,8,7,51.6253344127728,51.6253344127728,"Smooth","Max. Reward Condition",20,"3",18,NA,86,179,"Short",0.0752200082943148,1.8493997160315,NA,0.390308357561839,"localGP"
"5520",23,2,8,8,58.8343770395875,58.8343770395875,"Smooth","Max. Reward Condition",20,"3",18,5,97,179,"Short",0.0752200082943148,1.8493997160315,NA,0.390308357561839,"localGP"
"5521",23,3,10,7,45.9324442548253,58.8343770395875,"Smooth","Max. Reward Condition",20,"3",18,5,88,179,"Short",0.0752200082943148,1.8493997160315,NA,0.390308357561839,"localGP"
"5522",23,4,2,2,100,100,"Smooth","Max. Reward Condition",20,"3",18,7,25,179,"Short",0.0752200082943148,1.8493997160315,NA,0.390308357561839,"localGP"
"5523",23,5,2,1,70.0239835784985,100,"Smooth","Max. Reward Condition",20,"3",18,7,14,179,"Short",0.0752200082943148,1.8493997160315,NA,0.390308357561839,"localGP"
"5524",23,6,3,1,75.1442624365829,100,"Smooth","Max. Reward Condition",20,"3",18,2,15,179,"Short",0.0752200082943148,1.8493997160315,NA,0.390308357561839,"localGP"
"5525",23,7,3,2,87.0484650270771,100,"Smooth","Max. Reward Condition",20,"3",18,1,26,179,"Short",0.0752200082943148,1.8493997160315,NA,0.390308357561839,"localGP"
"5526",23,8,2,2,100,100,"Smooth","Max. Reward Condition",20,"3",18,10,25,179,"Short",0.0752200082943148,1.8493997160315,NA,0.390308357561839,"localGP"
"5527",23,9,2,3,53.5961483472986,100,"Smooth","Max. Reward Condition",20,"3",18,4,36,179,"Short",0.0752200082943148,1.8493997160315,NA,0.390308357561839,"localGP"
"5528",23,10,5,9,24.0405194815787,100,"Smooth","Max. Reward Condition",20,"3",18,9,105,179,"Short",0.0752200082943148,1.8493997160315,NA,0.390308357561839,"localGP"
"5529",23,11,5,2,52.4052015124445,100,"Smooth","Max. Reward Condition",20,"3",18,2,28,179,"Short",0.0752200082943148,1.8493997160315,NA,0.390308357561839,"localGP"
"5530",23,12,0,2,35.0025842131743,100,"Smooth","Max. Reward Condition",20,"3",18,2,23,179,"Short",0.0752200082943148,1.8493997160315,NA,0.390308357561839,"localGP"
"5531",23,13,2,7,5.78700600623116,100,"Smooth","Max. Reward Condition",20,"3",18,1,80,179,"Short",0.0752200082943148,1.8493997160315,NA,0.390308357561839,"localGP"
"5532",23,14,10,2,47.0470762762012,100,"Smooth","Max. Reward Condition",20,"3",18,2,33,179,"Short",0.0752200082943148,1.8493997160315,NA,0.390308357561839,"localGP"
"5533",23,15,7,1,20.2621772906114,100,"Smooth","Max. Reward Condition",20,"3",18,2,19,179,"Short",0.0752200082943148,1.8493997160315,NA,0.390308357561839,"localGP"
"5534",23,16,3,8,43.809517415815,100,"Smooth","Max. Reward Condition",20,"3",18,0,92,179,"Short",0.0752200082943148,1.8493997160315,NA,0.390308357561839,"localGP"
"5535",23,17,4,9,48.6599556271506,100,"Smooth","Max. Reward Condition",20,"3",18,2,104,179,"Short",0.0752200082943148,1.8493997160315,NA,0.390308357561839,"localGP"
"5536",23,18,1,0,52.4795285472342,100,"Smooth","Max. Reward Condition",20,"3",18,1,2,179,"Short",0.0752200082943148,1.8493997160315,NA,0.390308357561839,"localGP"
"5537",23,19,3,1,75.1442624365829,100,"Smooth","Max. Reward Condition",20,"3",18,2,15,179,"Short",0.0752200082943148,1.8493997160315,NA,0.390308357561839,"localGP"
"5538",23,20,3,5,60.9956565134491,100,"Smooth","Max. Reward Condition",20,"3",18,1,59,179,"Short",0.0752200082943148,1.8493997160315,NA,0.390308357561839,"localGP"
"5539",23,21,4,5,66.1329906623103,100,"Smooth","Max. Reward Condition",20,"3",18,1,60,179,"Short",0.0752200082943148,1.8493997160315,NA,0.390308357561839,"localGP"
"5540",23,1,4,6,52.4710109761759,52.4710109761759,"Smooth","Max. Reward Condition",40,"4",17,NA,71,180,"Long",0.0652497198368869,2.7446825554023,NA,0.602052249643312,"localGP"
"5541",23,2,5,8,11.4143082127456,52.4710109761759,"Smooth","Max. Reward Condition",40,"4",17,8,94,180,"Long",0.0652497198368869,2.7446825554023,NA,0.602052249643312,"localGP"
"5542",23,3,10,10,65.1732478778687,65.1732478778687,"Smooth","Max. Reward Condition",40,"4",17,4,121,180,"Long",0.0652497198368869,2.7446825554023,NA,0.602052249643312,"localGP"
"5543",23,4,3,1,43.1791147725399,65.1732478778687,"Smooth","Max. Reward Condition",40,"4",17,10,15,180,"Long",0.0652497198368869,2.7446825554023,NA,0.602052249643312,"localGP"
"5544",23,5,2,5,96.5712701527156,96.5712701527156,"Smooth","Max. Reward Condition",40,"4",17,4,58,180,"Long",0.0652497198368869,2.7446825554023,NA,0.602052249643312,"localGP"
"5545",23,6,1,5,55.0007890272568,96.5712701527156,"Smooth","Max. Reward Condition",40,"4",17,3,57,180,"Long",0.0652497198368869,2.7446825554023,NA,0.602052249643312,"localGP"
"5546",23,7,6,1,68.7866414207953,96.5712701527156,"Smooth","Max. Reward Condition",40,"4",17,2,18,180,"Long",0.0652497198368869,2.7446825554023,NA,0.602052249643312,"localGP"
"5547",23,8,6,2,61.2748558274339,96.5712701527156,"Smooth","Max. Reward Condition",40,"4",17,12,29,180,"Long",0.0652497198368869,2.7446825554023,NA,0.602052249643312,"localGP"
"5548",23,9,5,2,42.0898431676423,96.5712701527156,"Smooth","Max. Reward Condition",40,"4",17,3,28,180,"Long",0.0652497198368869,2.7446825554023,NA,0.602052249643312,"localGP"
"5549",23,10,8,0,64.6506684788646,96.5712701527156,"Smooth","Max. Reward Condition",40,"4",17,2,9,180,"Long",0.0652497198368869,2.7446825554023,NA,0.602052249643312,"localGP"
"5550",23,11,7,1,68.4445451989571,96.5712701527156,"Smooth","Max. Reward Condition",40,"4",17,1,19,180,"Long",0.0652497198368869,2.7446825554023,NA,0.602052249643312,"localGP"
"5551",23,12,1,0,56.6190027883909,96.5712701527156,"Smooth","Max. Reward Condition",40,"4",17,19,2,180,"Long",0.0652497198368869,2.7446825554023,NA,0.602052249643312,"localGP"
"5552",23,13,2,5,96.5712701527156,96.5712701527156,"Smooth","Max. Reward Condition",40,"4",17,2,58,180,"Long",0.0652497198368869,2.7446825554023,NA,0.602052249643312,"localGP"
"5553",23,14,2,6,67.9735102315088,96.5712701527156,"Smooth","Max. Reward Condition",40,"4",17,4,69,180,"Long",0.0652497198368869,2.7446825554023,NA,0.602052249643312,"localGP"
"5554",23,15,10,10,65.1732478778687,96.5712701527156,"Smooth","Max. Reward Condition",40,"4",17,2,121,180,"Long",0.0652497198368869,2.7446825554023,NA,0.602052249643312,"localGP"
"5555",23,16,10,9,62.3531210252204,96.5712701527156,"Smooth","Max. Reward Condition",40,"4",17,1,110,180,"Long",0.0652497198368869,2.7446825554023,NA,0.602052249643312,"localGP"
"5556",23,17,3,4,81.7432518785976,96.5712701527156,"Smooth","Max. Reward Condition",40,"4",17,1,48,180,"Long",0.0652497198368869,2.7446825554023,NA,0.602052249643312,"localGP"
"5557",23,18,3,4,81.7432518785976,96.5712701527156,"Smooth","Max. Reward Condition",40,"4",17,2,48,180,"Long",0.0652497198368869,2.7446825554023,NA,0.602052249643312,"localGP"
"5558",23,19,2,4,78.1145537046303,96.5712701527156,"Smooth","Max. Reward Condition",40,"4",17,1,47,180,"Long",0.0652497198368869,2.7446825554023,NA,0.602052249643312,"localGP"
"5559",23,20,2,5,96.5712701527156,96.5712701527156,"Smooth","Max. Reward Condition",40,"4",17,1,58,180,"Long",0.0652497198368869,2.7446825554023,NA,0.602052249643312,"localGP"
"5560",23,21,3,5,100,100,"Smooth","Max. Reward Condition",40,"4",17,1,59,180,"Long",0.0652497198368869,2.7446825554023,NA,0.602052249643312,"localGP"
"5561",23,22,3,5,100,100,"Smooth","Max. Reward Condition",40,"4",17,1,59,180,"Long",0.0652497198368869,2.7446825554023,NA,0.602052249643312,"localGP"
"5562",23,23,3,5,100,100,"Smooth","Max. Reward Condition",40,"4",17,0,59,180,"Long",0.0652497198368869,2.7446825554023,NA,0.602052249643312,"localGP"
"5563",23,24,2,5,96.5712701527156,100,"Smooth","Max. Reward Condition",40,"4",17,0,58,180,"Long",0.0652497198368869,2.7446825554023,NA,0.602052249643312,"localGP"
"5564",23,25,3,5,100,100,"Smooth","Max. Reward Condition",40,"4",17,0,59,180,"Long",0.0652497198368869,2.7446825554023,NA,0.602052249643312,"localGP"
"5565",23,26,3,5,100,100,"Smooth","Max. Reward Condition",40,"4",17,0,59,180,"Long",0.0652497198368869,2.7446825554023,NA,0.602052249643312,"localGP"
"5566",23,27,3,5,100,100,"Smooth","Max. Reward Condition",40,"4",17,0,59,180,"Long",0.0652497198368869,2.7446825554023,NA,0.602052249643312,"localGP"
"5567",23,28,4,5,82.6609311486781,100,"Smooth","Max. Reward Condition",40,"4",17,0,60,180,"Long",0.0652497198368869,2.7446825554023,NA,0.602052249643312,"localGP"
"5568",23,29,3,5,100,100,"Smooth","Max. Reward Condition",40,"4",17,0,59,180,"Long",0.0652497198368869,2.7446825554023,NA,0.602052249643312,"localGP"
"5569",23,30,3,5,100,100,"Smooth","Max. Reward Condition",40,"4",17,0,59,180,"Long",0.0652497198368869,2.7446825554023,NA,0.602052249643312,"localGP"
"5570",23,31,3,5,100,100,"Smooth","Max. Reward Condition",40,"4",17,0,59,180,"Long",0.0652497198368869,2.7446825554023,NA,0.602052249643312,"localGP"
"5571",23,32,3,4,81.7432518785976,100,"Smooth","Max. Reward Condition",40,"4",17,0,48,180,"Long",0.0652497198368869,2.7446825554023,NA,0.602052249643312,"localGP"
"5572",23,33,3,5,100,100,"Smooth","Max. Reward Condition",40,"4",17,0,59,180,"Long",0.0652497198368869,2.7446825554023,NA,0.602052249643312,"localGP"
"5573",23,34,2,5,96.5712701527156,100,"Smooth","Max. Reward Condition",40,"4",17,0,58,180,"Long",0.0652497198368869,2.7446825554023,NA,0.602052249643312,"localGP"
"5574",23,35,8,4,25.5290036062029,100,"Smooth","Max. Reward Condition",40,"4",17,0,53,180,"Long",0.0652497198368869,2.7446825554023,NA,0.602052249643312,"localGP"
"5575",23,36,4,5,82.6609311486781,100,"Smooth","Max. Reward Condition",40,"4",17,0,60,180,"Long",0.0652497198368869,2.7446825554023,NA,0.602052249643312,"localGP"
"5576",23,37,3,5,100,100,"Smooth","Max. Reward Condition",40,"4",17,0,59,180,"Long",0.0652497198368869,2.7446825554023,NA,0.602052249643312,"localGP"
"5577",23,38,2,5,96.5712701527156,100,"Smooth","Max. Reward Condition",40,"4",17,0,58,180,"Long",0.0652497198368869,2.7446825554023,NA,0.602052249643312,"localGP"
"5578",23,39,3,5,100,100,"Smooth","Max. Reward Condition",40,"4",17,0,59,180,"Long",0.0652497198368869,2.7446825554023,NA,0.602052249643312,"localGP"
"5579",23,40,2,6,67.9735102315088,100,"Smooth","Max. Reward Condition",40,"4",17,0,69,180,"Long",0.0652497198368869,2.7446825554023,NA,0.602052249643312,"localGP"
"5580",23,41,2,5,96.5712701527156,100,"Smooth","Max. Reward Condition",40,"4",17,0,58,180,"Long",0.0652497198368869,2.7446825554023,NA,0.602052249643312,"localGP"
"5581",23,1,5,0,64.2045633155116,64.2045633155116,"Smooth","Max. Reward Condition",20,"5",1,NA,6,181,"Short",0.0658693600263729,1.82853170064877,NA,0.278231165815522,"localGP"
"5582",23,2,6,0,87.9392304939487,87.9392304939487,"Smooth","Max. Reward Condition",20,"5",1,11,7,181,"Short",0.0658693600263729,1.82853170064877,NA,0.278231165815522,"localGP"
"5583",23,3,7,0,69.1960987845747,87.9392304939487,"Smooth","Max. Reward Condition",20,"5",1,2,8,181,"Short",0.0658693600263729,1.82853170064877,NA,0.278231165815522,"localGP"
"5584",23,4,10,7,54.8683474490232,87.9392304939487,"Smooth","Max. Reward Condition",20,"5",1,2,88,181,"Short",0.0658693600263729,1.82853170064877,NA,0.278231165815522,"localGP"
"5585",23,5,7,4,77.4616893062404,87.9392304939487,"Smooth","Max. Reward Condition",20,"5",1,7,52,181,"Short",0.0658693600263729,1.82853170064877,NA,0.278231165815522,"localGP"
"5586",23,6,7,3,90.8008789663477,90.8008789663477,"Smooth","Max. Reward Condition",20,"5",1,1,41,181,"Short",0.0658693600263729,1.82853170064877,NA,0.278231165815522,"localGP"
"5587",23,7,6,3,82.7136870116885,90.8008789663477,"Smooth","Max. Reward Condition",20,"5",1,8,40,181,"Short",0.0658693600263729,1.82853170064877,NA,0.278231165815522,"localGP"
"5588",23,8,6,2,72.3100865487056,90.8008789663477,"Smooth","Max. Reward Condition",20,"5",1,2,29,181,"Short",0.0658693600263729,1.82853170064877,NA,0.278231165815522,"localGP"
"5589",23,9,0,7,66.7767330115422,90.8008789663477,"Smooth","Max. Reward Condition",20,"5",1,2,78,181,"Short",0.0658693600263729,1.82853170064877,NA,0.278231165815522,"localGP"
"5590",23,10,3,5,41.3738955859387,90.8008789663477,"Smooth","Max. Reward Condition",20,"5",1,3,59,181,"Short",0.0658693600263729,1.82853170064877,NA,0.278231165815522,"localGP"
"5591",23,11,9,10,49.6139701131598,90.8008789663477,"Smooth","Max. Reward Condition",20,"5",1,1,120,181,"Short",0.0658693600263729,1.82853170064877,NA,0.278231165815522,"localGP"
"5592",23,12,1,3,10.2009483490212,90.8008789663477,"Smooth","Max. Reward Condition",20,"5",1,10,35,181,"Short",0.0658693600263729,1.82853170064877,NA,0.278231165815522,"localGP"
"5593",23,13,7,4,77.4616893062404,90.8008789663477,"Smooth","Max. Reward Condition",20,"5",1,5,52,181,"Short",0.0658693600263729,1.82853170064877,NA,0.278231165815522,"localGP"
"5594",23,14,7,3,90.8008789663477,90.8008789663477,"Smooth","Max. Reward Condition",20,"5",1,1,41,181,"Short",0.0658693600263729,1.82853170064877,NA,0.278231165815522,"localGP"
"5595",23,15,7,4,77.4616893062404,90.8008789663477,"Smooth","Max. Reward Condition",20,"5",1,3,52,181,"Short",0.0658693600263729,1.82853170064877,NA,0.278231165815522,"localGP"
"5596",23,16,7,3,90.8008789663477,90.8008789663477,"Smooth","Max. Reward Condition",20,"5",1,5,41,181,"Short",0.0658693600263729,1.82853170064877,NA,0.278231165815522,"localGP"
"5597",23,17,8,3,73.1545333653025,90.8008789663477,"Smooth","Max. Reward Condition",20,"5",1,5,42,181,"Short",0.0658693600263729,1.82853170064877,NA,0.278231165815522,"localGP"
"5598",23,18,10,5,44.5875145646547,90.8008789663477,"Smooth","Max. Reward Condition",20,"5",1,5,66,181,"Short",0.0658693600263729,1.82853170064877,NA,0.278231165815522,"localGP"
"5599",23,19,6,4,96.8351832239486,96.8351832239486,"Smooth","Max. Reward Condition",20,"5",1,1,51,181,"Short",0.0658693600263729,1.82853170064877,NA,0.278231165815522,"localGP"
"5600",23,20,5,4,93.0511729954542,96.8351832239486,"Smooth","Max. Reward Condition",20,"5",1,2,50,181,"Short",0.0658693600263729,1.82853170064877,NA,0.278231165815522,"localGP"
"5601",23,21,6,4,96.8351832239486,96.8351832239486,"Smooth","Max. Reward Condition",20,"5",1,2,51,181,"Short",0.0658693600263729,1.82853170064877,NA,0.278231165815522,"localGP"
"5602",23,1,9,8,81.6907585501877,81.6907585501877,"Smooth","Max. Reward Condition",40,"6",6,NA,98,182,"Long",0.0606248563855185,1.59693549957648,NA,0.277302133890397,"localGP"
"5603",23,2,9,7,52.0950905321092,81.6907585501877,"Smooth","Max. Reward Condition",40,"6",6,5,87,182,"Long",0.0606248563855185,1.59693549957648,NA,0.277302133890397,"localGP"
"5604",23,3,9,9,83.6268655538995,83.6268655538995,"Smooth","Max. Reward Condition",40,"6",6,7,109,182,"Long",0.0606248563855185,1.59693549957648,NA,0.277302133890397,"localGP"
"5605",23,4,8,9,49.0885670492111,83.6268655538995,"Smooth","Max. Reward Condition",40,"6",6,8,108,182,"Long",0.0606248563855185,1.59693549957648,NA,0.277302133890397,"localGP"
"5606",23,5,10,9,86.1457429128577,86.1457429128577,"Smooth","Max. Reward Condition",40,"6",6,4,110,182,"Long",0.0606248563855185,1.59693549957648,NA,0.277302133890397,"localGP"
"5607",23,6,10,9,86.1457429128577,86.1457429128577,"Smooth","Max. Reward Condition",40,"6",6,5,110,182,"Long",0.0606248563855185,1.59693549957648,NA,0.277302133890397,"localGP"
"5608",23,7,5,6,17.4640278220834,86.1457429128577,"Smooth","Max. Reward Condition",40,"6",6,2,72,182,"Long",0.0606248563855185,1.59693549957648,NA,0.277302133890397,"localGP"
"5609",23,8,1,6,54.3370472689451,86.1457429128577,"Smooth","Max. Reward Condition",40,"6",6,5,68,182,"Long",0.0606248563855185,1.59693549957648,NA,0.277302133890397,"localGP"
"5610",23,9,10,1,30.7993403815016,86.1457429128577,"Smooth","Max. Reward Condition",40,"6",6,2,22,182,"Long",0.0606248563855185,1.59693549957648,NA,0.277302133890397,"localGP"
"5611",23,10,7,6,39.4865899773576,86.1457429128577,"Smooth","Max. Reward Condition",40,"6",6,11,74,182,"Long",0.0606248563855185,1.59693549957648,NA,0.277302133890397,"localGP"
"5612",23,11,8,8,59.0034109397581,86.1457429128577,"Smooth","Max. Reward Condition",40,"6",6,2,97,182,"Long",0.0606248563855185,1.59693549957648,NA,0.277302133890397,"localGP"
"5613",23,12,9,3,30.7578099709399,86.1457429128577,"Smooth","Max. Reward Condition",40,"6",6,3,43,182,"Long",0.0606248563855185,1.59693549957648,NA,0.277302133890397,"localGP"
"5614",23,13,6,3,37.4132597632544,86.1457429128577,"Smooth","Max. Reward Condition",40,"6",6,2,40,182,"Long",0.0606248563855185,1.59693549957648,NA,0.277302133890397,"localGP"
"5615",23,14,8,5,61.1665881936145,86.1457429128577,"Smooth","Max. Reward Condition",40,"6",6,1,64,182,"Long",0.0606248563855185,1.59693549957648,NA,0.277302133890397,"localGP"
"5616",23,15,10,8,49.0427197755467,86.1457429128577,"Smooth","Max. Reward Condition",40,"6",6,2,99,182,"Long",0.0606248563855185,1.59693549957648,NA,0.277302133890397,"localGP"
"5617",23,16,10,9,86.1457429128577,86.1457429128577,"Smooth","Max. Reward Condition",40,"6",6,1,110,182,"Long",0.0606248563855185,1.59693549957648,NA,0.277302133890397,"localGP"
"5618",23,17,10,10,61.5766654698321,86.1457429128577,"Smooth","Max. Reward Condition",40,"6",6,1,121,182,"Long",0.0606248563855185,1.59693549957648,NA,0.277302133890397,"localGP"
"5619",23,18,10,9,86.1457429128577,86.1457429128577,"Smooth","Max. Reward Condition",40,"6",6,1,110,182,"Long",0.0606248563855185,1.59693549957648,NA,0.277302133890397,"localGP"
"5620",23,19,9,8,81.6907585501877,86.1457429128577,"Smooth","Max. Reward Condition",40,"6",6,3,98,182,"Long",0.0606248563855185,1.59693549957648,NA,0.277302133890397,"localGP"
"5621",23,20,9,9,83.6268655538995,86.1457429128577,"Smooth","Max. Reward Condition",40,"6",6,1,109,182,"Long",0.0606248563855185,1.59693549957648,NA,0.277302133890397,"localGP"
"5622",23,21,10,9,86.1457429128577,86.1457429128577,"Smooth","Max. Reward Condition",40,"6",6,1,110,182,"Long",0.0606248563855185,1.59693549957648,NA,0.277302133890397,"localGP"
"5623",23,22,10,9,86.1457429128577,86.1457429128577,"Smooth","Max. Reward Condition",40,"6",6,1,110,182,"Long",0.0606248563855185,1.59693549957648,NA,0.277302133890397,"localGP"
"5624",23,23,10,9,86.1457429128577,86.1457429128577,"Smooth","Max. Reward Condition",40,"6",6,0,110,182,"Long",0.0606248563855185,1.59693549957648,NA,0.277302133890397,"localGP"
"5625",23,24,0,6,46.0544782889019,86.1457429128577,"Smooth","Max. Reward Condition",40,"6",6,0,67,182,"Long",0.0606248563855185,1.59693549957648,NA,0.277302133890397,"localGP"
"5626",23,25,0,4,74.8791108715427,86.1457429128577,"Smooth","Max. Reward Condition",40,"6",6,0,45,182,"Long",0.0606248563855185,1.59693549957648,NA,0.277302133890397,"localGP"
"5627",23,26,9,1,48.6385669083933,86.1457429128577,"Smooth","Max. Reward Condition",40,"6",6,0,21,182,"Long",0.0606248563855185,1.59693549957648,NA,0.277302133890397,"localGP"
"5628",23,27,5,10,51.4215648628106,86.1457429128577,"Smooth","Max. Reward Condition",40,"6",6,0,116,182,"Long",0.0606248563855185,1.59693549957648,NA,0.277302133890397,"localGP"
"5629",23,28,2,9,26.1687678921862,86.1457429128577,"Smooth","Max. Reward Condition",40,"6",6,0,102,182,"Long",0.0606248563855185,1.59693549957648,NA,0.277302133890397,"localGP"
"5630",23,29,0,3,82.5721379784096,86.1457429128577,"Smooth","Max. Reward Condition",40,"6",6,0,34,182,"Long",0.0606248563855185,1.59693549957648,NA,0.277302133890397,"localGP"
"5631",23,30,1,3,70.5820098602199,86.1457429128577,"Smooth","Max. Reward Condition",40,"6",6,0,35,182,"Long",0.0606248563855185,1.59693549957648,NA,0.277302133890397,"localGP"
"5632",23,31,0,3,82.5721379784096,86.1457429128577,"Smooth","Max. Reward Condition",40,"6",6,0,34,182,"Long",0.0606248563855185,1.59693549957648,NA,0.277302133890397,"localGP"
"5633",23,32,1,3,70.5820098602199,86.1457429128577,"Smooth","Max. Reward Condition",40,"6",6,0,35,182,"Long",0.0606248563855185,1.59693549957648,NA,0.277302133890397,"localGP"
"5634",23,33,1,9,36.7437798963148,86.1457429128577,"Smooth","Max. Reward Condition",40,"6",6,0,101,182,"Long",0.0606248563855185,1.59693549957648,NA,0.277302133890397,"localGP"
"5635",23,34,10,6,56.8143010916022,86.1457429128577,"Smooth","Max. Reward Condition",40,"6",6,0,77,182,"Long",0.0606248563855185,1.59693549957648,NA,0.277302133890397,"localGP"
"5636",23,35,10,5,28.65801545199,86.1457429128577,"Smooth","Max. Reward Condition",40,"6",6,0,66,182,"Long",0.0606248563855185,1.59693549957648,NA,0.277302133890397,"localGP"
"5637",23,36,2,8,11.0893535309519,86.1457429128577,"Smooth","Max. Reward Condition",40,"6",6,0,91,182,"Long",0.0606248563855185,1.59693549957648,NA,0.277302133890397,"localGP"
"5638",23,37,1,6,54.3370472689451,86.1457429128577,"Smooth","Max. Reward Condition",40,"6",6,0,68,182,"Long",0.0606248563855185,1.59693549957648,NA,0.277302133890397,"localGP"
"5639",23,38,6,5,31.686870799894,86.1457429128577,"Smooth","Max. Reward Condition",40,"6",6,0,62,182,"Long",0.0606248563855185,1.59693549957648,NA,0.277302133890397,"localGP"
"5640",23,39,2,5,39.0984637940291,86.1457429128577,"Smooth","Max. Reward Condition",40,"6",6,0,58,182,"Long",0.0606248563855185,1.59693549957648,NA,0.277302133890397,"localGP"
"5641",23,40,6,6,15.4430797014751,86.1457429128577,"Smooth","Max. Reward Condition",40,"6",6,0,73,182,"Long",0.0606248563855185,1.59693549957648,NA,0.277302133890397,"localGP"
"5642",23,41,2,10,50.1552784295293,86.1457429128577,"Smooth","Max. Reward Condition",40,"6",6,0,113,182,"Long",0.0606248563855185,1.59693549957648,NA,0.277302133890397,"localGP"
"5643",23,1,6,10,49.8503873237507,49.8503873237507,"Smooth","Max. Reward Condition",20,"7",5,NA,117,183,"Short",0.0791557051888436,2.62953773195541,NA,0.62312343557352,"localGP"
"5644",23,2,5,8,49.7859994292566,49.8503873237507,"Smooth","Max. Reward Condition",20,"7",5,6,94,183,"Short",0.0791557051888436,2.62953773195541,NA,0.62312343557352,"localGP"
"5645",23,3,1,8,46.9498069203708,49.8503873237507,"Smooth","Max. Reward Condition",20,"7",5,5,90,183,"Short",0.0791557051888436,2.62953773195541,NA,0.62312343557352,"localGP"
"5646",23,4,3,5,31.9706635707149,49.8503873237507,"Smooth","Max. Reward Condition",20,"7",5,2,59,183,"Short",0.0791557051888436,2.62953773195541,NA,0.62312343557352,"localGP"
"5647",23,5,2,2,61.7436417215084,61.7436417215084,"Smooth","Max. Reward Condition",20,"7",5,0,25,183,"Short",0.0791557051888436,2.62953773195541,NA,0.62312343557352,"localGP"
"5648",23,6,5,1,65.3608725522841,65.3608725522841,"Smooth","Max. Reward Condition",20,"7",5,1,17,183,"Short",0.0791557051888436,2.62953773195541,NA,0.62312343557352,"localGP"
"5649",23,7,9,2,40.6256617216609,65.3608725522841,"Smooth","Max. Reward Condition",20,"7",5,1,32,183,"Short",0.0791557051888436,2.62953773195541,NA,0.62312343557352,"localGP"
"5650",23,8,0,7,66.0642048985975,66.0642048985975,"Smooth","Max. Reward Condition",20,"7",5,1,78,183,"Short",0.0791557051888436,2.62953773195541,NA,0.62312343557352,"localGP"
"5651",23,9,0,6,27.6444637033922,66.0642048985975,"Smooth","Max. Reward Condition",20,"7",5,1,67,183,"Short",0.0791557051888436,2.62953773195541,NA,0.62312343557352,"localGP"
"5652",23,10,9,10,60.0774941518744,66.0642048985975,"Smooth","Max. Reward Condition",20,"7",5,1,120,183,"Short",0.0791557051888436,2.62953773195541,NA,0.62312343557352,"localGP"
"5653",23,11,8,6,91.4722545331952,91.4722545331952,"Smooth","Max. Reward Condition",20,"7",5,1,75,183,"Short",0.0791557051888436,2.62953773195541,NA,0.62312343557352,"localGP"
"5654",23,12,7,5,32.4689598978585,91.4722545331952,"Smooth","Max. Reward Condition",20,"7",5,1,63,183,"Short",0.0791557051888436,2.62953773195541,NA,0.62312343557352,"localGP"
"5655",23,13,10,7,69.0054960754502,91.4722545331952,"Smooth","Max. Reward Condition",20,"7",5,1,88,183,"Short",0.0791557051888436,2.62953773195541,NA,0.62312343557352,"localGP"
"5656",23,14,8,7,100,100,"Smooth","Max. Reward Condition",20,"7",5,1,86,183,"Short",0.0791557051888436,2.62953773195541,NA,0.62312343557352,"localGP"
"5657",23,15,8,7,100,100,"Smooth","Max. Reward Condition",20,"7",5,4,86,183,"Short",0.0791557051888436,2.62953773195541,NA,0.62312343557352,"localGP"
"5658",23,16,8,8,82.5602297507619,100,"Smooth","Max. Reward Condition",20,"7",5,1,97,183,"Short",0.0791557051888436,2.62953773195541,NA,0.62312343557352,"localGP"
"5659",23,17,8,7,100,100,"Smooth","Max. Reward Condition",20,"7",5,2,86,183,"Short",0.0791557051888436,2.62953773195541,NA,0.62312343557352,"localGP"
"5660",23,18,2,1,65.1261244784447,100,"Smooth","Max. Reward Condition",20,"7",5,0,14,183,"Short",0.0791557051888436,2.62953773195541,NA,0.62312343557352,"localGP"
"5661",23,19,3,1,36.8335295517252,100,"Smooth","Max. Reward Condition",20,"7",5,0,15,183,"Short",0.0791557051888436,2.62953773195541,NA,0.62312343557352,"localGP"
"5662",23,20,1,1,76.3592435056854,100,"Smooth","Max. Reward Condition",20,"7",5,0,13,183,"Short",0.0791557051888436,2.62953773195541,NA,0.62312343557352,"localGP"
"5663",23,21,1,2,63.2638935825621,100,"Smooth","Max. Reward Condition",20,"7",5,0,24,183,"Short",0.0791557051888436,2.62953773195541,NA,0.62312343557352,"localGP"
"5664",23,1,7,10,53.2320602280266,53.2320602280266,"Smooth","Max. Reward Condition",40,"8",14,NA,118,184,"Long",0.0621552973500428,3.01287563598132,NA,0.853751903559564,"localGP"
"5665",23,2,9,10,28.085231327396,53.2320602280266,"Smooth","Max. Reward Condition",40,"8",14,8,120,184,"Long",0.0621552973500428,3.01287563598132,NA,0.853751903559564,"localGP"
"5666",23,3,3,3,70.0835209190621,70.0835209190621,"Smooth","Max. Reward Condition",40,"8",14,4,37,184,"Long",0.0621552973500428,3.01287563598132,NA,0.853751903559564,"localGP"
"5667",23,4,4,3,65.3292450203886,70.0835209190621,"Smooth","Max. Reward Condition",40,"8",14,1,38,184,"Long",0.0621552973500428,3.01287563598132,NA,0.853751903559564,"localGP"
"5668",23,5,4,2,87.5181735479042,87.5181735479042,"Smooth","Max. Reward Condition",40,"8",14,2,27,184,"Long",0.0621552973500428,3.01287563598132,NA,0.853751903559564,"localGP"
"5669",23,6,4,1,65.3463353635867,87.5181735479042,"Smooth","Max. Reward Condition",40,"8",14,3,16,184,"Long",0.0621552973500428,3.01287563598132,NA,0.853751903559564,"localGP"
"5670",23,7,4,2,87.5181735479042,87.5181735479042,"Smooth","Max. Reward Condition",40,"8",14,2,27,184,"Long",0.0621552973500428,3.01287563598132,NA,0.853751903559564,"localGP"
"5671",23,8,3,2,76.7507190028061,87.5181735479042,"Smooth","Max. Reward Condition",40,"8",14,1,26,184,"Long",0.0621552973500428,3.01287563598132,NA,0.853751903559564,"localGP"
"5672",23,9,4,2,87.5181735479042,87.5181735479042,"Smooth","Max. Reward Condition",40,"8",14,2,27,184,"Long",0.0621552973500428,3.01287563598132,NA,0.853751903559564,"localGP"
"5673",23,10,5,2,56.3291955901051,87.5181735479042,"Smooth","Max. Reward Condition",40,"8",14,1,28,184,"Long",0.0621552973500428,3.01287563598132,NA,0.853751903559564,"localGP"
"5674",23,11,4,2,87.5181735479042,87.5181735479042,"Smooth","Max. Reward Condition",40,"8",14,1,27,184,"Long",0.0621552973500428,3.01287563598132,NA,0.853751903559564,"localGP"
"5675",23,12,4,2,87.5181735479042,87.5181735479042,"Smooth","Max. Reward Condition",40,"8",14,1,27,184,"Long",0.0621552973500428,3.01287563598132,NA,0.853751903559564,"localGP"
"5676",23,13,4,2,87.5181735479042,87.5181735479042,"Smooth","Max. Reward Condition",40,"8",14,1,27,184,"Long",0.0621552973500428,3.01287563598132,NA,0.853751903559564,"localGP"
"5677",23,14,4,2,87.5181735479042,87.5181735479042,"Smooth","Max. Reward Condition",40,"8",14,0,27,184,"Long",0.0621552973500428,3.01287563598132,NA,0.853751903559564,"localGP"
"5678",23,15,4,2,87.5181735479042,87.5181735479042,"Smooth","Max. Reward Condition",40,"8",14,4,27,184,"Long",0.0621552973500428,3.01287563598132,NA,0.853751903559564,"localGP"
"5679",23,16,1,1,79.8594953579445,87.5181735479042,"Smooth","Max. Reward Condition",40,"8",14,2,13,184,"Long",0.0621552973500428,3.01287563598132,NA,0.853751903559564,"localGP"
"5680",23,17,0,1,65.8004801351009,87.5181735479042,"Smooth","Max. Reward Condition",40,"8",14,4,12,184,"Long",0.0621552973500428,3.01287563598132,NA,0.853751903559564,"localGP"
"5681",23,18,0,0,57.4172856426881,87.5181735479042,"Smooth","Max. Reward Condition",40,"8",14,1,1,184,"Long",0.0621552973500428,3.01287563598132,NA,0.853751903559564,"localGP"
"5682",23,19,0,2,76.8659090537279,87.5181735479042,"Smooth","Max. Reward Condition",40,"8",14,4,23,184,"Long",0.0621552973500428,3.01287563598132,NA,0.853751903559564,"localGP"
"5683",23,20,8,2,41.7677475298492,87.5181735479042,"Smooth","Max. Reward Condition",40,"8",14,7,31,184,"Long",0.0621552973500428,3.01287563598132,NA,0.853751903559564,"localGP"
"5684",23,21,9,2,39.5970533431282,87.5181735479042,"Smooth","Max. Reward Condition",40,"8",14,0,32,184,"Long",0.0621552973500428,3.01287563598132,NA,0.853751903559564,"localGP"
"5685",23,22,1,7,41.2794472519756,87.5181735479042,"Smooth","Max. Reward Condition",40,"8",14,0,79,184,"Long",0.0621552973500428,3.01287563598132,NA,0.853751903559564,"localGP"
"5686",23,23,0,6,76.4733892351915,87.5181735479042,"Smooth","Max. Reward Condition",40,"8",14,0,67,184,"Long",0.0621552973500428,3.01287563598132,NA,0.853751903559564,"localGP"
"5687",23,24,0,5,69.5175079321684,87.5181735479042,"Smooth","Max. Reward Condition",40,"8",14,0,56,184,"Long",0.0621552973500428,3.01287563598132,NA,0.853751903559564,"localGP"
"5688",23,25,0,9,55.3224243950514,87.5181735479042,"Smooth","Max. Reward Condition",40,"8",14,0,100,184,"Long",0.0621552973500428,3.01287563598132,NA,0.853751903559564,"localGP"
"5689",23,26,3,0,60.4754384104082,87.5181735479042,"Smooth","Max. Reward Condition",40,"8",14,0,4,184,"Long",0.0621552973500428,3.01287563598132,NA,0.853751903559564,"localGP"
"5690",23,27,2,0,39.9028275804377,87.5181735479042,"Smooth","Max. Reward Condition",40,"8",14,0,3,184,"Long",0.0621552973500428,3.01287563598132,NA,0.853751903559564,"localGP"
"5691",23,28,3,9,51.081612220025,87.5181735479042,"Smooth","Max. Reward Condition",40,"8",14,0,103,184,"Long",0.0621552973500428,3.01287563598132,NA,0.853751903559564,"localGP"
"5692",23,29,3,10,73.0643820876039,87.5181735479042,"Smooth","Max. Reward Condition",40,"8",14,0,114,184,"Long",0.0621552973500428,3.01287563598132,NA,0.853751903559564,"localGP"
"5693",23,30,4,10,53.6837702562428,87.5181735479042,"Smooth","Max. Reward Condition",40,"8",14,0,115,184,"Long",0.0621552973500428,3.01287563598132,NA,0.853751903559564,"localGP"
"5694",23,31,3,10,73.0643820876039,87.5181735479042,"Smooth","Max. Reward Condition",40,"8",14,0,114,184,"Long",0.0621552973500428,3.01287563598132,NA,0.853751903559564,"localGP"
"5695",23,32,2,10,57.5696420564348,87.5181735479042,"Smooth","Max. Reward Condition",40,"8",14,0,113,184,"Long",0.0621552973500428,3.01287563598132,NA,0.853751903559564,"localGP"
"5696",23,33,5,10,39.8900904491115,87.5181735479042,"Smooth","Max. Reward Condition",40,"8",14,0,116,184,"Long",0.0621552973500428,3.01287563598132,NA,0.853751903559564,"localGP"
"5697",23,34,5,8,47.473484519333,87.5181735479042,"Smooth","Max. Reward Condition",40,"8",14,0,94,184,"Long",0.0621552973500428,3.01287563598132,NA,0.853751903559564,"localGP"
"5698",23,35,9,7,47.5868272276955,87.5181735479042,"Smooth","Max. Reward Condition",40,"8",14,0,87,184,"Long",0.0621552973500428,3.01287563598132,NA,0.853751903559564,"localGP"
"5699",23,36,8,7,50.4837512080328,87.5181735479042,"Smooth","Max. Reward Condition",40,"8",14,0,86,184,"Long",0.0621552973500428,3.01287563598132,NA,0.853751903559564,"localGP"
"5700",23,37,8,8,71.5418011701731,87.5181735479042,"Smooth","Max. Reward Condition",40,"8",14,0,97,184,"Long",0.0621552973500428,3.01287563598132,NA,0.853751903559564,"localGP"
"5701",23,38,8,9,77.111237702123,87.5181735479042,"Smooth","Max. Reward Condition",40,"8",14,0,108,184,"Long",0.0621552973500428,3.01287563598132,NA,0.853751903559564,"localGP"
"5702",23,39,7,9,60.2315250004543,87.5181735479042,"Smooth","Max. Reward Condition",40,"8",14,0,107,184,"Long",0.0621552973500428,3.01287563598132,NA,0.853751903559564,"localGP"
"5703",23,40,4,9,36.9938233917223,87.5181735479042,"Smooth","Max. Reward Condition",40,"8",14,0,104,184,"Long",0.0621552973500428,3.01287563598132,NA,0.853751903559564,"localGP"
"5704",23,41,4,1,65.3463353635867,87.5181735479042,"Smooth","Max. Reward Condition",40,"8",14,0,16,184,"Long",0.0621552973500428,3.01287563598132,NA,0.853751903559564,"localGP"
"5705",24,1,1,4,16.6041970073858,16.6041970073858,"Smooth","Max. Reward Condition",40,"1",16,NA,46,185,"Long",0.383113164842575,148.412999804514,NA,116.367181771962,"localGP"
"5706",24,2,6,5,62.1197165528081,62.1197165528081,"Smooth","Max. Reward Condition",40,"1",16,5,62,185,"Long",0.383113164842575,148.412999804514,NA,116.367181771962,"localGP"
"5707",24,3,4,8,36.8102979545033,62.1197165528081,"Smooth","Max. Reward Condition",40,"1",16,2,93,185,"Long",0.383113164842575,148.412999804514,NA,116.367181771962,"localGP"
"5708",24,4,4,9,52.7069887453694,62.1197165528081,"Smooth","Max. Reward Condition",40,"1",16,5,104,185,"Long",0.383113164842575,148.412999804514,NA,116.367181771962,"localGP"
"5709",24,5,3,2,83.8378126303431,83.8378126303431,"Smooth","Max. Reward Condition",40,"1",16,4,26,185,"Long",0.383113164842575,148.412999804514,NA,116.367181771962,"localGP"
"5710",24,6,4,2,29.6795865237045,83.8378126303431,"Smooth","Max. Reward Condition",40,"1",16,4,27,185,"Long",0.383113164842575,148.412999804514,NA,116.367181771962,"localGP"
"5711",24,7,6,2,37.2945484739635,83.8378126303431,"Smooth","Max. Reward Condition",40,"1",16,5,29,185,"Long",0.383113164842575,148.412999804514,NA,116.367181771962,"localGP"
"5712",24,8,7,2,50.3250287772855,83.8378126303431,"Smooth","Max. Reward Condition",40,"1",16,6,30,185,"Long",0.383113164842575,148.412999804514,NA,116.367181771962,"localGP"
"5713",24,9,10,0,30.3219618945097,83.8378126303431,"Smooth","Max. Reward Condition",40,"1",16,1,11,185,"Long",0.383113164842575,148.412999804514,NA,116.367181771962,"localGP"
"5714",24,10,1,1,62.6840921632326,83.8378126303431,"Smooth","Max. Reward Condition",40,"1",16,2,13,185,"Long",0.383113164842575,148.412999804514,NA,116.367181771962,"localGP"
"5715",24,11,8,1,52.8904958122933,83.8378126303431,"Smooth","Max. Reward Condition",40,"1",16,2,20,185,"Long",0.383113164842575,148.412999804514,NA,116.367181771962,"localGP"
"5716",24,12,5,5,69.5623666177624,83.8378126303431,"Smooth","Max. Reward Condition",40,"1",16,1,61,185,"Long",0.383113164842575,148.412999804514,NA,116.367181771962,"localGP"
"5717",24,13,1,4,16.6041970073858,83.8378126303431,"Smooth","Max. Reward Condition",40,"1",16,0,46,185,"Long",0.383113164842575,148.412999804514,NA,116.367181771962,"localGP"
"5718",24,14,1,5,4.1424885441266,83.8378126303431,"Smooth","Max. Reward Condition",40,"1",16,1,57,185,"Long",0.383113164842575,148.412999804514,NA,116.367181771962,"localGP"
"5719",24,15,0,9,12.3134748029018,83.8378126303431,"Smooth","Max. Reward Condition",40,"1",16,0,100,185,"Long",0.383113164842575,148.412999804514,NA,116.367181771962,"localGP"
"5720",24,16,1,7,30.6098170794807,83.8378126303431,"Smooth","Max. Reward Condition",40,"1",16,1,79,185,"Long",0.383113164842575,148.412999804514,NA,116.367181771962,"localGP"
"5721",24,17,8,6,52.7896581347128,83.8378126303431,"Smooth","Max. Reward Condition",40,"1",16,2,75,185,"Long",0.383113164842575,148.412999804514,NA,116.367181771962,"localGP"
"5722",24,18,6,8,18.8814193506035,83.8378126303431,"Smooth","Max. Reward Condition",40,"1",16,1,95,185,"Long",0.383113164842575,148.412999804514,NA,116.367181771962,"localGP"
"5723",24,19,6,9,20.6620608534217,83.8378126303431,"Smooth","Max. Reward Condition",40,"1",16,2,106,185,"Long",0.383113164842575,148.412999804514,NA,116.367181771962,"localGP"
"5724",24,20,6,10,14.287143352339,83.8378126303431,"Smooth","Max. Reward Condition",40,"1",16,1,117,185,"Long",0.383113164842575,148.412999804514,NA,116.367181771962,"localGP"
"5725",24,21,10,4,47.4832881916052,83.8378126303431,"Smooth","Max. Reward Condition",40,"1",16,1,55,185,"Long",0.383113164842575,148.412999804514,NA,116.367181771962,"localGP"
"5726",24,22,10,4,47.4832881916052,83.8378126303431,"Smooth","Max. Reward Condition",40,"1",16,2,55,185,"Long",0.383113164842575,148.412999804514,NA,116.367181771962,"localGP"
"5727",24,23,10,6,87.869042125599,87.869042125599,"Smooth","Max. Reward Condition",40,"1",16,10,77,185,"Long",0.383113164842575,148.412999804514,NA,116.367181771962,"localGP"
"5728",24,24,3,3,100,100,"Smooth","Max. Reward Condition",40,"1",16,3,37,185,"Long",0.383113164842575,148.412999804514,NA,116.367181771962,"localGP"
"5729",24,25,2,4,51.6785957888899,100,"Smooth","Max. Reward Condition",40,"1",16,2,47,185,"Long",0.383113164842575,148.412999804514,NA,116.367181771962,"localGP"
"5730",24,26,3,2,83.8378126303431,100,"Smooth","Max. Reward Condition",40,"1",16,2,26,185,"Long",0.383113164842575,148.412999804514,NA,116.367181771962,"localGP"
"5731",24,27,9,3,6.15546941628624,100,"Smooth","Max. Reward Condition",40,"1",16,0,43,185,"Long",0.383113164842575,148.412999804514,NA,116.367181771962,"localGP"
"5732",24,28,10,3,46.319630109496,100,"Smooth","Max. Reward Condition",40,"1",16,3,44,185,"Long",0.383113164842575,148.412999804514,NA,116.367181771962,"localGP"
"5733",24,29,9,1,49.5835644833186,100,"Smooth","Max. Reward Condition",40,"1",16,2,21,185,"Long",0.383113164842575,148.412999804514,NA,116.367181771962,"localGP"
"5734",24,30,8,1,52.8904958122933,100,"Smooth","Max. Reward Condition",40,"1",16,1,20,185,"Long",0.383113164842575,148.412999804514,NA,116.367181771962,"localGP"
"5735",24,31,8,4,42.8412484535967,100,"Smooth","Max. Reward Condition",40,"1",16,2,53,185,"Long",0.383113164842575,148.412999804514,NA,116.367181771962,"localGP"
"5736",24,32,10,4,47.4832881916052,100,"Smooth","Max. Reward Condition",40,"1",16,2,55,185,"Long",0.383113164842575,148.412999804514,NA,116.367181771962,"localGP"
"5737",24,33,10,3,46.319630109496,100,"Smooth","Max. Reward Condition",40,"1",16,2,44,185,"Long",0.383113164842575,148.412999804514,NA,116.367181771962,"localGP"
"5738",24,34,10,4,47.4832881916052,100,"Smooth","Max. Reward Condition",40,"1",16,3,55,185,"Long",0.383113164842575,148.412999804514,NA,116.367181771962,"localGP"
"5739",24,35,10,5,61.4885690232436,100,"Smooth","Max. Reward Condition",40,"1",16,3,66,185,"Long",0.383113164842575,148.412999804514,NA,116.367181771962,"localGP"
"5740",24,36,10,5,61.4885690232436,100,"Smooth","Max. Reward Condition",40,"1",16,2,66,185,"Long",0.383113164842575,148.412999804514,NA,116.367181771962,"localGP"
"5741",24,37,7,9,31.0713174604534,100,"Smooth","Max. Reward Condition",40,"1",16,1,107,185,"Long",0.383113164842575,148.412999804514,NA,116.367181771962,"localGP"
"5742",24,38,5,6,65.7919203460871,100,"Smooth","Max. Reward Condition",40,"1",16,2,72,185,"Long",0.383113164842575,148.412999804514,NA,116.367181771962,"localGP"
"5743",24,39,5,2,15.5566285414622,100,"Smooth","Max. Reward Condition",40,"1",16,5,28,185,"Long",0.383113164842575,148.412999804514,NA,116.367181771962,"localGP"
"5744",24,40,6,2,37.2945484739635,100,"Smooth","Max. Reward Condition",40,"1",16,2,29,185,"Long",0.383113164842575,148.412999804514,NA,116.367181771962,"localGP"
"5745",24,41,7,6,29.9313498285692,100,"Smooth","Max. Reward Condition",40,"1",16,1,74,185,"Long",0.383113164842575,148.412999804514,NA,116.367181771962,"localGP"
"5746",24,1,7,7,81.7749017517345,81.7749017517345,"Smooth","Max. Reward Condition",20,"2",7,NA,85,186,"Short",0.088194430879628,0.624613462820705,NA,0.369785594944215,"localGP"
"5747",24,2,8,8,50.5250509128817,81.7749017517345,"Smooth","Max. Reward Condition",20,"2",7,3,97,186,"Short",0.088194430879628,0.624613462820705,NA,0.369785594944215,"localGP"
"5748",24,3,7,8,65.9206763266324,81.7749017517345,"Smooth","Max. Reward Condition",20,"2",7,3,96,186,"Short",0.088194430879628,0.624613462820705,NA,0.369785594944215,"localGP"
"5749",24,4,6,7,46.9199796180267,81.7749017517345,"Smooth","Max. Reward Condition",20,"2",7,2,84,186,"Short",0.088194430879628,0.624613462820705,NA,0.369785594944215,"localGP"
"5750",24,5,8,3,69.467939664169,81.7749017517345,"Smooth","Max. Reward Condition",20,"2",7,1,42,186,"Short",0.088194430879628,0.624613462820705,NA,0.369785594944215,"localGP"
"5751",24,6,8,4,92.0072637842279,92.0072637842279,"Smooth","Max. Reward Condition",20,"2",7,0,53,186,"Short",0.088194430879628,0.624613462820705,NA,0.369785594944215,"localGP"
"5752",24,7,1,2,29.6498568268542,92.0072637842279,"Smooth","Max. Reward Condition",20,"2",7,2,24,186,"Short",0.088194430879628,0.624613462820705,NA,0.369785594944215,"localGP"
"5753",24,8,1,3,41.4633758464049,92.0072637842279,"Smooth","Max. Reward Condition",20,"2",7,12,35,186,"Short",0.088194430879628,0.624613462820705,NA,0.369785594944215,"localGP"
"5754",24,9,5,10,39.0017355764079,92.0072637842279,"Smooth","Max. Reward Condition",20,"2",7,1,116,186,"Short",0.088194430879628,0.624613462820705,NA,0.369785594944215,"localGP"
"5755",24,10,8,10,40.3851735013873,92.0072637842279,"Smooth","Max. Reward Condition",20,"2",7,1,119,186,"Short",0.088194430879628,0.624613462820705,NA,0.369785594944215,"localGP"
"5756",24,11,9,10,62.3733166827573,92.0072637842279,"Smooth","Max. Reward Condition",20,"2",7,4,120,186,"Short",0.088194430879628,0.624613462820705,NA,0.369785594944215,"localGP"
"5757",24,12,1,8,45.1295741279083,92.0072637842279,"Smooth","Max. Reward Condition",20,"2",7,8,90,186,"Short",0.088194430879628,0.624613462820705,NA,0.369785594944215,"localGP"
"5758",24,13,1,7,52.9143905070461,92.0072637842279,"Smooth","Max. Reward Condition",20,"2",7,9,79,186,"Short",0.088194430879628,0.624613462820705,NA,0.369785594944215,"localGP"
"5759",24,14,2,7,57.6455524159847,92.0072637842279,"Smooth","Max. Reward Condition",20,"2",7,1,80,186,"Short",0.088194430879628,0.624613462820705,NA,0.369785594944215,"localGP"
"5760",24,15,3,5,100,100,"Smooth","Max. Reward Condition",20,"2",7,2,59,186,"Short",0.088194430879628,0.624613462820705,NA,0.369785594944215,"localGP"
"5761",24,16,4,5,66.807827900394,100,"Smooth","Max. Reward Condition",20,"2",7,3,60,186,"Short",0.088194430879628,0.624613462820705,NA,0.369785594944215,"localGP"
"5762",24,17,3,5,100,100,"Smooth","Max. Reward Condition",20,"2",7,1,59,186,"Short",0.088194430879628,0.624613462820705,NA,0.369785594944215,"localGP"
"5763",24,18,6,4,72.5109856479773,100,"Smooth","Max. Reward Condition",20,"2",7,2,51,186,"Short",0.088194430879628,0.624613462820705,NA,0.369785594944215,"localGP"
"5764",24,19,7,4,76.4592320894519,100,"Smooth","Max. Reward Condition",20,"2",7,2,52,186,"Short",0.088194430879628,0.624613462820705,NA,0.369785594944215,"localGP"
"5765",24,20,7,4,76.4592320894519,100,"Smooth","Max. Reward Condition",20,"2",7,0,52,186,"Short",0.088194430879628,0.624613462820705,NA,0.369785594944215,"localGP"
"5766",24,21,5,9,27.8448402853638,100,"Smooth","Max. Reward Condition",20,"2",7,4,105,186,"Short",0.088194430879628,0.624613462820705,NA,0.369785594944215,"localGP"
"5767",24,1,2,0,69.5209390611237,69.5209390611237,"Smooth","Max. Reward Condition",40,"3",12,NA,3,187,"Long",0.118679736995919,0.527172278286486,NA,0.434485001683171,"localGP"
"5768",24,2,2,1,71.2084102160603,71.2084102160603,"Smooth","Max. Reward Condition",40,"3",12,1,14,187,"Long",0.118679736995919,0.527172278286486,NA,0.434485001683171,"localGP"
"5769",24,3,1,2,35.7010889135408,71.2084102160603,"Smooth","Max. Reward Condition",40,"3",12,7,24,187,"Long",0.118679736995919,0.527172278286486,NA,0.434485001683171,"localGP"
"5770",24,4,5,8,82.0331276528132,82.0331276528132,"Smooth","Max. Reward Condition",40,"3",12,6,94,187,"Long",0.118679736995919,0.527172278286486,NA,0.434485001683171,"localGP"
"5771",24,5,4,8,46.4068555234457,82.0331276528132,"Smooth","Max. Reward Condition",40,"3",12,0,93,187,"Long",0.118679736995919,0.527172278286486,NA,0.434485001683171,"localGP"
"5772",24,6,5,2,65.4096686254795,82.0331276528132,"Smooth","Max. Reward Condition",40,"3",12,2,28,187,"Long",0.118679736995919,0.527172278286486,NA,0.434485001683171,"localGP"
"5773",24,7,5,1,44.2328217511711,82.0331276528132,"Smooth","Max. Reward Condition",40,"3",12,4,17,187,"Long",0.118679736995919,0.527172278286486,NA,0.434485001683171,"localGP"
"5774",24,8,10,10,82.1633669638576,82.1633669638576,"Smooth","Max. Reward Condition",40,"3",12,4,121,187,"Long",0.118679736995919,0.527172278286486,NA,0.434485001683171,"localGP"
"5775",24,9,10,3,22.9154847675258,82.1633669638576,"Smooth","Max. Reward Condition",40,"3",12,2,44,187,"Long",0.118679736995919,0.527172278286486,NA,0.434485001683171,"localGP"
"5776",24,10,7,0,73.3448619452636,82.1633669638576,"Smooth","Max. Reward Condition",40,"3",12,0,8,187,"Long",0.118679736995919,0.527172278286486,NA,0.434485001683171,"localGP"
"5777",24,11,6,3,32.6895102887669,82.1633669638576,"Smooth","Max. Reward Condition",40,"3",12,3,40,187,"Long",0.118679736995919,0.527172278286486,NA,0.434485001683171,"localGP"
"5778",24,12,1,10,44.7478719806417,82.1633669638576,"Smooth","Max. Reward Condition",40,"3",12,2,112,187,"Long",0.118679736995919,0.527172278286486,NA,0.434485001683171,"localGP"
"5779",24,13,6,0,32.1906110791016,82.1633669638576,"Smooth","Max. Reward Condition",40,"3",12,1,7,187,"Long",0.118679736995919,0.527172278286486,NA,0.434485001683171,"localGP"
"5780",24,14,6,2,67.1671387107325,82.1633669638576,"Smooth","Max. Reward Condition",40,"3",12,3,29,187,"Long",0.118679736995919,0.527172278286486,NA,0.434485001683171,"localGP"
"5781",24,15,9,9,79.9813230498627,82.1633669638576,"Smooth","Max. Reward Condition",40,"3",12,0,109,187,"Long",0.118679736995919,0.527172278286486,NA,0.434485001683171,"localGP"
"5782",24,16,9,8,85.7573935505375,85.7573935505375,"Smooth","Max. Reward Condition",40,"3",12,3,98,187,"Long",0.118679736995919,0.527172278286486,NA,0.434485001683171,"localGP"
"5783",24,17,10,8,81.5439013979377,85.7573935505375,"Smooth","Max. Reward Condition",40,"3",12,1,99,187,"Long",0.118679736995919,0.527172278286486,NA,0.434485001683171,"localGP"
"5784",24,18,3,3,78.6603428808522,85.7573935505375,"Smooth","Max. Reward Condition",40,"3",12,2,37,187,"Long",0.118679736995919,0.527172278286486,NA,0.434485001683171,"localGP"
"5785",24,19,8,7,81.8274104004157,85.7573935505375,"Smooth","Max. Reward Condition",40,"3",12,1,86,187,"Long",0.118679736995919,0.527172278286486,NA,0.434485001683171,"localGP"
"5786",24,20,9,6,67.9862039342171,85.7573935505375,"Smooth","Max. Reward Condition",40,"3",12,2,76,187,"Long",0.118679736995919,0.527172278286486,NA,0.434485001683171,"localGP"
"5787",24,21,5,3,27.1172437554855,85.7573935505375,"Smooth","Max. Reward Condition",40,"3",12,5,39,187,"Long",0.118679736995919,0.527172278286486,NA,0.434485001683171,"localGP"
"5788",24,22,3,2,92.3609329000905,92.3609329000905,"Smooth","Max. Reward Condition",40,"3",12,3,26,187,"Long",0.118679736995919,0.527172278286486,NA,0.434485001683171,"localGP"
"5789",24,23,6,2,67.1671387107325,92.3609329000905,"Smooth","Max. Reward Condition",40,"3",12,1,29,187,"Long",0.118679736995919,0.527172278286486,NA,0.434485001683171,"localGP"
"5790",24,24,8,0,73.9756184562908,92.3609329000905,"Smooth","Max. Reward Condition",40,"3",12,6,9,187,"Long",0.118679736995919,0.527172278286486,NA,0.434485001683171,"localGP"
"5791",24,25,9,4,56.4576797059475,92.3609329000905,"Smooth","Max. Reward Condition",40,"3",12,1,54,187,"Long",0.118679736995919,0.527172278286486,NA,0.434485001683171,"localGP"
"5792",24,26,8,4,57.9281093850076,92.3609329000905,"Smooth","Max. Reward Condition",40,"3",12,1,53,187,"Long",0.118679736995919,0.527172278286486,NA,0.434485001683171,"localGP"
"5793",24,27,8,3,42.1360242670956,92.3609329000905,"Smooth","Max. Reward Condition",40,"3",12,0,42,187,"Long",0.118679736995919,0.527172278286486,NA,0.434485001683171,"localGP"
"5794",24,28,1,3,52.8430974034595,92.3609329000905,"Smooth","Max. Reward Condition",40,"3",12,2,35,187,"Long",0.118679736995919,0.527172278286486,NA,0.434485001683171,"localGP"
"5795",24,29,9,1,72.9706833593443,92.3609329000905,"Smooth","Max. Reward Condition",40,"3",12,0,21,187,"Long",0.118679736995919,0.527172278286486,NA,0.434485001683171,"localGP"
"5796",24,30,9,3,31.6251889945826,92.3609329000905,"Smooth","Max. Reward Condition",40,"3",12,1,43,187,"Long",0.118679736995919,0.527172278286486,NA,0.434485001683171,"localGP"
"5797",24,31,9,5,58.7716718822745,92.3609329000905,"Smooth","Max. Reward Condition",40,"3",12,5,65,187,"Long",0.118679736995919,0.527172278286486,NA,0.434485001683171,"localGP"
"5798",24,32,10,4,64.149923662819,92.3609329000905,"Smooth","Max. Reward Condition",40,"3",12,1,55,187,"Long",0.118679736995919,0.527172278286486,NA,0.434485001683171,"localGP"
"5799",24,33,6,10,32.3469021465109,92.3609329000905,"Smooth","Max. Reward Condition",40,"3",12,0,117,187,"Long",0.118679736995919,0.527172278286486,NA,0.434485001683171,"localGP"
"5800",24,34,5,10,25.3370988879531,92.3609329000905,"Smooth","Max. Reward Condition",40,"3",12,1,116,187,"Long",0.118679736995919,0.527172278286486,NA,0.434485001683171,"localGP"
"5801",24,35,5,9,58.4786729876124,92.3609329000905,"Smooth","Max. Reward Condition",40,"3",12,3,105,187,"Long",0.118679736995919,0.527172278286486,NA,0.434485001683171,"localGP"
"5802",24,36,8,3,42.1360242670956,92.3609329000905,"Smooth","Max. Reward Condition",40,"3",12,5,42,187,"Long",0.118679736995919,0.527172278286486,NA,0.434485001683171,"localGP"
"5803",24,37,9,10,67.4802551534836,92.3609329000905,"Smooth","Max. Reward Condition",40,"3",12,3,120,187,"Long",0.118679736995919,0.527172278286486,NA,0.434485001683171,"localGP"
"5804",24,38,5,2,65.4096686254795,92.3609329000905,"Smooth","Max. Reward Condition",40,"3",12,1,28,187,"Long",0.118679736995919,0.527172278286486,NA,0.434485001683171,"localGP"
"5805",24,39,4,2,81.6647174161388,92.3609329000905,"Smooth","Max. Reward Condition",40,"3",12,4,27,187,"Long",0.118679736995919,0.527172278286486,NA,0.434485001683171,"localGP"
"5806",24,40,3,9,40.0072640474866,92.3609329000905,"Smooth","Max. Reward Condition",40,"3",12,0,103,187,"Long",0.118679736995919,0.527172278286486,NA,0.434485001683171,"localGP"
"5807",24,41,5,3,27.1172437554855,92.3609329000905,"Smooth","Max. Reward Condition",40,"3",12,5,39,187,"Long",0.118679736995919,0.527172278286486,NA,0.434485001683171,"localGP"
"5808",24,1,10,4,26.9255221357028,26.9255221357028,"Smooth","Max. Reward Condition",20,"4",4,NA,55,188,"Short",0.0880366272442149,0.544136335145684,NA,0.359542794920756,"localGP"
"5809",24,2,7,0,47.3215439823763,47.3215439823763,"Smooth","Max. Reward Condition",20,"4",4,1,8,188,"Short",0.0880366272442149,0.544136335145684,NA,0.359542794920756,"localGP"
"5810",24,3,6,1,31.833699427692,47.3215439823763,"Smooth","Max. Reward Condition",20,"4",4,2,18,188,"Short",0.0880366272442149,0.544136335145684,NA,0.359542794920756,"localGP"
"5811",24,4,7,9,44.9040563122342,47.3215439823763,"Smooth","Max. Reward Condition",20,"4",4,1,107,188,"Short",0.0880366272442149,0.544136335145684,NA,0.359542794920756,"localGP"
"5812",24,5,7,8,22.9940684366215,47.3215439823763,"Smooth","Max. Reward Condition",20,"4",4,1,96,188,"Short",0.0880366272442149,0.544136335145684,NA,0.359542794920756,"localGP"
"5813",24,6,6,8,40.2396617091543,47.3215439823763,"Smooth","Max. Reward Condition",20,"4",4,0,95,188,"Short",0.0880366272442149,0.544136335145684,NA,0.359542794920756,"localGP"
"5814",24,7,1,5,42.3282812740103,47.3215439823763,"Smooth","Max. Reward Condition",20,"4",4,1,57,188,"Short",0.0880366272442149,0.544136335145684,NA,0.359542794920756,"localGP"
"5815",24,8,4,6,62.1617444201005,62.1617444201005,"Smooth","Max. Reward Condition",20,"4",4,4,71,188,"Short",0.0880366272442149,0.544136335145684,NA,0.359542794920756,"localGP"
"5816",24,9,10,6,0,62.1617444201005,"Smooth","Max. Reward Condition",20,"4",4,4,77,188,"Short",0.0880366272442149,0.544136335145684,NA,0.359542794920756,"localGP"
"5817",24,10,10,8,16.5930440253731,62.1617444201005,"Smooth","Max. Reward Condition",20,"4",4,2,99,188,"Short",0.0880366272442149,0.544136335145684,NA,0.359542794920756,"localGP"
"5818",24,11,7,10,50.1452665258359,62.1617444201005,"Smooth","Max. Reward Condition",20,"4",4,1,118,188,"Short",0.0880366272442149,0.544136335145684,NA,0.359542794920756,"localGP"
"5819",24,12,8,3,59.0490578971639,62.1617444201005,"Smooth","Max. Reward Condition",20,"4",4,0,42,188,"Short",0.0880366272442149,0.544136335145684,NA,0.359542794920756,"localGP"
"5820",24,13,8,4,73.0063845921063,73.0063845921063,"Smooth","Max. Reward Condition",20,"4",4,1,53,188,"Short",0.0880366272442149,0.544136335145684,NA,0.359542794920756,"localGP"
"5821",24,14,7,5,24.0038701954065,73.0063845921063,"Smooth","Max. Reward Condition",20,"4",4,1,63,188,"Short",0.0880366272442149,0.544136335145684,NA,0.359542794920756,"localGP"
"5822",24,15,7,7,31.8600199928014,73.0063845921063,"Smooth","Max. Reward Condition",20,"4",4,0,85,188,"Short",0.0880366272442149,0.544136335145684,NA,0.359542794920756,"localGP"
"5823",24,16,7,0,47.3215439823763,73.0063845921063,"Smooth","Max. Reward Condition",20,"4",4,2,8,188,"Short",0.0880366272442149,0.544136335145684,NA,0.359542794920756,"localGP"
"5824",24,17,7,6,33.7698034361065,73.0063845921063,"Smooth","Max. Reward Condition",20,"4",4,0,74,188,"Short",0.0880366272442149,0.544136335145684,NA,0.359542794920756,"localGP"
"5825",24,18,2,10,54.5646114683312,73.0063845921063,"Smooth","Max. Reward Condition",20,"4",4,5,113,188,"Short",0.0880366272442149,0.544136335145684,NA,0.359542794920756,"localGP"
"5826",24,19,0,5,22.8294473469867,73.0063845921063,"Smooth","Max. Reward Condition",20,"4",4,0,56,188,"Short",0.0880366272442149,0.544136335145684,NA,0.359542794920756,"localGP"
"5827",24,20,0,4,3.98967104504308,73.0063845921063,"Smooth","Max. Reward Condition",20,"4",4,2,45,188,"Short",0.0880366272442149,0.544136335145684,NA,0.359542794920756,"localGP"
"5828",24,21,10,3,29.4064021858765,73.0063845921063,"Smooth","Max. Reward Condition",20,"4",4,0,44,188,"Short",0.0880366272442149,0.544136335145684,NA,0.359542794920756,"localGP"
"5829",24,1,5,7,54.5083203528805,54.5083203528805,"Smooth","Max. Reward Condition",40,"5",10,NA,83,189,"Long",0.110566778794493,0.498294598259423,NA,0.409151877621418,"localGP"
"5830",24,2,5,6,44.3936408013236,54.5083203528805,"Smooth","Max. Reward Condition",40,"5",10,4,72,189,"Long",0.110566778794493,0.498294598259423,NA,0.409151877621418,"localGP"
"5831",24,3,6,4,54.6685625446388,54.6685625446388,"Smooth","Max. Reward Condition",40,"5",10,0,51,189,"Long",0.110566778794493,0.498294598259423,NA,0.409151877621418,"localGP"
"5832",24,4,6,3,73.4359730531231,73.4359730531231,"Smooth","Max. Reward Condition",40,"5",10,2,40,189,"Long",0.110566778794493,0.498294598259423,NA,0.409151877621418,"localGP"
"5833",24,5,7,3,51.9507469793725,73.4359730531231,"Smooth","Max. Reward Condition",40,"5",10,1,41,189,"Long",0.110566778794493,0.498294598259423,NA,0.409151877621418,"localGP"
"5834",24,6,8,4,41.0480159470735,73.4359730531231,"Smooth","Max. Reward Condition",40,"5",10,0,53,189,"Long",0.110566778794493,0.498294598259423,NA,0.409151877621418,"localGP"
"5835",24,7,8,5,42.0096919098843,73.4359730531231,"Smooth","Max. Reward Condition",40,"5",10,3,64,189,"Long",0.110566778794493,0.498294598259423,NA,0.409151877621418,"localGP"
"5836",24,8,9,5,33.9547418705907,73.4359730531231,"Smooth","Max. Reward Condition",40,"5",10,0,65,189,"Long",0.110566778794493,0.498294598259423,NA,0.409151877621418,"localGP"
"5837",24,9,10,2,46.3755139459927,73.4359730531231,"Smooth","Max. Reward Condition",40,"5",10,2,33,189,"Long",0.110566778794493,0.498294598259423,NA,0.409151877621418,"localGP"
"5838",24,10,8,4,41.0480159470735,73.4359730531231,"Smooth","Max. Reward Condition",40,"5",10,2,53,189,"Long",0.110566778794493,0.498294598259423,NA,0.409151877621418,"localGP"
"5839",24,11,3,8,54.1275167425475,73.4359730531231,"Smooth","Max. Reward Condition",40,"5",10,1,92,189,"Long",0.110566778794493,0.498294598259423,NA,0.409151877621418,"localGP"
"5840",24,12,0,3,50.2820074971904,73.4359730531231,"Smooth","Max. Reward Condition",40,"5",10,5,34,189,"Long",0.110566778794493,0.498294598259423,NA,0.409151877621418,"localGP"
"5841",24,13,1,2,60.3864830545494,73.4359730531231,"Smooth","Max. Reward Condition",40,"5",10,3,24,189,"Long",0.110566778794493,0.498294598259423,NA,0.409151877621418,"localGP"
"5842",24,14,1,1,27.8495528715729,73.4359730531231,"Smooth","Max. Reward Condition",40,"5",10,2,13,189,"Long",0.110566778794493,0.498294598259423,NA,0.409151877621418,"localGP"
"5843",24,15,1,0,22.8566856126171,73.4359730531231,"Smooth","Max. Reward Condition",40,"5",10,1,2,189,"Long",0.110566778794493,0.498294598259423,NA,0.409151877621418,"localGP"
"5844",24,16,2,2,84.7630980686561,84.7630980686561,"Smooth","Max. Reward Condition",40,"5",10,2,25,189,"Long",0.110566778794493,0.498294598259423,NA,0.409151877621418,"localGP"
"5845",24,17,3,1,42.3496807301259,84.7630980686561,"Smooth","Max. Reward Condition",40,"5",10,0,15,189,"Long",0.110566778794493,0.498294598259423,NA,0.409151877621418,"localGP"
"5846",24,18,3,0,32.200389023984,84.7630980686561,"Smooth","Max. Reward Condition",40,"5",10,2,4,189,"Long",0.110566778794493,0.498294598259423,NA,0.409151877621418,"localGP"
"5847",24,19,3,2,58.9766483666513,84.7630980686561,"Smooth","Max. Reward Condition",40,"5",10,3,26,189,"Long",0.110566778794493,0.498294598259423,NA,0.409151877621418,"localGP"
"5848",24,20,6,7,77.6383685039549,84.7630980686561,"Smooth","Max. Reward Condition",40,"5",10,4,84,189,"Long",0.110566778794493,0.498294598259423,NA,0.409151877621418,"localGP"
"5849",24,21,4,8,26.4974309908262,84.7630980686561,"Smooth","Max. Reward Condition",40,"5",10,1,93,189,"Long",0.110566778794493,0.498294598259423,NA,0.409151877621418,"localGP"
"5850",24,22,5,8,39.6481933267656,84.7630980686561,"Smooth","Max. Reward Condition",40,"5",10,2,94,189,"Long",0.110566778794493,0.498294598259423,NA,0.409151877621418,"localGP"
"5851",24,23,6,9,48.7652106612823,84.7630980686561,"Smooth","Max. Reward Condition",40,"5",10,0,106,189,"Long",0.110566778794493,0.498294598259423,NA,0.409151877621418,"localGP"
"5852",24,24,7,9,41.4991659516561,84.7630980686561,"Smooth","Max. Reward Condition",40,"5",10,3,107,189,"Long",0.110566778794493,0.498294598259423,NA,0.409151877621418,"localGP"
"5853",24,25,5,10,31.2358509644788,84.7630980686561,"Smooth","Max. Reward Condition",40,"5",10,1,116,189,"Long",0.110566778794493,0.498294598259423,NA,0.409151877621418,"localGP"
"5854",24,26,3,10,16.8706552626844,84.7630980686561,"Smooth","Max. Reward Condition",40,"5",10,1,114,189,"Long",0.110566778794493,0.498294598259423,NA,0.409151877621418,"localGP"
"5855",24,27,2,10,38.266332364979,84.7630980686561,"Smooth","Max. Reward Condition",40,"5",10,2,113,189,"Long",0.110566778794493,0.498294598259423,NA,0.409151877621418,"localGP"
"5856",24,28,8,8,22.9010925935709,84.7630980686561,"Smooth","Max. Reward Condition",40,"5",10,4,97,189,"Long",0.110566778794493,0.498294598259423,NA,0.409151877621418,"localGP"
"5857",24,29,8,7,36.5898536730988,84.7630980686561,"Smooth","Max. Reward Condition",40,"5",10,2,86,189,"Long",0.110566778794493,0.498294598259423,NA,0.409151877621418,"localGP"
"5858",24,30,0,9,46.8576784937235,84.7630980686561,"Smooth","Max. Reward Condition",40,"5",10,3,100,189,"Long",0.110566778794493,0.498294598259423,NA,0.409151877621418,"localGP"
"5859",24,31,1,7,37.2168883613835,84.7630980686561,"Smooth","Max. Reward Condition",40,"5",10,2,79,189,"Long",0.110566778794493,0.498294598259423,NA,0.409151877621418,"localGP"
"5860",24,32,2,5,54.3562924005925,84.7630980686561,"Smooth","Max. Reward Condition",40,"5",10,1,58,189,"Long",0.110566778794493,0.498294598259423,NA,0.409151877621418,"localGP"
"5861",24,33,3,5,55.1289621064368,84.7630980686561,"Smooth","Max. Reward Condition",40,"5",10,3,59,189,"Long",0.110566778794493,0.498294598259423,NA,0.409151877621418,"localGP"
"5862",24,34,9,5,33.9547418705907,84.7630980686561,"Smooth","Max. Reward Condition",40,"5",10,2,65,189,"Long",0.110566778794493,0.498294598259423,NA,0.409151877621418,"localGP"
"5863",24,35,10,2,46.3755139459927,84.7630980686561,"Smooth","Max. Reward Condition",40,"5",10,2,33,189,"Long",0.110566778794493,0.498294598259423,NA,0.409151877621418,"localGP"
"5864",24,36,9,2,45.2192972308501,84.7630980686561,"Smooth","Max. Reward Condition",40,"5",10,0,32,189,"Long",0.110566778794493,0.498294598259423,NA,0.409151877621418,"localGP"
"5865",24,37,9,1,41.1826185307411,84.7630980686561,"Smooth","Max. Reward Condition",40,"5",10,1,21,189,"Long",0.110566778794493,0.498294598259423,NA,0.409151877621418,"localGP"
"5866",24,38,5,2,78.8586431174006,84.7630980686561,"Smooth","Max. Reward Condition",40,"5",10,1,28,189,"Long",0.110566778794493,0.498294598259423,NA,0.409151877621418,"localGP"
"5867",24,39,4,2,49.5824885929655,84.7630980686561,"Smooth","Max. Reward Condition",40,"5",10,2,27,189,"Long",0.110566778794493,0.498294598259423,NA,0.409151877621418,"localGP"
"5868",24,40,5,0,61.2584278059806,84.7630980686561,"Smooth","Max. Reward Condition",40,"5",10,3,6,189,"Long",0.110566778794493,0.498294598259423,NA,0.409151877621418,"localGP"
"5869",24,41,6,0,68.3343050142511,84.7630980686561,"Smooth","Max. Reward Condition",40,"5",10,0,7,189,"Long",0.110566778794493,0.498294598259423,NA,0.409151877621418,"localGP"
"5870",24,1,2,4,51.9546837041907,51.9546837041907,"Smooth","Max. Reward Condition",20,"6",15,NA,47,190,"Short",0.0893070008585424,0.682088986407389,NA,0.349006969654602,"localGP"
"5871",24,2,1,4,71.7502401708434,71.7502401708434,"Smooth","Max. Reward Condition",20,"6",15,8,46,190,"Short",0.0893070008585424,0.682088986407389,NA,0.349006969654602,"localGP"
"5872",24,3,0,4,66.4445637917368,71.7502401708434,"Smooth","Max. Reward Condition",20,"6",15,5,45,190,"Short",0.0893070008585424,0.682088986407389,NA,0.349006969654602,"localGP"
"5873",24,4,10,10,75.4865207153683,75.4865207153683,"Smooth","Max. Reward Condition",20,"6",15,2,121,190,"Short",0.0893070008585424,0.682088986407389,NA,0.349006969654602,"localGP"
"5874",24,5,10,9,61.3102358777366,75.4865207153683,"Smooth","Max. Reward Condition",20,"6",15,1,110,190,"Short",0.0893070008585424,0.682088986407389,NA,0.349006969654602,"localGP"
"5875",24,6,8,10,40.4645686196442,75.4865207153683,"Smooth","Max. Reward Condition",20,"6",15,1,119,190,"Short",0.0893070008585424,0.682088986407389,NA,0.349006969654602,"localGP"
"5876",24,7,6,1,47.8003239133114,75.4865207153683,"Smooth","Max. Reward Condition",20,"6",15,2,18,190,"Short",0.0893070008585424,0.682088986407389,NA,0.349006969654602,"localGP"
"5877",24,8,6,2,70.2102889372843,75.4865207153683,"Smooth","Max. Reward Condition",20,"6",15,1,29,190,"Short",0.0893070008585424,0.682088986407389,NA,0.349006969654602,"localGP"
"5878",24,9,6,3,78.683438969698,78.683438969698,"Smooth","Max. Reward Condition",20,"6",15,1,40,190,"Short",0.0893070008585424,0.682088986407389,NA,0.349006969654602,"localGP"
"5879",24,10,4,9,44.2682340241461,78.683438969698,"Smooth","Max. Reward Condition",20,"6",15,0,104,190,"Short",0.0893070008585424,0.682088986407389,NA,0.349006969654602,"localGP"
"5880",24,11,2,10,36.5421304439871,78.683438969698,"Smooth","Max. Reward Condition",20,"6",15,3,113,190,"Short",0.0893070008585424,0.682088986407389,NA,0.349006969654602,"localGP"
"5881",24,12,1,7,64.4115911025455,78.683438969698,"Smooth","Max. Reward Condition",20,"6",15,2,79,190,"Short",0.0893070008585424,0.682088986407389,NA,0.349006969654602,"localGP"
"5882",24,13,1,8,56.8465826807023,78.683438969698,"Smooth","Max. Reward Condition",20,"6",15,1,90,190,"Short",0.0893070008585424,0.682088986407389,NA,0.349006969654602,"localGP"
"5883",24,14,1,7,64.4115911025455,78.683438969698,"Smooth","Max. Reward Condition",20,"6",15,2,79,190,"Short",0.0893070008585424,0.682088986407389,NA,0.349006969654602,"localGP"
"5884",24,15,4,7,3.93003367896105,78.683438969698,"Smooth","Max. Reward Condition",20,"6",15,1,82,190,"Short",0.0893070008585424,0.682088986407389,NA,0.349006969654602,"localGP"
"5885",24,16,4,5,83.3494721532076,83.3494721532076,"Smooth","Max. Reward Condition",20,"6",15,0,60,190,"Short",0.0893070008585424,0.682088986407389,NA,0.349006969654602,"localGP"
"5886",24,17,6,4,54.0696372029281,83.3494721532076,"Smooth","Max. Reward Condition",20,"6",15,2,51,190,"Short",0.0893070008585424,0.682088986407389,NA,0.349006969654602,"localGP"
"5887",24,18,5,6,48.2722078874415,83.3494721532076,"Smooth","Max. Reward Condition",20,"6",15,3,72,190,"Short",0.0893070008585424,0.682088986407389,NA,0.349006969654602,"localGP"
"5888",24,19,5,4,66.0342467267579,83.3494721532076,"Smooth","Max. Reward Condition",20,"6",15,0,50,190,"Short",0.0893070008585424,0.682088986407389,NA,0.349006969654602,"localGP"
"5889",24,20,5,5,46.1370569424132,83.3494721532076,"Smooth","Max. Reward Condition",20,"6",15,1,61,190,"Short",0.0893070008585424,0.682088986407389,NA,0.349006969654602,"localGP"
"5890",24,21,4,5,83.3494721532076,83.3494721532076,"Smooth","Max. Reward Condition",20,"6",15,2,60,190,"Short",0.0893070008585424,0.682088986407389,NA,0.349006969654602,"localGP"
"5891",24,1,1,2,37.0468880357367,37.0468880357367,"Smooth","Max. Reward Condition",40,"7",17,NA,24,191,"Long",0.109467456493493,0.477187787429552,NA,0.398045200801159,"localGP"
"5892",24,2,2,2,22.1855612210246,37.0468880357367,"Smooth","Max. Reward Condition",40,"7",17,1,25,191,"Long",0.109467456493493,0.477187787429552,NA,0.398045200801159,"localGP"
"5893",24,3,4,10,42.5458481354348,42.5458481354348,"Smooth","Max. Reward Condition",40,"7",17,3,115,191,"Long",0.109467456493493,0.477187787429552,NA,0.398045200801159,"localGP"
"5894",24,4,3,10,66.9843682918031,66.9843682918031,"Smooth","Max. Reward Condition",40,"7",17,3,114,191,"Long",0.109467456493493,0.477187787429552,NA,0.398045200801159,"localGP"
"5895",24,5,4,9,28.1850545862844,66.9843682918031,"Smooth","Max. Reward Condition",40,"7",17,11,104,191,"Long",0.109467456493493,0.477187787429552,NA,0.398045200801159,"localGP"
"5896",24,6,7,8,22.0278987459419,66.9843682918031,"Smooth","Max. Reward Condition",40,"7",17,4,96,191,"Long",0.109467456493493,0.477187787429552,NA,0.398045200801159,"localGP"
"5897",24,7,2,9,69.3281763432378,69.3281763432378,"Smooth","Max. Reward Condition",40,"7",17,0,102,191,"Long",0.109467456493493,0.477187787429552,NA,0.398045200801159,"localGP"
"5898",24,8,0,0,62.377113880281,69.3281763432378,"Smooth","Max. Reward Condition",40,"7",17,2,1,191,"Long",0.109467456493493,0.477187787429552,NA,0.398045200801159,"localGP"
"5899",24,9,0,1,40.8666314399302,69.3281763432378,"Smooth","Max. Reward Condition",40,"7",17,7,12,191,"Long",0.109467456493493,0.477187787429552,NA,0.398045200801159,"localGP"
"5900",24,10,1,9,43.2151205194365,69.3281763432378,"Smooth","Max. Reward Condition",40,"7",17,3,101,191,"Long",0.109467456493493,0.477187787429552,NA,0.398045200801159,"localGP"
"5901",24,11,3,9,57.8931465906352,69.3281763432378,"Smooth","Max. Reward Condition",40,"7",17,2,103,191,"Long",0.109467456493493,0.477187787429552,NA,0.398045200801159,"localGP"
"5902",24,12,1,5,55.0007890272568,69.3281763432378,"Smooth","Max. Reward Condition",40,"7",17,0,57,191,"Long",0.109467456493493,0.477187787429552,NA,0.398045200801159,"localGP"
"5903",24,13,0,7,75.6546500292789,75.6546500292789,"Smooth","Max. Reward Condition",40,"7",17,3,78,191,"Long",0.109467456493493,0.477187787429552,NA,0.398045200801159,"localGP"
"5904",24,14,0,8,50.1774313220849,75.6546500292789,"Smooth","Max. Reward Condition",40,"7",17,5,89,191,"Long",0.109467456493493,0.477187787429552,NA,0.398045200801159,"localGP"
"5905",24,15,10,2,51.1126681284634,75.6546500292789,"Smooth","Max. Reward Condition",40,"7",17,2,33,191,"Long",0.109467456493493,0.477187787429552,NA,0.398045200801159,"localGP"
"5906",24,16,0,1,40.8666314399302,75.6546500292789,"Smooth","Max. Reward Condition",40,"7",17,0,12,191,"Long",0.109467456493493,0.477187787429552,NA,0.398045200801159,"localGP"
"5907",24,17,7,8,22.0278987459419,75.6546500292789,"Smooth","Max. Reward Condition",40,"7",17,3,96,191,"Long",0.109467456493493,0.477187787429552,NA,0.398045200801159,"localGP"
"5908",24,18,7,9,30.9576770826755,75.6546500292789,"Smooth","Max. Reward Condition",40,"7",17,1,107,191,"Long",0.109467456493493,0.477187787429552,NA,0.398045200801159,"localGP"
"5909",24,19,10,9,62.3531210252204,75.6546500292789,"Smooth","Max. Reward Condition",40,"7",17,1,110,191,"Long",0.109467456493493,0.477187787429552,NA,0.398045200801159,"localGP"
"5910",24,20,10,8,52.8164121364867,75.6546500292789,"Smooth","Max. Reward Condition",40,"7",17,3,99,191,"Long",0.109467456493493,0.477187787429552,NA,0.398045200801159,"localGP"
"5911",24,21,10,10,65.1732478778687,75.6546500292789,"Smooth","Max. Reward Condition",40,"7",17,2,121,191,"Long",0.109467456493493,0.477187787429552,NA,0.398045200801159,"localGP"
"5912",24,22,8,7,41.2249363226123,75.6546500292789,"Smooth","Max. Reward Condition",40,"7",17,1,86,191,"Long",0.109467456493493,0.477187787429552,NA,0.398045200801159,"localGP"
"5913",24,23,8,3,41.0422069840065,75.6546500292789,"Smooth","Max. Reward Condition",40,"7",17,3,42,191,"Long",0.109467456493493,0.477187787429552,NA,0.398045200801159,"localGP"
"5914",24,24,4,5,82.6609311486781,82.6609311486781,"Smooth","Max. Reward Condition",40,"7",17,0,60,191,"Long",0.109467456493493,0.477187787429552,NA,0.398045200801159,"localGP"
"5915",24,25,5,2,42.0898431676423,82.6609311486781,"Smooth","Max. Reward Condition",40,"7",17,1,28,191,"Long",0.109467456493493,0.477187787429552,NA,0.398045200801159,"localGP"
"5916",24,26,4,2,41.5181075048439,82.6609311486781,"Smooth","Max. Reward Condition",40,"7",17,1,27,191,"Long",0.109467456493493,0.477187787429552,NA,0.398045200801159,"localGP"
"5917",24,27,5,1,47.5998208868707,82.6609311486781,"Smooth","Max. Reward Condition",40,"7",17,3,17,191,"Long",0.109467456493493,0.477187787429552,NA,0.398045200801159,"localGP"
"5918",24,28,8,1,72.482907273136,82.6609311486781,"Smooth","Max. Reward Condition",40,"7",17,1,20,191,"Long",0.109467456493493,0.477187787429552,NA,0.398045200801159,"localGP"
"5919",24,29,7,5,24.4140130068995,82.6609311486781,"Smooth","Max. Reward Condition",40,"7",17,1,63,191,"Long",0.109467456493493,0.477187787429552,NA,0.398045200801159,"localGP"
"5920",24,30,5,8,11.4143082127456,82.6609311486781,"Smooth","Max. Reward Condition",40,"7",17,2,94,191,"Long",0.109467456493493,0.477187787429552,NA,0.398045200801159,"localGP"
"5921",24,31,4,8,28.2798800164457,82.6609311486781,"Smooth","Max. Reward Condition",40,"7",17,0,93,191,"Long",0.109467456493493,0.477187787429552,NA,0.398045200801159,"localGP"
"5922",24,32,3,8,42.84962574602,82.6609311486781,"Smooth","Max. Reward Condition",40,"7",17,2,92,191,"Long",0.109467456493493,0.477187787429552,NA,0.398045200801159,"localGP"
"5923",24,33,4,3,58.5828600076787,82.6609311486781,"Smooth","Max. Reward Condition",40,"7",17,5,38,191,"Long",0.109467456493493,0.477187787429552,NA,0.398045200801159,"localGP"
"5924",24,34,4,4,91.0453666765183,91.0453666765183,"Smooth","Max. Reward Condition",40,"7",17,2,49,191,"Long",0.109467456493493,0.477187787429552,NA,0.398045200801159,"localGP"
"5925",24,35,9,3,46.6566969511363,91.0453666765183,"Smooth","Max. Reward Condition",40,"7",17,2,43,191,"Long",0.109467456493493,0.477187787429552,NA,0.398045200801159,"localGP"
"5926",24,36,7,2,75.4767861169897,91.0453666765183,"Smooth","Max. Reward Condition",40,"7",17,3,30,191,"Long",0.109467456493493,0.477187787429552,NA,0.398045200801159,"localGP"
"5927",24,37,8,2,58.6698020983596,91.0453666765183,"Smooth","Max. Reward Condition",40,"7",17,3,31,191,"Long",0.109467456493493,0.477187787429552,NA,0.398045200801159,"localGP"
"5928",24,38,3,1,43.1791147725399,91.0453666765183,"Smooth","Max. Reward Condition",40,"7",17,4,15,191,"Long",0.109467456493493,0.477187787429552,NA,0.398045200801159,"localGP"
"5929",24,39,3,3,36.5733542977154,91.0453666765183,"Smooth","Max. Reward Condition",40,"7",17,1,37,191,"Long",0.109467456493493,0.477187787429552,NA,0.398045200801159,"localGP"
"5930",24,40,9,2,61.2328313853332,91.0453666765183,"Smooth","Max. Reward Condition",40,"7",17,2,32,191,"Long",0.109467456493493,0.477187787429552,NA,0.398045200801159,"localGP"
"5931",24,41,3,3,36.5733542977154,91.0453666765183,"Smooth","Max. Reward Condition",40,"7",17,2,37,191,"Long",0.109467456493493,0.477187787429552,NA,0.398045200801159,"localGP"
"5932",24,1,6,6,30.335879587278,30.335879587278,"Smooth","Max. Reward Condition",20,"8",9,NA,73,192,"Short",0.0797056645178548,0.532747075059532,NA,0.316180319213568,"localGP"
"5933",24,2,6,7,31.2453009050804,31.2453009050804,"Smooth","Max. Reward Condition",20,"8",9,2,84,192,"Short",0.0797056645178548,0.532747075059532,NA,0.316180319213568,"localGP"
"5934",24,3,6,5,36.7517013773069,36.7517013773069,"Smooth","Max. Reward Condition",20,"8",9,1,62,192,"Short",0.0797056645178548,0.532747075059532,NA,0.316180319213568,"localGP"
"5935",24,4,6,10,59.0349018269821,59.0349018269821,"Smooth","Max. Reward Condition",20,"8",9,1,117,192,"Short",0.0797056645178548,0.532747075059532,NA,0.316180319213568,"localGP"
"5936",24,5,6,9,70.5892702957914,70.5892702957914,"Smooth","Max. Reward Condition",20,"8",9,1,106,192,"Short",0.0797056645178548,0.532747075059532,NA,0.316180319213568,"localGP"
"5937",24,6,7,9,69.1316756663671,70.5892702957914,"Smooth","Max. Reward Condition",20,"8",9,0,107,192,"Short",0.0797056645178548,0.532747075059532,NA,0.316180319213568,"localGP"
"5938",24,7,8,1,48.5054292480758,70.5892702957914,"Smooth","Max. Reward Condition",20,"8",9,2,20,192,"Short",0.0797056645178548,0.532747075059532,NA,0.316180319213568,"localGP"
"5939",24,8,7,1,45.4129619985676,70.5892702957914,"Smooth","Max. Reward Condition",20,"8",9,2,19,192,"Short",0.0797056645178548,0.532747075059532,NA,0.316180319213568,"localGP"
"5940",24,9,7,2,45.3020225853978,70.5892702957914,"Smooth","Max. Reward Condition",20,"8",9,3,30,192,"Short",0.0797056645178548,0.532747075059532,NA,0.316180319213568,"localGP"
"5941",24,10,1,2,36.7054218908071,70.5892702957914,"Smooth","Max. Reward Condition",20,"8",9,1,24,192,"Short",0.0797056645178548,0.532747075059532,NA,0.316180319213568,"localGP"
"5942",24,11,1,1,49.8229804022981,70.5892702957914,"Smooth","Max. Reward Condition",20,"8",9,1,13,192,"Short",0.0797056645178548,0.532747075059532,NA,0.316180319213568,"localGP"
"5943",24,12,4,1,66.1540959055095,70.5892702957914,"Smooth","Max. Reward Condition",20,"8",9,2,16,192,"Short",0.0797056645178548,0.532747075059532,NA,0.316180319213568,"localGP"
"5944",24,13,10,6,41.1599115765723,70.5892702957914,"Smooth","Max. Reward Condition",20,"8",9,1,77,192,"Short",0.0797056645178548,0.532747075059532,NA,0.316180319213568,"localGP"
"5945",24,14,10,5,57.8728197854694,70.5892702957914,"Smooth","Max. Reward Condition",20,"8",9,1,66,192,"Short",0.0797056645178548,0.532747075059532,NA,0.316180319213568,"localGP"
"5946",24,15,9,0,18.5206183987232,70.5892702957914,"Smooth","Max. Reward Condition",20,"8",9,1,10,192,"Short",0.0797056645178548,0.532747075059532,NA,0.316180319213568,"localGP"
"5947",24,16,10,0,73.1299582594774,73.1299582594774,"Smooth","Max. Reward Condition",20,"8",9,1,11,192,"Short",0.0797056645178548,0.532747075059532,NA,0.316180319213568,"localGP"
"5948",24,17,10,1,42.9509969441746,73.1299582594774,"Smooth","Max. Reward Condition",20,"8",9,7,22,192,"Short",0.0797056645178548,0.532747075059532,NA,0.316180319213568,"localGP"
"5949",24,18,9,1,31.5526478854245,73.1299582594774,"Smooth","Max. Reward Condition",20,"8",9,8,21,192,"Short",0.0797056645178548,0.532747075059532,NA,0.316180319213568,"localGP"
"5950",24,19,9,5,32.4681463140711,73.1299582594774,"Smooth","Max. Reward Condition",20,"8",9,4,65,192,"Short",0.0797056645178548,0.532747075059532,NA,0.316180319213568,"localGP"
"5951",24,20,7,10,78.998388653825,78.998388653825,"Smooth","Max. Reward Condition",20,"8",9,2,118,192,"Short",0.0797056645178548,0.532747075059532,NA,0.316180319213568,"localGP"
"5952",24,21,3,8,56.9817501368753,78.998388653825,"Smooth","Max. Reward Condition",20,"8",9,5,92,192,"Short",0.0797056645178548,0.532747075059532,NA,0.316180319213568,"localGP"
"5953",25,1,10,10,65.1732478778687,65.1732478778687,"Rough","Avg. Reward Condition",20,"1",17,NA,121,193,"Short",0.0799097923618162,0.750578194298118,NA,0.449896276274859,"localGP"
"5954",25,2,10,9,62.3531210252204,65.1732478778687,"Rough","Avg. Reward Condition",20,"1",17,4,110,193,"Short",0.0799097923618162,0.750578194298118,NA,0.449896276274859,"localGP"
"5955",25,3,7,6,12.2076105281821,65.1732478778687,"Rough","Avg. Reward Condition",20,"1",17,2,74,193,"Short",0.0799097923618162,0.750578194298118,NA,0.449896276274859,"localGP"
"5956",25,4,9,5,49.3600787974706,65.1732478778687,"Rough","Avg. Reward Condition",20,"1",17,1,65,193,"Short",0.0799097923618162,0.750578194298118,NA,0.449896276274859,"localGP"
"5957",25,5,9,6,69.0496352033319,69.0496352033319,"Rough","Avg. Reward Condition",20,"1",17,1,76,193,"Short",0.0799097923618162,0.750578194298118,NA,0.449896276274859,"localGP"
"5958",25,6,9,7,72.9342168010689,72.9342168010689,"Rough","Avg. Reward Condition",20,"1",17,1,87,193,"Short",0.0799097923618162,0.750578194298118,NA,0.449896276274859,"localGP"
"5959",25,7,9,8,75.2770769943809,75.2770769943809,"Rough","Avg. Reward Condition",20,"1",17,1,98,193,"Short",0.0799097923618162,0.750578194298118,NA,0.449896276274859,"localGP"
"5960",25,8,8,8,48.6209458913059,75.2770769943809,"Rough","Avg. Reward Condition",20,"1",17,2,97,193,"Short",0.0799097923618162,0.750578194298118,NA,0.449896276274859,"localGP"
"5961",25,9,6,8,0,75.2770769943809,"Rough","Avg. Reward Condition",20,"1",17,1,95,193,"Short",0.0799097923618162,0.750578194298118,NA,0.449896276274859,"localGP"
"5962",25,10,2,3,51.4694994418352,75.2770769943809,"Rough","Avg. Reward Condition",20,"1",17,2,36,193,"Short",0.0799097923618162,0.750578194298118,NA,0.449896276274859,"localGP"
"5963",25,11,1,3,74.4820518548536,75.2770769943809,"Rough","Avg. Reward Condition",20,"1",17,2,35,193,"Short",0.0799097923618162,0.750578194298118,NA,0.449896276274859,"localGP"
"5964",25,12,0,3,53.5211844117636,75.2770769943809,"Rough","Avg. Reward Condition",20,"1",17,5,34,193,"Short",0.0799097923618162,0.750578194298118,NA,0.449896276274859,"localGP"
"5965",25,13,0,2,36.3094858806942,75.2770769943809,"Rough","Avg. Reward Condition",20,"1",17,1,23,193,"Short",0.0799097923618162,0.750578194298118,NA,0.449896276274859,"localGP"
"5966",25,14,1,2,37.0468880357367,75.2770769943809,"Rough","Avg. Reward Condition",20,"1",17,1,24,193,"Short",0.0799097923618162,0.750578194298118,NA,0.449896276274859,"localGP"
"5967",25,15,1,4,59.7275307327632,75.2770769943809,"Rough","Avg. Reward Condition",20,"1",17,1,46,193,"Short",0.0799097923618162,0.750578194298118,NA,0.449896276274859,"localGP"
"5968",25,16,0,4,42.8036360256074,75.2770769943809,"Rough","Avg. Reward Condition",20,"1",17,1,45,193,"Short",0.0799097923618162,0.750578194298118,NA,0.449896276274859,"localGP"
"5969",25,17,0,5,32.850086686041,75.2770769943809,"Rough","Avg. Reward Condition",20,"1",17,1,56,193,"Short",0.0799097923618162,0.750578194298118,NA,0.449896276274859,"localGP"
"5970",25,18,0,6,45.728251505355,75.2770769943809,"Rough","Avg. Reward Condition",20,"1",17,2,67,193,"Short",0.0799097923618162,0.750578194298118,NA,0.449896276274859,"localGP"
"5971",25,19,1,6,46.8743954250285,75.2770769943809,"Rough","Avg. Reward Condition",20,"1",17,1,68,193,"Short",0.0799097923618162,0.750578194298118,NA,0.449896276274859,"localGP"
"5972",25,20,0,9,6.38846062924272,75.2770769943809,"Rough","Avg. Reward Condition",20,"1",17,1,100,193,"Short",0.0799097923618162,0.750578194298118,NA,0.449896276274859,"localGP"
"5973",25,21,2,0,54.8642131935896,75.2770769943809,"Rough","Avg. Reward Condition",20,"1",17,6,3,193,"Short",0.0799097923618162,0.750578194298118,NA,0.449896276274859,"localGP"
"5974",25,1,3,1,65.6803696524248,65.6803696524248,"Rough","Avg. Reward Condition",40,"2",19,NA,15,194,"Long",0.0915390521370874,0.667166972060651,NA,0.554676994803698,"localGP"
"5975",25,2,3,2,41.5227672023987,65.6803696524248,"Rough","Avg. Reward Condition",40,"2",19,7,26,194,"Long",0.0915390521370874,0.667166972060651,NA,0.554676994803698,"localGP"
"5976",25,3,2,1,73.5415165064452,73.5415165064452,"Rough","Avg. Reward Condition",40,"2",19,6,14,194,"Long",0.0915390521370874,0.667166972060651,NA,0.554676994803698,"localGP"
"5977",25,4,1,1,44.7148827500089,73.5415165064452,"Rough","Avg. Reward Condition",40,"2",19,1,13,194,"Long",0.0915390521370874,0.667166972060651,NA,0.554676994803698,"localGP"
"5978",25,5,1,2,57.7851669507592,73.5415165064452,"Rough","Avg. Reward Condition",40,"2",19,1,24,194,"Long",0.0915390521370874,0.667166972060651,NA,0.554676994803698,"localGP"
"5979",25,6,0,2,43.4289249279307,73.5415165064452,"Rough","Avg. Reward Condition",40,"2",19,1,23,194,"Long",0.0915390521370874,0.667166972060651,NA,0.554676994803698,"localGP"
"5980",25,7,8,6,77.0215365379863,77.0215365379863,"Rough","Avg. Reward Condition",40,"2",19,1,75,194,"Long",0.0915390521370874,0.667166972060651,NA,0.554676994803698,"localGP"
"5981",25,8,8,7,93.2880256740387,93.2880256740387,"Rough","Avg. Reward Condition",40,"2",19,2,86,194,"Long",0.0915390521370874,0.667166972060651,NA,0.554676994803698,"localGP"
"5982",25,9,7,7,78.4257216995386,93.2880256740387,"Rough","Avg. Reward Condition",40,"2",19,1,85,194,"Long",0.0915390521370874,0.667166972060651,NA,0.554676994803698,"localGP"
"5983",25,10,6,7,40.7675652395294,93.2880256740387,"Rough","Avg. Reward Condition",40,"2",19,4,84,194,"Long",0.0915390521370874,0.667166972060651,NA,0.554676994803698,"localGP"
"5984",25,11,6,8,44.7447631342977,93.2880256740387,"Rough","Avg. Reward Condition",40,"2",19,1,95,194,"Long",0.0915390521370874,0.667166972060651,NA,0.554676994803698,"localGP"
"5985",25,12,8,8,81.8046970917315,93.2880256740387,"Rough","Avg. Reward Condition",40,"2",19,1,97,194,"Long",0.0915390521370874,0.667166972060651,NA,0.554676994803698,"localGP"
"5986",25,13,8,9,63.1901515290244,93.2880256740387,"Rough","Avg. Reward Condition",40,"2",19,3,108,194,"Long",0.0915390521370874,0.667166972060651,NA,0.554676994803698,"localGP"
"5987",25,14,4,8,46.6192983438383,93.2880256740387,"Rough","Avg. Reward Condition",40,"2",19,1,93,194,"Long",0.0915390521370874,0.667166972060651,NA,0.554676994803698,"localGP"
"5988",25,15,4,7,70.1082193743666,93.2880256740387,"Rough","Avg. Reward Condition",40,"2",19,2,82,194,"Long",0.0915390521370874,0.667166972060651,NA,0.554676994803698,"localGP"
"5989",25,16,3,4,21.941962898439,93.2880256740387,"Rough","Avg. Reward Condition",40,"2",19,1,48,194,"Long",0.0915390521370874,0.667166972060651,NA,0.554676994803698,"localGP"
"5990",25,17,5,5,69.1135856267553,93.2880256740387,"Rough","Avg. Reward Condition",40,"2",19,1,61,194,"Long",0.0915390521370874,0.667166972060651,NA,0.554676994803698,"localGP"
"5991",25,18,6,3,86.4985901727727,93.2880256740387,"Rough","Avg. Reward Condition",40,"2",19,2,40,194,"Long",0.0915390521370874,0.667166972060651,NA,0.554676994803698,"localGP"
"5992",25,19,6,2,40.0662726855817,93.2880256740387,"Rough","Avg. Reward Condition",40,"2",19,1,29,194,"Long",0.0915390521370874,0.667166972060651,NA,0.554676994803698,"localGP"
"5993",25,20,6,3,86.4985901727727,93.2880256740387,"Rough","Avg. Reward Condition",40,"2",19,1,40,194,"Long",0.0915390521370874,0.667166972060651,NA,0.554676994803698,"localGP"
"5994",25,21,6,4,77.7374692379335,93.2880256740387,"Rough","Avg. Reward Condition",40,"2",19,3,51,194,"Long",0.0915390521370874,0.667166972060651,NA,0.554676994803698,"localGP"
"5995",25,22,5,4,59.2776068858534,93.2880256740387,"Rough","Avg. Reward Condition",40,"2",19,5,50,194,"Long",0.0915390521370874,0.667166972060651,NA,0.554676994803698,"localGP"
"5996",25,23,5,3,50.6291385823162,93.2880256740387,"Rough","Avg. Reward Condition",40,"2",19,1,39,194,"Long",0.0915390521370874,0.667166972060651,NA,0.554676994803698,"localGP"
"5997",25,24,0,0,17.04487034963,93.2880256740387,"Rough","Avg. Reward Condition",40,"2",19,2,1,194,"Long",0.0915390521370874,0.667166972060651,NA,0.554676994803698,"localGP"
"5998",25,25,1,0,30.9199294769584,93.2880256740387,"Rough","Avg. Reward Condition",40,"2",19,2,2,194,"Long",0.0915390521370874,0.667166972060651,NA,0.554676994803698,"localGP"
"5999",25,26,2,0,58.6183750190208,93.2880256740387,"Rough","Avg. Reward Condition",40,"2",19,2,3,194,"Long",0.0915390521370874,0.667166972060651,NA,0.554676994803698,"localGP"
"6000",25,27,2,2,85.7983244921108,93.2880256740387,"Rough","Avg. Reward Condition",40,"2",19,8,25,194,"Long",0.0915390521370874,0.667166972060651,NA,0.554676994803698,"localGP"
"6001",25,28,2,3,64.1450860861758,93.2880256740387,"Rough","Avg. Reward Condition",40,"2",19,2,36,194,"Long",0.0915390521370874,0.667166972060651,NA,0.554676994803698,"localGP"
"6002",25,29,1,3,45.9782806867717,93.2880256740387,"Rough","Avg. Reward Condition",40,"2",19,5,35,194,"Long",0.0915390521370874,0.667166972060651,NA,0.554676994803698,"localGP"
"6003",25,30,1,5,0,93.2880256740387,"Rough","Avg. Reward Condition",40,"2",19,4,57,194,"Long",0.0915390521370874,0.667166972060651,NA,0.554676994803698,"localGP"
"6004",25,31,9,5,25.1177423961982,93.2880256740387,"Rough","Avg. Reward Condition",40,"2",19,3,65,194,"Long",0.0915390521370874,0.667166972060651,NA,0.554676994803698,"localGP"
"6005",25,32,10,6,47.880592856799,93.2880256740387,"Rough","Avg. Reward Condition",40,"2",19,14,77,194,"Long",0.0915390521370874,0.667166972060651,NA,0.554676994803698,"localGP"
"6006",25,33,9,6,35.4789284248096,93.2880256740387,"Rough","Avg. Reward Condition",40,"2",19,1,76,194,"Long",0.0915390521370874,0.667166972060651,NA,0.554676994803698,"localGP"
"6007",25,34,10,0,58.0700494610344,93.2880256740387,"Rough","Avg. Reward Condition",40,"2",19,1,11,194,"Long",0.0915390521370874,0.667166972060651,NA,0.554676994803698,"localGP"
"6008",25,35,8,0,54.8770550942249,93.2880256740387,"Rough","Avg. Reward Condition",40,"2",19,2,9,194,"Long",0.0915390521370874,0.667166972060651,NA,0.554676994803698,"localGP"
"6009",25,36,8,1,31.0005774332624,93.2880256740387,"Rough","Avg. Reward Condition",40,"2",19,1,20,194,"Long",0.0915390521370874,0.667166972060651,NA,0.554676994803698,"localGP"
"6010",25,37,9,1,60.8910168599768,93.2880256740387,"Rough","Avg. Reward Condition",40,"2",19,1,21,194,"Long",0.0915390521370874,0.667166972060651,NA,0.554676994803698,"localGP"
"6011",25,38,10,1,72.8353068382427,93.2880256740387,"Rough","Avg. Reward Condition",40,"2",19,1,22,194,"Long",0.0915390521370874,0.667166972060651,NA,0.554676994803698,"localGP"
"6012",25,39,6,1,23.0167211034026,93.2880256740387,"Rough","Avg. Reward Condition",40,"2",19,2,18,194,"Long",0.0915390521370874,0.667166972060651,NA,0.554676994803698,"localGP"
"6013",25,40,5,6,67.4863424571412,93.2880256740387,"Rough","Avg. Reward Condition",40,"2",19,4,72,194,"Long",0.0915390521370874,0.667166972060651,NA,0.554676994803698,"localGP"
"6014",25,41,0,1,39.3177147292541,93.2880256740387,"Rough","Avg. Reward Condition",40,"2",19,4,12,194,"Long",0.0915390521370874,0.667166972060651,NA,0.554676994803698,"localGP"
"6015",25,1,10,10,53.1955394610768,53.1955394610768,"Rough","Avg. Reward Condition",20,"3",3,NA,121,195,"Short",0.0877244671095844,0.661076237860298,NA,0.497868315887935,"localGP"
"6016",25,2,4,5,54.5351061532027,54.5351061532027,"Rough","Avg. Reward Condition",20,"3",3,6,60,195,"Short",0.0877244671095844,0.661076237860298,NA,0.497868315887935,"localGP"
"6017",25,3,2,5,22.080089893032,54.5351061532027,"Rough","Avg. Reward Condition",20,"3",3,4,58,195,"Short",0.0877244671095844,0.661076237860298,NA,0.497868315887935,"localGP"
"6018",25,4,5,4,50.7453556763626,54.5351061532027,"Rough","Avg. Reward Condition",20,"3",3,5,50,195,"Short",0.0877244671095844,0.661076237860298,NA,0.497868315887935,"localGP"
"6019",25,5,4,4,49.7580304361875,54.5351061532027,"Rough","Avg. Reward Condition",20,"3",3,1,49,195,"Short",0.0877244671095844,0.661076237860298,NA,0.497868315887935,"localGP"
"6020",25,6,3,4,49.3373531062478,54.5351061532027,"Rough","Avg. Reward Condition",20,"3",3,2,48,195,"Short",0.0877244671095844,0.661076237860298,NA,0.497868315887935,"localGP"
"6021",25,7,4,6,65.0620615185849,65.0620615185849,"Rough","Avg. Reward Condition",20,"3",3,1,71,195,"Short",0.0877244671095844,0.661076237860298,NA,0.497868315887935,"localGP"
"6022",25,8,4,7,73.9799406731188,73.9799406731188,"Rough","Avg. Reward Condition",20,"3",3,1,82,195,"Short",0.0877244671095844,0.661076237860298,NA,0.497868315887935,"localGP"
"6023",25,9,4,8,67.6195096925002,73.9799406731188,"Rough","Avg. Reward Condition",20,"3",3,1,93,195,"Short",0.0877244671095844,0.661076237860298,NA,0.497868315887935,"localGP"
"6024",25,10,5,8,64.8105739200729,73.9799406731188,"Rough","Avg. Reward Condition",20,"3",3,1,94,195,"Short",0.0877244671095844,0.661076237860298,NA,0.497868315887935,"localGP"
"6025",25,11,5,2,41.5069107029267,73.9799406731188,"Rough","Avg. Reward Condition",20,"3",3,1,28,195,"Short",0.0877244671095844,0.661076237860298,NA,0.497868315887935,"localGP"
"6026",25,12,9,1,28.641219902717,73.9799406731188,"Rough","Avg. Reward Condition",20,"3",3,2,21,195,"Short",0.0877244671095844,0.661076237860298,NA,0.497868315887935,"localGP"
"6027",25,13,9,0,0,73.9799406731188,"Rough","Avg. Reward Condition",20,"3",3,3,10,195,"Short",0.0877244671095844,0.661076237860298,NA,0.497868315887935,"localGP"
"6028",25,14,10,10,53.1955394610768,73.9799406731188,"Rough","Avg. Reward Condition",20,"3",3,1,121,195,"Short",0.0877244671095844,0.661076237860298,NA,0.497868315887935,"localGP"
"6029",25,15,10,9,83.9309950136253,83.9309950136253,"Rough","Avg. Reward Condition",20,"3",3,6,110,195,"Short",0.0877244671095844,0.661076237860298,NA,0.497868315887935,"localGP"
"6030",25,16,10,8,89.8653397577546,89.8653397577546,"Rough","Avg. Reward Condition",20,"3",3,6,99,195,"Short",0.0877244671095844,0.661076237860298,NA,0.497868315887935,"localGP"
"6031",25,17,6,5,34.8312473198158,89.8653397577546,"Rough","Avg. Reward Condition",20,"3",3,1,62,195,"Short",0.0877244671095844,0.661076237860298,NA,0.497868315887935,"localGP"
"6032",25,18,7,5,29.412889108469,89.8653397577546,"Rough","Avg. Reward Condition",20,"3",3,1,63,195,"Short",0.0877244671095844,0.661076237860298,NA,0.497868315887935,"localGP"
"6033",25,19,9,5,55.8126955341154,89.8653397577546,"Rough","Avg. Reward Condition",20,"3",3,1,65,195,"Short",0.0877244671095844,0.661076237860298,NA,0.497868315887935,"localGP"
"6034",25,20,9,6,44.7930308508045,89.8653397577546,"Rough","Avg. Reward Condition",20,"3",3,1,76,195,"Short",0.0877244671095844,0.661076237860298,NA,0.497868315887935,"localGP"
"6035",25,21,9,9,64.5300150123819,89.8653397577546,"Rough","Avg. Reward Condition",20,"3",3,1,109,195,"Short",0.0877244671095844,0.661076237860298,NA,0.497868315887935,"localGP"
"6036",25,1,1,7,45.1757644968322,45.1757644968322,"Rough","Avg. Reward Condition",40,"4",5,NA,79,196,"Long",0.0980865787442865,0.764688208104048,NA,0.573366508066831,"localGP"
"6037",25,2,1,6,35.5836136671524,45.1757644968322,"Rough","Avg. Reward Condition",40,"4",5,5,68,196,"Long",0.0980865787442865,0.764688208104048,NA,0.573366508066831,"localGP"
"6038",25,3,7,6,95.8234728185907,95.8234728185907,"Rough","Avg. Reward Condition",40,"4",5,1,74,196,"Long",0.0980865787442865,0.764688208104048,NA,0.573366508066831,"localGP"
"6039",25,4,7,5,32.4689598978585,95.8234728185907,"Rough","Avg. Reward Condition",40,"4",5,1,63,196,"Long",0.0980865787442865,0.764688208104048,NA,0.573366508066831,"localGP"
"6040",25,5,9,5,12.8213865416785,95.8234728185907,"Rough","Avg. Reward Condition",40,"4",5,2,65,196,"Long",0.0980865787442865,0.764688208104048,NA,0.573366508066831,"localGP"
"6041",25,6,9,6,62.6880904214702,95.8234728185907,"Rough","Avg. Reward Condition",40,"4",5,1,76,196,"Long",0.0980865787442865,0.764688208104048,NA,0.573366508066831,"localGP"
"6042",25,7,10,6,82.4387014347711,95.8234728185907,"Rough","Avg. Reward Condition",40,"4",5,1,77,196,"Long",0.0980865787442865,0.764688208104048,NA,0.573366508066831,"localGP"
"6043",25,8,10,7,69.0054960754502,95.8234728185907,"Rough","Avg. Reward Condition",40,"4",5,2,88,196,"Long",0.0980865787442865,0.764688208104048,NA,0.573366508066831,"localGP"
"6044",25,9,10,8,69.5510436536212,95.8234728185907,"Rough","Avg. Reward Condition",40,"4",5,1,99,196,"Long",0.0980865787442865,0.764688208104048,NA,0.573366508066831,"localGP"
"6045",25,10,10,9,41.8320807113766,95.8234728185907,"Rough","Avg. Reward Condition",40,"4",5,1,110,196,"Long",0.0980865787442865,0.764688208104048,NA,0.573366508066831,"localGP"
"6046",25,11,10,10,39.9849441782749,95.8234728185907,"Rough","Avg. Reward Condition",40,"4",5,1,121,196,"Long",0.0980865787442865,0.764688208104048,NA,0.573366508066831,"localGP"
"6047",25,12,9,10,60.0774941518744,95.8234728185907,"Rough","Avg. Reward Condition",40,"4",5,4,120,196,"Long",0.0980865787442865,0.764688208104048,NA,0.573366508066831,"localGP"
"6048",25,13,8,9,65.659951662905,95.8234728185907,"Rough","Avg. Reward Condition",40,"4",5,1,108,196,"Long",0.0980865787442865,0.764688208104048,NA,0.573366508066831,"localGP"
"6049",25,14,5,2,42.3575427746737,95.8234728185907,"Rough","Avg. Reward Condition",40,"4",5,2,28,196,"Long",0.0980865787442865,0.764688208104048,NA,0.573366508066831,"localGP"
"6050",25,15,6,2,51.6560216281502,95.8234728185907,"Rough","Avg. Reward Condition",40,"4",5,1,29,196,"Long",0.0980865787442865,0.764688208104048,NA,0.573366508066831,"localGP"
"6051",25,16,5,3,47.725265337293,95.8234728185907,"Rough","Avg. Reward Condition",40,"4",5,6,39,196,"Long",0.0980865787442865,0.764688208104048,NA,0.573366508066831,"localGP"
"6052",25,17,6,3,31.2645262268698,95.8234728185907,"Rough","Avg. Reward Condition",40,"4",5,1,40,196,"Long",0.0980865787442865,0.764688208104048,NA,0.573366508066831,"localGP"
"6053",25,18,8,6,91.4722545331952,95.8234728185907,"Rough","Avg. Reward Condition",40,"4",5,1,75,196,"Long",0.0980865787442865,0.764688208104048,NA,0.573366508066831,"localGP"
"6054",25,19,8,7,100,100,"Rough","Avg. Reward Condition",40,"4",5,1,86,196,"Long",0.0980865787442865,0.764688208104048,NA,0.573366508066831,"localGP"
"6055",25,20,7,7,68.4962011684434,100,"Rough","Avg. Reward Condition",40,"4",5,1,85,196,"Long",0.0980865787442865,0.764688208104048,NA,0.573366508066831,"localGP"
"6056",25,21,7,8,38.3612104416698,100,"Rough","Avg. Reward Condition",40,"4",5,1,96,196,"Long",0.0980865787442865,0.764688208104048,NA,0.573366508066831,"localGP"
"6057",25,22,8,8,82.5602297507619,100,"Rough","Avg. Reward Condition",40,"4",5,1,97,196,"Long",0.0980865787442865,0.764688208104048,NA,0.573366508066831,"localGP"
"6058",25,23,8,8,82.5602297507619,100,"Rough","Avg. Reward Condition",40,"4",5,1,97,196,"Long",0.0980865787442865,0.764688208104048,NA,0.573366508066831,"localGP"
"6059",25,24,9,8,81.2433897221898,100,"Rough","Avg. Reward Condition",40,"4",5,1,98,196,"Long",0.0980865787442865,0.764688208104048,NA,0.573366508066831,"localGP"
"6060",25,25,9,7,82.2639339178051,100,"Rough","Avg. Reward Condition",40,"4",5,1,87,196,"Long",0.0980865787442865,0.764688208104048,NA,0.573366508066831,"localGP"
"6061",25,26,8,6,91.4722545331952,100,"Rough","Avg. Reward Condition",40,"4",5,2,75,196,"Long",0.0980865787442865,0.764688208104048,NA,0.573366508066831,"localGP"
"6062",25,27,10,5,64.2061057653187,100,"Rough","Avg. Reward Condition",40,"4",5,1,66,196,"Long",0.0980865787442865,0.764688208104048,NA,0.573366508066831,"localGP"
"6063",25,28,10,4,27.5747046618376,100,"Rough","Avg. Reward Condition",40,"4",5,1,55,196,"Long",0.0980865787442865,0.764688208104048,NA,0.573366508066831,"localGP"
"6064",25,29,9,8,81.2433897221898,100,"Rough","Avg. Reward Condition",40,"4",5,1,98,196,"Long",0.0980865787442865,0.764688208104048,NA,0.573366508066831,"localGP"
"6065",25,30,0,6,27.6444637033922,100,"Rough","Avg. Reward Condition",40,"4",5,1,67,196,"Long",0.0980865787442865,0.764688208104048,NA,0.573366508066831,"localGP"
"6066",25,31,2,5,55.6706913285101,100,"Rough","Avg. Reward Condition",40,"4",5,1,58,196,"Long",0.0980865787442865,0.764688208104048,NA,0.573366508066831,"localGP"
"6067",25,32,5,7,50.9750480071235,100,"Rough","Avg. Reward Condition",40,"4",5,4,83,196,"Long",0.0980865787442865,0.764688208104048,NA,0.573366508066831,"localGP"
"6068",25,33,9,3,37.6653431839329,100,"Rough","Avg. Reward Condition",40,"4",5,1,43,196,"Long",0.0980865787442865,0.764688208104048,NA,0.573366508066831,"localGP"
"6069",25,34,9,2,40.6256617216609,100,"Rough","Avg. Reward Condition",40,"4",5,7,32,196,"Long",0.0980865787442865,0.764688208104048,NA,0.573366508066831,"localGP"
"6070",25,35,9,6,62.6880904214702,100,"Rough","Avg. Reward Condition",40,"4",5,1,76,196,"Long",0.0980865787442865,0.764688208104048,NA,0.573366508066831,"localGP"
"6071",25,36,6,5,19.3202384321572,100,"Rough","Avg. Reward Condition",40,"4",5,1,62,196,"Long",0.0980865787442865,0.764688208104048,NA,0.573366508066831,"localGP"
"6072",25,37,6,8,31.779943763312,100,"Rough","Avg. Reward Condition",40,"4",5,1,95,196,"Long",0.0980865787442865,0.764688208104048,NA,0.573366508066831,"localGP"
"6073",25,38,10,5,64.2061057653187,100,"Rough","Avg. Reward Condition",40,"4",5,2,66,196,"Long",0.0980865787442865,0.764688208104048,NA,0.573366508066831,"localGP"
"6074",25,39,4,7,25.8399951345323,100,"Rough","Avg. Reward Condition",40,"4",5,1,82,196,"Long",0.0980865787442865,0.764688208104048,NA,0.573366508066831,"localGP"
"6075",25,40,3,9,8.68730122883821,100,"Rough","Avg. Reward Condition",40,"4",5,2,103,196,"Long",0.0980865787442865,0.764688208104048,NA,0.573366508066831,"localGP"
"6076",25,41,2,10,8.81939176369258,100,"Rough","Avg. Reward Condition",40,"4",5,1,113,196,"Long",0.0980865787442865,0.764688208104048,NA,0.573366508066831,"localGP"
"6077",25,1,5,9,27.8448402853638,27.8448402853638,"Rough","Avg. Reward Condition",20,"5",7,NA,105,197,"Short",0.0707103909159047,0.72435923745558,NA,0.449616256140958,"localGP"
"6078",25,2,4,9,31.6417224588132,31.6417224588132,"Rough","Avg. Reward Condition",20,"5",7,9,104,197,"Short",0.0707103909159047,0.72435923745558,NA,0.449616256140958,"localGP"
"6079",25,3,3,9,33.3451376526198,33.3451376526198,"Rough","Avg. Reward Condition",20,"5",7,6,103,197,"Short",0.0707103909159047,0.72435923745558,NA,0.449616256140958,"localGP"
"6080",25,4,2,9,19.7561850844021,33.3451376526198,"Rough","Avg. Reward Condition",20,"5",7,2,102,197,"Short",0.0707103909159047,0.72435923745558,NA,0.449616256140958,"localGP"
"6081",25,5,2,7,57.6455524159847,57.6455524159847,"Rough","Avg. Reward Condition",20,"5",7,2,80,197,"Short",0.0707103909159047,0.72435923745558,NA,0.449616256140958,"localGP"
"6082",25,6,3,7,63.2387067485633,63.2387067485633,"Rough","Avg. Reward Condition",20,"5",7,1,81,197,"Short",0.0707103909159047,0.72435923745558,NA,0.449616256140958,"localGP"
"6083",25,7,3,6,90.5286582157079,90.5286582157079,"Rough","Avg. Reward Condition",20,"5",7,4,70,197,"Short",0.0707103909159047,0.72435923745558,NA,0.449616256140958,"localGP"
"6084",25,8,3,5,100,100,"Rough","Avg. Reward Condition",20,"5",7,2,59,197,"Short",0.0707103909159047,0.72435923745558,NA,0.449616256140958,"localGP"
"6085",25,9,3,4,62.4304276826515,100,"Rough","Avg. Reward Condition",20,"5",7,1,48,197,"Short",0.0707103909159047,0.72435923745558,NA,0.449616256140958,"localGP"
"6086",25,10,4,4,30.0404677656774,100,"Rough","Avg. Reward Condition",20,"5",7,1,49,197,"Short",0.0707103909159047,0.72435923745558,NA,0.449616256140958,"localGP"
"6087",25,11,6,4,72.5109856479773,100,"Rough","Avg. Reward Condition",20,"5",7,2,51,197,"Short",0.0707103909159047,0.72435923745558,NA,0.449616256140958,"localGP"
"6088",25,12,5,4,43.7941876820187,100,"Rough","Avg. Reward Condition",20,"5",7,3,50,197,"Short",0.0707103909159047,0.72435923745558,NA,0.449616256140958,"localGP"
"6089",25,13,5,5,44.5106092443796,100,"Rough","Avg. Reward Condition",20,"5",7,1,61,197,"Short",0.0707103909159047,0.72435923745558,NA,0.449616256140958,"localGP"
"6090",25,14,6,5,47.1321659100767,100,"Rough","Avg. Reward Condition",20,"5",7,2,62,197,"Short",0.0707103909159047,0.72435923745558,NA,0.449616256140958,"localGP"
"6091",25,15,0,4,87.6072005238065,100,"Rough","Avg. Reward Condition",20,"5",7,1,45,197,"Short",0.0707103909159047,0.72435923745558,NA,0.449616256140958,"localGP"
"6092",25,16,0,5,44.2701367778032,100,"Rough","Avg. Reward Condition",20,"5",7,2,56,197,"Short",0.0707103909159047,0.72435923745558,NA,0.449616256140958,"localGP"
"6093",25,17,0,6,34.4193486809273,100,"Rough","Avg. Reward Condition",20,"5",7,4,67,197,"Short",0.0707103909159047,0.72435923745558,NA,0.449616256140958,"localGP"
"6094",25,18,7,3,81.9279469354685,100,"Rough","Avg. Reward Condition",20,"5",7,2,41,197,"Short",0.0707103909159047,0.72435923745558,NA,0.449616256140958,"localGP"
"6095",25,19,9,8,62.1221519136899,100,"Rough","Avg. Reward Condition",20,"5",7,1,98,197,"Short",0.0707103909159047,0.72435923745558,NA,0.449616256140958,"localGP"
"6096",25,20,2,10,0,100,"Rough","Avg. Reward Condition",20,"5",7,7,113,197,"Short",0.0707103909159047,0.72435923745558,NA,0.449616256140958,"localGP"
"6097",25,21,3,7,63.2387067485633,100,"Rough","Avg. Reward Condition",20,"5",7,1,81,197,"Short",0.0707103909159047,0.72435923745558,NA,0.449616256140958,"localGP"
"6098",25,1,8,2,10.0710200680647,10.0710200680647,"Rough","Avg. Reward Condition",40,"6",2,NA,31,198,"Long",0.104091418732163,0.658443792746799,NA,0.612267155708672,"localGP"
"6099",25,2,8,1,43.3216867242377,43.3216867242377,"Rough","Avg. Reward Condition",40,"6",2,7,20,198,"Long",0.104091418732163,0.658443792746799,NA,0.612267155708672,"localGP"
"6100",25,3,10,2,42.6956940217487,43.3216867242377,"Rough","Avg. Reward Condition",40,"6",2,4,33,198,"Long",0.104091418732163,0.658443792746799,NA,0.612267155708672,"localGP"
"6101",25,4,10,3,60.6679429845796,60.6679429845796,"Rough","Avg. Reward Condition",40,"6",2,4,44,198,"Long",0.104091418732163,0.658443792746799,NA,0.612267155708672,"localGP"
"6102",25,5,10,8,61.2037213631902,61.2037213631902,"Rough","Avg. Reward Condition",40,"6",2,2,99,198,"Long",0.104091418732163,0.658443792746799,NA,0.612267155708672,"localGP"
"6103",25,6,10,9,30.0844410154341,61.2037213631902,"Rough","Avg. Reward Condition",40,"6",2,1,110,198,"Long",0.104091418732163,0.658443792746799,NA,0.612267155708672,"localGP"
"6104",25,7,10,6,72.5002768176028,72.5002768176028,"Rough","Avg. Reward Condition",40,"6",2,1,77,198,"Long",0.104091418732163,0.658443792746799,NA,0.612267155708672,"localGP"
"6105",25,8,10,5,64.3703869882263,72.5002768176028,"Rough","Avg. Reward Condition",40,"6",2,3,66,198,"Long",0.104091418732163,0.658443792746799,NA,0.612267155708672,"localGP"
"6106",25,9,1,2,35.3675070791492,72.5002768176028,"Rough","Avg. Reward Condition",40,"6",2,1,24,198,"Long",0.104091418732163,0.658443792746799,NA,0.612267155708672,"localGP"
"6107",25,10,0,1,65.1431397571806,72.5002768176028,"Rough","Avg. Reward Condition",40,"6",2,1,12,198,"Long",0.104091418732163,0.658443792746799,NA,0.612267155708672,"localGP"
"6108",25,11,10,10,30.2622000163483,72.5002768176028,"Rough","Avg. Reward Condition",40,"6",2,1,121,198,"Long",0.104091418732163,0.658443792746799,NA,0.612267155708672,"localGP"
"6109",25,12,9,9,13.4815428060423,72.5002768176028,"Rough","Avg. Reward Condition",40,"6",2,1,109,198,"Long",0.104091418732163,0.658443792746799,NA,0.612267155708672,"localGP"
"6110",25,13,9,7,24.6631121599105,72.5002768176028,"Rough","Avg. Reward Condition",40,"6",2,3,87,198,"Long",0.104091418732163,0.658443792746799,NA,0.612267155708672,"localGP"
"6111",25,14,8,7,27.4177147480502,72.5002768176028,"Rough","Avg. Reward Condition",40,"6",2,1,86,198,"Long",0.104091418732163,0.658443792746799,NA,0.612267155708672,"localGP"
"6112",25,15,8,6,74.3893540286675,74.3893540286675,"Rough","Avg. Reward Condition",40,"6",2,1,75,198,"Long",0.104091418732163,0.658443792746799,NA,0.612267155708672,"localGP"
"6113",25,16,7,6,53.9752952053274,74.3893540286675,"Rough","Avg. Reward Condition",40,"6",2,1,74,198,"Long",0.104091418732163,0.658443792746799,NA,0.612267155708672,"localGP"
"6114",25,17,7,9,45.2247389588236,74.3893540286675,"Rough","Avg. Reward Condition",40,"6",2,6,107,198,"Long",0.104091418732163,0.658443792746799,NA,0.612267155708672,"localGP"
"6115",25,18,7,10,82.2172279121399,82.2172279121399,"Rough","Avg. Reward Condition",40,"6",2,2,118,198,"Long",0.104091418732163,0.658443792746799,NA,0.612267155708672,"localGP"
"6116",25,19,6,10,52.4204868482691,82.2172279121399,"Rough","Avg. Reward Condition",40,"6",2,1,117,198,"Long",0.104091418732163,0.658443792746799,NA,0.612267155708672,"localGP"
"6117",25,20,5,10,41.8818995503889,82.2172279121399,"Rough","Avg. Reward Condition",40,"6",2,2,116,198,"Long",0.104091418732163,0.658443792746799,NA,0.612267155708672,"localGP"
"6118",25,21,5,8,25.9035878012328,82.2172279121399,"Rough","Avg. Reward Condition",40,"6",2,3,94,198,"Long",0.104091418732163,0.658443792746799,NA,0.612267155708672,"localGP"
"6119",25,22,4,8,47.2350737016185,82.2172279121399,"Rough","Avg. Reward Condition",40,"6",2,1,93,198,"Long",0.104091418732163,0.658443792746799,NA,0.612267155708672,"localGP"
"6120",25,23,2,6,31.0882445544401,82.2172279121399,"Rough","Avg. Reward Condition",40,"6",2,1,69,198,"Long",0.104091418732163,0.658443792746799,NA,0.612267155708672,"localGP"
"6121",25,24,2,7,36.5665227563517,82.2172279121399,"Rough","Avg. Reward Condition",40,"6",2,1,80,198,"Long",0.104091418732163,0.658443792746799,NA,0.612267155708672,"localGP"
"6122",25,25,7,2,36.6509044186879,82.2172279121399,"Rough","Avg. Reward Condition",40,"6",2,6,30,198,"Long",0.104091418732163,0.658443792746799,NA,0.612267155708672,"localGP"
"6123",25,26,7,3,50.3085292278085,82.2172279121399,"Rough","Avg. Reward Condition",40,"6",2,2,41,198,"Long",0.104091418732163,0.658443792746799,NA,0.612267155708672,"localGP"
"6124",25,27,0,7,39.2104381953876,82.2172279121399,"Rough","Avg. Reward Condition",40,"6",2,2,78,198,"Long",0.104091418732163,0.658443792746799,NA,0.612267155708672,"localGP"
"6125",25,28,6,2,42.0874642193021,82.2172279121399,"Rough","Avg. Reward Condition",40,"6",2,2,29,198,"Long",0.104091418732163,0.658443792746799,NA,0.612267155708672,"localGP"
"6126",25,29,5,2,15.5993196852058,82.2172279121399,"Rough","Avg. Reward Condition",40,"6",2,12,28,198,"Long",0.104091418732163,0.658443792746799,NA,0.612267155708672,"localGP"
"6127",25,30,5,1,14.0448929140454,82.2172279121399,"Rough","Avg. Reward Condition",40,"6",2,7,17,198,"Long",0.104091418732163,0.658443792746799,NA,0.612267155708672,"localGP"
"6128",25,31,5,0,15.2054677622905,82.2172279121399,"Rough","Avg. Reward Condition",40,"6",2,1,6,198,"Long",0.104091418732163,0.658443792746799,NA,0.612267155708672,"localGP"
"6129",25,32,6,8,43.1819250906555,82.2172279121399,"Rough","Avg. Reward Condition",40,"6",2,1,95,198,"Long",0.104091418732163,0.658443792746799,NA,0.612267155708672,"localGP"
"6130",25,33,6,7,38.7212084303539,82.2172279121399,"Rough","Avg. Reward Condition",40,"6",2,1,84,198,"Long",0.104091418732163,0.658443792746799,NA,0.612267155708672,"localGP"
"6131",25,34,6,6,56.4950247425191,82.2172279121399,"Rough","Avg. Reward Condition",40,"6",2,1,73,198,"Long",0.104091418732163,0.658443792746799,NA,0.612267155708672,"localGP"
"6132",25,35,9,8,30.4917162873029,82.2172279121399,"Rough","Avg. Reward Condition",40,"6",2,1,98,198,"Long",0.104091418732163,0.658443792746799,NA,0.612267155708672,"localGP"
"6133",25,36,5,1,14.0448929140454,82.2172279121399,"Rough","Avg. Reward Condition",40,"6",2,3,17,198,"Long",0.104091418732163,0.658443792746799,NA,0.612267155708672,"localGP"
"6134",25,37,5,4,53.7953839453932,82.2172279121399,"Rough","Avg. Reward Condition",40,"6",2,1,50,198,"Long",0.104091418732163,0.658443792746799,NA,0.612267155708672,"localGP"
"6135",25,38,5,5,64.465937362096,82.2172279121399,"Rough","Avg. Reward Condition",40,"6",2,5,61,198,"Long",0.104091418732163,0.658443792746799,NA,0.612267155708672,"localGP"
"6136",25,39,5,6,69.4199837896596,82.2172279121399,"Rough","Avg. Reward Condition",40,"6",2,3,72,198,"Long",0.104091418732163,0.658443792746799,NA,0.612267155708672,"localGP"
"6137",25,40,4,4,50.4349667237655,82.2172279121399,"Rough","Avg. Reward Condition",40,"6",2,2,49,198,"Long",0.104091418732163,0.658443792746799,NA,0.612267155708672,"localGP"
"6138",25,41,3,4,59.6168211558576,82.2172279121399,"Rough","Avg. Reward Condition",40,"6",2,1,48,198,"Long",0.104091418732163,0.658443792746799,NA,0.612267155708672,"localGP"
"6139",25,1,4,1,21.3952704288319,21.3952704288319,"Rough","Avg. Reward Condition",20,"7",1,NA,16,199,"Short",0.0739550690327888,0.666564224626287,NA,0.41905351836651,"localGP"
"6140",25,2,4,3,31.9757973887754,31.9757973887754,"Rough","Avg. Reward Condition",20,"7",1,8,38,199,"Short",0.0739550690327888,0.666564224626287,NA,0.41905351836651,"localGP"
"6141",25,3,5,3,69.3021428353684,69.3021428353684,"Rough","Avg. Reward Condition",20,"7",1,1,39,199,"Short",0.0739550690327888,0.666564224626287,NA,0.41905351836651,"localGP"
"6142",25,4,6,8,41.6897572985855,69.3021428353684,"Rough","Avg. Reward Condition",20,"7",1,2,95,199,"Short",0.0739550690327888,0.666564224626287,NA,0.41905351836651,"localGP"
"6143",25,5,6,7,56.6570427677056,69.3021428353684,"Rough","Avg. Reward Condition",20,"7",1,1,84,199,"Short",0.0739550690327888,0.666564224626287,NA,0.41905351836651,"localGP"
"6144",25,6,9,9,58.8980343444626,69.3021428353684,"Rough","Avg. Reward Condition",20,"7",1,1,109,199,"Short",0.0739550690327888,0.666564224626287,NA,0.41905351836651,"localGP"
"6145",25,7,7,3,90.8008789663477,90.8008789663477,"Rough","Avg. Reward Condition",20,"7",1,1,41,199,"Short",0.0739550690327888,0.666564224626287,NA,0.41905351836651,"localGP"
"6146",25,8,8,3,73.1545333653025,90.8008789663477,"Rough","Avg. Reward Condition",20,"7",1,1,42,199,"Short",0.0739550690327888,0.666564224626287,NA,0.41905351836651,"localGP"
"6147",25,9,5,4,93.0511729954542,93.0511729954542,"Rough","Avg. Reward Condition",20,"7",1,1,50,199,"Short",0.0739550690327888,0.666564224626287,NA,0.41905351836651,"localGP"
"6148",25,10,4,5,50.9861643343635,93.0511729954542,"Rough","Avg. Reward Condition",20,"7",1,2,60,199,"Short",0.0739550690327888,0.666564224626287,NA,0.41905351836651,"localGP"
"6149",25,11,9,2,45.6743517242672,93.0511729954542,"Rough","Avg. Reward Condition",20,"7",1,2,32,199,"Short",0.0739550690327888,0.666564224626287,NA,0.41905351836651,"localGP"
"6150",25,12,5,2,71.346109333768,93.0511729954542,"Rough","Avg. Reward Condition",20,"7",1,9,28,199,"Short",0.0739550690327888,0.666564224626287,NA,0.41905351836651,"localGP"
"6151",25,13,6,2,72.3100865487056,93.0511729954542,"Rough","Avg. Reward Condition",20,"7",1,4,29,199,"Short",0.0739550690327888,0.666564224626287,NA,0.41905351836651,"localGP"
"6152",25,14,6,3,82.7136870116885,93.0511729954542,"Rough","Avg. Reward Condition",20,"7",1,1,40,199,"Short",0.0739550690327888,0.666564224626287,NA,0.41905351836651,"localGP"
"6153",25,15,6,4,96.8351832239486,96.8351832239486,"Rough","Avg. Reward Condition",20,"7",1,1,51,199,"Short",0.0739550690327888,0.666564224626287,NA,0.41905351836651,"localGP"
"6154",25,16,7,4,77.4616893062404,96.8351832239486,"Rough","Avg. Reward Condition",20,"7",1,2,52,199,"Short",0.0739550690327888,0.666564224626287,NA,0.41905351836651,"localGP"
"6155",25,17,6,4,96.8351832239486,96.8351832239486,"Rough","Avg. Reward Condition",20,"7",1,1,51,199,"Short",0.0739550690327888,0.666564224626287,NA,0.41905351836651,"localGP"
"6156",25,18,6,5,96.622130971634,96.8351832239486,"Rough","Avg. Reward Condition",20,"7",1,1,62,199,"Short",0.0739550690327888,0.666564224626287,NA,0.41905351836651,"localGP"
"6157",25,19,6,4,96.8351832239486,96.8351832239486,"Rough","Avg. Reward Condition",20,"7",1,1,51,199,"Short",0.0739550690327888,0.666564224626287,NA,0.41905351836651,"localGP"
"6158",25,20,6,5,96.622130971634,96.8351832239486,"Rough","Avg. Reward Condition",20,"7",1,2,62,199,"Short",0.0739550690327888,0.666564224626287,NA,0.41905351836651,"localGP"
"6159",25,21,6,4,96.8351832239486,96.8351832239486,"Rough","Avg. Reward Condition",20,"7",1,2,51,199,"Short",0.0739550690327888,0.666564224626287,NA,0.41905351836651,"localGP"
"6160",25,1,9,3,44.908976431908,44.908976431908,"Rough","Avg. Reward Condition",40,"8",4,NA,43,200,"Long",0.0919591368399495,0.723104788531999,NA,0.578545912446384,"localGP"
"6161",25,2,9,4,51.3835658310019,51.3835658310019,"Rough","Avg. Reward Condition",40,"8",4,5,54,200,"Long",0.0919591368399495,0.723104788531999,NA,0.578545912446384,"localGP"
"6162",25,3,8,4,73.0063845921063,73.0063845921063,"Rough","Avg. Reward Condition",40,"8",4,6,53,200,"Long",0.0919591368399495,0.723104788531999,NA,0.578545912446384,"localGP"
"6163",25,4,8,5,68.1580149592583,73.0063845921063,"Rough","Avg. Reward Condition",40,"8",4,1,64,200,"Long",0.0919591368399495,0.723104788531999,NA,0.578545912446384,"localGP"
"6164",25,5,7,5,24.0038701954065,73.0063845921063,"Rough","Avg. Reward Condition",40,"8",4,2,63,200,"Long",0.0919591368399495,0.723104788531999,NA,0.578545912446384,"localGP"
"6165",25,6,1,5,42.3282812740103,73.0063845921063,"Rough","Avg. Reward Condition",40,"8",4,1,57,200,"Long",0.0919591368399495,0.723104788531999,NA,0.578545912446384,"localGP"
"6166",25,7,1,4,31.2670409305907,73.0063845921063,"Rough","Avg. Reward Condition",40,"8",4,1,46,200,"Long",0.0919591368399495,0.723104788531999,NA,0.578545912446384,"localGP"
"6167",25,8,2,4,48.1844951677525,73.0063845921063,"Rough","Avg. Reward Condition",40,"8",4,8,47,200,"Long",0.0919591368399495,0.723104788531999,NA,0.578545912446384,"localGP"
"6168",25,9,2,5,52.9476469260849,73.0063845921063,"Rough","Avg. Reward Condition",40,"8",4,4,58,200,"Long",0.0919591368399495,0.723104788531999,NA,0.578545912446384,"localGP"
"6169",25,10,3,5,42.7959120158228,73.0063845921063,"Rough","Avg. Reward Condition",40,"8",4,1,59,200,"Long",0.0919591368399495,0.723104788531999,NA,0.578545912446384,"localGP"
"6170",25,11,10,3,29.4064021858765,73.0063845921063,"Rough","Avg. Reward Condition",40,"8",4,8,44,200,"Long",0.0919591368399495,0.723104788531999,NA,0.578545912446384,"localGP"
"6171",25,12,10,0,28.2339071863812,73.0063845921063,"Rough","Avg. Reward Condition",40,"8",4,5,11,200,"Long",0.0919591368399495,0.723104788531999,NA,0.578545912446384,"localGP"
"6172",25,13,9,0,11.8774072924795,73.0063845921063,"Rough","Avg. Reward Condition",40,"8",4,5,10,200,"Long",0.0919591368399495,0.723104788531999,NA,0.578545912446384,"localGP"
"6173",25,14,9,2,58.1650037764681,73.0063845921063,"Rough","Avg. Reward Condition",40,"8",4,7,32,200,"Long",0.0919591368399495,0.723104788531999,NA,0.578545912446384,"localGP"
"6174",25,15,3,6,39.1502894638098,73.0063845921063,"Rough","Avg. Reward Condition",40,"8",4,4,70,200,"Long",0.0919591368399495,0.723104788531999,NA,0.578545912446384,"localGP"
"6175",25,16,2,6,25.9979854237187,73.0063845921063,"Rough","Avg. Reward Condition",40,"8",4,6,69,200,"Long",0.0919591368399495,0.723104788531999,NA,0.578545912446384,"localGP"
"6176",25,17,1,8,27.6316672751783,73.0063845921063,"Rough","Avg. Reward Condition",40,"8",4,2,90,200,"Long",0.0919591368399495,0.723104788531999,NA,0.578545912446384,"localGP"
"6177",25,18,2,8,76.6612270941655,76.6612270941655,"Rough","Avg. Reward Condition",40,"8",4,1,91,200,"Long",0.0919591368399495,0.723104788531999,NA,0.578545912446384,"localGP"
"6178",25,19,2,9,75.1501969131058,76.6612270941655,"Rough","Avg. Reward Condition",40,"8",4,3,102,200,"Long",0.0919591368399495,0.723104788531999,NA,0.578545912446384,"localGP"
"6179",25,20,1,7,1.24285436035292,76.6612270941655,"Rough","Avg. Reward Condition",40,"8",4,1,79,200,"Long",0.0919591368399495,0.723104788531999,NA,0.578545912446384,"localGP"
"6180",25,21,6,6,49.41154268664,76.6612270941655,"Rough","Avg. Reward Condition",40,"8",4,1,73,200,"Long",0.0919591368399495,0.723104788531999,NA,0.578545912446384,"localGP"
"6181",25,22,6,7,58.9424744854528,76.6612270941655,"Rough","Avg. Reward Condition",40,"8",4,1,84,200,"Long",0.0919591368399495,0.723104788531999,NA,0.578545912446384,"localGP"
"6182",25,23,5,7,68.7904053516684,76.6612270941655,"Rough","Avg. Reward Condition",40,"8",4,3,83,200,"Long",0.0919591368399495,0.723104788531999,NA,0.578545912446384,"localGP"
"6183",25,24,5,6,67.055437287635,76.6612270941655,"Rough","Avg. Reward Condition",40,"8",4,1,72,200,"Long",0.0919591368399495,0.723104788531999,NA,0.578545912446384,"localGP"
"6184",25,25,5,5,32.848866860403,76.6612270941655,"Rough","Avg. Reward Condition",40,"8",4,2,61,200,"Long",0.0919591368399495,0.723104788531999,NA,0.578545912446384,"localGP"
"6185",25,26,0,2,64.4409661109689,76.6612270941655,"Rough","Avg. Reward Condition",40,"8",4,1,23,200,"Long",0.0919591368399495,0.723104788531999,NA,0.578545912446384,"localGP"
"6186",25,27,0,1,65.3456129286578,76.6612270941655,"Rough","Avg. Reward Condition",40,"8",4,2,12,200,"Long",0.0919591368399495,0.723104788531999,NA,0.578545912446384,"localGP"
"6187",25,28,0,0,43.5642695283009,76.6612270941655,"Rough","Avg. Reward Condition",40,"8",4,1,1,200,"Long",0.0919591368399495,0.723104788531999,NA,0.578545912446384,"localGP"
"6188",25,29,1,0,44.1381856766965,76.6612270941655,"Rough","Avg. Reward Condition",40,"8",4,4,2,200,"Long",0.0919591368399495,0.723104788531999,NA,0.578545912446384,"localGP"
"6189",25,30,1,1,71.1759996690276,76.6612270941655,"Rough","Avg. Reward Condition",40,"8",4,6,13,200,"Long",0.0919591368399495,0.723104788531999,NA,0.578545912446384,"localGP"
"6190",25,31,1,2,73.4445687616828,76.6612270941655,"Rough","Avg. Reward Condition",40,"8",4,1,24,200,"Long",0.0919591368399495,0.723104788531999,NA,0.578545912446384,"localGP"
"6191",25,32,2,2,35.4180456791571,76.6612270941655,"Rough","Avg. Reward Condition",40,"8",4,2,25,200,"Long",0.0919591368399495,0.723104788531999,NA,0.578545912446384,"localGP"
"6192",25,33,4,8,61.3580746780693,76.6612270941655,"Rough","Avg. Reward Condition",40,"8",4,2,93,200,"Long",0.0919591368399495,0.723104788531999,NA,0.578545912446384,"localGP"
"6193",25,34,3,8,66.9283199969529,76.6612270941655,"Rough","Avg. Reward Condition",40,"8",4,1,92,200,"Long",0.0919591368399495,0.723104788531999,NA,0.578545912446384,"localGP"
"6194",25,35,3,9,71.5447698498277,76.6612270941655,"Rough","Avg. Reward Condition",40,"8",4,2,103,200,"Long",0.0919591368399495,0.723104788531999,NA,0.578545912446384,"localGP"
"6195",25,36,2,10,54.5646114683312,76.6612270941655,"Rough","Avg. Reward Condition",40,"8",4,1,113,200,"Long",0.0919591368399495,0.723104788531999,NA,0.578545912446384,"localGP"
"6196",25,37,2,9,75.1501969131058,76.6612270941655,"Rough","Avg. Reward Condition",40,"8",4,2,102,200,"Long",0.0919591368399495,0.723104788531999,NA,0.578545912446384,"localGP"
"6197",25,38,4,9,45.2552162388682,76.6612270941655,"Rough","Avg. Reward Condition",40,"8",4,1,104,200,"Long",0.0919591368399495,0.723104788531999,NA,0.578545912446384,"localGP"
"6198",25,39,5,9,23.8348743374816,76.6612270941655,"Rough","Avg. Reward Condition",40,"8",4,1,105,200,"Long",0.0919591368399495,0.723104788531999,NA,0.578545912446384,"localGP"
"6199",25,40,5,10,11.1782861371887,76.6612270941655,"Rough","Avg. Reward Condition",40,"8",4,1,116,200,"Long",0.0919591368399495,0.723104788531999,NA,0.578545912446384,"localGP"
"6200",25,41,1,10,30.8155263252467,76.6612270941655,"Rough","Avg. Reward Condition",40,"8",4,1,112,200,"Long",0.0919591368399495,0.723104788531999,NA,0.578545912446384,"localGP"
"6201",26,1,1,0,84.3956226620629,84.3956226620629,"Rough","Avg. Reward Condition",40,"1",1,NA,2,201,"Long",0.0568435483574655,0.710604623847023,NA,0.369737306691407,"localGP"
"6202",26,2,2,0,70.8875298246222,84.3956226620629,"Rough","Avg. Reward Condition",40,"1",1,1,3,201,"Long",0.0568435483574655,0.710604623847023,NA,0.369737306691407,"localGP"
"6203",26,3,3,0,22.5301208321615,84.3956226620629,"Rough","Avg. Reward Condition",40,"1",1,1,4,201,"Long",0.0568435483574655,0.710604623847023,NA,0.369737306691407,"localGP"
"6204",26,4,5,10,48.9263538903063,84.3956226620629,"Rough","Avg. Reward Condition",40,"1",1,2,116,201,"Long",0.0568435483574655,0.710604623847023,NA,0.369737306691407,"localGP"
"6205",26,5,4,10,44.8844429626108,84.3956226620629,"Rough","Avg. Reward Condition",40,"1",1,1,115,201,"Long",0.0568435483574655,0.710604623847023,NA,0.369737306691407,"localGP"
"6206",26,6,3,4,30.2906672613023,84.3956226620629,"Rough","Avg. Reward Condition",40,"1",1,2,48,201,"Long",0.0568435483574655,0.710604623847023,NA,0.369737306691407,"localGP"
"6207",26,7,4,4,58.9084220518728,84.3956226620629,"Rough","Avg. Reward Condition",40,"1",1,1,49,201,"Long",0.0568435483574655,0.710604623847023,NA,0.369737306691407,"localGP"
"6208",26,8,5,4,93.0511729954542,93.0511729954542,"Rough","Avg. Reward Condition",40,"1",1,2,50,201,"Long",0.0568435483574655,0.710604623847023,NA,0.369737306691407,"localGP"
"6209",26,9,6,4,96.8351832239486,96.8351832239486,"Rough","Avg. Reward Condition",40,"1",1,1,51,201,"Long",0.0568435483574655,0.710604623847023,NA,0.369737306691407,"localGP"
"6210",26,10,7,4,77.4616893062404,96.8351832239486,"Rough","Avg. Reward Condition",40,"1",1,3,52,201,"Long",0.0568435483574655,0.710604623847023,NA,0.369737306691407,"localGP"
"6211",26,11,7,3,90.8008789663477,96.8351832239486,"Rough","Avg. Reward Condition",40,"1",1,1,41,201,"Long",0.0568435483574655,0.710604623847023,NA,0.369737306691407,"localGP"
"6212",26,12,6,3,82.7136870116885,96.8351832239486,"Rough","Avg. Reward Condition",40,"1",1,1,40,201,"Long",0.0568435483574655,0.710604623847023,NA,0.369737306691407,"localGP"
"6213",26,13,6,4,96.8351832239486,96.8351832239486,"Rough","Avg. Reward Condition",40,"1",1,1,51,201,"Long",0.0568435483574655,0.710604623847023,NA,0.369737306691407,"localGP"
"6214",26,14,6,4,96.8351832239486,96.8351832239486,"Rough","Avg. Reward Condition",40,"1",1,2,51,201,"Long",0.0568435483574655,0.710604623847023,NA,0.369737306691407,"localGP"
"6215",26,15,5,4,93.0511729954542,96.8351832239486,"Rough","Avg. Reward Condition",40,"1",1,1,50,201,"Long",0.0568435483574655,0.710604623847023,NA,0.369737306691407,"localGP"
"6216",26,16,5,5,89.574494748802,96.8351832239486,"Rough","Avg. Reward Condition",40,"1",1,2,61,201,"Long",0.0568435483574655,0.710604623847023,NA,0.369737306691407,"localGP"
"6217",26,17,6,5,96.622130971634,96.8351832239486,"Rough","Avg. Reward Condition",40,"1",1,2,62,201,"Long",0.0568435483574655,0.710604623847023,NA,0.369737306691407,"localGP"
"6218",26,18,7,5,77.3624039749998,96.8351832239486,"Rough","Avg. Reward Condition",40,"1",1,1,63,201,"Long",0.0568435483574655,0.710604623847023,NA,0.369737306691407,"localGP"
"6219",26,19,6,5,96.622130971634,96.8351832239486,"Rough","Avg. Reward Condition",40,"1",1,2,62,201,"Long",0.0568435483574655,0.710604623847023,NA,0.369737306691407,"localGP"
"6220",26,20,6,5,96.622130971634,96.8351832239486,"Rough","Avg. Reward Condition",40,"1",1,3,62,201,"Long",0.0568435483574655,0.710604623847023,NA,0.369737306691407,"localGP"
"6221",26,21,6,5,96.622130971634,96.8351832239486,"Rough","Avg. Reward Condition",40,"1",1,5,62,201,"Long",0.0568435483574655,0.710604623847023,NA,0.369737306691407,"localGP"
"6222",26,22,6,4,96.8351832239486,96.8351832239486,"Rough","Avg. Reward Condition",40,"1",1,1,51,201,"Long",0.0568435483574655,0.710604623847023,NA,0.369737306691407,"localGP"
"6223",26,23,6,4,96.8351832239486,96.8351832239486,"Rough","Avg. Reward Condition",40,"1",1,1,51,201,"Long",0.0568435483574655,0.710604623847023,NA,0.369737306691407,"localGP"
"6224",26,24,6,4,96.8351832239486,96.8351832239486,"Rough","Avg. Reward Condition",40,"1",1,2,51,201,"Long",0.0568435483574655,0.710604623847023,NA,0.369737306691407,"localGP"
"6225",26,25,6,4,96.8351832239486,96.8351832239486,"Rough","Avg. Reward Condition",40,"1",1,1,51,201,"Long",0.0568435483574655,0.710604623847023,NA,0.369737306691407,"localGP"
"6226",26,26,5,4,93.0511729954542,96.8351832239486,"Rough","Avg. Reward Condition",40,"1",1,5,50,201,"Long",0.0568435483574655,0.710604623847023,NA,0.369737306691407,"localGP"
"6227",26,27,5,4,93.0511729954542,96.8351832239486,"Rough","Avg. Reward Condition",40,"1",1,4,50,201,"Long",0.0568435483574655,0.710604623847023,NA,0.369737306691407,"localGP"
"6228",26,28,6,4,96.8351832239486,96.8351832239486,"Rough","Avg. Reward Condition",40,"1",1,1,51,201,"Long",0.0568435483574655,0.710604623847023,NA,0.369737306691407,"localGP"
"6229",26,29,5,4,93.0511729954542,96.8351832239486,"Rough","Avg. Reward Condition",40,"1",1,2,50,201,"Long",0.0568435483574655,0.710604623847023,NA,0.369737306691407,"localGP"
"6230",26,30,6,4,96.8351832239486,96.8351832239486,"Rough","Avg. Reward Condition",40,"1",1,1,51,201,"Long",0.0568435483574655,0.710604623847023,NA,0.369737306691407,"localGP"
"6231",26,31,6,4,96.8351832239486,96.8351832239486,"Rough","Avg. Reward Condition",40,"1",1,9,51,201,"Long",0.0568435483574655,0.710604623847023,NA,0.369737306691407,"localGP"
"6232",26,32,6,4,96.8351832239486,96.8351832239486,"Rough","Avg. Reward Condition",40,"1",1,1,51,201,"Long",0.0568435483574655,0.710604623847023,NA,0.369737306691407,"localGP"
"6233",26,33,5,4,93.0511729954542,96.8351832239486,"Rough","Avg. Reward Condition",40,"1",1,1,50,201,"Long",0.0568435483574655,0.710604623847023,NA,0.369737306691407,"localGP"
"6234",26,34,5,4,93.0511729954542,96.8351832239486,"Rough","Avg. Reward Condition",40,"1",1,2,50,201,"Long",0.0568435483574655,0.710604623847023,NA,0.369737306691407,"localGP"
"6235",26,35,5,5,89.574494748802,96.8351832239486,"Rough","Avg. Reward Condition",40,"1",1,1,61,201,"Long",0.0568435483574655,0.710604623847023,NA,0.369737306691407,"localGP"
"6236",26,36,5,6,69.9155090037251,96.8351832239486,"Rough","Avg. Reward Condition",40,"1",1,2,72,201,"Long",0.0568435483574655,0.710604623847023,NA,0.369737306691407,"localGP"
"6237",26,37,4,6,37.058891508221,96.8351832239486,"Rough","Avg. Reward Condition",40,"1",1,2,71,201,"Long",0.0568435483574655,0.710604623847023,NA,0.369737306691407,"localGP"
"6238",26,38,6,8,41.6897572985855,96.8351832239486,"Rough","Avg. Reward Condition",40,"1",1,1,95,201,"Long",0.0568435483574655,0.710604623847023,NA,0.369737306691407,"localGP"
"6239",26,39,6,6,78.697918940418,96.8351832239486,"Rough","Avg. Reward Condition",40,"1",1,2,73,201,"Long",0.0568435483574655,0.710604623847023,NA,0.369737306691407,"localGP"
"6240",26,40,6,5,96.622130971634,96.8351832239486,"Rough","Avg. Reward Condition",40,"1",1,10,62,201,"Long",0.0568435483574655,0.710604623847023,NA,0.369737306691407,"localGP"
"6241",26,41,6,4,96.8351832239486,96.8351832239486,"Rough","Avg. Reward Condition",40,"1",1,1,51,201,"Long",0.0568435483574655,0.710604623847023,NA,0.369737306691407,"localGP"
"6242",26,1,1,0,41.1943881385289,41.1943881385289,"Rough","Avg. Reward Condition",20,"2",12,NA,2,202,"Short",0.0759728820254965,0.832950550021969,NA,0.504082288562875,"localGP"
"6243",26,2,2,0,69.5209390611237,69.5209390611237,"Rough","Avg. Reward Condition",20,"2",12,15,3,202,"Short",0.0759728820254965,0.832950550021969,NA,0.504082288562875,"localGP"
"6244",26,3,3,0,64.7269948092112,69.5209390611237,"Rough","Avg. Reward Condition",20,"2",12,10,4,202,"Short",0.0759728820254965,0.832950550021969,NA,0.504082288562875,"localGP"
"6245",26,4,3,1,68.4386100251646,69.5209390611237,"Rough","Avg. Reward Condition",20,"2",12,1,15,202,"Short",0.0759728820254965,0.832950550021969,NA,0.504082288562875,"localGP"
"6246",26,5,4,1,56.1038322690093,69.5209390611237,"Rough","Avg. Reward Condition",20,"2",12,1,16,202,"Short",0.0759728820254965,0.832950550021969,NA,0.504082288562875,"localGP"
"6247",26,6,5,0,11.9692756700974,69.5209390611237,"Rough","Avg. Reward Condition",20,"2",12,1,6,202,"Short",0.0759728820254965,0.832950550021969,NA,0.504082288562875,"localGP"
"6248",26,7,4,10,37.8645060831113,69.5209390611237,"Rough","Avg. Reward Condition",20,"2",12,1,115,202,"Short",0.0759728820254965,0.832950550021969,NA,0.504082288562875,"localGP"
"6249",26,8,5,10,25.3370988879531,69.5209390611237,"Rough","Avg. Reward Condition",20,"2",12,1,116,202,"Short",0.0759728820254965,0.832950550021969,NA,0.504082288562875,"localGP"
"6250",26,9,1,7,41.3820434825426,69.5209390611237,"Rough","Avg. Reward Condition",20,"2",12,2,79,202,"Short",0.0759728820254965,0.832950550021969,NA,0.504082288562875,"localGP"
"6251",26,10,2,7,41.0584762362061,69.5209390611237,"Rough","Avg. Reward Condition",20,"2",12,1,80,202,"Short",0.0759728820254965,0.832950550021969,NA,0.504082288562875,"localGP"
"6252",26,11,2,8,43.3826449218407,69.5209390611237,"Rough","Avg. Reward Condition",20,"2",12,2,91,202,"Short",0.0759728820254965,0.832950550021969,NA,0.504082288562875,"localGP"
"6253",26,12,2,6,23.8521883882805,69.5209390611237,"Rough","Avg. Reward Condition",20,"2",12,0,69,202,"Short",0.0759728820254965,0.832950550021969,NA,0.504082288562875,"localGP"
"6254",26,13,8,9,62.8606043078969,69.5209390611237,"Rough","Avg. Reward Condition",20,"2",12,1,108,202,"Short",0.0759728820254965,0.832950550021969,NA,0.504082288562875,"localGP"
"6255",26,14,8,10,59.9540660369886,69.5209390611237,"Rough","Avg. Reward Condition",20,"2",12,1,119,202,"Short",0.0759728820254965,0.832950550021969,NA,0.504082288562875,"localGP"
"6256",26,15,7,10,34.4221840865233,69.5209390611237,"Rough","Avg. Reward Condition",20,"2",12,1,118,202,"Short",0.0759728820254965,0.832950550021969,NA,0.504082288562875,"localGP"
"6257",26,16,8,3,42.1360242670956,69.5209390611237,"Rough","Avg. Reward Condition",20,"2",12,1,42,202,"Short",0.0759728820254965,0.832950550021969,NA,0.504082288562875,"localGP"
"6258",26,17,9,3,31.6251889945826,69.5209390611237,"Rough","Avg. Reward Condition",20,"2",12,3,43,202,"Short",0.0759728820254965,0.832950550021969,NA,0.504082288562875,"localGP"
"6259",26,18,10,3,22.9154847675258,69.5209390611237,"Rough","Avg. Reward Condition",20,"2",12,1,44,202,"Short",0.0759728820254965,0.832950550021969,NA,0.504082288562875,"localGP"
"6260",26,19,10,6,45.8452635270677,69.5209390611237,"Rough","Avg. Reward Condition",20,"2",12,1,77,202,"Short",0.0759728820254965,0.832950550021969,NA,0.504082288562875,"localGP"
"6261",26,20,10,5,62.8520083349877,69.5209390611237,"Rough","Avg. Reward Condition",20,"2",12,1,66,202,"Short",0.0759728820254965,0.832950550021969,NA,0.504082288562875,"localGP"
"6262",26,21,9,5,58.7716718822745,69.5209390611237,"Rough","Avg. Reward Condition",20,"2",12,3,65,202,"Short",0.0759728820254965,0.832950550021969,NA,0.504082288562875,"localGP"
"6263",26,1,5,1,30.9871614244868,30.9871614244868,"Rough","Avg. Reward Condition",40,"3",13,NA,17,203,"Long",0.0775463214622812,0.753872881376273,NA,0.471311811189827,"localGP"
"6264",26,2,9,3,35.3475203040359,35.3475203040359,"Rough","Avg. Reward Condition",40,"3",13,12,43,203,"Long",0.0775463214622812,0.753872881376273,NA,0.471311811189827,"localGP"
"6265",26,3,10,3,44.4882911977957,44.4882911977957,"Rough","Avg. Reward Condition",40,"3",13,1,44,203,"Long",0.0775463214622812,0.753872881376273,NA,0.471311811189827,"localGP"
"6266",26,4,5,5,28.510016911911,44.4882911977957,"Rough","Avg. Reward Condition",40,"3",13,2,61,203,"Long",0.0775463214622812,0.753872881376273,NA,0.471311811189827,"localGP"
"6267",26,5,7,6,59.1670306987151,59.1670306987151,"Rough","Avg. Reward Condition",40,"3",13,1,74,203,"Long",0.0775463214622812,0.753872881376273,NA,0.471311811189827,"localGP"
"6268",26,6,7,5,38.1427097359156,59.1670306987151,"Rough","Avg. Reward Condition",40,"3",13,2,63,203,"Long",0.0775463214622812,0.753872881376273,NA,0.471311811189827,"localGP"
"6269",26,7,8,6,23.2409333296552,59.1670306987151,"Rough","Avg. Reward Condition",40,"3",13,1,75,203,"Long",0.0775463214622812,0.753872881376273,NA,0.471311811189827,"localGP"
"6270",26,8,2,7,35.359724006426,59.1670306987151,"Rough","Avg. Reward Condition",40,"3",13,2,80,203,"Long",0.0775463214622812,0.753872881376273,NA,0.471311811189827,"localGP"
"6271",26,9,3,3,80.5615551663229,80.5615551663229,"Rough","Avg. Reward Condition",40,"3",13,1,37,203,"Long",0.0775463214622812,0.753872881376273,NA,0.471311811189827,"localGP"
"6272",26,10,4,3,68.6184588399681,80.5615551663229,"Rough","Avg. Reward Condition",40,"3",13,2,38,203,"Long",0.0775463214622812,0.753872881376273,NA,0.471311811189827,"localGP"
"6273",26,11,4,4,68.9292564082941,80.5615551663229,"Rough","Avg. Reward Condition",40,"3",13,1,49,203,"Long",0.0775463214622812,0.753872881376273,NA,0.471311811189827,"localGP"
"6274",26,12,3,4,69.0645761763699,80.5615551663229,"Rough","Avg. Reward Condition",40,"3",13,1,48,203,"Long",0.0775463214622812,0.753872881376273,NA,0.471311811189827,"localGP"
"6275",26,13,3,3,80.5615551663229,80.5615551663229,"Rough","Avg. Reward Condition",40,"3",13,1,37,203,"Long",0.0775463214622812,0.753872881376273,NA,0.471311811189827,"localGP"
"6276",26,14,3,2,75.9223381375201,80.5615551663229,"Rough","Avg. Reward Condition",40,"3",13,1,26,203,"Long",0.0775463214622812,0.753872881376273,NA,0.471311811189827,"localGP"
"6277",26,15,4,1,46.8486236737456,80.5615551663229,"Rough","Avg. Reward Condition",40,"3",13,2,16,203,"Long",0.0775463214622812,0.753872881376273,NA,0.471311811189827,"localGP"
"6278",26,16,4,2,29.018522629385,80.5615551663229,"Rough","Avg. Reward Condition",40,"3",13,1,27,203,"Long",0.0775463214622812,0.753872881376273,NA,0.471311811189827,"localGP"
"6279",26,17,1,1,60.4080576029201,80.5615551663229,"Rough","Avg. Reward Condition",40,"3",13,1,13,203,"Long",0.0775463214622812,0.753872881376273,NA,0.471311811189827,"localGP"
"6280",26,18,0,1,47.5057536535345,80.5615551663229,"Rough","Avg. Reward Condition",40,"3",13,1,12,203,"Long",0.0775463214622812,0.753872881376273,NA,0.471311811189827,"localGP"
"6281",26,19,2,0,45.4901469017811,80.5615551663229,"Rough","Avg. Reward Condition",40,"3",13,1,3,203,"Long",0.0775463214622812,0.753872881376273,NA,0.471311811189827,"localGP"
"6282",26,20,2,1,67.2278837680135,80.5615551663229,"Rough","Avg. Reward Condition",40,"3",13,1,14,203,"Long",0.0775463214622812,0.753872881376273,NA,0.471311811189827,"localGP"
"6283",26,21,2,2,91.2685637119397,91.2685637119397,"Rough","Avg. Reward Condition",40,"3",13,1,25,203,"Long",0.0775463214622812,0.753872881376273,NA,0.471311811189827,"localGP"
"6284",26,22,2,3,88.3048631958372,91.2685637119397,"Rough","Avg. Reward Condition",40,"3",13,1,36,203,"Long",0.0775463214622812,0.753872881376273,NA,0.471311811189827,"localGP"
"6285",26,23,2,4,86.7630388184153,91.2685637119397,"Rough","Avg. Reward Condition",40,"3",13,2,47,203,"Long",0.0775463214622812,0.753872881376273,NA,0.471311811189827,"localGP"
"6286",26,24,1,4,57.8821067127826,91.2685637119397,"Rough","Avg. Reward Condition",40,"3",13,3,46,203,"Long",0.0775463214622812,0.753872881376273,NA,0.471311811189827,"localGP"
"6287",26,25,1,5,64.6815173963215,91.2685637119397,"Rough","Avg. Reward Condition",40,"3",13,4,57,203,"Long",0.0775463214622812,0.753872881376273,NA,0.471311811189827,"localGP"
"6288",26,26,3,5,54.7363822558009,91.2685637119397,"Rough","Avg. Reward Condition",40,"3",13,1,59,203,"Long",0.0775463214622812,0.753872881376273,NA,0.471311811189827,"localGP"
"6289",26,27,2,8,45.0890712788408,91.2685637119397,"Rough","Avg. Reward Condition",40,"3",13,1,91,203,"Long",0.0775463214622812,0.753872881376273,NA,0.471311811189827,"localGP"
"6290",26,28,1,8,49.5943667659217,91.2685637119397,"Rough","Avg. Reward Condition",40,"3",13,1,90,203,"Long",0.0775463214622812,0.753872881376273,NA,0.471311811189827,"localGP"
"6291",26,29,0,6,56.4375165015689,91.2685637119397,"Rough","Avg. Reward Condition",40,"3",13,1,67,203,"Long",0.0775463214622812,0.753872881376273,NA,0.471311811189827,"localGP"
"6292",26,30,3,2,75.9223381375201,91.2685637119397,"Rough","Avg. Reward Condition",40,"3",13,2,26,203,"Long",0.0775463214622812,0.753872881376273,NA,0.471311811189827,"localGP"
"6293",26,31,2,2,91.2685637119397,91.2685637119397,"Rough","Avg. Reward Condition",40,"3",13,1,25,203,"Long",0.0775463214622812,0.753872881376273,NA,0.471311811189827,"localGP"
"6294",26,32,3,0,52.2562561155338,91.2685637119397,"Rough","Avg. Reward Condition",40,"3",13,5,4,203,"Long",0.0775463214622812,0.753872881376273,NA,0.471311811189827,"localGP"
"6295",26,33,4,0,76.6677425610664,91.2685637119397,"Rough","Avg. Reward Condition",40,"3",13,8,5,203,"Long",0.0775463214622812,0.753872881376273,NA,0.471311811189827,"localGP"
"6296",26,34,5,0,64.1419179337713,91.2685637119397,"Rough","Avg. Reward Condition",40,"3",13,10,6,203,"Long",0.0775463214622812,0.753872881376273,NA,0.471311811189827,"localGP"
"6297",26,35,6,0,42.2635733296854,91.2685637119397,"Rough","Avg. Reward Condition",40,"3",13,1,7,203,"Long",0.0775463214622812,0.753872881376273,NA,0.471311811189827,"localGP"
"6298",26,36,6,10,0.313800419129401,91.2685637119397,"Rough","Avg. Reward Condition",40,"3",13,1,117,203,"Long",0.0775463214622812,0.753872881376273,NA,0.471311811189827,"localGP"
"6299",26,37,7,10,6.16027342838367,91.2685637119397,"Rough","Avg. Reward Condition",40,"3",13,1,118,203,"Long",0.0775463214622812,0.753872881376273,NA,0.471311811189827,"localGP"
"6300",26,38,4,9,23.3245697103386,91.2685637119397,"Rough","Avg. Reward Condition",40,"3",13,2,104,203,"Long",0.0775463214622812,0.753872881376273,NA,0.471311811189827,"localGP"
"6301",26,39,4,7,25.3361076780515,91.2685637119397,"Rough","Avg. Reward Condition",40,"3",13,1,82,203,"Long",0.0775463214622812,0.753872881376273,NA,0.471311811189827,"localGP"
"6302",26,40,7,8,30.3880367689593,91.2685637119397,"Rough","Avg. Reward Condition",40,"3",13,1,96,203,"Long",0.0775463214622812,0.753872881376273,NA,0.471311811189827,"localGP"
"6303",26,41,9,8,52.3170386231255,91.2685637119397,"Rough","Avg. Reward Condition",40,"3",13,1,98,203,"Long",0.0775463214622812,0.753872881376273,NA,0.471311811189827,"localGP"
"6304",26,1,3,9,35.7001551410624,35.7001551410624,"Rough","Avg. Reward Condition",20,"4",19,NA,103,204,"Short",0.072248190315235,0.756977167077854,NA,0.474994451548544,"localGP"
"6305",26,2,4,9,36.8213901880563,36.8213901880563,"Rough","Avg. Reward Condition",20,"4",19,17,104,204,"Short",0.072248190315235,0.756977167077854,NA,0.474994451548544,"localGP"
"6306",26,3,4,10,30.0936973223413,36.8213901880563,"Rough","Avg. Reward Condition",20,"4",19,1,115,204,"Short",0.072248190315235,0.756977167077854,NA,0.474994451548544,"localGP"
"6307",26,4,7,10,33.7979649487254,36.8213901880563,"Rough","Avg. Reward Condition",20,"4",19,1,118,204,"Short",0.072248190315235,0.756977167077854,NA,0.474994451548544,"localGP"
"6308",26,5,9,9,85.2726059415545,85.2726059415545,"Rough","Avg. Reward Condition",20,"4",19,1,109,204,"Short",0.072248190315235,0.756977167077854,NA,0.474994451548544,"localGP"
"6309",26,6,10,0,58.0700494610344,85.2726059415545,"Rough","Avg. Reward Condition",20,"4",19,1,11,204,"Short",0.072248190315235,0.756977167077854,NA,0.474994451548544,"localGP"
"6310",26,7,9,0,57.2100931574182,85.2726059415545,"Rough","Avg. Reward Condition",20,"4",19,1,10,204,"Short",0.072248190315235,0.756977167077854,NA,0.474994451548544,"localGP"
"6311",26,8,8,0,54.8770550942249,85.2726059415545,"Rough","Avg. Reward Condition",20,"4",19,1,9,204,"Short",0.072248190315235,0.756977167077854,NA,0.474994451548544,"localGP"
"6312",26,9,7,0,32.5263699322904,85.2726059415545,"Rough","Avg. Reward Condition",20,"4",19,2,8,204,"Short",0.072248190315235,0.756977167077854,NA,0.474994451548544,"localGP"
"6313",26,10,1,2,57.7851669507592,85.2726059415545,"Rough","Avg. Reward Condition",20,"4",19,1,24,204,"Short",0.072248190315235,0.756977167077854,NA,0.474994451548544,"localGP"
"6314",26,11,1,1,44.7148827500089,85.2726059415545,"Rough","Avg. Reward Condition",20,"4",19,2,13,204,"Short",0.072248190315235,0.756977167077854,NA,0.474994451548544,"localGP"
"6315",26,12,4,6,66.9336804964909,85.2726059415545,"Rough","Avg. Reward Condition",20,"4",19,1,71,204,"Short",0.072248190315235,0.756977167077854,NA,0.474994451548544,"localGP"
"6316",26,13,5,6,67.4863424571412,85.2726059415545,"Rough","Avg. Reward Condition",20,"4",19,6,72,204,"Short",0.072248190315235,0.756977167077854,NA,0.474994451548544,"localGP"
"6317",26,14,6,6,73.1570356560972,85.2726059415545,"Rough","Avg. Reward Condition",20,"4",19,5,73,204,"Short",0.072248190315235,0.756977167077854,NA,0.474994451548544,"localGP"
"6318",26,15,6,7,40.7675652395294,85.2726059415545,"Rough","Avg. Reward Condition",20,"4",19,1,84,204,"Short",0.072248190315235,0.756977167077854,NA,0.474994451548544,"localGP"
"6319",26,16,2,8,18.5608086948727,85.2726059415545,"Rough","Avg. Reward Condition",20,"4",19,2,91,204,"Short",0.072248190315235,0.756977167077854,NA,0.474994451548544,"localGP"
"6320",26,17,5,8,39.5482346751681,85.2726059415545,"Rough","Avg. Reward Condition",20,"4",19,2,94,204,"Short",0.072248190315235,0.756977167077854,NA,0.474994451548544,"localGP"
"6321",26,18,7,7,78.4257216995386,85.2726059415545,"Rough","Avg. Reward Condition",20,"4",19,1,85,204,"Short",0.072248190315235,0.756977167077854,NA,0.474994451548544,"localGP"
"6322",26,19,8,7,93.2880256740387,93.2880256740387,"Rough","Avg. Reward Condition",20,"4",19,1,86,204,"Short",0.072248190315235,0.756977167077854,NA,0.474994451548544,"localGP"
"6323",26,20,8,6,77.0215365379863,93.2880256740387,"Rough","Avg. Reward Condition",20,"4",19,1,75,204,"Short",0.072248190315235,0.756977167077854,NA,0.474994451548544,"localGP"
"6324",26,21,7,6,100,100,"Rough","Avg. Reward Condition",20,"4",19,1,74,204,"Short",0.072248190315235,0.756977167077854,NA,0.474994451548544,"localGP"
"6325",26,1,10,8,59.2407992793453,59.2407992793453,"Rough","Avg. Reward Condition",40,"5",18,NA,99,205,"Long",0.0732332149544233,0.729473108230608,NA,0.478966317789084,"localGP"
"6326",26,2,10,9,68.5571263747788,68.5571263747788,"Rough","Avg. Reward Condition",40,"5",18,12,110,205,"Long",0.0732332149544233,0.729473108230608,NA,0.478966317789084,"localGP"
"6327",26,3,9,9,61.1848749174221,68.5571263747788,"Rough","Avg. Reward Condition",40,"5",18,1,109,205,"Long",0.0732332149544233,0.729473108230608,NA,0.478966317789084,"localGP"
"6328",26,4,9,10,51.7164759770516,68.5571263747788,"Rough","Avg. Reward Condition",40,"5",18,1,120,205,"Long",0.0732332149544233,0.729473108230608,NA,0.478966317789084,"localGP"
"6329",26,5,8,10,43.0920417226209,68.5571263747788,"Rough","Avg. Reward Condition",40,"5",18,10,119,205,"Long",0.0732332149544233,0.729473108230608,NA,0.478966317789084,"localGP"
"6330",26,6,9,3,52.6770087163606,68.5571263747788,"Rough","Avg. Reward Condition",40,"5",18,9,43,205,"Long",0.0732332149544233,0.729473108230608,NA,0.478966317789084,"localGP"
"6331",26,7,10,4,53.5685725301176,68.5571263747788,"Rough","Avg. Reward Condition",40,"5",18,2,55,205,"Long",0.0732332149544233,0.729473108230608,NA,0.478966317789084,"localGP"
"6332",26,8,9,4,40.7628674874765,68.5571263747788,"Rough","Avg. Reward Condition",40,"5",18,1,54,205,"Long",0.0732332149544233,0.729473108230608,NA,0.478966317789084,"localGP"
"6333",26,9,9,5,25.5809293587448,68.5571263747788,"Rough","Avg. Reward Condition",40,"5",18,2,65,205,"Long",0.0732332149544233,0.729473108230608,NA,0.478966317789084,"localGP"
"6334",26,10,10,0,38.2617250048476,68.5571263747788,"Rough","Avg. Reward Condition",40,"5",18,2,11,205,"Long",0.0732332149544233,0.729473108230608,NA,0.478966317789084,"localGP"
"6335",26,11,9,0,42.0409614410277,68.5571263747788,"Rough","Avg. Reward Condition",40,"5",18,10,10,205,"Long",0.0732332149544233,0.729473108230608,NA,0.478966317789084,"localGP"
"6336",26,12,9,1,36.0277373757591,68.5571263747788,"Rough","Avg. Reward Condition",40,"5",18,2,21,205,"Long",0.0732332149544233,0.729473108230608,NA,0.478966317789084,"localGP"
"6337",26,13,9,2,46.2486687787869,68.5571263747788,"Rough","Avg. Reward Condition",40,"5",18,3,32,205,"Long",0.0732332149544233,0.729473108230608,NA,0.478966317789084,"localGP"
"6338",26,14,8,2,23.7481836425879,68.5571263747788,"Rough","Avg. Reward Condition",40,"5",18,1,31,205,"Long",0.0732332149544233,0.729473108230608,NA,0.478966317789084,"localGP"
"6339",26,15,8,3,32.1774726570329,68.5571263747788,"Rough","Avg. Reward Condition",40,"5",18,1,42,205,"Long",0.0732332149544233,0.729473108230608,NA,0.478966317789084,"localGP"
"6340",26,16,7,3,0,68.5571263747788,"Rough","Avg. Reward Condition",40,"5",18,6,41,205,"Long",0.0732332149544233,0.729473108230608,NA,0.478966317789084,"localGP"
"6341",26,17,8,4,38.0812277919718,68.5571263747788,"Rough","Avg. Reward Condition",40,"5",18,2,53,205,"Long",0.0732332149544233,0.729473108230608,NA,0.478966317789084,"localGP"
"6342",26,18,6,4,24.0248838436953,68.5571263747788,"Rough","Avg. Reward Condition",40,"5",18,8,51,205,"Long",0.0732332149544233,0.729473108230608,NA,0.478966317789084,"localGP"
"6343",26,19,5,4,37.8791272787462,68.5571263747788,"Rough","Avg. Reward Condition",40,"5",18,4,50,205,"Long",0.0732332149544233,0.729473108230608,NA,0.478966317789084,"localGP"
"6344",26,20,5,5,61.5391732787472,68.5571263747788,"Rough","Avg. Reward Condition",40,"5",18,2,61,205,"Long",0.0732332149544233,0.729473108230608,NA,0.478966317789084,"localGP"
"6345",26,21,3,5,60.9956565134491,68.5571263747788,"Rough","Avg. Reward Condition",40,"5",18,1,59,205,"Long",0.0732332149544233,0.729473108230608,NA,0.478966317789084,"localGP"
"6346",26,22,4,5,66.1329906623103,68.5571263747788,"Rough","Avg. Reward Condition",40,"5",18,6,60,205,"Long",0.0732332149544233,0.729473108230608,NA,0.478966317789084,"localGP"
"6347",26,23,4,6,56.6641694320835,68.5571263747788,"Rough","Avg. Reward Condition",40,"5",18,1,71,205,"Long",0.0732332149544233,0.729473108230608,NA,0.478966317789084,"localGP"
"6348",26,24,6,7,45.7922377623339,68.5571263747788,"Rough","Avg. Reward Condition",40,"5",18,1,84,205,"Long",0.0732332149544233,0.729473108230608,NA,0.478966317789084,"localGP"
"6349",26,25,6,6,45.1082294847669,68.5571263747788,"Rough","Avg. Reward Condition",40,"5",18,1,73,205,"Long",0.0732332149544233,0.729473108230608,NA,0.478966317789084,"localGP"
"6350",26,26,6,5,39.8371872215826,68.5571263747788,"Rough","Avg. Reward Condition",40,"5",18,1,62,205,"Long",0.0732332149544233,0.729473108230608,NA,0.478966317789084,"localGP"
"6351",26,27,9,6,46.7105802523154,68.5571263747788,"Rough","Avg. Reward Condition",40,"5",18,1,76,205,"Long",0.0732332149544233,0.729473108230608,NA,0.478966317789084,"localGP"
"6352",26,28,10,6,35.7890292277551,68.5571263747788,"Rough","Avg. Reward Condition",40,"5",18,2,77,205,"Long",0.0732332149544233,0.729473108230608,NA,0.478966317789084,"localGP"
"6353",26,29,10,7,45.9324442548253,68.5571263747788,"Rough","Avg. Reward Condition",40,"5",18,5,88,205,"Long",0.0732332149544233,0.729473108230608,NA,0.478966317789084,"localGP"
"6354",26,30,2,7,5.78700600623116,68.5571263747788,"Rough","Avg. Reward Condition",40,"5",18,5,80,205,"Long",0.0732332149544233,0.729473108230608,NA,0.478966317789084,"localGP"
"6355",26,31,8,1,22.4638703652577,68.5571263747788,"Rough","Avg. Reward Condition",40,"5",18,1,20,205,"Long",0.0732332149544233,0.729473108230608,NA,0.478966317789084,"localGP"
"6356",26,32,7,9,43.7178093969653,68.5571263747788,"Rough","Avg. Reward Condition",40,"5",18,5,107,205,"Long",0.0732332149544233,0.729473108230608,NA,0.478966317789084,"localGP"
"6357",26,33,6,9,34.6588515600726,68.5571263747788,"Rough","Avg. Reward Condition",40,"5",18,1,106,205,"Long",0.0732332149544233,0.729473108230608,NA,0.478966317789084,"localGP"
"6358",26,34,6,8,37.9736257778301,68.5571263747788,"Rough","Avg. Reward Condition",40,"5",18,1,95,205,"Long",0.0732332149544233,0.729473108230608,NA,0.478966317789084,"localGP"
"6359",26,35,5,8,32.0305817810502,68.5571263747788,"Rough","Avg. Reward Condition",40,"5",18,1,94,205,"Long",0.0732332149544233,0.729473108230608,NA,0.478966317789084,"localGP"
"6360",26,36,4,8,45.2794014613118,68.5571263747788,"Rough","Avg. Reward Condition",40,"5",18,1,93,205,"Long",0.0732332149544233,0.729473108230608,NA,0.478966317789084,"localGP"
"6361",26,37,4,9,48.6599556271506,68.5571263747788,"Rough","Avg. Reward Condition",40,"5",18,5,104,205,"Long",0.0732332149544233,0.729473108230608,NA,0.478966317789084,"localGP"
"6362",26,38,3,9,61.4935218902942,68.5571263747788,"Rough","Avg. Reward Condition",40,"5",18,1,103,205,"Long",0.0732332149544233,0.729473108230608,NA,0.478966317789084,"localGP"
"6363",26,39,2,9,54.5359599883725,68.5571263747788,"Rough","Avg. Reward Condition",40,"5",18,2,102,205,"Long",0.0732332149544233,0.729473108230608,NA,0.478966317789084,"localGP"
"6364",26,40,2,10,25.2569128061938,68.5571263747788,"Rough","Avg. Reward Condition",40,"5",18,2,113,205,"Long",0.0732332149544233,0.729473108230608,NA,0.478966317789084,"localGP"
"6365",26,41,3,6,31.7774943870089,68.5571263747788,"Rough","Avg. Reward Condition",40,"5",18,1,70,205,"Long",0.0732332149544233,0.729473108230608,NA,0.478966317789084,"localGP"
"6366",26,1,6,0,63.3442305024088,63.3442305024088,"Rough","Avg. Reward Condition",20,"6",5,NA,7,206,"Short",0.0533934511967159,0.773300605013298,NA,0.36301577327108,"localGP"
"6367",26,2,6,1,87.877786509451,87.877786509451,"Rough","Avg. Reward Condition",20,"6",5,14,18,206,"Short",0.0533934511967159,0.773300605013298,NA,0.36301577327108,"localGP"
"6368",26,3,6,2,51.6560216281502,87.877786509451,"Rough","Avg. Reward Condition",20,"6",5,2,29,206,"Short",0.0533934511967159,0.773300605013298,NA,0.36301577327108,"localGP"
"6369",26,4,5,2,42.3575427746737,87.877786509451,"Rough","Avg. Reward Condition",20,"6",5,2,28,206,"Short",0.0533934511967159,0.773300605013298,NA,0.36301577327108,"localGP"
"6370",26,5,5,1,65.3608725522841,87.877786509451,"Rough","Avg. Reward Condition",20,"6",5,2,17,206,"Short",0.0533934511967159,0.773300605013298,NA,0.36301577327108,"localGP"
"6371",26,6,4,1,39.4465578742712,87.877786509451,"Rough","Avg. Reward Condition",20,"6",5,1,16,206,"Short",0.0533934511967159,0.773300605013298,NA,0.36301577327108,"localGP"
"6372",26,7,4,2,28.5435224430932,87.877786509451,"Rough","Avg. Reward Condition",20,"6",5,1,27,206,"Short",0.0533934511967159,0.773300605013298,NA,0.36301577327108,"localGP"
"6373",26,8,3,2,22.9115521258941,87.877786509451,"Rough","Avg. Reward Condition",20,"6",5,1,26,206,"Short",0.0533934511967159,0.773300605013298,NA,0.36301577327108,"localGP"
"6374",26,9,2,3,50.3035066578995,87.877786509451,"Rough","Avg. Reward Condition",20,"6",5,2,36,206,"Short",0.0533934511967159,0.773300605013298,NA,0.36301577327108,"localGP"
"6375",26,10,3,3,30.1477778754891,87.877786509451,"Rough","Avg. Reward Condition",20,"6",5,1,37,206,"Short",0.0533934511967159,0.773300605013298,NA,0.36301577327108,"localGP"
"6376",26,11,6,1,87.877786509451,87.877786509451,"Rough","Avg. Reward Condition",20,"6",5,1,18,206,"Short",0.0533934511967159,0.773300605013298,NA,0.36301577327108,"localGP"
"6377",26,12,7,1,81.9911885215714,87.877786509451,"Rough","Avg. Reward Condition",20,"6",5,1,19,206,"Short",0.0533934511967159,0.773300605013298,NA,0.36301577327108,"localGP"
"6378",26,13,7,0,68.4752649344305,87.877786509451,"Rough","Avg. Reward Condition",20,"6",5,1,8,206,"Short",0.0533934511967159,0.773300605013298,NA,0.36301577327108,"localGP"
"6379",26,14,8,0,96.125082157983,96.125082157983,"Rough","Avg. Reward Condition",20,"6",5,4,9,206,"Short",0.0533934511967159,0.773300605013298,NA,0.36301577327108,"localGP"
"6380",26,15,8,1,86.7518912658619,96.125082157983,"Rough","Avg. Reward Condition",20,"6",5,1,20,206,"Short",0.0533934511967159,0.773300605013298,NA,0.36301577327108,"localGP"
"6381",26,16,8,2,68.5610945075531,96.125082157983,"Rough","Avg. Reward Condition",20,"6",5,1,31,206,"Short",0.0533934511967159,0.773300605013298,NA,0.36301577327108,"localGP"
"6382",26,17,8,1,86.7518912658619,96.125082157983,"Rough","Avg. Reward Condition",20,"6",5,2,20,206,"Short",0.0533934511967159,0.773300605013298,NA,0.36301577327108,"localGP"
"6383",26,18,8,0,96.125082157983,96.125082157983,"Rough","Avg. Reward Condition",20,"6",5,0,9,206,"Short",0.0533934511967159,0.773300605013298,NA,0.36301577327108,"localGP"
"6384",26,19,9,0,92.5470885084956,96.125082157983,"Rough","Avg. Reward Condition",20,"6",5,2,10,206,"Short",0.0533934511967159,0.773300605013298,NA,0.36301577327108,"localGP"
"6385",26,20,9,1,68.5223309875422,96.125082157983,"Rough","Avg. Reward Condition",20,"6",5,3,21,206,"Short",0.0533934511967159,0.773300605013298,NA,0.36301577327108,"localGP"
"6386",26,21,9,0,92.5470885084956,96.125082157983,"Rough","Avg. Reward Condition",20,"6",5,3,10,206,"Short",0.0533934511967159,0.773300605013298,NA,0.36301577327108,"localGP"
"6387",26,1,3,7,59.6140621219219,59.6140621219219,"Rough","Avg. Reward Condition",40,"7",11,NA,81,207,"Long",0.0760318602526663,0.77188050802656,NA,0.479842377755581,"localGP"
"6388",26,2,2,7,55.5981513858235,59.6140621219219,"Rough","Avg. Reward Condition",40,"7",11,1,80,207,"Long",0.0760318602526663,0.77188050802656,NA,0.479842377755581,"localGP"
"6389",26,3,2,8,51.021079018963,59.6140621219219,"Rough","Avg. Reward Condition",40,"7",11,1,91,207,"Long",0.0760318602526663,0.77188050802656,NA,0.479842377755581,"localGP"
"6390",26,4,2,9,30.1299532832918,59.6140621219219,"Rough","Avg. Reward Condition",40,"7",11,2,102,207,"Long",0.0760318602526663,0.77188050802656,NA,0.479842377755581,"localGP"
"6391",26,5,2,6,16.8739975298769,59.6140621219219,"Rough","Avg. Reward Condition",40,"7",11,2,69,207,"Long",0.0760318602526663,0.77188050802656,NA,0.479842377755581,"localGP"
"6392",26,6,1,6,53.3162074134113,59.6140621219219,"Rough","Avg. Reward Condition",40,"7",11,1,68,207,"Long",0.0760318602526663,0.77188050802656,NA,0.479842377755581,"localGP"
"6393",26,7,1,7,66.3320145159087,66.3320145159087,"Rough","Avg. Reward Condition",40,"7",11,1,79,207,"Long",0.0760318602526663,0.77188050802656,NA,0.479842377755581,"localGP"
"6394",26,8,1,8,56.1053689232527,66.3320145159087,"Rough","Avg. Reward Condition",40,"7",11,2,90,207,"Long",0.0760318602526663,0.77188050802656,NA,0.479842377755581,"localGP"
"6395",26,9,0,9,39.2599045989107,66.3320145159087,"Rough","Avg. Reward Condition",40,"7",11,1,100,207,"Long",0.0760318602526663,0.77188050802656,NA,0.479842377755581,"localGP"
"6396",26,10,3,5,0,66.3320145159087,"Rough","Avg. Reward Condition",40,"7",11,2,59,207,"Long",0.0760318602526663,0.77188050802656,NA,0.479842377755581,"localGP"
"6397",26,11,3,2,46.913663419152,66.3320145159087,"Rough","Avg. Reward Condition",40,"7",11,4,26,207,"Long",0.0760318602526663,0.77188050802656,NA,0.479842377755581,"localGP"
"6398",26,12,9,8,43.5318799562685,66.3320145159087,"Rough","Avg. Reward Condition",40,"7",11,2,98,207,"Long",0.0760318602526663,0.77188050802656,NA,0.479842377755581,"localGP"
"6399",26,13,9,7,46.7520963310915,66.3320145159087,"Rough","Avg. Reward Condition",40,"7",11,4,87,207,"Long",0.0760318602526663,0.77188050802656,NA,0.479842377755581,"localGP"
"6400",26,14,9,6,44.0877983401219,66.3320145159087,"Rough","Avg. Reward Condition",40,"7",11,1,76,207,"Long",0.0760318602526663,0.77188050802656,NA,0.479842377755581,"localGP"
"6401",26,15,9,9,48.1183497019652,66.3320145159087,"Rough","Avg. Reward Condition",40,"7",11,1,109,207,"Long",0.0760318602526663,0.77188050802656,NA,0.479842377755581,"localGP"
"6402",26,16,10,5,24.0277528362219,66.3320145159087,"Rough","Avg. Reward Condition",40,"7",11,1,66,207,"Long",0.0760318602526663,0.77188050802656,NA,0.479842377755581,"localGP"
"6403",26,17,7,5,74.6263346102851,74.6263346102851,"Rough","Avg. Reward Condition",40,"7",11,1,63,207,"Long",0.0760318602526663,0.77188050802656,NA,0.479842377755581,"localGP"
"6404",26,18,6,5,71.4465704662512,74.6263346102851,"Rough","Avg. Reward Condition",40,"7",11,1,62,207,"Long",0.0760318602526663,0.77188050802656,NA,0.479842377755581,"localGP"
"6405",26,19,6,6,71.604411900564,74.6263346102851,"Rough","Avg. Reward Condition",40,"7",11,2,73,207,"Long",0.0760318602526663,0.77188050802656,NA,0.479842377755581,"localGP"
"6406",26,20,7,6,78.20301873206,78.20301873206,"Rough","Avg. Reward Condition",40,"7",11,1,74,207,"Long",0.0760318602526663,0.77188050802656,NA,0.479842377755581,"localGP"
"6407",26,21,8,6,60.0661393407619,78.20301873206,"Rough","Avg. Reward Condition",40,"7",11,2,75,207,"Long",0.0760318602526663,0.77188050802656,NA,0.479842377755581,"localGP"
"6408",26,22,8,5,25.4104652088754,78.20301873206,"Rough","Avg. Reward Condition",40,"7",11,1,64,207,"Long",0.0760318602526663,0.77188050802656,NA,0.479842377755581,"localGP"
"6409",26,23,6,9,46.6920205360619,78.20301873206,"Rough","Avg. Reward Condition",40,"7",11,2,106,207,"Long",0.0760318602526663,0.77188050802656,NA,0.479842377755581,"localGP"
"6410",26,24,9,10,19.2437103402709,78.20301873206,"Rough","Avg. Reward Condition",40,"7",11,1,120,207,"Long",0.0760318602526663,0.77188050802656,NA,0.479842377755581,"localGP"
"6411",26,25,10,7,37.1719234376725,78.20301873206,"Rough","Avg. Reward Condition",40,"7",11,3,88,207,"Long",0.0760318602526663,0.77188050802656,NA,0.479842377755581,"localGP"
"6412",26,26,9,4,34.9976006588863,78.20301873206,"Rough","Avg. Reward Condition",40,"7",11,1,54,207,"Long",0.0760318602526663,0.77188050802656,NA,0.479842377755581,"localGP"
"6413",26,27,2,3,41.0550340200253,78.20301873206,"Rough","Avg. Reward Condition",40,"7",11,2,36,207,"Long",0.0760318602526663,0.77188050802656,NA,0.479842377755581,"localGP"
"6414",26,28,8,1,46.3164104609932,78.20301873206,"Rough","Avg. Reward Condition",40,"7",11,6,20,207,"Long",0.0760318602526663,0.77188050802656,NA,0.479842377755581,"localGP"
"6415",26,29,8,2,27.9169058810438,78.20301873206,"Rough","Avg. Reward Condition",40,"7",11,2,31,207,"Long",0.0760318602526663,0.77188050802656,NA,0.479842377755581,"localGP"
"6416",26,30,4,9,78.163385341713,78.20301873206,"Rough","Avg. Reward Condition",40,"7",11,13,104,207,"Long",0.0760318602526663,0.77188050802656,NA,0.479842377755581,"localGP"
"6417",26,31,4,10,100,100,"Rough","Avg. Reward Condition",40,"7",11,1,115,207,"Long",0.0760318602526663,0.77188050802656,NA,0.479842377755581,"localGP"
"6418",26,32,5,10,87.2658829250153,100,"Rough","Avg. Reward Condition",40,"7",11,7,116,207,"Long",0.0760318602526663,0.77188050802656,NA,0.479842377755581,"localGP"
"6419",26,33,4,10,100,100,"Rough","Avg. Reward Condition",40,"7",11,1,115,207,"Long",0.0760318602526663,0.77188050802656,NA,0.479842377755581,"localGP"
"6420",26,34,4,10,100,100,"Rough","Avg. Reward Condition",40,"7",11,1,115,207,"Long",0.0760318602526663,0.77188050802656,NA,0.479842377755581,"localGP"
"6421",26,35,3,10,47.1514098553432,100,"Rough","Avg. Reward Condition",40,"7",11,2,114,207,"Long",0.0760318602526663,0.77188050802656,NA,0.479842377755581,"localGP"
"6422",26,36,4,10,100,100,"Rough","Avg. Reward Condition",40,"7",11,1,115,207,"Long",0.0760318602526663,0.77188050802656,NA,0.479842377755581,"localGP"
"6423",26,37,4,10,100,100,"Rough","Avg. Reward Condition",40,"7",11,3,115,207,"Long",0.0760318602526663,0.77188050802656,NA,0.479842377755581,"localGP"
"6424",26,38,4,10,100,100,"Rough","Avg. Reward Condition",40,"7",11,1,115,207,"Long",0.0760318602526663,0.77188050802656,NA,0.479842377755581,"localGP"
"6425",26,39,4,10,100,100,"Rough","Avg. Reward Condition",40,"7",11,2,115,207,"Long",0.0760318602526663,0.77188050802656,NA,0.479842377755581,"localGP"
"6426",26,40,4,10,100,100,"Rough","Avg. Reward Condition",40,"7",11,4,115,207,"Long",0.0760318602526663,0.77188050802656,NA,0.479842377755581,"localGP"
"6427",26,41,4,10,100,100,"Rough","Avg. Reward Condition",40,"7",11,7,115,207,"Long",0.0760318602526663,0.77188050802656,NA,0.479842377755581,"localGP"
"6428",26,1,1,2,51.3385212336399,51.3385212336399,"Rough","Avg. Reward Condition",20,"8",8,NA,24,208,"Short",0.0741525253726849,0.779746830612691,NA,0.480481866141109,"localGP"
"6429",26,2,1,1,43.0875243946016,51.3385212336399,"Rough","Avg. Reward Condition",20,"8",8,1,13,208,"Short",0.0741525253726849,0.779746830612691,NA,0.480481866141109,"localGP"
"6430",26,3,1,0,27.8861757237678,51.3385212336399,"Rough","Avg. Reward Condition",20,"8",8,1,2,208,"Short",0.0741525253726849,0.779746830612691,NA,0.480481866141109,"localGP"
"6431",26,4,2,1,30.8824837156439,51.3385212336399,"Rough","Avg. Reward Condition",20,"8",8,1,14,208,"Short",0.0741525253726849,0.779746830612691,NA,0.480481866141109,"localGP"
"6432",26,5,3,1,4.88158826863188,51.3385212336399,"Rough","Avg. Reward Condition",20,"8",8,1,15,208,"Short",0.0741525253726849,0.779746830612691,NA,0.480481866141109,"localGP"
"6433",26,6,0,1,40.9480065952068,51.3385212336399,"Rough","Avg. Reward Condition",20,"8",8,3,12,208,"Short",0.0741525253726849,0.779746830612691,NA,0.480481866141109,"localGP"
"6434",26,7,9,10,46.8319798466621,51.3385212336399,"Rough","Avg. Reward Condition",20,"8",8,1,120,208,"Short",0.0741525253726849,0.779746830612691,NA,0.480481866141109,"localGP"
"6435",26,8,8,10,37.5051965448462,51.3385212336399,"Rough","Avg. Reward Condition",20,"8",8,2,119,208,"Short",0.0741525253726849,0.779746830612691,NA,0.480481866141109,"localGP"
"6436",26,9,8,9,24.6189505790848,51.3385212336399,"Rough","Avg. Reward Condition",20,"8",8,5,108,208,"Short",0.0741525253726849,0.779746830612691,NA,0.480481866141109,"localGP"
"6437",26,10,10,9,65.2100813195769,65.2100813195769,"Rough","Avg. Reward Condition",20,"8",8,2,110,208,"Short",0.0741525253726849,0.779746830612691,NA,0.480481866141109,"localGP"
"6438",26,11,10,8,76.4183100211284,76.4183100211284,"Rough","Avg. Reward Condition",20,"8",8,1,99,208,"Short",0.0741525253726849,0.779746830612691,NA,0.480481866141109,"localGP"
"6439",26,12,10,7,59.5768375787062,76.4183100211284,"Rough","Avg. Reward Condition",20,"8",8,15,88,208,"Short",0.0741525253726849,0.779746830612691,NA,0.480481866141109,"localGP"
"6440",26,13,9,7,12.1031590785717,76.4183100211284,"Rough","Avg. Reward Condition",20,"8",8,1,87,208,"Short",0.0741525253726849,0.779746830612691,NA,0.480481866141109,"localGP"
"6441",26,14,10,7,59.5768375787062,76.4183100211284,"Rough","Avg. Reward Condition",20,"8",8,1,88,208,"Short",0.0741525253726849,0.779746830612691,NA,0.480481866141109,"localGP"
"6442",26,15,10,6,58.4861545371747,76.4183100211284,"Rough","Avg. Reward Condition",20,"8",8,1,77,208,"Short",0.0741525253726849,0.779746830612691,NA,0.480481866141109,"localGP"
"6443",26,16,10,5,84.8597235153552,84.8597235153552,"Rough","Avg. Reward Condition",20,"8",8,2,66,208,"Short",0.0741525253726849,0.779746830612691,NA,0.480481866141109,"localGP"
"6444",26,17,10,4,82.6261489879953,84.8597235153552,"Rough","Avg. Reward Condition",20,"8",8,1,55,208,"Short",0.0741525253726849,0.779746830612691,NA,0.480481866141109,"localGP"
"6445",26,18,9,4,91.0101706017793,91.0101706017793,"Rough","Avg. Reward Condition",20,"8",8,7,54,208,"Short",0.0741525253726849,0.779746830612691,NA,0.480481866141109,"localGP"
"6446",26,19,9,5,83.9959054519375,91.0101706017793,"Rough","Avg. Reward Condition",20,"8",8,6,65,208,"Short",0.0741525253726849,0.779746830612691,NA,0.480481866141109,"localGP"
"6447",26,20,8,5,75.2422907496321,91.0101706017793,"Rough","Avg. Reward Condition",20,"8",8,5,64,208,"Short",0.0741525253726849,0.779746830612691,NA,0.480481866141109,"localGP"
"6448",26,21,7,5,62.0812481900124,91.0101706017793,"Rough","Avg. Reward Condition",20,"8",8,1,63,208,"Short",0.0741525253726849,0.779746830612691,NA,0.480481866141109,"localGP"
"6449",27,1,8,0,50.7188657068744,50.7188657068744,"Smooth","Avg. Reward Condition",20,"1",15,NA,9,209,"Short",0.287794007623165,147.255432158468,NA,123.097741690373,"localGP"
"6450",27,2,7,0,50.8945892528803,50.8945892528803,"Smooth","Avg. Reward Condition",20,"1",15,1,8,209,"Short",0.287794007623165,147.255432158468,NA,123.097741690373,"localGP"
"6451",27,3,6,0,48.4461489024529,50.8945892528803,"Smooth","Avg. Reward Condition",20,"1",15,2,7,209,"Short",0.287794007623165,147.255432158468,NA,123.097741690373,"localGP"
"6452",27,4,7,8,69.8476397875391,69.8476397875391,"Smooth","Avg. Reward Condition",20,"1",15,1,96,209,"Short",0.287794007623165,147.255432158468,NA,123.097741690373,"localGP"
"6453",27,5,7,8,69.8476397875391,69.8476397875391,"Smooth","Avg. Reward Condition",20,"1",15,1,96,209,"Short",0.287794007623165,147.255432158468,NA,123.097741690373,"localGP"
"6454",27,6,6,8,37.9895676228476,69.8476397875391,"Smooth","Avg. Reward Condition",20,"1",15,2,95,209,"Short",0.287794007623165,147.255432158468,NA,123.097741690373,"localGP"
"6455",27,7,5,8,12.3881850292677,69.8476397875391,"Smooth","Avg. Reward Condition",20,"1",15,1,94,209,"Short",0.287794007623165,147.255432158468,NA,123.097741690373,"localGP"
"6456",27,8,5,8,12.3881850292677,69.8476397875391,"Smooth","Avg. Reward Condition",20,"1",15,1,94,209,"Short",0.287794007623165,147.255432158468,NA,123.097741690373,"localGP"
"6457",27,9,5,8,12.3881850292677,69.8476397875391,"Smooth","Avg. Reward Condition",20,"1",15,1,94,209,"Short",0.287794007623165,147.255432158468,NA,123.097741690373,"localGP"
"6458",27,10,5,9,47.9731744721056,69.8476397875391,"Smooth","Avg. Reward Condition",20,"1",15,1,105,209,"Short",0.287794007623165,147.255432158468,NA,123.097741690373,"localGP"
"6459",27,11,7,2,69.9700174342543,69.9700174342543,"Smooth","Avg. Reward Condition",20,"1",15,1,30,209,"Short",0.287794007623165,147.255432158468,NA,123.097741690373,"localGP"
"6460",27,12,7,3,80.8182816244535,80.8182816244535,"Smooth","Avg. Reward Condition",20,"1",15,2,41,209,"Short",0.287794007623165,147.255432158468,NA,123.097741690373,"localGP"
"6461",27,13,6,3,78.683438969698,80.8182816244535,"Smooth","Avg. Reward Condition",20,"1",15,1,40,209,"Short",0.287794007623165,147.255432158468,NA,123.097741690373,"localGP"
"6462",27,14,7,2,69.9700174342543,80.8182816244535,"Smooth","Avg. Reward Condition",20,"1",15,2,30,209,"Short",0.287794007623165,147.255432158468,NA,123.097741690373,"localGP"
"6463",27,15,8,2,70.4382048809147,80.8182816244535,"Smooth","Avg. Reward Condition",20,"1",15,1,31,209,"Short",0.287794007623165,147.255432158468,NA,123.097741690373,"localGP"
"6464",27,16,7,2,69.9700174342543,80.8182816244535,"Smooth","Avg. Reward Condition",20,"1",15,1,30,209,"Short",0.287794007623165,147.255432158468,NA,123.097741690373,"localGP"
"6465",27,17,7,2,69.9700174342543,80.8182816244535,"Smooth","Avg. Reward Condition",20,"1",15,1,30,209,"Short",0.287794007623165,147.255432158468,NA,123.097741690373,"localGP"
"6466",27,18,7,3,80.8182816244535,80.8182816244535,"Smooth","Avg. Reward Condition",20,"1",15,1,41,209,"Short",0.287794007623165,147.255432158468,NA,123.097741690373,"localGP"
"6467",27,19,7,4,79.1562899569572,80.8182816244535,"Smooth","Avg. Reward Condition",20,"1",15,1,52,209,"Short",0.287794007623165,147.255432158468,NA,123.097741690373,"localGP"
"6468",27,20,5,8,12.3881850292677,80.8182816244535,"Smooth","Avg. Reward Condition",20,"1",15,1,94,209,"Short",0.287794007623165,147.255432158468,NA,123.097741690373,"localGP"
"6469",27,21,6,4,54.0696372029281,80.8182816244535,"Smooth","Avg. Reward Condition",20,"1",15,1,51,209,"Short",0.287794007623165,147.255432158468,NA,123.097741690373,"localGP"
"6470",27,1,2,8,43.3826449218407,43.3826449218407,"Smooth","Avg. Reward Condition",40,"2",12,NA,91,210,"Long",0.0564277644439624,0.871420146467209,NA,0.330722282783738,"localGP"
"6471",27,2,1,8,47.8034977029068,47.8034977029068,"Smooth","Avg. Reward Condition",40,"2",12,1,90,210,"Long",0.0564277644439624,0.871420146467209,NA,0.330722282783738,"localGP"
"6472",27,3,0,9,63.3478366048468,63.3478366048468,"Smooth","Avg. Reward Condition",40,"2",12,2,100,210,"Long",0.0564277644439624,0.871420146467209,NA,0.330722282783738,"localGP"
"6473",27,4,0,10,57.0348841839944,63.3478366048468,"Smooth","Avg. Reward Condition",40,"2",12,1,111,210,"Long",0.0564277644439624,0.871420146467209,NA,0.330722282783738,"localGP"
"6474",27,5,2,10,36.0278850758994,63.3478366048468,"Smooth","Avg. Reward Condition",40,"2",12,1,113,210,"Long",0.0564277644439624,0.871420146467209,NA,0.330722282783738,"localGP"
"6475",27,6,7,7,63.3946973965317,63.3946973965317,"Smooth","Avg. Reward Condition",40,"2",12,1,85,210,"Long",0.0564277644439624,0.871420146467209,NA,0.330722282783738,"localGP"
"6476",27,7,7,8,45.6964711781897,63.3946973965317,"Smooth","Avg. Reward Condition",40,"2",12,1,96,210,"Long",0.0564277644439624,0.871420146467209,NA,0.330722282783738,"localGP"
"6477",27,8,7,4,50.9267348648604,63.3946973965317,"Smooth","Avg. Reward Condition",40,"2",12,1,52,210,"Long",0.0564277644439624,0.871420146467209,NA,0.330722282783738,"localGP"
"6478",27,9,8,4,57.9281093850076,63.3946973965317,"Smooth","Avg. Reward Condition",40,"2",12,0,53,210,"Long",0.0564277644439624,0.871420146467209,NA,0.330722282783738,"localGP"
"6479",27,10,8,6,87.8662142990348,87.8662142990348,"Smooth","Avg. Reward Condition",40,"2",12,1,75,210,"Long",0.0564277644439624,0.871420146467209,NA,0.330722282783738,"localGP"
"6480",27,11,9,6,67.9862039342171,87.8662142990348,"Smooth","Avg. Reward Condition",40,"2",12,1,76,210,"Long",0.0564277644439624,0.871420146467209,NA,0.330722282783738,"localGP"
"6481",27,12,5,1,44.2328217511711,87.8662142990348,"Smooth","Avg. Reward Condition",40,"2",12,1,17,210,"Long",0.0564277644439624,0.871420146467209,NA,0.330722282783738,"localGP"
"6482",27,13,5,3,27.1172437554855,87.8662142990348,"Smooth","Avg. Reward Condition",40,"2",12,2,39,210,"Long",0.0564277644439624,0.871420146467209,NA,0.330722282783738,"localGP"
"6483",27,14,6,6,97.0143306966023,97.0143306966023,"Smooth","Avg. Reward Condition",40,"2",12,1,73,210,"Long",0.0564277644439624,0.871420146467209,NA,0.330722282783738,"localGP"
"6484",27,15,6,5,78.7023797954434,97.0143306966023,"Smooth","Avg. Reward Condition",40,"2",12,1,62,210,"Long",0.0564277644439624,0.871420146467209,NA,0.330722282783738,"localGP"
"6485",27,16,7,5,86.8061250260335,97.0143306966023,"Smooth","Avg. Reward Condition",40,"2",12,1,63,210,"Long",0.0564277644439624,0.871420146467209,NA,0.330722282783738,"localGP"
"6486",27,17,7,6,92.2608433233279,97.0143306966023,"Smooth","Avg. Reward Condition",40,"2",12,2,74,210,"Long",0.0564277644439624,0.871420146467209,NA,0.330722282783738,"localGP"
"6487",27,18,7,6,92.2608433233279,97.0143306966023,"Smooth","Avg. Reward Condition",40,"2",12,1,74,210,"Long",0.0564277644439624,0.871420146467209,NA,0.330722282783738,"localGP"
"6488",27,19,6,6,97.0143306966023,97.0143306966023,"Smooth","Avg. Reward Condition",40,"2",12,2,73,210,"Long",0.0564277644439624,0.871420146467209,NA,0.330722282783738,"localGP"
"6489",27,20,5,6,100,100,"Smooth","Avg. Reward Condition",40,"2",12,2,72,210,"Long",0.0564277644439624,0.871420146467209,NA,0.330722282783738,"localGP"
"6490",27,21,5,6,100,100,"Smooth","Avg. Reward Condition",40,"2",12,2,72,210,"Long",0.0564277644439624,0.871420146467209,NA,0.330722282783738,"localGP"
"6491",27,22,6,6,97.0143306966023,100,"Smooth","Avg. Reward Condition",40,"2",12,3,73,210,"Long",0.0564277644439624,0.871420146467209,NA,0.330722282783738,"localGP"
"6492",27,23,6,7,79.1421963160271,100,"Smooth","Avg. Reward Condition",40,"2",12,1,84,210,"Long",0.0564277644439624,0.871420146467209,NA,0.330722282783738,"localGP"
"6493",27,24,6,6,97.0143306966023,100,"Smooth","Avg. Reward Condition",40,"2",12,6,73,210,"Long",0.0564277644439624,0.871420146467209,NA,0.330722282783738,"localGP"
"6494",27,25,6,6,97.0143306966023,100,"Smooth","Avg. Reward Condition",40,"2",12,1,73,210,"Long",0.0564277644439624,0.871420146467209,NA,0.330722282783738,"localGP"
"6495",27,26,5,6,100,100,"Smooth","Avg. Reward Condition",40,"2",12,3,72,210,"Long",0.0564277644439624,0.871420146467209,NA,0.330722282783738,"localGP"
"6496",27,27,4,6,68.9050868774384,100,"Smooth","Avg. Reward Condition",40,"2",12,1,71,210,"Long",0.0564277644439624,0.871420146467209,NA,0.330722282783738,"localGP"
"6497",27,28,5,6,100,100,"Smooth","Avg. Reward Condition",40,"2",12,1,72,210,"Long",0.0564277644439624,0.871420146467209,NA,0.330722282783738,"localGP"
"6498",27,29,5,5,67.9178322502487,100,"Smooth","Avg. Reward Condition",40,"2",12,1,61,210,"Long",0.0564277644439624,0.871420146467209,NA,0.330722282783738,"localGP"
"6499",27,30,5,6,100,100,"Smooth","Avg. Reward Condition",40,"2",12,1,72,210,"Long",0.0564277644439624,0.871420146467209,NA,0.330722282783738,"localGP"
"6500",27,31,6,6,97.0143306966023,100,"Smooth","Avg. Reward Condition",40,"2",12,1,73,210,"Long",0.0564277644439624,0.871420146467209,NA,0.330722282783738,"localGP"
"6501",27,32,5,6,100,100,"Smooth","Avg. Reward Condition",40,"2",12,1,72,210,"Long",0.0564277644439624,0.871420146467209,NA,0.330722282783738,"localGP"
"6502",27,33,5,7,95.4475396391107,100,"Smooth","Avg. Reward Condition",40,"2",12,1,83,210,"Long",0.0564277644439624,0.871420146467209,NA,0.330722282783738,"localGP"
"6503",27,34,5,6,100,100,"Smooth","Avg. Reward Condition",40,"2",12,2,72,210,"Long",0.0564277644439624,0.871420146467209,NA,0.330722282783738,"localGP"
"6504",27,35,6,6,97.0143306966023,100,"Smooth","Avg. Reward Condition",40,"2",12,1,73,210,"Long",0.0564277644439624,0.871420146467209,NA,0.330722282783738,"localGP"
"6505",27,36,5,6,100,100,"Smooth","Avg. Reward Condition",40,"2",12,1,72,210,"Long",0.0564277644439624,0.871420146467209,NA,0.330722282783738,"localGP"
"6506",27,37,5,7,95.4475396391107,100,"Smooth","Avg. Reward Condition",40,"2",12,1,83,210,"Long",0.0564277644439624,0.871420146467209,NA,0.330722282783738,"localGP"
"6507",27,38,2,1,71.2084102160603,100,"Smooth","Avg. Reward Condition",40,"2",12,1,14,210,"Long",0.0564277644439624,0.871420146467209,NA,0.330722282783738,"localGP"
"6508",27,39,3,1,68.4386100251646,100,"Smooth","Avg. Reward Condition",40,"2",12,1,15,210,"Long",0.0564277644439624,0.871420146467209,NA,0.330722282783738,"localGP"
"6509",27,40,3,0,64.7269948092112,100,"Smooth","Avg. Reward Condition",40,"2",12,2,4,210,"Long",0.0564277644439624,0.871420146467209,NA,0.330722282783738,"localGP"
"6510",27,41,2,0,69.5209390611237,100,"Smooth","Avg. Reward Condition",40,"2",12,1,3,210,"Long",0.0564277644439624,0.871420146467209,NA,0.330722282783738,"localGP"
"6511",27,1,9,10,51.9374709842096,51.9374709842096,"Smooth","Avg. Reward Condition",20,"3",17,NA,120,211,"Short",0.0632658918716856,1.0439133530262,NA,0.36565316724144,"localGP"
"6512",27,2,7,5,24.4140130068995,51.9374709842096,"Smooth","Avg. Reward Condition",20,"3",17,1,63,211,"Short",0.0632658918716856,1.0439133530262,NA,0.36565316724144,"localGP"
"6513",27,3,7,10,45.8329437845991,51.9374709842096,"Smooth","Avg. Reward Condition",20,"3",17,1,118,211,"Short",0.0632658918716856,1.0439133530262,NA,0.36565316724144,"localGP"
"6514",27,4,9,0,56.3100913856246,56.3100913856246,"Smooth","Avg. Reward Condition",20,"3",17,1,10,211,"Short",0.0632658918716856,1.0439133530262,NA,0.36565316724144,"localGP"
"6515",27,5,10,0,27.0967332866998,56.3100913856246,"Smooth","Avg. Reward Condition",20,"3",17,1,11,211,"Short",0.0632658918716856,1.0439133530262,NA,0.36565316724144,"localGP"
"6516",27,6,8,8,48.6209458913059,56.3100913856246,"Smooth","Avg. Reward Condition",20,"3",17,1,97,211,"Short",0.0632658918716856,1.0439133530262,NA,0.36565316724144,"localGP"
"6517",27,7,8,9,55.5010385970611,56.3100913856246,"Smooth","Avg. Reward Condition",20,"3",17,2,108,211,"Short",0.0632658918716856,1.0439133530262,NA,0.36565316724144,"localGP"
"6518",27,8,5,6,42.0069236019537,56.3100913856246,"Smooth","Avg. Reward Condition",20,"3",17,1,72,211,"Short",0.0632658918716856,1.0439133530262,NA,0.36565316724144,"localGP"
"6519",27,9,5,5,42.2377203459465,56.3100913856246,"Smooth","Avg. Reward Condition",20,"3",17,1,61,211,"Short",0.0632658918716856,1.0439133530262,NA,0.36565316724144,"localGP"
"6520",27,10,4,5,82.6609311486781,82.6609311486781,"Smooth","Avg. Reward Condition",20,"3",17,1,60,211,"Short",0.0632658918716856,1.0439133530262,NA,0.36565316724144,"localGP"
"6521",27,11,3,5,100,100,"Smooth","Avg. Reward Condition",20,"3",17,3,59,211,"Short",0.0632658918716856,1.0439133530262,NA,0.36565316724144,"localGP"
"6522",27,12,3,4,81.7432518785976,100,"Smooth","Avg. Reward Condition",20,"3",17,5,48,211,"Short",0.0632658918716856,1.0439133530262,NA,0.36565316724144,"localGP"
"6523",27,13,3,5,100,100,"Smooth","Avg. Reward Condition",20,"3",17,1,59,211,"Short",0.0632658918716856,1.0439133530262,NA,0.36565316724144,"localGP"
"6524",27,14,3,6,61.6521718992743,100,"Smooth","Avg. Reward Condition",20,"3",17,2,70,211,"Short",0.0632658918716856,1.0439133530262,NA,0.36565316724144,"localGP"
"6525",27,15,3,5,100,100,"Smooth","Avg. Reward Condition",20,"3",17,1,59,211,"Short",0.0632658918716856,1.0439133530262,NA,0.36565316724144,"localGP"
"6526",27,16,2,5,96.5712701527156,100,"Smooth","Avg. Reward Condition",20,"3",17,2,58,211,"Short",0.0632658918716856,1.0439133530262,NA,0.36565316724144,"localGP"
"6527",27,17,2,4,78.1145537046303,100,"Smooth","Avg. Reward Condition",20,"3",17,2,47,211,"Short",0.0632658918716856,1.0439133530262,NA,0.36565316724144,"localGP"
"6528",27,18,2,5,96.5712701527156,100,"Smooth","Avg. Reward Condition",20,"3",17,2,58,211,"Short",0.0632658918716856,1.0439133530262,NA,0.36565316724144,"localGP"
"6529",27,19,1,5,55.0007890272568,100,"Smooth","Avg. Reward Condition",20,"3",17,4,57,211,"Short",0.0632658918716856,1.0439133530262,NA,0.36565316724144,"localGP"
"6530",27,20,2,5,96.5712701527156,100,"Smooth","Avg. Reward Condition",20,"3",17,1,58,211,"Short",0.0632658918716856,1.0439133530262,NA,0.36565316724144,"localGP"
"6531",27,21,3,5,100,100,"Smooth","Avg. Reward Condition",20,"3",17,0,59,211,"Short",0.0632658918716856,1.0439133530262,NA,0.36565316724144,"localGP"
"6532",27,1,6,5,20.2602754347386,20.2602754347386,"Smooth","Avg. Reward Condition",40,"4",8,NA,62,212,"Long",0.0649683580545986,0.813987083677498,NA,0.354989374007498,"localGP"
"6533",27,2,8,2,46.8578212721829,46.8578212721829,"Smooth","Avg. Reward Condition",40,"4",8,1,31,212,"Long",0.0649683580545986,0.813987083677498,NA,0.354989374007498,"localGP"
"6534",27,3,9,2,75.3584348689062,75.3584348689062,"Smooth","Avg. Reward Condition",40,"4",8,1,32,212,"Long",0.0649683580545986,0.813987083677498,NA,0.354989374007498,"localGP"
"6535",27,4,10,2,57.5348979137983,75.3584348689062,"Smooth","Avg. Reward Condition",40,"4",8,2,33,212,"Long",0.0649683580545986,0.813987083677498,NA,0.354989374007498,"localGP"
"6536",27,5,9,1,51.1161820645571,75.3584348689062,"Smooth","Avg. Reward Condition",40,"4",8,1,21,212,"Long",0.0649683580545986,0.813987083677498,NA,0.354989374007498,"localGP"
"6537",27,6,9,2,75.3584348689062,75.3584348689062,"Smooth","Avg. Reward Condition",40,"4",8,3,32,212,"Long",0.0649683580545986,0.813987083677498,NA,0.354989374007498,"localGP"
"6538",27,7,9,3,83.0323065830004,83.0323065830004,"Smooth","Avg. Reward Condition",40,"4",8,1,43,212,"Long",0.0649683580545986,0.813987083677498,NA,0.354989374007498,"localGP"
"6539",27,8,8,3,54.3441668023564,83.0323065830004,"Smooth","Avg. Reward Condition",40,"4",8,1,42,212,"Long",0.0649683580545986,0.813987083677498,NA,0.354989374007498,"localGP"
"6540",27,9,8,4,60.2211526419582,83.0323065830004,"Smooth","Avg. Reward Condition",40,"4",8,1,53,212,"Long",0.0649683580545986,0.813987083677498,NA,0.354989374007498,"localGP"
"6541",27,10,8,5,75.2422907496321,83.0323065830004,"Smooth","Avg. Reward Condition",40,"4",8,1,64,212,"Long",0.0649683580545986,0.813987083677498,NA,0.354989374007498,"localGP"
"6542",27,11,8,7,14.1323595247913,83.0323065830004,"Smooth","Avg. Reward Condition",40,"4",8,1,86,212,"Long",0.0649683580545986,0.813987083677498,NA,0.354989374007498,"localGP"
"6543",27,12,2,7,48.3499832145675,83.0323065830004,"Smooth","Avg. Reward Condition",40,"4",8,1,80,212,"Long",0.0649683580545986,0.813987083677498,NA,0.354989374007498,"localGP"
"6544",27,13,3,7,79.3800074226317,83.0323065830004,"Smooth","Avg. Reward Condition",40,"4",8,0,81,212,"Long",0.0649683580545986,0.813987083677498,NA,0.354989374007498,"localGP"
"6545",27,14,3,8,44.1553815422113,83.0323065830004,"Smooth","Avg. Reward Condition",40,"4",8,0,92,212,"Long",0.0649683580545986,0.813987083677498,NA,0.354989374007498,"localGP"
"6546",27,15,4,8,69.4439461709685,83.0323065830004,"Smooth","Avg. Reward Condition",40,"4",8,0,93,212,"Long",0.0649683580545986,0.813987083677498,NA,0.354989374007498,"localGP"
"6547",27,16,4,7,87.7929185379322,87.7929185379322,"Smooth","Avg. Reward Condition",40,"4",8,0,82,212,"Long",0.0649683580545986,0.813987083677498,NA,0.354989374007498,"localGP"
"6548",27,17,4,6,92.5612285235121,92.5612285235121,"Smooth","Avg. Reward Condition",40,"4",8,0,71,212,"Long",0.0649683580545986,0.813987083677498,NA,0.354989374007498,"localGP"
"6549",27,18,3,6,92.3422522413602,92.5612285235121,"Smooth","Avg. Reward Condition",40,"4",8,0,70,212,"Long",0.0649683580545986,0.813987083677498,NA,0.354989374007498,"localGP"
"6550",27,19,4,6,92.5612285235121,92.5612285235121,"Smooth","Avg. Reward Condition",40,"4",8,0,71,212,"Long",0.0649683580545986,0.813987083677498,NA,0.354989374007498,"localGP"
"6551",27,20,4,5,81.9160830308222,92.5612285235121,"Smooth","Avg. Reward Condition",40,"4",8,0,60,212,"Long",0.0649683580545986,0.813987083677498,NA,0.354989374007498,"localGP"
"6552",27,21,3,5,100,100,"Smooth","Avg. Reward Condition",40,"4",8,1,59,212,"Long",0.0649683580545986,0.813987083677498,NA,0.354989374007498,"localGP"
"6553",27,22,3,4,81.3649995175119,100,"Smooth","Avg. Reward Condition",40,"4",8,0,48,212,"Long",0.0649683580545986,0.813987083677498,NA,0.354989374007498,"localGP"
"6554",27,23,4,4,51.2326654593487,100,"Smooth","Avg. Reward Condition",40,"4",8,1,49,212,"Long",0.0649683580545986,0.813987083677498,NA,0.354989374007498,"localGP"
"6555",27,24,8,3,54.3441668023564,100,"Smooth","Avg. Reward Condition",40,"4",8,1,42,212,"Long",0.0649683580545986,0.813987083677498,NA,0.354989374007498,"localGP"
"6556",27,25,6,3,42.0646455997222,100,"Smooth","Avg. Reward Condition",40,"4",8,1,40,212,"Long",0.0649683580545986,0.813987083677498,NA,0.354989374007498,"localGP"
"6557",27,26,3,0,29.1521872579162,100,"Smooth","Avg. Reward Condition",40,"4",8,0,4,212,"Long",0.0649683580545986,0.813987083677498,NA,0.354989374007498,"localGP"
"6558",27,27,3,2,5.15807402836249,100,"Smooth","Avg. Reward Condition",40,"4",8,0,26,212,"Long",0.0649683580545986,0.813987083677498,NA,0.354989374007498,"localGP"
"6559",27,28,10,1,40.1836169652237,100,"Smooth","Avg. Reward Condition",40,"4",8,0,22,212,"Long",0.0649683580545986,0.813987083677498,NA,0.354989374007498,"localGP"
"6560",27,29,0,5,72.1267915674782,100,"Smooth","Avg. Reward Condition",40,"4",8,0,56,212,"Long",0.0649683580545986,0.813987083677498,NA,0.354989374007498,"localGP"
"6561",27,30,0,4,61.7396718300263,100,"Smooth","Avg. Reward Condition",40,"4",8,0,45,212,"Long",0.0649683580545986,0.813987083677498,NA,0.354989374007498,"localGP"
"6562",27,31,1,4,55.5969206133783,100,"Smooth","Avg. Reward Condition",40,"4",8,0,46,212,"Long",0.0649683580545986,0.813987083677498,NA,0.354989374007498,"localGP"
"6563",27,32,2,4,66.8505188208105,100,"Smooth","Avg. Reward Condition",40,"4",8,0,47,212,"Long",0.0649683580545986,0.813987083677498,NA,0.354989374007498,"localGP"
"6564",27,33,2,5,73.2302297303204,100,"Smooth","Avg. Reward Condition",40,"4",8,0,58,212,"Long",0.0649683580545986,0.813987083677498,NA,0.354989374007498,"localGP"
"6565",27,34,3,5,100,100,"Smooth","Avg. Reward Condition",40,"4",8,0,59,212,"Long",0.0649683580545986,0.813987083677498,NA,0.354989374007498,"localGP"
"6566",27,35,3,6,92.3422522413602,100,"Smooth","Avg. Reward Condition",40,"4",8,0,70,212,"Long",0.0649683580545986,0.813987083677498,NA,0.354989374007498,"localGP"
"6567",27,36,3,5,100,100,"Smooth","Avg. Reward Condition",40,"4",8,0,59,212,"Long",0.0649683580545986,0.813987083677498,NA,0.354989374007498,"localGP"
"6568",27,37,3,5,100,100,"Smooth","Avg. Reward Condition",40,"4",8,0,59,212,"Long",0.0649683580545986,0.813987083677498,NA,0.354989374007498,"localGP"
"6569",27,38,3,5,100,100,"Smooth","Avg. Reward Condition",40,"4",8,0,59,212,"Long",0.0649683580545986,0.813987083677498,NA,0.354989374007498,"localGP"
"6570",27,39,3,5,100,100,"Smooth","Avg. Reward Condition",40,"4",8,0,59,212,"Long",0.0649683580545986,0.813987083677498,NA,0.354989374007498,"localGP"
"6571",27,40,3,5,100,100,"Smooth","Avg. Reward Condition",40,"4",8,0,59,212,"Long",0.0649683580545986,0.813987083677498,NA,0.354989374007498,"localGP"
"6572",27,41,3,5,100,100,"Smooth","Avg. Reward Condition",40,"4",8,0,59,212,"Long",0.0649683580545986,0.813987083677498,NA,0.354989374007498,"localGP"
"6573",27,1,4,8,29.543409633079,29.543409633079,"Smooth","Avg. Reward Condition",20,"5",13,NA,93,213,"Short",0.0666561094517905,0.782683514263538,NA,0.351041727894078,"localGP"
"6574",27,2,7,8,30.3880367689593,30.3880367689593,"Smooth","Avg. Reward Condition",20,"5",13,1,96,213,"Short",0.0666561094517905,0.782683514263538,NA,0.351041727894078,"localGP"
"6575",27,3,8,8,57.8542961251915,57.8542961251915,"Smooth","Avg. Reward Condition",20,"5",13,1,97,213,"Short",0.0666561094517905,0.782683514263538,NA,0.351041727894078,"localGP"
"6576",27,4,3,7,6.9262905686919,57.8542961251915,"Smooth","Avg. Reward Condition",20,"5",13,3,81,213,"Short",0.0666561094517905,0.782683514263538,NA,0.351041727894078,"localGP"
"6577",27,5,3,9,34.0662277236417,57.8542961251915,"Smooth","Avg. Reward Condition",20,"5",13,1,103,213,"Short",0.0666561094517905,0.782683514263538,NA,0.351041727894078,"localGP"
"6578",27,6,8,5,7.50786844236636,57.8542961251915,"Smooth","Avg. Reward Condition",20,"5",13,1,64,213,"Short",0.0666561094517905,0.782683514263538,NA,0.351041727894078,"localGP"
"6579",27,7,1,8,49.5943667659217,57.8542961251915,"Smooth","Avg. Reward Condition",20,"5",13,1,90,213,"Short",0.0666561094517905,0.782683514263538,NA,0.351041727894078,"localGP"
"6580",27,8,4,5,46.8761367253109,57.8542961251915,"Smooth","Avg. Reward Condition",20,"5",13,2,60,213,"Short",0.0666561094517905,0.782683514263538,NA,0.351041727894078,"localGP"
"6581",27,9,4,4,68.9292564082941,68.9292564082941,"Smooth","Avg. Reward Condition",20,"5",13,1,49,213,"Short",0.0666561094517905,0.782683514263538,NA,0.351041727894078,"localGP"
"6582",27,10,5,1,30.9871614244868,68.9292564082941,"Smooth","Avg. Reward Condition",20,"5",13,2,17,213,"Short",0.0666561094517905,0.782683514263538,NA,0.351041727894078,"localGP"
"6583",27,11,3,1,57.0124014871528,68.9292564082941,"Smooth","Avg. Reward Condition",20,"5",13,1,15,213,"Short",0.0666561094517905,0.782683514263538,NA,0.351041727894078,"localGP"
"6584",27,12,3,0,52.2562561155338,68.9292564082941,"Smooth","Avg. Reward Condition",20,"5",13,1,4,213,"Short",0.0666561094517905,0.782683514263538,NA,0.351041727894078,"localGP"
"6585",27,13,4,2,29.018522629385,68.9292564082941,"Smooth","Avg. Reward Condition",20,"5",13,1,27,213,"Short",0.0666561094517905,0.782683514263538,NA,0.351041727894078,"localGP"
"6586",27,14,1,10,0.804134309136922,68.9292564082941,"Smooth","Avg. Reward Condition",20,"5",13,1,112,213,"Short",0.0666561094517905,0.782683514263538,NA,0.351041727894078,"localGP"
"6587",27,15,0,7,62.0907443594714,68.9292564082941,"Smooth","Avg. Reward Condition",20,"5",13,1,78,213,"Short",0.0666561094517905,0.782683514263538,NA,0.351041727894078,"localGP"
"6588",27,16,1,7,39.7333701144124,68.9292564082941,"Smooth","Avg. Reward Condition",20,"5",13,2,79,213,"Short",0.0666561094517905,0.782683514263538,NA,0.351041727894078,"localGP"
"6589",27,17,8,10,31.0383733536664,68.9292564082941,"Smooth","Avg. Reward Condition",20,"5",13,1,119,213,"Short",0.0666561094517905,0.782683514263538,NA,0.351041727894078,"localGP"
"6590",27,18,5,4,33.9006613520623,68.9292564082941,"Smooth","Avg. Reward Condition",20,"5",13,0,50,213,"Short",0.0666561094517905,0.782683514263538,NA,0.351041727894078,"localGP"
"6591",27,19,4,10,31.3744898461454,68.9292564082941,"Smooth","Avg. Reward Condition",20,"5",13,2,115,213,"Short",0.0666561094517905,0.782683514263538,NA,0.351041727894078,"localGP"
"6592",27,20,5,10,12.2288928318123,68.9292564082941,"Smooth","Avg. Reward Condition",20,"5",13,2,116,213,"Short",0.0666561094517905,0.782683514263538,NA,0.351041727894078,"localGP"
"6593",27,21,3,5,54.7363822558009,68.9292564082941,"Smooth","Avg. Reward Condition",20,"5",13,0,59,213,"Short",0.0666561094517905,0.782683514263538,NA,0.351041727894078,"localGP"
"6594",27,1,2,8,11.0893535309519,11.0893535309519,"Smooth","Avg. Reward Condition",40,"6",6,NA,91,214,"Long",0.0595507466960047,0.929487467467165,NA,0.358928669359891,"localGP"
"6595",27,2,3,9,26.2253245390007,26.2253245390007,"Smooth","Avg. Reward Condition",40,"6",6,1,103,214,"Long",0.0595507466960047,0.929487467467165,NA,0.358928669359891,"localGP"
"6596",27,3,6,6,15.4430797014751,26.2253245390007,"Smooth","Avg. Reward Condition",40,"6",6,1,73,214,"Long",0.0595507466960047,0.929487467467165,NA,0.358928669359891,"localGP"
"6597",27,4,10,7,45.5021698511978,45.5021698511978,"Smooth","Avg. Reward Condition",40,"6",6,1,88,214,"Long",0.0595507466960047,0.929487467467165,NA,0.358928669359891,"localGP"
"6598",27,5,9,7,52.0950905321092,52.0950905321092,"Smooth","Avg. Reward Condition",40,"6",6,1,87,214,"Long",0.0595507466960047,0.929487467467165,NA,0.358928669359891,"localGP"
"6599",27,6,8,9,49.0885670492111,52.0950905321092,"Smooth","Avg. Reward Condition",40,"6",6,1,108,214,"Long",0.0595507466960047,0.929487467467165,NA,0.358928669359891,"localGP"
"6600",27,7,8,8,59.0034109397581,59.0034109397581,"Smooth","Avg. Reward Condition",40,"6",6,2,97,214,"Long",0.0595507466960047,0.929487467467165,NA,0.358928669359891,"localGP"
"6601",27,8,8,0,72.9354979095338,72.9354979095338,"Smooth","Avg. Reward Condition",40,"6",6,1,9,214,"Long",0.0595507466960047,0.929487467467165,NA,0.358928669359891,"localGP"
"6602",27,9,7,0,94.4174730147353,94.4174730147353,"Smooth","Avg. Reward Condition",40,"6",6,2,8,214,"Long",0.0595507466960047,0.929487467467165,NA,0.358928669359891,"localGP"
"6603",27,10,7,1,83.5475141176989,94.4174730147353,"Smooth","Avg. Reward Condition",40,"6",6,2,19,214,"Long",0.0595507466960047,0.929487467467165,NA,0.358928669359891,"localGP"
"6604",27,11,6,1,58.9505924012191,94.4174730147353,"Smooth","Avg. Reward Condition",40,"6",6,3,18,214,"Long",0.0595507466960047,0.929487467467165,NA,0.358928669359891,"localGP"
"6605",27,12,6,0,94.4963050018738,94.4963050018738,"Smooth","Avg. Reward Condition",40,"6",6,2,7,214,"Long",0.0595507466960047,0.929487467467165,NA,0.358928669359891,"localGP"
"6606",27,13,6,0,94.4963050018738,94.4963050018738,"Smooth","Avg. Reward Condition",40,"6",6,2,7,214,"Long",0.0595507466960047,0.929487467467165,NA,0.358928669359891,"localGP"
"6607",27,14,5,0,91.7432297732024,94.4963050018738,"Smooth","Avg. Reward Condition",40,"6",6,1,6,214,"Long",0.0595507466960047,0.929487467467165,NA,0.358928669359891,"localGP"
"6608",27,15,4,0,55.5674013625867,94.4963050018738,"Smooth","Avg. Reward Condition",40,"6",6,2,5,214,"Long",0.0595507466960047,0.929487467467165,NA,0.358928669359891,"localGP"
"6609",27,16,5,0,91.7432297732024,94.4963050018738,"Smooth","Avg. Reward Condition",40,"6",6,3,6,214,"Long",0.0595507466960047,0.929487467467165,NA,0.358928669359891,"localGP"
"6610",27,17,6,0,94.4963050018738,94.4963050018738,"Smooth","Avg. Reward Condition",40,"6",6,1,7,214,"Long",0.0595507466960047,0.929487467467165,NA,0.358928669359891,"localGP"
"6611",27,18,7,0,94.4174730147353,94.4963050018738,"Smooth","Avg. Reward Condition",40,"6",6,2,8,214,"Long",0.0595507466960047,0.929487467467165,NA,0.358928669359891,"localGP"
"6612",27,19,7,0,94.4174730147353,94.4963050018738,"Smooth","Avg. Reward Condition",40,"6",6,2,8,214,"Long",0.0595507466960047,0.929487467467165,NA,0.358928669359891,"localGP"
"6613",27,20,7,0,94.4174730147353,94.4963050018738,"Smooth","Avg. Reward Condition",40,"6",6,7,8,214,"Long",0.0595507466960047,0.929487467467165,NA,0.358928669359891,"localGP"
"6614",27,21,6,0,94.4963050018738,94.4963050018738,"Smooth","Avg. Reward Condition",40,"6",6,1,7,214,"Long",0.0595507466960047,0.929487467467165,NA,0.358928669359891,"localGP"
"6615",27,22,7,0,94.4174730147353,94.4963050018738,"Smooth","Avg. Reward Condition",40,"6",6,2,8,214,"Long",0.0595507466960047,0.929487467467165,NA,0.358928669359891,"localGP"
"6616",27,23,7,0,94.4174730147353,94.4963050018738,"Smooth","Avg. Reward Condition",40,"6",6,1,8,214,"Long",0.0595507466960047,0.929487467467165,NA,0.358928669359891,"localGP"
"6617",27,24,7,0,94.4174730147353,94.4963050018738,"Smooth","Avg. Reward Condition",40,"6",6,2,8,214,"Long",0.0595507466960047,0.929487467467165,NA,0.358928669359891,"localGP"
"6618",27,25,7,0,94.4174730147353,94.4963050018738,"Smooth","Avg. Reward Condition",40,"6",6,2,8,214,"Long",0.0595507466960047,0.929487467467165,NA,0.358928669359891,"localGP"
"6619",27,26,6,0,94.4963050018738,94.4963050018738,"Smooth","Avg. Reward Condition",40,"6",6,2,7,214,"Long",0.0595507466960047,0.929487467467165,NA,0.358928669359891,"localGP"
"6620",27,27,7,1,83.5475141176989,94.4963050018738,"Smooth","Avg. Reward Condition",40,"6",6,1,19,214,"Long",0.0595507466960047,0.929487467467165,NA,0.358928669359891,"localGP"
"6621",27,28,7,2,60.5825002841952,94.4963050018738,"Smooth","Avg. Reward Condition",40,"6",6,1,30,214,"Long",0.0595507466960047,0.929487467467165,NA,0.358928669359891,"localGP"
"6622",27,29,7,3,29.6760895076296,94.4963050018738,"Smooth","Avg. Reward Condition",40,"6",6,1,41,214,"Long",0.0595507466960047,0.929487467467165,NA,0.358928669359891,"localGP"
"6623",27,30,9,1,48.6385669083933,94.4963050018738,"Smooth","Avg. Reward Condition",40,"6",6,1,21,214,"Long",0.0595507466960047,0.929487467467165,NA,0.358928669359891,"localGP"
"6624",27,31,8,1,68.8502438954186,94.4963050018738,"Smooth","Avg. Reward Condition",40,"6",6,1,20,214,"Long",0.0595507466960047,0.929487467467165,NA,0.358928669359891,"localGP"
"6625",27,32,7,1,83.5475141176989,94.4963050018738,"Smooth","Avg. Reward Condition",40,"6",6,2,19,214,"Long",0.0595507466960047,0.929487467467165,NA,0.358928669359891,"localGP"
"6626",27,33,7,0,94.4174730147353,94.4963050018738,"Smooth","Avg. Reward Condition",40,"6",6,2,8,214,"Long",0.0595507466960047,0.929487467467165,NA,0.358928669359891,"localGP"
"6627",27,34,7,0,94.4174730147353,94.4963050018738,"Smooth","Avg. Reward Condition",40,"6",6,2,8,214,"Long",0.0595507466960047,0.929487467467165,NA,0.358928669359891,"localGP"
"6628",27,35,7,0,94.4174730147353,94.4963050018738,"Smooth","Avg. Reward Condition",40,"6",6,1,8,214,"Long",0.0595507466960047,0.929487467467165,NA,0.358928669359891,"localGP"
"6629",27,36,8,0,72.9354979095338,94.4963050018738,"Smooth","Avg. Reward Condition",40,"6",6,2,9,214,"Long",0.0595507466960047,0.929487467467165,NA,0.358928669359891,"localGP"
"6630",27,37,7,0,94.4174730147353,94.4963050018738,"Smooth","Avg. Reward Condition",40,"6",6,2,8,214,"Long",0.0595507466960047,0.929487467467165,NA,0.358928669359891,"localGP"
"6631",27,38,7,0,94.4174730147353,94.4963050018738,"Smooth","Avg. Reward Condition",40,"6",6,1,8,214,"Long",0.0595507466960047,0.929487467467165,NA,0.358928669359891,"localGP"
"6632",27,39,6,0,94.4963050018738,94.4963050018738,"Smooth","Avg. Reward Condition",40,"6",6,1,7,214,"Long",0.0595507466960047,0.929487467467165,NA,0.358928669359891,"localGP"
"6633",27,40,7,0,94.4174730147353,94.4963050018738,"Smooth","Avg. Reward Condition",40,"6",6,1,8,214,"Long",0.0595507466960047,0.929487467467165,NA,0.358928669359891,"localGP"
"6634",27,41,7,0,94.4174730147353,94.4963050018738,"Smooth","Avg. Reward Condition",40,"6",6,0,8,214,"Long",0.0595507466960047,0.929487467467165,NA,0.358928669359891,"localGP"
"6635",27,1,1,7,13.81155818132,13.81155818132,"Smooth","Avg. Reward Condition",20,"7",19,NA,79,215,"Short",0.0624159042372916,0.754947203419683,NA,0.390033491757527,"localGP"
"6636",27,2,2,5,21.5023436912401,21.5023436912401,"Smooth","Avg. Reward Condition",20,"7",19,1,58,215,"Short",0.0624159042372916,0.754947203419683,NA,0.390033491757527,"localGP"
"6637",27,3,9,1,60.8910168599768,60.8910168599768,"Smooth","Avg. Reward Condition",20,"7",19,1,21,215,"Short",0.0624159042372916,0.754947203419683,NA,0.390033491757527,"localGP"
"6638",27,4,10,1,72.8353068382427,72.8353068382427,"Smooth","Avg. Reward Condition",20,"7",19,1,22,215,"Short",0.0624159042372916,0.754947203419683,NA,0.390033491757527,"localGP"
"6639",27,5,1,6,4.45883887214333,72.8353068382427,"Smooth","Avg. Reward Condition",20,"7",19,1,68,215,"Short",0.0624159042372916,0.754947203419683,NA,0.390033491757527,"localGP"
"6640",27,6,4,5,30.6880368467941,72.8353068382427,"Smooth","Avg. Reward Condition",20,"7",19,2,60,215,"Short",0.0624159042372916,0.754947203419683,NA,0.390033491757527,"localGP"
"6641",27,7,6,10,74.1112237297594,74.1112237297594,"Smooth","Avg. Reward Condition",20,"7",19,1,117,215,"Short",0.0624159042372916,0.754947203419683,NA,0.390033491757527,"localGP"
"6642",27,8,7,10,33.7979649487254,74.1112237297594,"Smooth","Avg. Reward Condition",20,"7",19,1,118,215,"Short",0.0624159042372916,0.754947203419683,NA,0.390033491757527,"localGP"
"6643",27,9,7,9,29.4654937800479,74.1112237297594,"Smooth","Avg. Reward Condition",20,"7",19,1,107,215,"Short",0.0624159042372916,0.754947203419683,NA,0.390033491757527,"localGP"
"6644",27,10,6,9,48.6880190782751,74.1112237297594,"Smooth","Avg. Reward Condition",20,"7",19,2,106,215,"Short",0.0624159042372916,0.754947203419683,NA,0.390033491757527,"localGP"
"6645",27,11,6,8,44.7447631342977,74.1112237297594,"Smooth","Avg. Reward Condition",20,"7",19,1,95,215,"Short",0.0624159042372916,0.754947203419683,NA,0.390033491757527,"localGP"
"6646",27,12,6,7,40.7675652395294,74.1112237297594,"Smooth","Avg. Reward Condition",20,"7",19,2,84,215,"Short",0.0624159042372916,0.754947203419683,NA,0.390033491757527,"localGP"
"6647",27,13,5,7,44.1405788952292,74.1112237297594,"Smooth","Avg. Reward Condition",20,"7",19,1,83,215,"Short",0.0624159042372916,0.754947203419683,NA,0.390033491757527,"localGP"
"6648",27,14,2,9,37.1930665923262,74.1112237297594,"Smooth","Avg. Reward Condition",20,"7",19,2,102,215,"Short",0.0624159042372916,0.754947203419683,NA,0.390033491757527,"localGP"
"6649",27,15,1,5,0,74.1112237297594,"Smooth","Avg. Reward Condition",20,"7",19,1,57,215,"Short",0.0624159042372916,0.754947203419683,NA,0.390033491757527,"localGP"
"6650",27,16,6,1,23.0167211034026,74.1112237297594,"Smooth","Avg. Reward Condition",20,"7",19,2,18,215,"Short",0.0624159042372916,0.754947203419683,NA,0.390033491757527,"localGP"
"6651",27,17,4,1,28.4498548614704,74.1112237297594,"Smooth","Avg. Reward Condition",20,"7",19,7,16,215,"Short",0.0624159042372916,0.754947203419683,NA,0.390033491757527,"localGP"
"6652",27,18,4,0,26.8200706235865,74.1112237297594,"Smooth","Avg. Reward Condition",20,"7",19,9,5,215,"Short",0.0624159042372916,0.754947203419683,NA,0.390033491757527,"localGP"
"6653",27,19,0,8,57.2031215387433,74.1112237297594,"Smooth","Avg. Reward Condition",20,"7",19,10,89,215,"Short",0.0624159042372916,0.754947203419683,NA,0.390033491757527,"localGP"
"6654",27,20,0,9,66.1261892289375,74.1112237297594,"Smooth","Avg. Reward Condition",20,"7",19,9,100,215,"Short",0.0624159042372916,0.754947203419683,NA,0.390033491757527,"localGP"
"6655",27,21,5,10,47.8987262992674,74.1112237297594,"Smooth","Avg. Reward Condition",20,"7",19,0,116,215,"Short",0.0624159042372916,0.754947203419683,NA,0.390033491757527,"localGP"
"6656",27,1,5,6,32.4190183733433,32.4190183733433,"Smooth","Avg. Reward Condition",40,"8",14,NA,72,216,"Long",0.0609318514470909,0.779022009548782,NA,0.344719790182842,"localGP"
"6657",27,2,5,10,39.8900904491115,39.8900904491115,"Smooth","Avg. Reward Condition",40,"8",14,1,116,216,"Long",0.0609318514470909,0.779022009548782,NA,0.344719790182842,"localGP"
"6658",27,3,9,2,39.5970533431282,39.8900904491115,"Smooth","Avg. Reward Condition",40,"8",14,5,32,216,"Long",0.0609318514470909,0.779022009548782,NA,0.344719790182842,"localGP"
"6659",27,4,8,2,41.7677475298492,41.7677475298492,"Smooth","Avg. Reward Condition",40,"8",14,1,31,216,"Long",0.0609318514470909,0.779022009548782,NA,0.344719790182842,"localGP"
"6660",27,5,7,2,38.3927848454826,41.7677475298492,"Smooth","Avg. Reward Condition",40,"8",14,2,30,216,"Long",0.0609318514470909,0.779022009548782,NA,0.344719790182842,"localGP"
"6661",27,6,7,1,25.1625322047614,41.7677475298492,"Smooth","Avg. Reward Condition",40,"8",14,1,19,216,"Long",0.0609318514470909,0.779022009548782,NA,0.344719790182842,"localGP"
"6662",27,7,2,2,74.8205512494422,74.8205512494422,"Smooth","Avg. Reward Condition",40,"8",14,5,25,216,"Long",0.0609318514470909,0.779022009548782,NA,0.344719790182842,"localGP"
"6663",27,8,0,3,91.5355338017791,91.5355338017791,"Smooth","Avg. Reward Condition",40,"8",14,6,34,216,"Long",0.0609318514470909,0.779022009548782,NA,0.344719790182842,"localGP"
"6664",27,9,1,3,79.9836672889353,91.5355338017791,"Smooth","Avg. Reward Condition",40,"8",14,1,35,216,"Long",0.0609318514470909,0.779022009548782,NA,0.344719790182842,"localGP"
"6665",27,10,1,2,100,100,"Smooth","Avg. Reward Condition",40,"8",14,1,24,216,"Long",0.0609318514470909,0.779022009548782,NA,0.344719790182842,"localGP"
"6666",27,11,1,2,100,100,"Smooth","Avg. Reward Condition",40,"8",14,1,24,216,"Long",0.0609318514470909,0.779022009548782,NA,0.344719790182842,"localGP"
"6667",27,12,1,2,100,100,"Smooth","Avg. Reward Condition",40,"8",14,1,24,216,"Long",0.0609318514470909,0.779022009548782,NA,0.344719790182842,"localGP"
"6668",27,13,0,2,76.8659090537279,100,"Smooth","Avg. Reward Condition",40,"8",14,1,23,216,"Long",0.0609318514470909,0.779022009548782,NA,0.344719790182842,"localGP"
"6669",27,14,1,2,100,100,"Smooth","Avg. Reward Condition",40,"8",14,4,24,216,"Long",0.0609318514470909,0.779022009548782,NA,0.344719790182842,"localGP"
"6670",27,15,1,1,79.8594953579445,100,"Smooth","Avg. Reward Condition",40,"8",14,1,13,216,"Long",0.0609318514470909,0.779022009548782,NA,0.344719790182842,"localGP"
"6671",27,16,2,1,53.6211624173466,100,"Smooth","Avg. Reward Condition",40,"8",14,2,14,216,"Long",0.0609318514470909,0.779022009548782,NA,0.344719790182842,"localGP"
"6672",27,17,9,3,26.7801614891284,100,"Smooth","Avg. Reward Condition",40,"8",14,0,43,216,"Long",0.0609318514470909,0.779022009548782,NA,0.344719790182842,"localGP"
"6673",27,18,4,2,87.5181735479042,100,"Smooth","Avg. Reward Condition",40,"8",14,0,27,216,"Long",0.0609318514470909,0.779022009548782,NA,0.344719790182842,"localGP"
"6674",27,19,5,2,56.3291955901051,100,"Smooth","Avg. Reward Condition",40,"8",14,0,28,216,"Long",0.0609318514470909,0.779022009548782,NA,0.344719790182842,"localGP"
"6675",27,20,5,1,54.5671632518635,100,"Smooth","Avg. Reward Condition",40,"8",14,0,17,216,"Long",0.0609318514470909,0.779022009548782,NA,0.344719790182842,"localGP"
"6676",27,21,1,2,100,100,"Smooth","Avg. Reward Condition",40,"8",14,0,24,216,"Long",0.0609318514470909,0.779022009548782,NA,0.344719790182842,"localGP"
"6677",27,22,1,2,100,100,"Smooth","Avg. Reward Condition",40,"8",14,0,24,216,"Long",0.0609318514470909,0.779022009548782,NA,0.344719790182842,"localGP"
"6678",27,23,1,2,100,100,"Smooth","Avg. Reward Condition",40,"8",14,2,24,216,"Long",0.0609318514470909,0.779022009548782,NA,0.344719790182842,"localGP"
"6679",27,24,1,2,100,100,"Smooth","Avg. Reward Condition",40,"8",14,2,24,216,"Long",0.0609318514470909,0.779022009548782,NA,0.344719790182842,"localGP"
"6680",27,25,1,2,100,100,"Smooth","Avg. Reward Condition",40,"8",14,2,24,216,"Long",0.0609318514470909,0.779022009548782,NA,0.344719790182842,"localGP"
"6681",27,26,1,3,79.9836672889353,100,"Smooth","Avg. Reward Condition",40,"8",14,9,35,216,"Long",0.0609318514470909,0.779022009548782,NA,0.344719790182842,"localGP"
"6682",27,27,0,3,91.5355338017791,100,"Smooth","Avg. Reward Condition",40,"8",14,18,34,216,"Long",0.0609318514470909,0.779022009548782,NA,0.344719790182842,"localGP"
"6683",27,28,0,4,77.3776317669719,100,"Smooth","Avg. Reward Condition",40,"8",14,5,45,216,"Long",0.0609318514470909,0.779022009548782,NA,0.344719790182842,"localGP"
"6684",27,29,0,3,91.5355338017791,100,"Smooth","Avg. Reward Condition",40,"8",14,0,34,216,"Long",0.0609318514470909,0.779022009548782,NA,0.344719790182842,"localGP"
"6685",27,30,0,3,91.5355338017791,100,"Smooth","Avg. Reward Condition",40,"8",14,0,34,216,"Long",0.0609318514470909,0.779022009548782,NA,0.344719790182842,"localGP"
"6686",27,31,0,3,91.5355338017791,100,"Smooth","Avg. Reward Condition",40,"8",14,0,34,216,"Long",0.0609318514470909,0.779022009548782,NA,0.344719790182842,"localGP"
"6687",27,32,0,3,91.5355338017791,100,"Smooth","Avg. Reward Condition",40,"8",14,0,34,216,"Long",0.0609318514470909,0.779022009548782,NA,0.344719790182842,"localGP"
"6688",27,33,5,0,68.5162654383433,100,"Smooth","Avg. Reward Condition",40,"8",14,0,6,216,"Long",0.0609318514470909,0.779022009548782,NA,0.344719790182842,"localGP"
"6689",27,34,6,0,43.3311523001001,100,"Smooth","Avg. Reward Condition",40,"8",14,0,7,216,"Long",0.0609318514470909,0.779022009548782,NA,0.344719790182842,"localGP"
"6690",27,35,4,7,79.6870668844462,100,"Smooth","Avg. Reward Condition",40,"8",14,0,82,216,"Long",0.0609318514470909,0.779022009548782,NA,0.344719790182842,"localGP"
"6691",27,36,4,8,61.073766397803,100,"Smooth","Avg. Reward Condition",40,"8",14,0,93,216,"Long",0.0609318514470909,0.779022009548782,NA,0.344719790182842,"localGP"
"6692",27,37,5,8,47.473484519333,100,"Smooth","Avg. Reward Condition",40,"8",14,0,94,216,"Long",0.0609318514470909,0.779022009548782,NA,0.344719790182842,"localGP"
"6693",27,38,4,5,31.8484137393175,100,"Smooth","Avg. Reward Condition",40,"8",14,0,60,216,"Long",0.0609318514470909,0.779022009548782,NA,0.344719790182842,"localGP"
"6694",27,39,3,8,65.8667223880299,100,"Smooth","Avg. Reward Condition",40,"8",14,0,92,216,"Long",0.0609318514470909,0.779022009548782,NA,0.344719790182842,"localGP"
"6695",27,40,2,8,35.4444030293938,100,"Smooth","Avg. Reward Condition",40,"8",14,0,91,216,"Long",0.0609318514470909,0.779022009548782,NA,0.344719790182842,"localGP"
"6696",27,41,10,2,34.4298886256847,100,"Smooth","Avg. Reward Condition",40,"8",14,0,33,216,"Long",0.0609318514470909,0.779022009548782,NA,0.344719790182842,"localGP"
"6697",28,1,2,10,50.1552784295293,50.1552784295293,"Smooth","Avg. Reward Condition",40,"1",6,NA,113,217,"Long",18.3510961442729,0.310354159970414,NA,99.9769204333527,"localGP"
"6698",28,2,2,9,26.1687678921862,50.1552784295293,"Smooth","Avg. Reward Condition",40,"1",6,2,102,217,"Long",18.3510961442729,0.310354159970414,NA,99.9769204333527,"localGP"
"6699",28,3,1,8,26.3468808811105,50.1552784295293,"Smooth","Avg. Reward Condition",40,"1",6,3,90,217,"Long",18.3510961442729,0.310354159970414,NA,99.9769204333527,"localGP"
"6700",28,4,1,9,36.7437798963148,50.1552784295293,"Smooth","Avg. Reward Condition",40,"1",6,2,101,217,"Long",18.3510961442729,0.310354159970414,NA,99.9769204333527,"localGP"
"6701",28,5,1,10,67.9554499447788,67.9554499447788,"Smooth","Avg. Reward Condition",40,"1",6,1,112,217,"Long",18.3510961442729,0.310354159970414,NA,99.9769204333527,"localGP"
"6702",28,6,1,8,26.3468808811105,67.9554499447788,"Smooth","Avg. Reward Condition",40,"1",6,3,90,217,"Long",18.3510961442729,0.310354159970414,NA,99.9769204333527,"localGP"
"6703",28,7,2,8,11.0893535309519,67.9554499447788,"Smooth","Avg. Reward Condition",40,"1",6,1,91,217,"Long",18.3510961442729,0.310354159970414,NA,99.9769204333527,"localGP"
"6704",28,8,1,6,54.3370472689451,67.9554499447788,"Smooth","Avg. Reward Condition",40,"1",6,3,68,217,"Long",18.3510961442729,0.310354159970414,NA,99.9769204333527,"localGP"
"6705",28,9,0,6,46.0544782889019,67.9554499447788,"Smooth","Avg. Reward Condition",40,"1",6,3,67,217,"Long",18.3510961442729,0.310354159970414,NA,99.9769204333527,"localGP"
"6706",28,10,2,1,32.7608851957518,67.9554499447788,"Smooth","Avg. Reward Condition",40,"1",6,1,14,217,"Long",18.3510961442729,0.310354159970414,NA,99.9769204333527,"localGP"
"6707",28,11,3,1,50.2100304142553,67.9554499447788,"Smooth","Avg. Reward Condition",40,"1",6,2,15,217,"Long",18.3510961442729,0.310354159970414,NA,99.9769204333527,"localGP"
"6708",28,12,2,0,68.5922918789332,68.5922918789332,"Smooth","Avg. Reward Condition",40,"1",6,3,3,217,"Long",18.3510961442729,0.310354159970414,NA,99.9769204333527,"localGP"
"6709",28,13,1,0,52.332367066322,68.5922918789332,"Smooth","Avg. Reward Condition",40,"1",6,1,2,217,"Long",18.3510961442729,0.310354159970414,NA,99.9769204333527,"localGP"
"6710",28,14,0,0,47.2297106742419,68.5922918789332,"Smooth","Avg. Reward Condition",40,"1",6,1,1,217,"Long",18.3510961442729,0.310354159970414,NA,99.9769204333527,"localGP"
"6711",28,15,0,1,36.3388197833164,68.5922918789332,"Smooth","Avg. Reward Condition",40,"1",6,3,12,217,"Long",18.3510961442729,0.310354159970414,NA,99.9769204333527,"localGP"
"6712",28,16,1,1,22.2975838808084,68.5922918789332,"Smooth","Avg. Reward Condition",40,"1",6,1,13,217,"Long",18.3510961442729,0.310354159970414,NA,99.9769204333527,"localGP"
"6713",28,17,1,3,70.5820098602199,70.5820098602199,"Smooth","Avg. Reward Condition",40,"1",6,1,35,217,"Long",18.3510961442729,0.310354159970414,NA,99.9769204333527,"localGP"
"6714",28,18,2,3,75.7021822863485,75.7021822863485,"Smooth","Avg. Reward Condition",40,"1",6,4,36,217,"Long",18.3510961442729,0.310354159970414,NA,99.9769204333527,"localGP"
"6715",28,19,2,2,34.5579265575561,75.7021822863485,"Smooth","Avg. Reward Condition",40,"1",6,1,25,217,"Long",18.3510961442729,0.310354159970414,NA,99.9769204333527,"localGP"
"6716",28,20,6,1,58.9505924012191,75.7021822863485,"Smooth","Avg. Reward Condition",40,"1",6,2,18,217,"Long",18.3510961442729,0.310354159970414,NA,99.9769204333527,"localGP"
"6717",28,21,5,1,54.7135189925466,75.7021822863485,"Smooth","Avg. Reward Condition",40,"1",6,2,17,217,"Long",18.3510961442729,0.310354159970414,NA,99.9769204333527,"localGP"
"6718",28,22,9,1,48.6385669083933,75.7021822863485,"Smooth","Avg. Reward Condition",40,"1",6,1,21,217,"Long",18.3510961442729,0.310354159970414,NA,99.9769204333527,"localGP"
"6719",28,23,8,0,72.9354979095338,75.7021822863485,"Smooth","Avg. Reward Condition",40,"1",6,1,9,217,"Long",18.3510961442729,0.310354159970414,NA,99.9769204333527,"localGP"
"6720",28,24,9,0,42.7227287180246,75.7021822863485,"Smooth","Avg. Reward Condition",40,"1",6,3,10,217,"Long",18.3510961442729,0.310354159970414,NA,99.9769204333527,"localGP"
"6721",28,25,10,0,10.3010804163192,75.7021822863485,"Smooth","Avg. Reward Condition",40,"1",6,2,11,217,"Long",18.3510961442729,0.310354159970414,NA,99.9769204333527,"localGP"
"6722",28,26,10,1,30.7993403815016,75.7021822863485,"Smooth","Avg. Reward Condition",40,"1",6,2,22,217,"Long",18.3510961442729,0.310354159970414,NA,99.9769204333527,"localGP"
"6723",28,27,10,2,28.7117658746382,75.7021822863485,"Smooth","Avg. Reward Condition",40,"1",6,12,33,217,"Long",18.3510961442729,0.310354159970414,NA,99.9769204333527,"localGP"
"6724",28,28,5,3,48.1996361335517,75.7021822863485,"Smooth","Avg. Reward Condition",40,"1",6,5,39,217,"Long",18.3510961442729,0.310354159970414,NA,99.9769204333527,"localGP"
"6725",28,29,4,2,29.5493469848231,75.7021822863485,"Smooth","Avg. Reward Condition",40,"1",6,9,27,217,"Long",18.3510961442729,0.310354159970414,NA,99.9769204333527,"localGP"
"6726",28,30,4,3,43.2322213513653,75.7021822863485,"Smooth","Avg. Reward Condition",40,"1",6,5,38,217,"Long",18.3510961442729,0.310354159970414,NA,99.9769204333527,"localGP"
"6727",28,31,4,4,24.8082015539781,75.7021822863485,"Smooth","Avg. Reward Condition",40,"1",6,2,49,217,"Long",18.3510961442729,0.310354159970414,NA,99.9769204333527,"localGP"
"6728",28,32,4,5,3.31356658088059,75.7021822863485,"Smooth","Avg. Reward Condition",40,"1",6,3,60,217,"Long",18.3510961442729,0.310354159970414,NA,99.9769204333527,"localGP"
"6729",28,33,4,6,16.9158331978678,75.7021822863485,"Smooth","Avg. Reward Condition",40,"1",6,2,71,217,"Long",18.3510961442729,0.310354159970414,NA,99.9769204333527,"localGP"
"6730",28,34,5,8,46.7235740972404,75.7021822863485,"Smooth","Avg. Reward Condition",40,"1",6,5,94,217,"Long",18.3510961442729,0.310354159970414,NA,99.9769204333527,"localGP"
"6731",28,35,6,8,47.1218833343134,75.7021822863485,"Smooth","Avg. Reward Condition",40,"1",6,18,95,217,"Long",18.3510961442729,0.310354159970414,NA,99.9769204333527,"localGP"
"6732",28,36,7,8,41.2867547239503,75.7021822863485,"Smooth","Avg. Reward Condition",40,"1",6,5,96,217,"Long",18.3510961442729,0.310354159970414,NA,99.9769204333527,"localGP"
"6733",28,37,8,8,59.0034109397581,75.7021822863485,"Smooth","Avg. Reward Condition",40,"1",6,1,97,217,"Long",18.3510961442729,0.310354159970414,NA,99.9769204333527,"localGP"
"6734",28,38,8,9,49.0885670492111,75.7021822863485,"Smooth","Avg. Reward Condition",40,"1",6,1,108,217,"Long",18.3510961442729,0.310354159970414,NA,99.9769204333527,"localGP"
"6735",28,39,9,9,83.6268655538995,83.6268655538995,"Smooth","Avg. Reward Condition",40,"1",6,1,109,217,"Long",18.3510961442729,0.310354159970414,NA,99.9769204333527,"localGP"
"6736",28,40,10,9,86.1457429128577,86.1457429128577,"Smooth","Avg. Reward Condition",40,"1",6,1,110,217,"Long",18.3510961442729,0.310354159970414,NA,99.9769204333527,"localGP"
"6737",28,41,10,10,61.5766654698321,86.1457429128577,"Smooth","Avg. Reward Condition",40,"1",6,2,121,217,"Long",18.3510961442729,0.310354159970414,NA,99.9769204333527,"localGP"
"6738",28,1,6,6,56.4950247425191,56.4950247425191,"Smooth","Avg. Reward Condition",20,"2",2,NA,73,218,"Short",17.7881852868298,0.309616709822621,NA,99.9229426170838,"localGP"
"6739",28,2,10,7,56.407307630686,56.4950247425191,"Smooth","Avg. Reward Condition",20,"2",2,2,88,218,"Short",17.7881852868298,0.309616709822621,NA,99.9229426170838,"localGP"
"6740",28,3,5,8,25.9035878012328,56.4950247425191,"Smooth","Avg. Reward Condition",20,"2",2,4,94,218,"Short",17.7881852868298,0.309616709822621,NA,99.9229426170838,"localGP"
"6741",28,4,6,8,43.1819250906555,56.4950247425191,"Smooth","Avg. Reward Condition",20,"2",2,2,95,218,"Short",17.7881852868298,0.309616709822621,NA,99.9229426170838,"localGP"
"6742",28,5,5,2,15.5993196852058,56.4950247425191,"Smooth","Avg. Reward Condition",20,"2",2,2,28,218,"Short",17.7881852868298,0.309616709822621,NA,99.9229426170838,"localGP"
"6743",28,6,4,2,17.4226376876341,56.4950247425191,"Smooth","Avg. Reward Condition",20,"2",2,2,27,218,"Short",17.7881852868298,0.309616709822621,NA,99.9229426170838,"localGP"
"6744",28,7,4,1,7.52216933154133,56.4950247425191,"Smooth","Avg. Reward Condition",20,"2",2,2,16,218,"Short",17.7881852868298,0.309616709822621,NA,99.9229426170838,"localGP"
"6745",28,8,4,0,28.8799240167031,56.4950247425191,"Smooth","Avg. Reward Condition",20,"2",2,1,5,218,"Short",17.7881852868298,0.309616709822621,NA,99.9229426170838,"localGP"
"6746",28,9,5,0,15.2054677622905,56.4950247425191,"Smooth","Avg. Reward Condition",20,"2",2,2,6,218,"Short",17.7881852868298,0.309616709822621,NA,99.9229426170838,"localGP"
"6747",28,10,8,7,27.4177147480502,56.4950247425191,"Smooth","Avg. Reward Condition",20,"2",2,2,86,218,"Short",17.7881852868298,0.309616709822621,NA,99.9229426170838,"localGP"
"6748",28,11,8,8,15.0484706034592,56.4950247425191,"Smooth","Avg. Reward Condition",20,"2",2,2,97,218,"Short",17.7881852868298,0.309616709822621,NA,99.9229426170838,"localGP"
"6749",28,12,8,9,5.07248100362894,56.4950247425191,"Smooth","Avg. Reward Condition",20,"2",2,1,108,218,"Short",17.7881852868298,0.309616709822621,NA,99.9229426170838,"localGP"
"6750",28,13,8,5,82.1154481139937,82.1154481139937,"Smooth","Avg. Reward Condition",20,"2",2,2,64,218,"Short",17.7881852868298,0.309616709822621,NA,99.9229426170838,"localGP"
"6751",28,14,6,3,48.6990356478907,82.1154481139937,"Smooth","Avg. Reward Condition",20,"2",2,1,40,218,"Short",17.7881852868298,0.309616709822621,NA,99.9229426170838,"localGP"
"6752",28,15,5,10,41.8818995503889,82.1154481139937,"Smooth","Avg. Reward Condition",20,"2",2,3,116,218,"Short",17.7881852868298,0.309616709822621,NA,99.9229426170838,"localGP"
"6753",28,16,4,10,46.120681685965,82.1154481139937,"Smooth","Avg. Reward Condition",20,"2",2,1,115,218,"Short",17.7881852868298,0.309616709822621,NA,99.9229426170838,"localGP"
"6754",28,17,3,10,55.7632671935158,82.1154481139937,"Smooth","Avg. Reward Condition",20,"2",2,4,114,218,"Short",17.7881852868298,0.309616709822621,NA,99.9229426170838,"localGP"
"6755",28,18,2,10,55.8905706539792,82.1154481139937,"Smooth","Avg. Reward Condition",20,"2",2,6,113,218,"Short",17.7881852868298,0.309616709822621,NA,99.9229426170838,"localGP"
"6756",28,19,4,3,49.0806625951853,82.1154481139937,"Smooth","Avg. Reward Condition",20,"2",2,2,38,218,"Short",17.7881852868298,0.309616709822621,NA,99.9229426170838,"localGP"
"6757",28,20,5,3,32.4134397153988,82.1154481139937,"Smooth","Avg. Reward Condition",20,"2",2,6,39,218,"Short",17.7881852868298,0.309616709822621,NA,99.9229426170838,"localGP"
"6758",28,21,5,4,53.7953839453932,82.1154481139937,"Smooth","Avg. Reward Condition",20,"2",2,2,50,218,"Short",17.7881852868298,0.309616709822621,NA,99.9229426170838,"localGP"
"6759",28,1,6,6,28.3443995527315,28.3443995527315,"Smooth","Avg. Reward Condition",40,"3",14,NA,73,219,"Long",0.10263286059999,0.828247905136778,NA,0.552922439098238,"localGP"
"6760",28,2,4,4,31.2783489505753,31.2783489505753,"Smooth","Avg. Reward Condition",40,"3",14,9,49,219,"Long",0.10263286059999,0.828247905136778,NA,0.552922439098238,"localGP"
"6761",28,3,4,5,31.8484137393175,31.8484137393175,"Smooth","Avg. Reward Condition",40,"3",14,6,60,219,"Long",0.10263286059999,0.828247905136778,NA,0.552922439098238,"localGP"
"6762",28,4,9,9,45.572725705469,45.572725705469,"Smooth","Avg. Reward Condition",40,"3",14,1,109,219,"Long",0.10263286059999,0.828247905136778,NA,0.552922439098238,"localGP"
"6763",28,5,8,9,77.111237702123,77.111237702123,"Smooth","Avg. Reward Condition",40,"3",14,2,108,219,"Long",0.10263286059999,0.828247905136778,NA,0.552922439098238,"localGP"
"6764",28,6,7,9,60.2315250004543,77.111237702123,"Smooth","Avg. Reward Condition",40,"3",14,1,107,219,"Long",0.10263286059999,0.828247905136778,NA,0.552922439098238,"localGP"
"6765",28,7,7,8,64.3486070540573,77.111237702123,"Smooth","Avg. Reward Condition",40,"3",14,3,96,219,"Long",0.10263286059999,0.828247905136778,NA,0.552922439098238,"localGP"
"6766",28,8,7,7,54.0986871423135,77.111237702123,"Smooth","Avg. Reward Condition",40,"3",14,1,85,219,"Long",0.10263286059999,0.828247905136778,NA,0.552922439098238,"localGP"
"6767",28,9,8,7,50.4837512080328,77.111237702123,"Smooth","Avg. Reward Condition",40,"3",14,1,86,219,"Long",0.10263286059999,0.828247905136778,NA,0.552922439098238,"localGP"
"6768",28,10,8,8,71.5418011701731,77.111237702123,"Smooth","Avg. Reward Condition",40,"3",14,2,97,219,"Long",0.10263286059999,0.828247905136778,NA,0.552922439098238,"localGP"
"6769",28,11,8,8,71.5418011701731,77.111237702123,"Smooth","Avg. Reward Condition",40,"3",14,2,97,219,"Long",0.10263286059999,0.828247905136778,NA,0.552922439098238,"localGP"
"6770",28,12,2,7,55.242778504398,77.111237702123,"Smooth","Avg. Reward Condition",40,"3",14,1,80,219,"Long",0.10263286059999,0.828247905136778,NA,0.552922439098238,"localGP"
"6771",28,13,3,7,83.336671792531,83.336671792531,"Smooth","Avg. Reward Condition",40,"3",14,4,81,219,"Long",0.10263286059999,0.828247905136778,NA,0.552922439098238,"localGP"
"6772",28,14,1,3,79.9836672889353,83.336671792531,"Smooth","Avg. Reward Condition",40,"3",14,1,35,219,"Long",0.10263286059999,0.828247905136778,NA,0.552922439098238,"localGP"
"6773",28,15,0,3,91.5355338017791,91.5355338017791,"Smooth","Avg. Reward Condition",40,"3",14,1,34,219,"Long",0.10263286059999,0.828247905136778,NA,0.552922439098238,"localGP"
"6774",28,16,0,2,76.8659090537279,91.5355338017791,"Smooth","Avg. Reward Condition",40,"3",14,1,23,219,"Long",0.10263286059999,0.828247905136778,NA,0.552922439098238,"localGP"
"6775",28,17,1,1,79.8594953579445,91.5355338017791,"Smooth","Avg. Reward Condition",40,"3",14,2,13,219,"Long",0.10263286059999,0.828247905136778,NA,0.552922439098238,"localGP"
"6776",28,18,2,1,53.6211624173466,91.5355338017791,"Smooth","Avg. Reward Condition",40,"3",14,1,14,219,"Long",0.10263286059999,0.828247905136778,NA,0.552922439098238,"localGP"
"6777",28,19,2,0,39.9028275804377,91.5355338017791,"Smooth","Avg. Reward Condition",40,"3",14,2,3,219,"Long",0.10263286059999,0.828247905136778,NA,0.552922439098238,"localGP"
"6778",28,20,0,0,57.4172856426881,91.5355338017791,"Smooth","Avg. Reward Condition",40,"3",14,1,1,219,"Long",0.10263286059999,0.828247905136778,NA,0.552922439098238,"localGP"
"6779",28,21,3,10,73.0643820876039,91.5355338017791,"Smooth","Avg. Reward Condition",40,"3",14,1,114,219,"Long",0.10263286059999,0.828247905136778,NA,0.552922439098238,"localGP"
"6780",28,22,3,9,51.081612220025,91.5355338017791,"Smooth","Avg. Reward Condition",40,"3",14,1,103,219,"Long",0.10263286059999,0.828247905136778,NA,0.552922439098238,"localGP"
"6781",28,23,1,9,49.7358582140662,91.5355338017791,"Smooth","Avg. Reward Condition",40,"3",14,5,101,219,"Long",0.10263286059999,0.828247905136778,NA,0.552922439098238,"localGP"
"6782",28,24,1,10,45.3799352902399,91.5355338017791,"Smooth","Avg. Reward Condition",40,"3",14,2,112,219,"Long",0.10263286059999,0.828247905136778,NA,0.552922439098238,"localGP"
"6783",28,25,10,4,17.8264500337638,91.5355338017791,"Smooth","Avg. Reward Condition",40,"3",14,1,55,219,"Long",0.10263286059999,0.828247905136778,NA,0.552922439098238,"localGP"
"6784",28,26,10,10,16.6581489852358,91.5355338017791,"Smooth","Avg. Reward Condition",40,"3",14,2,121,219,"Long",0.10263286059999,0.828247905136778,NA,0.552922439098238,"localGP"
"6785",28,27,9,10,28.085231327396,91.5355338017791,"Smooth","Avg. Reward Condition",40,"3",14,4,120,219,"Long",0.10263286059999,0.828247905136778,NA,0.552922439098238,"localGP"
"6786",28,28,0,2,76.8659090537279,91.5355338017791,"Smooth","Avg. Reward Condition",40,"3",14,17,23,219,"Long",0.10263286059999,0.828247905136778,NA,0.552922439098238,"localGP"
"6787",28,29,1,2,100,100,"Smooth","Avg. Reward Condition",40,"3",14,1,24,219,"Long",0.10263286059999,0.828247905136778,NA,0.552922439098238,"localGP"
"6788",28,30,1,2,100,100,"Smooth","Avg. Reward Condition",40,"3",14,2,24,219,"Long",0.10263286059999,0.828247905136778,NA,0.552922439098238,"localGP"
"6789",28,31,1,3,79.9836672889353,100,"Smooth","Avg. Reward Condition",40,"3",14,1,35,219,"Long",0.10263286059999,0.828247905136778,NA,0.552922439098238,"localGP"
"6790",28,32,1,2,100,100,"Smooth","Avg. Reward Condition",40,"3",14,2,24,219,"Long",0.10263286059999,0.828247905136778,NA,0.552922439098238,"localGP"
"6791",28,33,7,4,30.1967224118984,100,"Smooth","Avg. Reward Condition",40,"3",14,1,52,219,"Long",0.10263286059999,0.828247905136778,NA,0.552922439098238,"localGP"
"6792",28,34,9,3,26.7801614891284,100,"Smooth","Avg. Reward Condition",40,"3",14,1,43,219,"Long",0.10263286059999,0.828247905136778,NA,0.552922439098238,"localGP"
"6793",28,35,5,3,53.3657371426027,100,"Smooth","Avg. Reward Condition",40,"3",14,1,39,219,"Long",0.10263286059999,0.828247905136778,NA,0.552922439098238,"localGP"
"6794",28,36,4,8,61.073766397803,100,"Smooth","Avg. Reward Condition",40,"3",14,3,93,219,"Long",0.10263286059999,0.828247905136778,NA,0.552922439098238,"localGP"
"6795",28,37,4,7,79.6870668844462,100,"Smooth","Avg. Reward Condition",40,"3",14,1,82,219,"Long",0.10263286059999,0.828247905136778,NA,0.552922439098238,"localGP"
"6796",28,38,4,6,56.3577284300017,100,"Smooth","Avg. Reward Condition",40,"3",14,3,71,219,"Long",0.10263286059999,0.828247905136778,NA,0.552922439098238,"localGP"
"6797",28,39,8,3,33.4699061269197,100,"Smooth","Avg. Reward Condition",40,"3",14,1,42,219,"Long",0.10263286059999,0.828247905136778,NA,0.552922439098238,"localGP"
"6798",28,40,2,1,53.6211624173466,100,"Smooth","Avg. Reward Condition",40,"3",14,2,14,219,"Long",0.10263286059999,0.828247905136778,NA,0.552922439098238,"localGP"
"6799",28,41,2,9,44.7784563041284,100,"Smooth","Avg. Reward Condition",40,"3",14,3,102,219,"Long",0.10263286059999,0.828247905136778,NA,0.552922439098238,"localGP"
"6800",28,1,10,2,40.3253784101298,40.3253784101298,"Smooth","Avg. Reward Condition",20,"4",12,NA,33,220,"Short",0.120491478083464,0.789593725400307,NA,0.595993227063866,"localGP"
"6801",28,2,9,2,39.8228418923137,40.3253784101298,"Smooth","Avg. Reward Condition",20,"4",12,2,32,220,"Short",0.120491478083464,0.789593725400307,NA,0.595993227063866,"localGP"
"6802",28,3,9,3,31.6251889945826,40.3253784101298,"Smooth","Avg. Reward Condition",20,"4",12,1,43,220,"Short",0.120491478083464,0.789593725400307,NA,0.595993227063866,"localGP"
"6803",28,4,8,8,74.2665096632298,74.2665096632298,"Smooth","Avg. Reward Condition",20,"4",12,2,97,220,"Short",0.120491478083464,0.789593725400307,NA,0.595993227063866,"localGP"
"6804",28,5,4,6,68.9050868774384,74.2665096632298,"Smooth","Avg. Reward Condition",20,"4",12,1,71,220,"Short",0.120491478083464,0.789593725400307,NA,0.595993227063866,"localGP"
"6805",28,6,8,6,87.8662142990348,87.8662142990348,"Smooth","Avg. Reward Condition",20,"4",12,1,75,220,"Short",0.120491478083464,0.789593725400307,NA,0.595993227063866,"localGP"
"6806",28,7,7,6,92.2608433233279,92.2608433233279,"Smooth","Avg. Reward Condition",20,"4",12,2,74,220,"Short",0.120491478083464,0.789593725400307,NA,0.595993227063866,"localGP"
"6807",28,8,7,8,45.6964711781897,92.2608433233279,"Smooth","Avg. Reward Condition",20,"4",12,1,96,220,"Short",0.120491478083464,0.789593725400307,NA,0.595993227063866,"localGP"
"6808",28,9,9,9,79.9813230498627,92.2608433233279,"Smooth","Avg. Reward Condition",20,"4",12,1,109,220,"Short",0.120491478083464,0.789593725400307,NA,0.595993227063866,"localGP"
"6809",28,10,9,10,67.4802551534836,92.2608433233279,"Smooth","Avg. Reward Condition",20,"4",12,1,120,220,"Short",0.120491478083464,0.789593725400307,NA,0.595993227063866,"localGP"
"6810",28,11,6,6,97.0143306966023,97.0143306966023,"Smooth","Avg. Reward Condition",20,"4",12,4,73,220,"Short",0.120491478083464,0.789593725400307,NA,0.595993227063866,"localGP"
"6811",28,12,5,3,27.1172437554855,97.0143306966023,"Smooth","Avg. Reward Condition",20,"4",12,2,39,220,"Short",0.120491478083464,0.789593725400307,NA,0.595993227063866,"localGP"
"6812",28,13,5,4,12.1215486834465,97.0143306966023,"Smooth","Avg. Reward Condition",20,"4",12,1,50,220,"Short",0.120491478083464,0.789593725400307,NA,0.595993227063866,"localGP"
"6813",28,14,6,5,78.7023797954434,97.0143306966023,"Smooth","Avg. Reward Condition",20,"4",12,4,62,220,"Short",0.120491478083464,0.789593725400307,NA,0.595993227063866,"localGP"
"6814",28,15,8,5,68.8394216351871,97.0143306966023,"Smooth","Avg. Reward Condition",20,"4",12,1,64,220,"Short",0.120491478083464,0.789593725400307,NA,0.595993227063866,"localGP"
"6815",28,16,7,5,86.8061250260335,97.0143306966023,"Smooth","Avg. Reward Condition",20,"4",12,7,63,220,"Short",0.120491478083464,0.789593725400307,NA,0.595993227063866,"localGP"
"6816",28,17,10,4,64.149923662819,97.0143306966023,"Smooth","Avg. Reward Condition",20,"4",12,1,55,220,"Short",0.120491478083464,0.789593725400307,NA,0.595993227063866,"localGP"
"6817",28,18,9,5,58.7716718822745,97.0143306966023,"Smooth","Avg. Reward Condition",20,"4",12,3,65,220,"Short",0.120491478083464,0.789593725400307,NA,0.595993227063866,"localGP"
"6818",28,19,10,5,62.8520083349877,97.0143306966023,"Smooth","Avg. Reward Condition",20,"4",12,3,66,220,"Short",0.120491478083464,0.789593725400307,NA,0.595993227063866,"localGP"
"6819",28,20,10,6,45.8452635270677,97.0143306966023,"Smooth","Avg. Reward Condition",20,"4",12,1,77,220,"Short",0.120491478083464,0.789593725400307,NA,0.595993227063866,"localGP"
"6820",28,21,9,10,67.4802551534836,97.0143306966023,"Smooth","Avg. Reward Condition",20,"4",12,1,120,220,"Short",0.120491478083464,0.789593725400307,NA,0.595993227063866,"localGP"
"6821",28,1,4,0,79.9431598436755,79.9431598436755,"Smooth","Avg. Reward Condition",40,"5",9,NA,5,221,"Long",19.9506457220699,0.315428863084071,NA,99.5099123140705,"localGP"
"6822",28,2,4,1,66.1540959055095,79.9431598436755,"Smooth","Avg. Reward Condition",40,"5",9,2,16,221,"Long",19.9506457220699,0.315428863084071,NA,99.5099123140705,"localGP"
"6823",28,3,3,1,40.3499664940064,79.9431598436755,"Smooth","Avg. Reward Condition",40,"5",9,1,15,221,"Long",19.9506457220699,0.315428863084071,NA,99.5099123140705,"localGP"
"6824",28,4,2,1,14.59231424238,79.9431598436755,"Smooth","Avg. Reward Condition",40,"5",9,1,14,221,"Long",19.9506457220699,0.315428863084071,NA,99.5099123140705,"localGP"
"6825",28,5,2,0,46.5810288004854,79.9431598436755,"Smooth","Avg. Reward Condition",40,"5",9,1,3,221,"Long",19.9506457220699,0.315428863084071,NA,99.5099123140705,"localGP"
"6826",28,6,1,0,83.523634481826,83.523634481826,"Smooth","Avg. Reward Condition",40,"5",9,1,2,221,"Long",19.9506457220699,0.315428863084071,NA,99.5099123140705,"localGP"
"6827",28,7,1,1,49.8229804022981,83.523634481826,"Smooth","Avg. Reward Condition",40,"5",9,2,13,221,"Long",19.9506457220699,0.315428863084071,NA,99.5099123140705,"localGP"
"6828",28,8,0,2,53.9477562891327,83.523634481826,"Smooth","Avg. Reward Condition",40,"5",9,1,23,221,"Long",19.9506457220699,0.315428863084071,NA,99.5099123140705,"localGP"
"6829",28,9,1,2,36.7054218908071,83.523634481826,"Smooth","Avg. Reward Condition",40,"5",9,2,24,221,"Long",19.9506457220699,0.315428863084071,NA,99.5099123140705,"localGP"
"6830",28,10,3,2,59.8826476253747,83.523634481826,"Smooth","Avg. Reward Condition",40,"5",9,2,26,221,"Long",19.9506457220699,0.315428863084071,NA,99.5099123140705,"localGP"
"6831",28,11,2,2,29.9562633330357,83.523634481826,"Smooth","Avg. Reward Condition",40,"5",9,4,25,221,"Long",19.9506457220699,0.315428863084071,NA,99.5099123140705,"localGP"
"6832",28,12,2,3,14.7404354515513,83.523634481826,"Smooth","Avg. Reward Condition",40,"5",9,2,36,221,"Long",19.9506457220699,0.315428863084071,NA,99.5099123140705,"localGP"
"6833",28,13,2,4,13.5403872252535,83.523634481826,"Smooth","Avg. Reward Condition",40,"5",9,2,47,221,"Long",19.9506457220699,0.315428863084071,NA,99.5099123140705,"localGP"
"6834",28,14,2,5,39.0745307223915,83.523634481826,"Smooth","Avg. Reward Condition",40,"5",9,1,58,221,"Long",19.9506457220699,0.315428863084071,NA,99.5099123140705,"localGP"
"6835",28,15,3,5,65.8441011417539,83.523634481826,"Smooth","Avg. Reward Condition",40,"5",9,4,59,221,"Long",19.9506457220699,0.315428863084071,NA,99.5099123140705,"localGP"
"6836",28,16,8,9,64.9640361511548,83.523634481826,"Smooth","Avg. Reward Condition",40,"5",9,1,108,221,"Long",19.9506457220699,0.315428863084071,NA,99.5099123140705,"localGP"
"6837",28,17,6,8,47.3250412535165,83.523634481826,"Smooth","Avg. Reward Condition",40,"5",9,1,95,221,"Long",19.9506457220699,0.315428863084071,NA,99.5099123140705,"localGP"
"6838",28,18,3,6,56.4526333659953,83.523634481826,"Smooth","Avg. Reward Condition",40,"5",9,1,70,221,"Long",19.9506457220699,0.315428863084071,NA,99.5099123140705,"localGP"
"6839",28,19,5,1,62.2178044014381,83.523634481826,"Smooth","Avg. Reward Condition",40,"5",9,2,17,221,"Long",19.9506457220699,0.315428863084071,NA,99.5099123140705,"localGP"
"6840",28,20,4,7,31.2245968865116,83.523634481826,"Smooth","Avg. Reward Condition",40,"5",9,3,82,221,"Long",19.9506457220699,0.315428863084071,NA,99.5099123140705,"localGP"
"6841",28,21,7,8,48.5069548575254,83.523634481826,"Smooth","Avg. Reward Condition",40,"5",9,1,96,221,"Long",19.9506457220699,0.315428863084071,NA,99.5099123140705,"localGP"
"6842",28,22,7,9,69.1316756663671,83.523634481826,"Smooth","Avg. Reward Condition",40,"5",9,1,107,221,"Long",19.9506457220699,0.315428863084071,NA,99.5099123140705,"localGP"
"6843",28,23,7,7,34.6539502400698,83.523634481826,"Smooth","Avg. Reward Condition",40,"5",9,15,85,221,"Long",19.9506457220699,0.315428863084071,NA,99.5099123140705,"localGP"
"6844",28,24,6,7,31.2453009050804,83.523634481826,"Smooth","Avg. Reward Condition",40,"5",9,1,84,221,"Long",19.9506457220699,0.315428863084071,NA,99.5099123140705,"localGP"
"6845",28,25,6,6,30.335879587278,83.523634481826,"Smooth","Avg. Reward Condition",40,"5",9,1,73,221,"Long",19.9506457220699,0.315428863084071,NA,99.5099123140705,"localGP"
"6846",28,26,7,6,18.3179262510229,83.523634481826,"Smooth","Avg. Reward Condition",40,"5",9,1,74,221,"Long",19.9506457220699,0.315428863084071,NA,99.5099123140705,"localGP"
"6847",28,27,9,0,18.5206183987232,83.523634481826,"Smooth","Avg. Reward Condition",40,"5",9,2,10,221,"Long",19.9506457220699,0.315428863084071,NA,99.5099123140705,"localGP"
"6848",28,28,7,10,78.998388653825,83.523634481826,"Smooth","Avg. Reward Condition",40,"5",9,1,118,221,"Long",19.9506457220699,0.315428863084071,NA,99.5099123140705,"localGP"
"6849",28,29,8,5,0,83.523634481826,"Smooth","Avg. Reward Condition",40,"5",9,3,64,221,"Long",19.9506457220699,0.315428863084071,NA,99.5099123140705,"localGP"
"6850",28,30,2,10,28.9056526912457,83.523634481826,"Smooth","Avg. Reward Condition",40,"5",9,1,113,221,"Long",19.9506457220699,0.315428863084071,NA,99.5099123140705,"localGP"
"6851",28,31,7,8,48.5069548575254,83.523634481826,"Smooth","Avg. Reward Condition",40,"5",9,7,96,221,"Long",19.9506457220699,0.315428863084071,NA,99.5099123140705,"localGP"
"6852",28,32,5,8,61.7105758678251,83.523634481826,"Smooth","Avg. Reward Condition",40,"5",9,2,94,221,"Long",19.9506457220699,0.315428863084071,NA,99.5099123140705,"localGP"
"6853",28,33,8,1,48.5054292480758,83.523634481826,"Smooth","Avg. Reward Condition",40,"5",9,1,20,221,"Long",19.9506457220699,0.315428863084071,NA,99.5099123140705,"localGP"
"6854",28,34,8,2,56.8753633027435,83.523634481826,"Smooth","Avg. Reward Condition",40,"5",9,3,31,221,"Long",19.9506457220699,0.315428863084071,NA,99.5099123140705,"localGP"
"6855",28,35,8,0,41.6535963587684,83.523634481826,"Smooth","Avg. Reward Condition",40,"5",9,1,9,221,"Long",19.9506457220699,0.315428863084071,NA,99.5099123140705,"localGP"
"6856",28,36,2,6,36.7603971386675,83.523634481826,"Smooth","Avg. Reward Condition",40,"5",9,1,69,221,"Long",19.9506457220699,0.315428863084071,NA,99.5099123140705,"localGP"
"6857",28,37,2,7,27.9615833854138,83.523634481826,"Smooth","Avg. Reward Condition",40,"5",9,1,80,221,"Long",19.9506457220699,0.315428863084071,NA,99.5099123140705,"localGP"
"6858",28,38,1,5,55.4257093623145,83.523634481826,"Smooth","Avg. Reward Condition",40,"5",9,1,57,221,"Long",19.9506457220699,0.315428863084071,NA,99.5099123140705,"localGP"
"6859",28,39,1,6,71.1930582119882,83.523634481826,"Smooth","Avg. Reward Condition",40,"5",9,1,68,221,"Long",19.9506457220699,0.315428863084071,NA,99.5099123140705,"localGP"
"6860",28,40,0,6,96.5524227911389,96.5524227911389,"Smooth","Avg. Reward Condition",40,"5",9,2,67,221,"Long",19.9506457220699,0.315428863084071,NA,99.5099123140705,"localGP"
"6861",28,41,0,7,63.762860531431,96.5524227911389,"Smooth","Avg. Reward Condition",40,"5",9,1,78,221,"Long",19.9506457220699,0.315428863084071,NA,99.5099123140705,"localGP"
"6862",28,1,0,3,46.9181544218078,46.9181544218078,"Smooth","Avg. Reward Condition",20,"6",3,NA,34,222,"Short",0.125744067349778,0.710887115493095,NA,0.656983610925177,"localGP"
"6863",28,2,0,2,79.3285213093921,79.3285213093921,"Smooth","Avg. Reward Condition",20,"6",3,2,23,222,"Short",0.125744067349778,0.710887115493095,NA,0.656983610925177,"localGP"
"6864",28,3,4,1,12.1703970520116,79.3285213093921,"Smooth","Avg. Reward Condition",20,"6",3,3,16,222,"Short",0.125744067349778,0.710887115493095,NA,0.656983610925177,"localGP"
"6865",28,4,5,1,10.7719922717038,79.3285213093921,"Smooth","Avg. Reward Condition",20,"6",3,2,17,222,"Short",0.125744067349778,0.710887115493095,NA,0.656983610925177,"localGP"
"6866",28,5,5,0,9.64595698214346,79.3285213093921,"Smooth","Avg. Reward Condition",20,"6",3,1,6,222,"Short",0.125744067349778,0.710887115493095,NA,0.656983610925177,"localGP"
"6867",28,6,5,6,47.8129336861214,79.3285213093921,"Smooth","Avg. Reward Condition",20,"6",3,9,72,222,"Short",0.125744067349778,0.710887115493095,NA,0.656983610925177,"localGP"
"6868",28,7,6,6,43.2008505736077,79.3285213093921,"Smooth","Avg. Reward Condition",20,"6",3,1,73,222,"Short",0.125744067349778,0.710887115493095,NA,0.656983610925177,"localGP"
"6869",28,8,0,6,64.8740030976897,79.3285213093921,"Smooth","Avg. Reward Condition",20,"6",3,3,67,222,"Short",0.125744067349778,0.710887115493095,NA,0.656983610925177,"localGP"
"6870",28,9,0,5,73.4743256802096,79.3285213093921,"Smooth","Avg. Reward Condition",20,"6",3,1,56,222,"Short",0.125744067349778,0.710887115493095,NA,0.656983610925177,"localGP"
"6871",28,10,1,7,36.7922771302289,79.3285213093921,"Smooth","Avg. Reward Condition",20,"6",3,2,79,222,"Short",0.125744067349778,0.710887115493095,NA,0.656983610925177,"localGP"
"6872",28,11,0,7,30.0086994835873,79.3285213093921,"Smooth","Avg. Reward Condition",20,"6",3,2,78,222,"Short",0.125744067349778,0.710887115493095,NA,0.656983610925177,"localGP"
"6873",28,12,8,8,86.9112548531245,86.9112548531245,"Smooth","Avg. Reward Condition",20,"6",3,1,97,222,"Short",0.125744067349778,0.710887115493095,NA,0.656983610925177,"localGP"
"6874",28,13,10,8,89.8653397577546,89.8653397577546,"Smooth","Avg. Reward Condition",20,"6",3,2,99,222,"Short",0.125744067349778,0.710887115493095,NA,0.656983610925177,"localGP"
"6875",28,14,10,7,74.302046558664,89.8653397577546,"Smooth","Avg. Reward Condition",20,"6",3,2,88,222,"Short",0.125744067349778,0.710887115493095,NA,0.656983610925177,"localGP"
"6876",28,15,10,6,69.1638610636693,89.8653397577546,"Smooth","Avg. Reward Condition",20,"6",3,1,77,222,"Short",0.125744067349778,0.710887115493095,NA,0.656983610925177,"localGP"
"6877",28,16,6,8,72.494296563532,89.8653397577546,"Smooth","Avg. Reward Condition",20,"6",3,2,95,222,"Short",0.125744067349778,0.710887115493095,NA,0.656983610925177,"localGP"
"6878",28,17,6,9,72.1740224383506,89.8653397577546,"Smooth","Avg. Reward Condition",20,"6",3,2,106,222,"Short",0.125744067349778,0.710887115493095,NA,0.656983610925177,"localGP"
"6879",28,18,3,0,54.3215308277362,89.8653397577546,"Smooth","Avg. Reward Condition",20,"6",3,1,4,222,"Short",0.125744067349778,0.710887115493095,NA,0.656983610925177,"localGP"
"6880",28,19,5,3,63.6314304033713,89.8653397577546,"Smooth","Avg. Reward Condition",20,"6",3,5,39,222,"Short",0.125744067349778,0.710887115493095,NA,0.656983610925177,"localGP"
"6881",28,20,4,2,29.665903632224,89.8653397577546,"Smooth","Avg. Reward Condition",20,"6",3,1,27,222,"Short",0.125744067349778,0.710887115493095,NA,0.656983610925177,"localGP"
"6882",28,21,8,8,86.9112548531245,89.8653397577546,"Smooth","Avg. Reward Condition",20,"6",3,5,97,222,"Short",0.125744067349778,0.710887115493095,NA,0.656983610925177,"localGP"
"6883",28,1,6,7,60.8864429943102,60.8864429943102,"Smooth","Avg. Reward Condition",40,"7",5,NA,84,223,"Long",0.103125040247952,0.752635671657952,NA,0.558385276189392,"localGP"
"6884",28,2,7,7,68.4962011684434,68.4962011684434,"Smooth","Avg. Reward Condition",40,"7",5,15,85,223,"Long",0.103125040247952,0.752635671657952,NA,0.558385276189392,"localGP"
"6885",28,3,7,6,95.8234728185907,95.8234728185907,"Smooth","Avg. Reward Condition",40,"7",5,9,74,223,"Long",0.103125040247952,0.752635671657952,NA,0.558385276189392,"localGP"
"6886",28,4,6,6,86.9756652326962,95.8234728185907,"Smooth","Avg. Reward Condition",40,"7",5,9,73,223,"Long",0.103125040247952,0.752635671657952,NA,0.558385276189392,"localGP"
"6887",28,5,6,5,19.3202384321572,95.8234728185907,"Smooth","Avg. Reward Condition",40,"7",5,1,62,223,"Long",0.103125040247952,0.752635671657952,NA,0.558385276189392,"localGP"
"6888",28,6,8,5,25.922745926598,95.8234728185907,"Smooth","Avg. Reward Condition",40,"7",5,1,64,223,"Long",0.103125040247952,0.752635671657952,NA,0.558385276189392,"localGP"
"6889",28,7,4,3,25.4004709385856,95.8234728185907,"Smooth","Avg. Reward Condition",40,"7",5,1,38,223,"Long",0.103125040247952,0.752635671657952,NA,0.558385276189392,"localGP"
"6890",28,8,6,0,63.3442305024088,95.8234728185907,"Smooth","Avg. Reward Condition",40,"7",5,2,7,223,"Long",0.103125040247952,0.752635671657952,NA,0.558385276189392,"localGP"
"6891",28,9,7,0,68.4752649344305,95.8234728185907,"Smooth","Avg. Reward Condition",40,"7",5,2,8,223,"Long",0.103125040247952,0.752635671657952,NA,0.558385276189392,"localGP"
"6892",28,10,0,2,58.4045209406956,95.8234728185907,"Smooth","Avg. Reward Condition",40,"7",5,1,23,223,"Long",0.103125040247952,0.752635671657952,NA,0.558385276189392,"localGP"
"6893",28,11,1,2,63.2638935825621,95.8234728185907,"Smooth","Avg. Reward Condition",40,"7",5,1,24,223,"Long",0.103125040247952,0.752635671657952,NA,0.558385276189392,"localGP"
"6894",28,12,8,1,86.7518912658619,95.8234728185907,"Smooth","Avg. Reward Condition",40,"7",5,1,20,223,"Long",0.103125040247952,0.752635671657952,NA,0.558385276189392,"localGP"
"6895",28,13,8,0,96.125082157983,96.125082157983,"Smooth","Avg. Reward Condition",40,"7",5,2,9,223,"Long",0.103125040247952,0.752635671657952,NA,0.558385276189392,"localGP"
"6896",28,14,9,0,92.5470885084956,96.125082157983,"Smooth","Avg. Reward Condition",40,"7",5,1,10,223,"Long",0.103125040247952,0.752635671657952,NA,0.558385276189392,"localGP"
"6897",28,15,9,1,68.5223309875422,96.125082157983,"Smooth","Avg. Reward Condition",40,"7",5,2,21,223,"Long",0.103125040247952,0.752635671657952,NA,0.558385276189392,"localGP"
"6898",28,16,10,0,60.7914007542761,96.125082157983,"Smooth","Avg. Reward Condition",40,"7",5,1,11,223,"Long",0.103125040247952,0.752635671657952,NA,0.558385276189392,"localGP"
"6899",28,17,9,0,92.5470885084956,96.125082157983,"Smooth","Avg. Reward Condition",40,"7",5,1,10,223,"Long",0.103125040247952,0.752635671657952,NA,0.558385276189392,"localGP"
"6900",28,18,8,0,96.125082157983,96.125082157983,"Smooth","Avg. Reward Condition",40,"7",5,1,9,223,"Long",0.103125040247952,0.752635671657952,NA,0.558385276189392,"localGP"
"6901",28,19,8,0,96.125082157983,96.125082157983,"Smooth","Avg. Reward Condition",40,"7",5,3,9,223,"Long",0.103125040247952,0.752635671657952,NA,0.558385276189392,"localGP"
"6902",28,20,5,6,48.862030975187,96.125082157983,"Smooth","Avg. Reward Condition",40,"7",5,1,72,223,"Long",0.103125040247952,0.752635671657952,NA,0.558385276189392,"localGP"
"6903",28,21,6,6,86.9756652326962,96.125082157983,"Smooth","Avg. Reward Condition",40,"7",5,2,73,223,"Long",0.103125040247952,0.752635671657952,NA,0.558385276189392,"localGP"
"6904",28,22,2,4,23.662499097667,96.125082157983,"Smooth","Avg. Reward Condition",40,"7",5,3,47,223,"Long",0.103125040247952,0.752635671657952,NA,0.558385276189392,"localGP"
"6905",28,23,6,3,31.2645262268698,96.125082157983,"Smooth","Avg. Reward Condition",40,"7",5,1,40,223,"Long",0.103125040247952,0.752635671657952,NA,0.558385276189392,"localGP"
"6906",28,24,5,5,35.9893886726837,96.125082157983,"Smooth","Avg. Reward Condition",40,"7",5,3,61,223,"Long",0.103125040247952,0.752635671657952,NA,0.558385276189392,"localGP"
"6907",28,25,4,5,27.8972182072898,96.125082157983,"Smooth","Avg. Reward Condition",40,"7",5,1,60,223,"Long",0.103125040247952,0.752635671657952,NA,0.558385276189392,"localGP"
"6908",28,26,6,1,87.877786509451,96.125082157983,"Smooth","Avg. Reward Condition",40,"7",5,2,18,223,"Long",0.103125040247952,0.752635671657952,NA,0.558385276189392,"localGP"
"6909",28,27,7,1,81.9911885215714,96.125082157983,"Smooth","Avg. Reward Condition",40,"7",5,1,19,223,"Long",0.103125040247952,0.752635671657952,NA,0.558385276189392,"localGP"
"6910",28,28,5,0,55.5275348715588,96.125082157983,"Smooth","Avg. Reward Condition",40,"7",5,3,6,223,"Long",0.103125040247952,0.752635671657952,NA,0.558385276189392,"localGP"
"6911",28,29,4,0,48.9349746000449,96.125082157983,"Smooth","Avg. Reward Condition",40,"7",5,1,5,223,"Long",0.103125040247952,0.752635671657952,NA,0.558385276189392,"localGP"
"6912",28,30,3,9,8.68730122883821,96.125082157983,"Smooth","Avg. Reward Condition",40,"7",5,1,103,223,"Long",0.103125040247952,0.752635671657952,NA,0.558385276189392,"localGP"
"6913",28,31,1,7,45.1757644968322,96.125082157983,"Smooth","Avg. Reward Condition",40,"7",5,2,79,223,"Long",0.103125040247952,0.752635671657952,NA,0.558385276189392,"localGP"
"6914",28,32,1,6,35.5836136671524,96.125082157983,"Smooth","Avg. Reward Condition",40,"7",5,3,68,223,"Long",0.103125040247952,0.752635671657952,NA,0.558385276189392,"localGP"
"6915",28,33,0,5,47.6003789921814,96.125082157983,"Smooth","Avg. Reward Condition",40,"7",5,3,56,223,"Long",0.103125040247952,0.752635671657952,NA,0.558385276189392,"localGP"
"6916",28,34,4,3,25.4004709385856,96.125082157983,"Smooth","Avg. Reward Condition",40,"7",5,11,38,223,"Long",0.103125040247952,0.752635671657952,NA,0.558385276189392,"localGP"
"6917",28,35,4,7,25.8399951345323,96.125082157983,"Smooth","Avg. Reward Condition",40,"7",5,3,82,223,"Long",0.103125040247952,0.752635671657952,NA,0.558385276189392,"localGP"
"6918",28,36,4,8,26.7884131149628,96.125082157983,"Smooth","Avg. Reward Condition",40,"7",5,1,93,223,"Long",0.103125040247952,0.752635671657952,NA,0.558385276189392,"localGP"
"6919",28,37,7,9,57.3102242672527,96.125082157983,"Smooth","Avg. Reward Condition",40,"7",5,2,107,223,"Long",0.103125040247952,0.752635671657952,NA,0.558385276189392,"localGP"
"6920",28,38,8,9,65.659951662905,96.125082157983,"Smooth","Avg. Reward Condition",40,"7",5,1,108,223,"Long",0.103125040247952,0.752635671657952,NA,0.558385276189392,"localGP"
"6921",28,39,6,10,49.8503873237507,96.125082157983,"Smooth","Avg. Reward Condition",40,"7",5,1,117,223,"Long",0.103125040247952,0.752635671657952,NA,0.558385276189392,"localGP"
"6922",28,40,7,0,68.4752649344305,96.125082157983,"Smooth","Avg. Reward Condition",40,"7",5,2,8,223,"Long",0.103125040247952,0.752635671657952,NA,0.558385276189392,"localGP"
"6923",28,41,5,0,55.5275348715588,96.125082157983,"Smooth","Avg. Reward Condition",40,"7",5,3,6,223,"Long",0.103125040247952,0.752635671657952,NA,0.558385276189392,"localGP"
"6924",28,1,8,9,60.550993033302,60.550993033302,"Smooth","Avg. Reward Condition",20,"8",11,NA,108,224,"Short",0.141016741691874,0.709199798296869,NA,0.710595930446868,"localGP"
"6925",28,2,9,9,48.1183497019652,60.550993033302,"Smooth","Avg. Reward Condition",20,"8",11,12,109,224,"Short",0.141016741691874,0.709199798296869,NA,0.710595930446868,"localGP"
"6926",28,3,9,10,19.2437103402709,60.550993033302,"Smooth","Avg. Reward Condition",20,"8",11,1,120,224,"Short",0.141016741691874,0.709199798296869,NA,0.710595930446868,"localGP"
"6927",28,4,2,3,41.0550340200253,60.550993033302,"Smooth","Avg. Reward Condition",20,"8",11,1,36,224,"Short",0.141016741691874,0.709199798296869,NA,0.710595930446868,"localGP"
"6928",28,5,1,3,57.3052531096848,60.550993033302,"Smooth","Avg. Reward Condition",20,"8",11,1,35,224,"Short",0.141016741691874,0.709199798296869,NA,0.710595930446868,"localGP"
"6929",28,6,5,10,87.2658829250153,87.2658829250153,"Smooth","Avg. Reward Condition",20,"8",11,1,116,224,"Short",0.141016741691874,0.709199798296869,NA,0.710595930446868,"localGP"
"6930",28,7,4,10,100,100,"Smooth","Avg. Reward Condition",20,"8",11,1,115,224,"Short",0.141016741691874,0.709199798296869,NA,0.710595930446868,"localGP"
"6931",28,8,4,9,78.163385341713,100,"Smooth","Avg. Reward Condition",20,"8",11,2,104,224,"Short",0.141016741691874,0.709199798296869,NA,0.710595930446868,"localGP"
"6932",28,9,3,9,46.9814894388447,100,"Smooth","Avg. Reward Condition",20,"8",11,1,103,224,"Short",0.141016741691874,0.709199798296869,NA,0.710595930446868,"localGP"
"6933",28,10,2,3,41.0550340200253,100,"Smooth","Avg. Reward Condition",20,"8",11,2,36,224,"Short",0.141016741691874,0.709199798296869,NA,0.710595930446868,"localGP"
"6934",28,11,1,4,21.9699335445303,100,"Smooth","Avg. Reward Condition",20,"8",11,4,46,224,"Short",0.141016741691874,0.709199798296869,NA,0.710595930446868,"localGP"
"6935",28,12,1,5,17.0308109764636,100,"Smooth","Avg. Reward Condition",20,"8",11,1,57,224,"Short",0.141016741691874,0.709199798296869,NA,0.710595930446868,"localGP"
"6936",28,13,0,4,39.3974743760866,100,"Smooth","Avg. Reward Condition",20,"8",11,4,45,224,"Short",0.141016741691874,0.709199798296869,NA,0.710595930446868,"localGP"
"6937",28,14,0,5,32.447397425839,100,"Smooth","Avg. Reward Condition",20,"8",11,1,56,224,"Short",0.141016741691874,0.709199798296869,NA,0.710595930446868,"localGP"
"6938",28,15,5,6,49.4392607625957,100,"Smooth","Avg. Reward Condition",20,"8",11,1,72,224,"Short",0.141016741691874,0.709199798296869,NA,0.710595930446868,"localGP"
"6939",28,16,4,6,31.0378764516063,100,"Smooth","Avg. Reward Condition",20,"8",11,1,71,224,"Short",0.141016741691874,0.709199798296869,NA,0.710595930446868,"localGP"
"6940",28,17,9,6,44.0877983401219,100,"Smooth","Avg. Reward Condition",20,"8",11,2,76,224,"Short",0.141016741691874,0.709199798296869,NA,0.710595930446868,"localGP"
"6941",28,18,8,5,25.4104652088754,100,"Smooth","Avg. Reward Condition",20,"8",11,1,64,224,"Short",0.141016741691874,0.709199798296869,NA,0.710595930446868,"localGP"
"6942",28,19,10,5,24.0277528362219,100,"Smooth","Avg. Reward Condition",20,"8",11,2,66,224,"Short",0.141016741691874,0.709199798296869,NA,0.710595930446868,"localGP"
"6943",28,20,9,5,4.84185863158433,100,"Smooth","Avg. Reward Condition",20,"8",11,4,65,224,"Short",0.141016741691874,0.709199798296869,NA,0.710595930446868,"localGP"
"6944",28,21,4,8,79.4784884383396,100,"Smooth","Avg. Reward Condition",20,"8",11,1,93,224,"Short",0.141016741691874,0.709199798296869,NA,0.710595930446868,"localGP"
"6945",29,1,9,5,58.7716718822745,58.7716718822745,"Rough","Max. Reward Condition",20,"1",12,NA,65,225,"Short",0.0751810776252675,0.651127997515391,NA,0.485980707524745,"localGP"
"6946",29,2,10,5,62.8520083349877,62.8520083349877,"Rough","Max. Reward Condition",20,"1",12,1,66,225,"Short",0.0751810776252675,0.651127997515391,NA,0.485980707524745,"localGP"
"6947",29,3,10,4,64.149923662819,64.149923662819,"Rough","Max. Reward Condition",20,"1",12,1,55,225,"Short",0.0751810776252675,0.651127997515391,NA,0.485980707524745,"localGP"
"6948",29,4,10,1,80.8865853596209,80.8865853596209,"Rough","Max. Reward Condition",20,"1",12,2,22,225,"Short",0.0751810776252675,0.651127997515391,NA,0.485980707524745,"localGP"
"6949",29,5,10,0,62.934470369234,80.8865853596209,"Rough","Max. Reward Condition",20,"1",12,1,11,225,"Short",0.0751810776252675,0.651127997515391,NA,0.485980707524745,"localGP"
"6950",29,6,9,0,53.2886694001557,80.8865853596209,"Rough","Max. Reward Condition",20,"1",12,1,10,225,"Short",0.0751810776252675,0.651127997515391,NA,0.485980707524745,"localGP"
"6951",29,7,9,1,72.9706833593443,80.8865853596209,"Rough","Max. Reward Condition",20,"1",12,2,21,225,"Short",0.0751810776252675,0.651127997515391,NA,0.485980707524745,"localGP"
"6952",29,8,8,1,63.22858219745,80.8865853596209,"Rough","Max. Reward Condition",20,"1",12,3,20,225,"Short",0.0751810776252675,0.651127997515391,NA,0.485980707524745,"localGP"
"6953",29,9,8,0,73.9756184562908,80.8865853596209,"Rough","Max. Reward Condition",20,"1",12,1,9,225,"Short",0.0751810776252675,0.651127997515391,NA,0.485980707524745,"localGP"
"6954",29,10,7,0,73.3448619452636,80.8865853596209,"Rough","Max. Reward Condition",20,"1",12,1,8,225,"Short",0.0751810776252675,0.651127997515391,NA,0.485980707524745,"localGP"
"6955",29,11,7,1,80.4403331972244,80.8865853596209,"Rough","Max. Reward Condition",20,"1",12,4,19,225,"Short",0.0751810776252675,0.651127997515391,NA,0.485980707524745,"localGP"
"6956",29,12,6,1,64.0621686856382,80.8865853596209,"Rough","Max. Reward Condition",20,"1",12,1,18,225,"Short",0.0751810776252675,0.651127997515391,NA,0.485980707524745,"localGP"
"6957",29,13,5,0,11.9692756700974,80.8865853596209,"Rough","Max. Reward Condition",20,"1",12,1,6,225,"Short",0.0751810776252675,0.651127997515391,NA,0.485980707524745,"localGP"
"6958",29,14,4,7,71.8109228804708,80.8865853596209,"Rough","Max. Reward Condition",20,"1",12,11,82,225,"Short",0.0751810776252675,0.651127997515391,NA,0.485980707524745,"localGP"
"6959",29,15,4,8,46.4068555234457,80.8865853596209,"Rough","Max. Reward Condition",20,"1",12,1,93,225,"Short",0.0751810776252675,0.651127997515391,NA,0.485980707524745,"localGP"
"6960",29,16,5,8,82.0331276528132,82.0331276528132,"Rough","Max. Reward Condition",20,"1",12,2,94,225,"Short",0.0751810776252675,0.651127997515391,NA,0.485980707524745,"localGP"
"6961",29,17,5,9,58.4786729876124,82.0331276528132,"Rough","Max. Reward Condition",20,"1",12,2,105,225,"Short",0.0751810776252675,0.651127997515391,NA,0.485980707524745,"localGP"
"6962",29,18,6,9,44.7235531380428,82.0331276528132,"Rough","Max. Reward Condition",20,"1",12,1,106,225,"Short",0.0751810776252675,0.651127997515391,NA,0.485980707524745,"localGP"
"6963",29,19,8,8,74.2665096632298,82.0331276528132,"Rough","Max. Reward Condition",20,"1",12,3,97,225,"Short",0.0751810776252675,0.651127997515391,NA,0.485980707524745,"localGP"
"6964",29,20,8,7,81.8274104004157,82.0331276528132,"Rough","Max. Reward Condition",20,"1",12,1,86,225,"Short",0.0751810776252675,0.651127997515391,NA,0.485980707524745,"localGP"
"6965",29,21,7,6,92.2608433233279,92.2608433233279,"Rough","Max. Reward Condition",20,"1",12,2,74,225,"Short",0.0751810776252675,0.651127997515391,NA,0.485980707524745,"localGP"
"6966",29,1,6,8,40.2396617091543,40.2396617091543,"Rough","Max. Reward Condition",40,"2",4,NA,95,226,"Long",0.09307745646022,0.569975506029164,NA,0.534395850308387,"localGP"
"6967",29,2,9,0,11.8774072924795,40.2396617091543,"Rough","Max. Reward Condition",40,"2",4,1,10,226,"Long",0.09307745646022,0.569975506029164,NA,0.534395850308387,"localGP"
"6968",29,3,10,0,28.2339071863812,40.2396617091543,"Rough","Max. Reward Condition",40,"2",4,2,11,226,"Long",0.09307745646022,0.569975506029164,NA,0.534395850308387,"localGP"
"6969",29,4,8,6,34.6398496168061,40.2396617091543,"Rough","Max. Reward Condition",40,"2",4,2,75,226,"Long",0.09307745646022,0.569975506029164,NA,0.534395850308387,"localGP"
"6970",29,5,2,7,36.3841568460802,40.2396617091543,"Rough","Max. Reward Condition",40,"2",4,2,80,226,"Long",0.09307745646022,0.569975506029164,NA,0.534395850308387,"localGP"
"6971",29,6,2,8,76.6612270941655,76.6612270941655,"Rough","Max. Reward Condition",40,"2",4,1,91,226,"Long",0.09307745646022,0.569975506029164,NA,0.534395850308387,"localGP"
"6972",29,7,3,8,66.9283199969529,76.6612270941655,"Rough","Max. Reward Condition",40,"2",4,2,92,226,"Long",0.09307745646022,0.569975506029164,NA,0.534395850308387,"localGP"
"6973",29,8,4,8,61.3580746780693,76.6612270941655,"Rough","Max. Reward Condition",40,"2",4,2,93,226,"Long",0.09307745646022,0.569975506029164,NA,0.534395850308387,"localGP"
"6974",29,9,4,7,64.0825409576954,76.6612270941655,"Rough","Max. Reward Condition",40,"2",4,1,82,226,"Long",0.09307745646022,0.569975506029164,NA,0.534395850308387,"localGP"
"6975",29,10,5,2,88.4170710697694,88.4170710697694,"Rough","Max. Reward Condition",40,"2",4,2,28,226,"Long",0.09307745646022,0.569975506029164,NA,0.534395850308387,"localGP"
"6976",29,11,4,2,100,100,"Rough","Max. Reward Condition",40,"2",4,2,27,226,"Long",0.09307745646022,0.569975506029164,NA,0.534395850308387,"localGP"
"6977",29,12,4,0,27.757926963594,100,"Rough","Max. Reward Condition",40,"2",4,1,5,226,"Long",0.09307745646022,0.569975506029164,NA,0.534395850308387,"localGP"
"6978",29,13,5,0,37.1740995963249,100,"Rough","Max. Reward Condition",40,"2",4,2,6,226,"Long",0.09307745646022,0.569975506029164,NA,0.534395850308387,"localGP"
"6979",29,14,5,1,45.7416086837136,100,"Rough","Max. Reward Condition",40,"2",4,1,17,226,"Long",0.09307745646022,0.569975506029164,NA,0.534395850308387,"localGP"
"6980",29,15,4,4,49.5091600763757,100,"Rough","Max. Reward Condition",40,"2",4,3,49,226,"Long",0.09307745646022,0.569975506029164,NA,0.534395850308387,"localGP"
"6981",29,16,4,3,94.794324286051,100,"Rough","Max. Reward Condition",40,"2",4,4,38,226,"Long",0.09307745646022,0.569975506029164,NA,0.534395850308387,"localGP"
"6982",29,17,3,3,61.9515693449088,100,"Rough","Max. Reward Condition",40,"2",4,1,37,226,"Long",0.09307745646022,0.569975506029164,NA,0.534395850308387,"localGP"
"6983",29,18,3,2,48.6711536627271,100,"Rough","Max. Reward Condition",40,"2",4,2,26,226,"Long",0.09307745646022,0.569975506029164,NA,0.534395850308387,"localGP"
"6984",29,19,4,2,100,100,"Rough","Max. Reward Condition",40,"2",4,1,27,226,"Long",0.09307745646022,0.569975506029164,NA,0.534395850308387,"localGP"
"6985",29,20,4,1,36.6948932499117,100,"Rough","Max. Reward Condition",40,"2",4,14,16,226,"Long",0.09307745646022,0.569975506029164,NA,0.534395850308387,"localGP"
"6986",29,21,5,8,42.4332277403281,100,"Rough","Max. Reward Condition",40,"2",4,1,94,226,"Long",0.09307745646022,0.569975506029164,NA,0.534395850308387,"localGP"
"6987",29,22,5,9,23.8348743374816,100,"Rough","Max. Reward Condition",40,"2",4,11,105,226,"Long",0.09307745646022,0.569975506029164,NA,0.534395850308387,"localGP"
"6988",29,23,2,10,54.5646114683312,100,"Rough","Max. Reward Condition",40,"2",4,1,113,226,"Long",0.09307745646022,0.569975506029164,NA,0.534395850308387,"localGP"
"6989",29,24,3,10,56.7304025391651,100,"Rough","Max. Reward Condition",40,"2",4,1,114,226,"Long",0.09307745646022,0.569975506029164,NA,0.534395850308387,"localGP"
"6990",29,25,4,10,14.42380895843,100,"Rough","Max. Reward Condition",40,"2",4,7,115,226,"Long",0.09307745646022,0.569975506029164,NA,0.534395850308387,"localGP"
"6991",29,26,6,3,49.7582235748205,100,"Rough","Max. Reward Condition",40,"2",4,2,40,226,"Long",0.09307745646022,0.569975506029164,NA,0.534395850308387,"localGP"
"6992",29,27,6,4,15.4794174054474,100,"Rough","Max. Reward Condition",40,"2",4,2,51,226,"Long",0.09307745646022,0.569975506029164,NA,0.534395850308387,"localGP"
"6993",29,28,3,9,71.5447698498277,100,"Rough","Max. Reward Condition",40,"2",4,9,103,226,"Long",0.09307745646022,0.569975506029164,NA,0.534395850308387,"localGP"
"6994",29,29,3,10,56.7304025391651,100,"Rough","Max. Reward Condition",40,"2",4,2,114,226,"Long",0.09307745646022,0.569975506029164,NA,0.534395850308387,"localGP"
"6995",29,30,2,10,54.5646114683312,100,"Rough","Max. Reward Condition",40,"2",4,2,113,226,"Long",0.09307745646022,0.569975506029164,NA,0.534395850308387,"localGP"
"6996",29,31,2,9,75.1501969131058,100,"Rough","Max. Reward Condition",40,"2",4,1,102,226,"Long",0.09307745646022,0.569975506029164,NA,0.534395850308387,"localGP"
"6997",29,32,0,9,36.6552465782619,100,"Rough","Max. Reward Condition",40,"2",4,1,100,226,"Long",0.09307745646022,0.569975506029164,NA,0.534395850308387,"localGP"
"6998",29,33,0,10,18.0477374151467,100,"Rough","Max. Reward Condition",40,"2",4,1,111,226,"Long",0.09307745646022,0.569975506029164,NA,0.534395850308387,"localGP"
"6999",29,34,6,10,48.7082287749255,100,"Rough","Max. Reward Condition",40,"2",4,2,117,226,"Long",0.09307745646022,0.569975506029164,NA,0.534395850308387,"localGP"
"7000",29,35,9,6,37.8754043106106,100,"Rough","Max. Reward Condition",40,"2",4,2,76,226,"Long",0.09307745646022,0.569975506029164,NA,0.534395850308387,"localGP"
"7001",29,36,9,8,49.0474995122184,100,"Rough","Max. Reward Condition",40,"2",4,4,98,226,"Long",0.09307745646022,0.569975506029164,NA,0.534395850308387,"localGP"
"7002",29,37,9,7,50.1010574572642,100,"Rough","Max. Reward Condition",40,"2",4,1,87,226,"Long",0.09307745646022,0.569975506029164,NA,0.534395850308387,"localGP"
"7003",29,38,10,7,16.2974098604969,100,"Rough","Max. Reward Condition",40,"2",4,2,88,226,"Long",0.09307745646022,0.569975506029164,NA,0.534395850308387,"localGP"
"7004",29,39,4,9,45.2552162388682,100,"Rough","Max. Reward Condition",40,"2",4,1,104,226,"Long",0.09307745646022,0.569975506029164,NA,0.534395850308387,"localGP"
"7005",29,40,6,9,52.8376225982162,100,"Rough","Max. Reward Condition",40,"2",4,2,106,226,"Long",0.09307745646022,0.569975506029164,NA,0.534395850308387,"localGP"
"7006",29,41,7,9,44.9040563122342,100,"Rough","Max. Reward Condition",40,"2",4,1,107,226,"Long",0.09307745646022,0.569975506029164,NA,0.534395850308387,"localGP"
"7007",29,1,3,9,40.8521738054873,40.8521738054873,"Rough","Max. Reward Condition",20,"3",8,NA,103,227,"Short",0.0818093601553783,0.603685613256508,NA,0.51273050726151,"localGP"
"7008",29,2,2,9,45.8472757192181,45.8472757192181,"Rough","Max. Reward Condition",20,"3",8,1,102,227,"Short",0.0818093601553783,0.603685613256508,NA,0.51273050726151,"localGP"
"7009",29,3,2,10,80.310641709381,80.310641709381,"Rough","Max. Reward Condition",20,"3",8,2,113,227,"Short",0.0818093601553783,0.603685613256508,NA,0.51273050726151,"localGP"
"7010",29,4,1,10,55.500663546292,80.310641709381,"Rough","Max. Reward Condition",20,"3",8,1,112,227,"Short",0.0818093601553783,0.603685613256508,NA,0.51273050726151,"localGP"
"7011",29,5,1,9,48.6391024853793,80.310641709381,"Rough","Max. Reward Condition",20,"3",8,1,101,227,"Short",0.0818093601553783,0.603685613256508,NA,0.51273050726151,"localGP"
"7012",29,6,1,8,49.7201616143844,80.310641709381,"Rough","Max. Reward Condition",20,"3",8,1,90,227,"Short",0.0818093601553783,0.603685613256508,NA,0.51273050726151,"localGP"
"7013",29,7,1,7,26.9136247200842,80.310641709381,"Rough","Max. Reward Condition",20,"3",8,1,79,227,"Short",0.0818093601553783,0.603685613256508,NA,0.51273050726151,"localGP"
"7014",29,8,1,6,47.1009153774724,80.310641709381,"Rough","Max. Reward Condition",20,"3",8,1,68,227,"Short",0.0818093601553783,0.603685613256508,NA,0.51273050726151,"localGP"
"7015",29,9,0,6,53.3749498153178,80.310641709381,"Rough","Max. Reward Condition",20,"3",8,1,67,227,"Short",0.0818093601553783,0.603685613256508,NA,0.51273050726151,"localGP"
"7016",29,10,1,2,51.3385212336399,80.310641709381,"Rough","Max. Reward Condition",20,"3",8,5,24,227,"Short",0.0818093601553783,0.603685613256508,NA,0.51273050726151,"localGP"
"7017",29,11,0,2,36.0637010663972,80.310641709381,"Rough","Max. Reward Condition",20,"3",8,1,23,227,"Short",0.0818093601553783,0.603685613256508,NA,0.51273050726151,"localGP"
"7018",29,12,0,1,40.9480065952068,80.310641709381,"Rough","Max. Reward Condition",20,"3",8,1,12,227,"Short",0.0818093601553783,0.603685613256508,NA,0.51273050726151,"localGP"
"7019",29,13,0,1,40.9480065952068,80.310641709381,"Rough","Max. Reward Condition",20,"3",8,2,12,227,"Short",0.0818093601553783,0.603685613256508,NA,0.51273050726151,"localGP"
"7020",29,14,0,0,35.8309397393345,80.310641709381,"Rough","Max. Reward Condition",20,"3",8,1,1,227,"Short",0.0818093601553783,0.603685613256508,NA,0.51273050726151,"localGP"
"7021",29,15,1,0,27.8861757237678,80.310641709381,"Rough","Max. Reward Condition",20,"3",8,2,2,227,"Short",0.0818093601553783,0.603685613256508,NA,0.51273050726151,"localGP"
"7022",29,16,1,1,43.0875243946016,80.310641709381,"Rough","Max. Reward Condition",20,"3",8,2,13,227,"Short",0.0818093601553783,0.603685613256508,NA,0.51273050726151,"localGP"
"7023",29,17,3,2,5.15807402836249,80.310641709381,"Rough","Max. Reward Condition",20,"3",8,1,26,227,"Short",0.0818093601553783,0.603685613256508,NA,0.51273050726151,"localGP"
"7024",29,18,4,0,60.8338866583658,80.310641709381,"Rough","Max. Reward Condition",20,"3",8,2,5,227,"Short",0.0818093601553783,0.603685613256508,NA,0.51273050726151,"localGP"
"7025",29,19,5,0,59.2644023851676,80.310641709381,"Rough","Max. Reward Condition",20,"3",8,13,6,227,"Short",0.0818093601553783,0.603685613256508,NA,0.51273050726151,"localGP"
"7026",29,20,5,1,43.6190773335881,80.310641709381,"Rough","Max. Reward Condition",20,"3",8,1,17,227,"Short",0.0818093601553783,0.603685613256508,NA,0.51273050726151,"localGP"
"7027",29,21,6,1,48.2263547700318,80.310641709381,"Rough","Max. Reward Condition",20,"3",8,9,18,227,"Short",0.0818093601553783,0.603685613256508,NA,0.51273050726151,"localGP"
"7028",29,1,2,2,84.7630980686561,84.7630980686561,"Rough","Max. Reward Condition",40,"4",10,NA,25,228,"Long",0.0869353022977645,0.590526117334997,NA,0.521566323572191,"localGP"
"7029",29,2,2,1,47.2554577886934,84.7630980686561,"Rough","Max. Reward Condition",40,"4",10,1,14,228,"Long",0.0869353022977645,0.590526117334997,NA,0.521566323572191,"localGP"
"7030",29,3,1,1,27.8495528715729,84.7630980686561,"Rough","Max. Reward Condition",40,"4",10,1,13,228,"Long",0.0869353022977645,0.590526117334997,NA,0.521566323572191,"localGP"
"7031",29,4,5,0,61.2584278059806,84.7630980686561,"Rough","Max. Reward Condition",40,"4",10,2,6,228,"Long",0.0869353022977645,0.590526117334997,NA,0.521566323572191,"localGP"
"7032",29,5,5,1,61.2403460186364,84.7630980686561,"Rough","Max. Reward Condition",40,"4",10,2,17,228,"Long",0.0869353022977645,0.590526117334997,NA,0.521566323572191,"localGP"
"7033",29,6,5,2,78.8586431174006,84.7630980686561,"Rough","Max. Reward Condition",40,"4",10,1,28,228,"Long",0.0869353022977645,0.590526117334997,NA,0.521566323572191,"localGP"
"7034",29,7,0,4,27.2386379054734,84.7630980686561,"Rough","Max. Reward Condition",40,"4",10,2,45,228,"Long",0.0869353022977645,0.590526117334997,NA,0.521566323572191,"localGP"
"7035",29,8,8,9,49.5506805256934,84.7630980686561,"Rough","Max. Reward Condition",40,"4",10,2,108,228,"Long",0.0869353022977645,0.590526117334997,NA,0.521566323572191,"localGP"
"7036",29,9,7,9,41.4991659516561,84.7630980686561,"Rough","Max. Reward Condition",40,"4",10,1,107,228,"Long",0.0869353022977645,0.590526117334997,NA,0.521566323572191,"localGP"
"7037",29,10,10,0,84.6666987950257,84.7630980686561,"Rough","Max. Reward Condition",40,"4",10,3,11,228,"Long",0.0869353022977645,0.590526117334997,NA,0.521566323572191,"localGP"
"7038",29,11,10,1,53.7965897663895,84.7630980686561,"Rough","Max. Reward Condition",40,"4",10,1,22,228,"Long",0.0869353022977645,0.590526117334997,NA,0.521566323572191,"localGP"
"7039",29,12,9,1,41.1826185307411,84.7630980686561,"Rough","Max. Reward Condition",40,"4",10,2,21,228,"Long",0.0869353022977645,0.590526117334997,NA,0.521566323572191,"localGP"
"7040",29,13,8,5,42.0096919098843,84.7630980686561,"Rough","Max. Reward Condition",40,"4",10,3,64,228,"Long",0.0869353022977645,0.590526117334997,NA,0.521566323572191,"localGP"
"7041",29,14,8,6,36.1413802304101,84.7630980686561,"Rough","Max. Reward Condition",40,"4",10,1,75,228,"Long",0.0869353022977645,0.590526117334997,NA,0.521566323572191,"localGP"
"7042",29,15,8,7,36.5898536730988,84.7630980686561,"Rough","Max. Reward Condition",40,"4",10,1,86,228,"Long",0.0869353022977645,0.590526117334997,NA,0.521566323572191,"localGP"
"7043",29,16,3,6,70.1588765725944,84.7630980686561,"Rough","Max. Reward Condition",40,"4",10,1,70,228,"Long",0.0869353022977645,0.590526117334997,NA,0.521566323572191,"localGP"
"7044",29,17,3,5,55.1289621064368,84.7630980686561,"Rough","Max. Reward Condition",40,"4",10,2,59,228,"Long",0.0869353022977645,0.590526117334997,NA,0.521566323572191,"localGP"
"7045",29,18,4,5,26.1313491177931,84.7630980686561,"Rough","Max. Reward Condition",40,"4",10,3,60,228,"Long",0.0869353022977645,0.590526117334997,NA,0.521566323572191,"localGP"
"7046",29,19,4,6,46.5482672237454,84.7630980686561,"Rough","Max. Reward Condition",40,"4",10,1,71,228,"Long",0.0869353022977645,0.590526117334997,NA,0.521566323572191,"localGP"
"7047",29,20,5,6,44.3936408013236,84.7630980686561,"Rough","Max. Reward Condition",40,"4",10,5,72,228,"Long",0.0869353022977645,0.590526117334997,NA,0.521566323572191,"localGP"
"7048",29,21,7,3,51.9507469793725,84.7630980686561,"Rough","Max. Reward Condition",40,"4",10,3,41,228,"Long",0.0869353022977645,0.590526117334997,NA,0.521566323572191,"localGP"
"7049",29,22,7,6,43.2962098422066,84.7630980686561,"Rough","Max. Reward Condition",40,"4",10,4,74,228,"Long",0.0869353022977645,0.590526117334997,NA,0.521566323572191,"localGP"
"7050",29,23,7,5,66.0456136537345,84.7630980686561,"Rough","Max. Reward Condition",40,"4",10,1,63,228,"Long",0.0869353022977645,0.590526117334997,NA,0.521566323572191,"localGP"
"7051",29,24,6,5,50.4304471190936,84.7630980686561,"Rough","Max. Reward Condition",40,"4",10,6,62,228,"Long",0.0869353022977645,0.590526117334997,NA,0.521566323572191,"localGP"
"7052",29,25,5,10,31.2358509644788,84.7630980686561,"Rough","Max. Reward Condition",40,"4",10,2,116,228,"Long",0.0869353022977645,0.590526117334997,NA,0.521566323572191,"localGP"
"7053",29,26,4,10,4.45923290838183,84.7630980686561,"Rough","Max. Reward Condition",40,"4",10,7,115,228,"Long",0.0869353022977645,0.590526117334997,NA,0.521566323572191,"localGP"
"7054",29,27,6,9,48.7652106612823,84.7630980686561,"Rough","Max. Reward Condition",40,"4",10,1,106,228,"Long",0.0869353022977645,0.590526117334997,NA,0.521566323572191,"localGP"
"7055",29,28,6,8,69.1708615458563,84.7630980686561,"Rough","Max. Reward Condition",40,"4",10,2,95,228,"Long",0.0869353022977645,0.590526117334997,NA,0.521566323572191,"localGP"
"7056",29,29,5,8,39.6481933267656,84.7630980686561,"Rough","Max. Reward Condition",40,"4",10,1,94,228,"Long",0.0869353022977645,0.590526117334997,NA,0.521566323572191,"localGP"
"7057",29,30,5,9,26.2088929234098,84.7630980686561,"Rough","Max. Reward Condition",40,"4",10,10,105,228,"Long",0.0869353022977645,0.590526117334997,NA,0.521566323572191,"localGP"
"7058",29,31,4,9,0,84.7630980686561,"Rough","Max. Reward Condition",40,"4",10,1,104,228,"Long",0.0869353022977645,0.590526117334997,NA,0.521566323572191,"localGP"
"7059",29,32,7,10,24.3351898856804,84.7630980686561,"Rough","Max. Reward Condition",40,"4",10,17,118,228,"Long",0.0869353022977645,0.590526117334997,NA,0.521566323572191,"localGP"
"7060",29,33,7,8,53.3553084137589,84.7630980686561,"Rough","Max. Reward Condition",40,"4",10,1,96,228,"Long",0.0869353022977645,0.590526117334997,NA,0.521566323572191,"localGP"
"7061",29,34,8,8,22.9010925935709,84.7630980686561,"Rough","Max. Reward Condition",40,"4",10,3,97,228,"Long",0.0869353022977645,0.590526117334997,NA,0.521566323572191,"localGP"
"7062",29,35,9,9,50.1504839805643,84.7630980686561,"Rough","Max. Reward Condition",40,"4",10,1,109,228,"Long",0.0869353022977645,0.590526117334997,NA,0.521566323572191,"localGP"
"7063",29,36,8,1,54.5000391285094,84.7630980686561,"Rough","Max. Reward Condition",40,"4",10,3,20,228,"Long",0.0869353022977645,0.590526117334997,NA,0.521566323572191,"localGP"
"7064",29,37,6,2,77.623663955121,84.7630980686561,"Rough","Max. Reward Condition",40,"4",10,2,29,228,"Long",0.0869353022977645,0.590526117334997,NA,0.521566323572191,"localGP"
"7065",29,38,6,1,59.0938949398231,84.7630980686561,"Rough","Max. Reward Condition",40,"4",10,9,18,228,"Long",0.0869353022977645,0.590526117334997,NA,0.521566323572191,"localGP"
"7066",29,39,7,1,56.8679391760185,84.7630980686561,"Rough","Max. Reward Condition",40,"4",10,1,19,228,"Long",0.0869353022977645,0.590526117334997,NA,0.521566323572191,"localGP"
"7067",29,40,7,7,61.8738453443511,84.7630980686561,"Rough","Max. Reward Condition",40,"4",10,1,85,228,"Long",0.0869353022977645,0.590526117334997,NA,0.521566323572191,"localGP"
"7068",29,41,6,7,77.6383685039549,84.7630980686561,"Rough","Max. Reward Condition",40,"4",10,1,84,228,"Long",0.0869353022977645,0.590526117334997,NA,0.521566323572191,"localGP"
"7069",29,1,8,3,44.148571192128,44.148571192128,"Rough","Max. Reward Condition",20,"5",0,NA,42,229,"Short",0.0680412927623552,0.657024726383524,NA,0.431530782473585,"localGP"
"7070",29,2,9,3,44.8970114016753,44.8970114016753,"Rough","Max. Reward Condition",20,"5",0,1,43,229,"Short",0.0680412927623552,0.657024726383524,NA,0.431530782473585,"localGP"
"7071",29,3,7,4,41.500031362003,44.8970114016753,"Rough","Max. Reward Condition",20,"5",0,2,52,229,"Short",0.0680412927623552,0.657024726383524,NA,0.431530782473585,"localGP"
"7072",29,4,7,3,30.9043108896153,44.8970114016753,"Rough","Max. Reward Condition",20,"5",0,2,41,229,"Short",0.0680412927623552,0.657024726383524,NA,0.431530782473585,"localGP"
"7073",29,5,9,6,52.7533090833761,52.7533090833761,"Rough","Max. Reward Condition",20,"5",0,1,76,229,"Short",0.0680412927623552,0.657024726383524,NA,0.431530782473585,"localGP"
"7074",29,6,9,7,93.0900522357202,93.0900522357202,"Rough","Max. Reward Condition",20,"5",0,1,87,229,"Short",0.0680412927623552,0.657024726383524,NA,0.431530782473585,"localGP"
"7075",29,7,8,7,98.0758057854271,98.0758057854271,"Rough","Max. Reward Condition",20,"5",0,1,86,229,"Short",0.0680412927623552,0.657024726383524,NA,0.431530782473585,"localGP"
"7076",29,8,8,6,65.2396135357156,98.0758057854271,"Rough","Max. Reward Condition",20,"5",0,2,75,229,"Short",0.0680412927623552,0.657024726383524,NA,0.431530782473585,"localGP"
"7077",29,9,7,7,59.9525509256433,98.0758057854271,"Rough","Max. Reward Condition",20,"5",0,1,85,229,"Short",0.0680412927623552,0.657024726383524,NA,0.431530782473585,"localGP"
"7078",29,10,7,6,58.4137969202167,98.0758057854271,"Rough","Max. Reward Condition",20,"5",0,2,74,229,"Short",0.0680412927623552,0.657024726383524,NA,0.431530782473585,"localGP"
"7079",29,11,6,6,57.452029610737,98.0758057854271,"Rough","Max. Reward Condition",20,"5",0,1,73,229,"Short",0.0680412927623552,0.657024726383524,NA,0.431530782473585,"localGP"
"7080",29,12,5,4,41.9694329426613,98.0758057854271,"Rough","Max. Reward Condition",20,"5",0,2,50,229,"Short",0.0680412927623552,0.657024726383524,NA,0.431530782473585,"localGP"
"7081",29,13,5,5,2.28166204896147,98.0758057854271,"Rough","Max. Reward Condition",20,"5",0,1,61,229,"Short",0.0680412927623552,0.657024726383524,NA,0.431530782473585,"localGP"
"7082",29,14,0,5,65.7958331067151,98.0758057854271,"Rough","Max. Reward Condition",20,"5",0,2,56,229,"Short",0.0680412927623552,0.657024726383524,NA,0.431530782473585,"localGP"
"7083",29,15,0,4,73.5825236697953,98.0758057854271,"Rough","Max. Reward Condition",20,"5",0,1,45,229,"Short",0.0680412927623552,0.657024726383524,NA,0.431530782473585,"localGP"
"7084",29,16,0,3,67.8002087512036,98.0758057854271,"Rough","Max. Reward Condition",20,"5",0,1,34,229,"Short",0.0680412927623552,0.657024726383524,NA,0.431530782473585,"localGP"
"7085",29,17,0,2,53.4074849522853,98.0758057854271,"Rough","Max. Reward Condition",20,"5",0,2,23,229,"Short",0.0680412927623552,0.657024726383524,NA,0.431530782473585,"localGP"
"7086",29,18,4,7,56.8581816389781,98.0758057854271,"Rough","Max. Reward Condition",20,"5",0,6,82,229,"Short",0.0680412927623552,0.657024726383524,NA,0.431530782473585,"localGP"
"7087",29,19,5,7,46.7426538325774,98.0758057854271,"Rough","Max. Reward Condition",20,"5",0,1,83,229,"Short",0.0680412927623552,0.657024726383524,NA,0.431530782473585,"localGP"
"7088",29,20,8,6,65.2396135357156,98.0758057854271,"Rough","Max. Reward Condition",20,"5",0,1,75,229,"Short",0.0680412927623552,0.657024726383524,NA,0.431530782473585,"localGP"
"7089",29,21,8,7,98.0758057854271,98.0758057854271,"Rough","Max. Reward Condition",20,"5",0,1,86,229,"Short",0.0680412927623552,0.657024726383524,NA,0.431530782473585,"localGP"
"7090",29,1,1,4,71.7748626014639,71.7748626014639,"Rough","Max. Reward Condition",40,"6",7,NA,46,230,"Long",0.0936180875908211,0.554508988218196,NA,0.523734833524489,"localGP"
"7091",29,2,1,5,56.0329470036267,71.7748626014639,"Rough","Max. Reward Condition",40,"6",7,1,57,230,"Long",0.0936180875908211,0.554508988218196,NA,0.523734833524489,"localGP"
"7092",29,3,1,6,40.7890265133229,71.7748626014639,"Rough","Max. Reward Condition",40,"6",7,1,68,230,"Long",0.0936180875908211,0.554508988218196,NA,0.523734833524489,"localGP"
"7093",29,4,1,7,52.9143905070461,71.7748626014639,"Rough","Max. Reward Condition",40,"6",7,1,79,230,"Long",0.0936180875908211,0.554508988218196,NA,0.523734833524489,"localGP"
"7094",29,5,0,7,40.3703125808271,71.7748626014639,"Rough","Max. Reward Condition",40,"6",7,2,78,230,"Long",0.0936180875908211,0.554508988218196,NA,0.523734833524489,"localGP"
"7095",29,6,4,1,58.9317872709638,71.7748626014639,"Rough","Max. Reward Condition",40,"6",7,1,16,230,"Long",0.0936180875908211,0.554508988218196,NA,0.523734833524489,"localGP"
"7096",29,7,3,1,47.7421922410749,71.7748626014639,"Rough","Max. Reward Condition",40,"6",7,1,15,230,"Long",0.0936180875908211,0.554508988218196,NA,0.523734833524489,"localGP"
"7097",29,8,3,0,56.1973933076764,71.7748626014639,"Rough","Max. Reward Condition",40,"6",7,3,4,230,"Long",0.0936180875908211,0.554508988218196,NA,0.523734833524489,"localGP"
"7098",29,9,0,5,44.2701367778032,71.7748626014639,"Rough","Max. Reward Condition",40,"6",7,2,56,230,"Long",0.0936180875908211,0.554508988218196,NA,0.523734833524489,"localGP"
"7099",29,10,2,5,81.410941886626,81.410941886626,"Rough","Max. Reward Condition",40,"6",7,1,58,230,"Long",0.0936180875908211,0.554508988218196,NA,0.523734833524489,"localGP"
"7100",29,11,2,4,69.0845854443266,81.410941886626,"Rough","Max. Reward Condition",40,"6",7,1,47,230,"Long",0.0936180875908211,0.554508988218196,NA,0.523734833524489,"localGP"
"7101",29,12,1,7,52.9143905070461,81.410941886626,"Rough","Max. Reward Condition",40,"6",7,1,79,230,"Long",0.0936180875908211,0.554508988218196,NA,0.523734833524489,"localGP"
"7102",29,13,3,9,33.3451376526198,81.410941886626,"Rough","Max. Reward Condition",40,"6",7,2,103,230,"Long",0.0936180875908211,0.554508988218196,NA,0.523734833524489,"localGP"
"7103",29,14,10,7,44.2918220402032,81.410941886626,"Rough","Max. Reward Condition",40,"6",7,1,88,230,"Long",0.0936180875908211,0.554508988218196,NA,0.523734833524489,"localGP"
"7104",29,15,10,8,69.2360163709825,81.410941886626,"Rough","Max. Reward Condition",40,"6",7,1,99,230,"Long",0.0936180875908211,0.554508988218196,NA,0.523734833524489,"localGP"
"7105",29,16,9,8,62.1221519136899,81.410941886626,"Rough","Max. Reward Condition",40,"6",7,1,98,230,"Long",0.0936180875908211,0.554508988218196,NA,0.523734833524489,"localGP"
"7106",29,17,7,7,81.7749017517345,81.7749017517345,"Rough","Max. Reward Condition",40,"6",7,3,85,230,"Long",0.0936180875908211,0.554508988218196,NA,0.523734833524489,"localGP"
"7107",29,18,8,7,60.6485436141064,81.7749017517345,"Rough","Max. Reward Condition",40,"6",7,1,86,230,"Long",0.0936180875908211,0.554508988218196,NA,0.523734833524489,"localGP"
"7108",29,19,8,8,50.5250509128817,81.7749017517345,"Rough","Max. Reward Condition",40,"6",7,1,97,230,"Long",0.0936180875908211,0.554508988218196,NA,0.523734833524489,"localGP"
"7109",29,20,8,9,44.3344271984956,81.7749017517345,"Rough","Max. Reward Condition",40,"6",7,3,108,230,"Long",0.0936180875908211,0.554508988218196,NA,0.523734833524489,"localGP"
"7110",29,21,9,9,65.488052809232,81.7749017517345,"Rough","Max. Reward Condition",40,"6",7,1,109,230,"Long",0.0936180875908211,0.554508988218196,NA,0.523734833524489,"localGP"
"7111",29,22,8,6,73.8483056301387,81.7749017517345,"Rough","Max. Reward Condition",40,"6",7,2,75,230,"Long",0.0936180875908211,0.554508988218196,NA,0.523734833524489,"localGP"
"7112",29,23,0,1,60.7247402859948,81.7749017517345,"Rough","Max. Reward Condition",40,"6",7,1,12,230,"Long",0.0936180875908211,0.554508988218196,NA,0.523734833524489,"localGP"
"7113",29,24,0,0,29.3377515264284,81.7749017517345,"Rough","Max. Reward Condition",40,"6",7,7,1,230,"Long",0.0936180875908211,0.554508988218196,NA,0.523734833524489,"localGP"
"7114",29,25,0,2,43.1350947350746,81.7749017517345,"Rough","Max. Reward Condition",40,"6",7,1,23,230,"Long",0.0936180875908211,0.554508988218196,NA,0.523734833524489,"localGP"
"7115",29,26,1,6,40.7890265133229,81.7749017517345,"Rough","Max. Reward Condition",40,"6",7,2,68,230,"Long",0.0936180875908211,0.554508988218196,NA,0.523734833524489,"localGP"
"7116",29,27,0,6,34.4193486809273,81.7749017517345,"Rough","Max. Reward Condition",40,"6",7,1,67,230,"Long",0.0936180875908211,0.554508988218196,NA,0.523734833524489,"localGP"
"7117",29,28,1,3,41.4633758464049,81.7749017517345,"Rough","Max. Reward Condition",40,"6",7,1,35,230,"Long",0.0936180875908211,0.554508988218196,NA,0.523734833524489,"localGP"
"7118",29,29,0,9,34.5534423219967,81.7749017517345,"Rough","Max. Reward Condition",40,"6",7,1,100,230,"Long",0.0936180875908211,0.554508988218196,NA,0.523734833524489,"localGP"
"7119",29,30,5,6,52.7001484546371,81.7749017517345,"Rough","Max. Reward Condition",40,"6",7,3,72,230,"Long",0.0936180875908211,0.554508988218196,NA,0.523734833524489,"localGP"
"7120",29,31,6,4,72.5109856479773,81.7749017517345,"Rough","Max. Reward Condition",40,"6",7,1,51,230,"Long",0.0936180875908211,0.554508988218196,NA,0.523734833524489,"localGP"
"7121",29,32,5,2,72.8242545616826,81.7749017517345,"Rough","Max. Reward Condition",40,"6",7,2,28,230,"Long",0.0936180875908211,0.554508988218196,NA,0.523734833524489,"localGP"
"7122",29,33,6,0,55.1457659319725,81.7749017517345,"Rough","Max. Reward Condition",40,"6",7,1,7,230,"Long",0.0936180875908211,0.554508988218196,NA,0.523734833524489,"localGP"
"7123",29,34,5,0,33.6288335225116,81.7749017517345,"Rough","Max. Reward Condition",40,"6",7,2,6,230,"Long",0.0936180875908211,0.554508988218196,NA,0.523734833524489,"localGP"
"7124",29,35,5,1,61.1993321325688,81.7749017517345,"Rough","Max. Reward Condition",40,"6",7,5,17,230,"Long",0.0936180875908211,0.554508988218196,NA,0.523734833524489,"localGP"
"7125",29,36,6,1,58.4718748542546,81.7749017517345,"Rough","Max. Reward Condition",40,"6",7,1,18,230,"Long",0.0936180875908211,0.554508988218196,NA,0.523734833524489,"localGP"
"7126",29,37,7,1,64.1520185583196,81.7749017517345,"Rough","Max. Reward Condition",40,"6",7,7,19,230,"Long",0.0936180875908211,0.554508988218196,NA,0.523734833524489,"localGP"
"7127",29,38,7,2,58.8232550696874,81.7749017517345,"Rough","Max. Reward Condition",40,"6",7,2,30,230,"Long",0.0936180875908211,0.554508988218196,NA,0.523734833524489,"localGP"
"7128",29,39,6,2,61.16747892044,81.7749017517345,"Rough","Max. Reward Condition",40,"6",7,7,29,230,"Long",0.0936180875908211,0.554508988218196,NA,0.523734833524489,"localGP"
"7129",29,40,0,9,34.5534423219967,81.7749017517345,"Rough","Max. Reward Condition",40,"6",7,1,100,230,"Long",0.0936180875908211,0.554508988218196,NA,0.523734833524489,"localGP"
"7130",29,41,3,5,100,100,"Rough","Max. Reward Condition",40,"6",7,5,59,230,"Long",0.0936180875908211,0.554508988218196,NA,0.523734833524489,"localGP"
"7131",29,1,0,10,11.2786864565213,11.2786864565213,"Rough","Max. Reward Condition",20,"7",17,NA,111,231,"Short",0.0807393960001453,0.650728612565065,NA,0.504831882908008,"localGP"
"7132",29,2,0,9,6.38846062924272,11.2786864565213,"Rough","Max. Reward Condition",20,"7",17,1,100,231,"Short",0.0807393960001453,0.650728612565065,NA,0.504831882908008,"localGP"
"7133",29,3,1,9,43.2151205194365,43.2151205194365,"Rough","Max. Reward Condition",20,"7",17,2,101,231,"Short",0.0807393960001453,0.650728612565065,NA,0.504831882908008,"localGP"
"7134",29,4,2,9,69.3281763432378,69.3281763432378,"Rough","Max. Reward Condition",20,"7",17,2,102,231,"Short",0.0807393960001453,0.650728612565065,NA,0.504831882908008,"localGP"
"7135",29,5,2,8,56.749621146005,69.3281763432378,"Rough","Max. Reward Condition",20,"7",17,1,91,231,"Short",0.0807393960001453,0.650728612565065,NA,0.504831882908008,"localGP"
"7136",29,6,2,10,64.0452624101058,69.3281763432378,"Rough","Max. Reward Condition",20,"7",17,2,113,231,"Short",0.0807393960001453,0.650728612565065,NA,0.504831882908008,"localGP"
"7137",29,7,3,10,66.9843682918031,69.3281763432378,"Rough","Max. Reward Condition",20,"7",17,1,114,231,"Short",0.0807393960001453,0.650728612565065,NA,0.504831882908008,"localGP"
"7138",29,8,3,9,57.8931465906352,69.3281763432378,"Rough","Max. Reward Condition",20,"7",17,2,103,231,"Short",0.0807393960001453,0.650728612565065,NA,0.504831882908008,"localGP"
"7139",29,9,3,8,42.84962574602,69.3281763432378,"Rough","Max. Reward Condition",20,"7",17,1,92,231,"Short",0.0807393960001453,0.650728612565065,NA,0.504831882908008,"localGP"
"7140",29,10,1,5,55.0007890272568,69.3281763432378,"Rough","Max. Reward Condition",20,"7",17,4,57,231,"Short",0.0807393960001453,0.650728612565065,NA,0.504831882908008,"localGP"
"7141",29,11,1,6,46.8743954250285,69.3281763432378,"Rough","Max. Reward Condition",20,"7",17,1,68,231,"Short",0.0807393960001453,0.650728612565065,NA,0.504831882908008,"localGP"
"7142",29,12,1,7,56.599176854759,69.3281763432378,"Rough","Max. Reward Condition",20,"7",17,1,79,231,"Short",0.0807393960001453,0.650728612565065,NA,0.504831882908008,"localGP"
"7143",29,13,2,7,55.9761738528466,69.3281763432378,"Rough","Max. Reward Condition",20,"7",17,2,80,231,"Short",0.0807393960001453,0.650728612565065,NA,0.504831882908008,"localGP"
"7144",29,14,2,6,67.9735102315088,69.3281763432378,"Rough","Max. Reward Condition",20,"7",17,5,69,231,"Short",0.0807393960001453,0.650728612565065,NA,0.504831882908008,"localGP"
"7145",29,15,8,8,48.6209458913059,69.3281763432378,"Rough","Max. Reward Condition",20,"7",17,1,97,231,"Short",0.0807393960001453,0.650728612565065,NA,0.504831882908008,"localGP"
"7146",29,16,4,0,41.9364610570647,69.3281763432378,"Rough","Max. Reward Condition",20,"7",17,2,5,231,"Short",0.0807393960001453,0.650728612565065,NA,0.504831882908008,"localGP"
"7147",29,17,5,0,55.6526152943926,69.3281763432378,"Rough","Max. Reward Condition",20,"7",17,3,6,231,"Short",0.0807393960001453,0.650728612565065,NA,0.504831882908008,"localGP"
"7148",29,18,6,0,78.5527301112154,78.5527301112154,"Rough","Max. Reward Condition",20,"7",17,1,7,231,"Short",0.0807393960001453,0.650728612565065,NA,0.504831882908008,"localGP"
"7149",29,19,7,0,58.3371739610509,78.5527301112154,"Rough","Max. Reward Condition",20,"7",17,1,8,231,"Short",0.0807393960001453,0.650728612565065,NA,0.504831882908008,"localGP"
"7150",29,20,7,1,68.4445451989571,78.5527301112154,"Rough","Max. Reward Condition",20,"7",17,3,19,231,"Short",0.0807393960001453,0.650728612565065,NA,0.504831882908008,"localGP"
"7151",29,21,8,1,72.482907273136,78.5527301112154,"Rough","Max. Reward Condition",20,"7",17,1,20,231,"Short",0.0807393960001453,0.650728612565065,NA,0.504831882908008,"localGP"
"7152",29,1,6,4,34.6420598160748,34.6420598160748,"Rough","Max. Reward Condition",40,"8",9,NA,51,232,"Long",0.0764128747336043,0.611137754379432,NA,0.431558257033543,"localGP"
"7153",29,2,6,2,57.8143678139961,57.8143678139961,"Rough","Max. Reward Condition",40,"8",9,1,29,232,"Long",0.0764128747336043,0.611137754379432,NA,0.431558257033543,"localGP"
"7154",29,3,6,1,54.5470744987009,57.8143678139961,"Rough","Max. Reward Condition",40,"8",9,2,18,232,"Long",0.0764128747336043,0.611137754379432,NA,0.431558257033543,"localGP"
"7155",29,4,8,9,64.9640361511548,64.9640361511548,"Rough","Max. Reward Condition",40,"8",9,2,108,232,"Long",0.0764128747336043,0.611137754379432,NA,0.431558257033543,"localGP"
"7156",29,5,8,10,60.2945325402359,64.9640361511548,"Rough","Max. Reward Condition",40,"8",9,1,119,232,"Long",0.0764128747336043,0.611137754379432,NA,0.431558257033543,"localGP"
"7157",29,6,9,10,28.2000882502669,64.9640361511548,"Rough","Max. Reward Condition",40,"8",9,2,120,232,"Long",0.0764128747336043,0.611137754379432,NA,0.431558257033543,"localGP"
"7158",29,7,10,10,20.1449124623771,64.9640361511548,"Rough","Max. Reward Condition",40,"8",9,2,121,232,"Long",0.0764128747336043,0.611137754379432,NA,0.431558257033543,"localGP"
"7159",29,8,8,7,42.1666103712664,64.9640361511548,"Rough","Max. Reward Condition",40,"8",9,3,86,232,"Long",0.0764128747336043,0.611137754379432,NA,0.431558257033543,"localGP"
"7160",29,9,9,7,82.8870600418845,82.8870600418845,"Rough","Max. Reward Condition",40,"8",9,1,87,232,"Long",0.0764128747336043,0.611137754379432,NA,0.431558257033543,"localGP"
"7161",29,10,10,8,84.8321481843009,84.8321481843009,"Rough","Max. Reward Condition",40,"8",9,2,99,232,"Long",0.0764128747336043,0.611137754379432,NA,0.431558257033543,"localGP"
"7162",29,11,3,1,40.3499664940064,84.8321481843009,"Rough","Max. Reward Condition",40,"8",9,1,15,232,"Long",0.0764128747336043,0.611137754379432,NA,0.431558257033543,"localGP"
"7163",29,12,2,2,29.9562633330357,84.8321481843009,"Rough","Max. Reward Condition",40,"8",9,1,25,232,"Long",0.0764128747336043,0.611137754379432,NA,0.431558257033543,"localGP"
"7164",29,13,2,1,14.59231424238,84.8321481843009,"Rough","Max. Reward Condition",40,"8",9,1,14,232,"Long",0.0764128747336043,0.611137754379432,NA,0.431558257033543,"localGP"
"7165",29,14,1,8,35.1070926300529,84.8321481843009,"Rough","Max. Reward Condition",40,"8",9,6,90,232,"Long",0.0764128747336043,0.611137754379432,NA,0.431558257033543,"localGP"
"7166",29,15,1,6,71.1930582119882,84.8321481843009,"Rough","Max. Reward Condition",40,"8",9,1,68,232,"Long",0.0764128747336043,0.611137754379432,NA,0.431558257033543,"localGP"
"7167",29,16,2,4,13.5403872252535,84.8321481843009,"Rough","Max. Reward Condition",40,"8",9,1,47,232,"Long",0.0764128747336043,0.611137754379432,NA,0.431558257033543,"localGP"
"7168",29,17,6,9,70.5892702957914,84.8321481843009,"Rough","Max. Reward Condition",40,"8",9,2,106,232,"Long",0.0764128747336043,0.611137754379432,NA,0.431558257033543,"localGP"
"7169",29,18,6,10,59.0349018269821,84.8321481843009,"Rough","Max. Reward Condition",40,"8",9,7,117,232,"Long",0.0764128747336043,0.611137754379432,NA,0.431558257033543,"localGP"
"7170",29,19,6,10,59.0349018269821,84.8321481843009,"Rough","Max. Reward Condition",40,"8",9,1,117,232,"Long",0.0764128747336043,0.611137754379432,NA,0.431558257033543,"localGP"
"7171",29,20,4,5,65.4711627445738,84.8321481843009,"Rough","Max. Reward Condition",40,"8",9,1,60,232,"Long",0.0764128747336043,0.611137754379432,NA,0.431558257033543,"localGP"
"7172",29,21,4,6,36.2825140010078,84.8321481843009,"Rough","Max. Reward Condition",40,"8",9,1,71,232,"Long",0.0764128747336043,0.611137754379432,NA,0.431558257033543,"localGP"
"7173",29,22,10,7,64.0304826931053,84.8321481843009,"Rough","Max. Reward Condition",40,"8",9,1,88,232,"Long",0.0764128747336043,0.611137754379432,NA,0.431558257033543,"localGP"
"7174",29,23,10,6,41.1599115765723,84.8321481843009,"Rough","Max. Reward Condition",40,"8",9,1,77,232,"Long",0.0764128747336043,0.611137754379432,NA,0.431558257033543,"localGP"
"7175",29,24,9,6,26.8828036594209,84.8321481843009,"Rough","Max. Reward Condition",40,"8",9,1,76,232,"Long",0.0764128747336043,0.611137754379432,NA,0.431558257033543,"localGP"
"7176",29,25,8,6,1.80796018647668,84.8321481843009,"Rough","Max. Reward Condition",40,"8",9,1,75,232,"Long",0.0764128747336043,0.611137754379432,NA,0.431558257033543,"localGP"
"7177",29,26,6,6,30.335879587278,84.8321481843009,"Rough","Max. Reward Condition",40,"8",9,1,73,232,"Long",0.0764128747336043,0.611137754379432,NA,0.431558257033543,"localGP"
"7178",29,27,6,5,36.7517013773069,84.8321481843009,"Rough","Max. Reward Condition",40,"8",9,1,62,232,"Long",0.0764128747336043,0.611137754379432,NA,0.431558257033543,"localGP"
"7179",29,28,6,8,47.3250412535165,84.8321481843009,"Rough","Max. Reward Condition",40,"8",9,6,95,232,"Long",0.0764128747336043,0.611137754379432,NA,0.431558257033543,"localGP"
"7180",29,29,6,7,31.2453009050804,84.8321481843009,"Rough","Max. Reward Condition",40,"8",9,1,84,232,"Long",0.0764128747336043,0.611137754379432,NA,0.431558257033543,"localGP"
"7181",29,30,7,6,18.3179262510229,84.8321481843009,"Rough","Max. Reward Condition",40,"8",9,8,74,232,"Long",0.0764128747336043,0.611137754379432,NA,0.431558257033543,"localGP"
"7182",29,31,7,10,78.998388653825,84.8321481843009,"Rough","Max. Reward Condition",40,"8",9,1,118,232,"Long",0.0764128747336043,0.611137754379432,NA,0.431558257033543,"localGP"
"7183",29,32,7,9,69.1316756663671,84.8321481843009,"Rough","Max. Reward Condition",40,"8",9,2,107,232,"Long",0.0764128747336043,0.611137754379432,NA,0.431558257033543,"localGP"
"7184",29,33,8,9,64.9640361511548,84.8321481843009,"Rough","Max. Reward Condition",40,"8",9,1,108,232,"Long",0.0764128747336043,0.611137754379432,NA,0.431558257033543,"localGP"
"7185",29,34,8,8,67.1128582001085,84.8321481843009,"Rough","Max. Reward Condition",40,"8",9,2,97,232,"Long",0.0764128747336043,0.611137754379432,NA,0.431558257033543,"localGP"
"7186",29,35,9,8,100,100,"Rough","Max. Reward Condition",40,"8",9,3,98,232,"Long",0.0764128747336043,0.611137754379432,NA,0.431558257033543,"localGP"
"7187",29,36,9,7,82.8870600418845,100,"Rough","Max. Reward Condition",40,"8",9,1,87,232,"Long",0.0764128747336043,0.611137754379432,NA,0.431558257033543,"localGP"
"7188",29,37,9,8,100,100,"Rough","Max. Reward Condition",40,"8",9,2,98,232,"Long",0.0764128747336043,0.611137754379432,NA,0.431558257033543,"localGP"
"7189",29,38,9,8,100,100,"Rough","Max. Reward Condition",40,"8",9,1,98,232,"Long",0.0764128747336043,0.611137754379432,NA,0.431558257033543,"localGP"
"7190",29,39,9,7,82.8870600418845,100,"Rough","Max. Reward Condition",40,"8",9,1,87,232,"Long",0.0764128747336043,0.611137754379432,NA,0.431558257033543,"localGP"
"7191",29,40,9,8,100,100,"Rough","Max. Reward Condition",40,"8",9,2,98,232,"Long",0.0764128747336043,0.611137754379432,NA,0.431558257033543,"localGP"
"7192",29,41,10,8,84.8321481843009,100,"Rough","Max. Reward Condition",40,"8",9,1,99,232,"Long",0.0764128747336043,0.611137754379432,NA,0.431558257033543,"localGP"
"7193",30,1,1,7,34.3269334073576,34.3269334073576,"Rough","Max. Reward Condition",40,"1",6,NA,79,233,"Long",0.0932309246700409,0.753231973414376,NA,0.530748848520595,"localGP"
"7194",30,2,2,7,22.5684927641823,34.3269334073576,"Rough","Max. Reward Condition",40,"1",6,6,80,233,"Long",0.0932309246700409,0.753231973414376,NA,0.530748848520595,"localGP"
"7195",30,3,2,6,41.8450334706291,41.8450334706291,"Rough","Max. Reward Condition",40,"1",6,4,69,233,"Long",0.0932309246700409,0.753231973414376,NA,0.530748848520595,"localGP"
"7196",30,4,3,6,26.5559672712073,41.8450334706291,"Rough","Max. Reward Condition",40,"1",6,5,70,233,"Long",0.0932309246700409,0.753231973414376,NA,0.530748848520595,"localGP"
"7197",30,5,3,7,37.0565054700231,41.8450334706291,"Rough","Max. Reward Condition",40,"1",6,13,81,233,"Long",0.0932309246700409,0.753231973414376,NA,0.530748848520595,"localGP"
"7198",30,6,5,7,40.6549349788525,41.8450334706291,"Rough","Max. Reward Condition",40,"1",6,1,83,233,"Long",0.0932309246700409,0.753231973414376,NA,0.530748848520595,"localGP"
"7199",30,7,6,6,15.4430797014751,41.8450334706291,"Rough","Max. Reward Condition",40,"1",6,2,73,233,"Long",0.0932309246700409,0.753231973414376,NA,0.530748848520595,"localGP"
"7200",30,8,9,5,16.2842425403002,41.8450334706291,"Rough","Max. Reward Condition",40,"1",6,1,65,233,"Long",0.0932309246700409,0.753231973414376,NA,0.530748848520595,"localGP"
"7201",30,9,10,8,49.0427197755467,49.0427197755467,"Rough","Max. Reward Condition",40,"1",6,1,99,233,"Long",0.0932309246700409,0.753231973414376,NA,0.530748848520595,"localGP"
"7202",30,10,9,8,81.6907585501877,81.6907585501877,"Rough","Max. Reward Condition",40,"1",6,1,98,233,"Long",0.0932309246700409,0.753231973414376,NA,0.530748848520595,"localGP"
"7203",30,11,9,7,52.0950905321092,81.6907585501877,"Rough","Max. Reward Condition",40,"1",6,3,87,233,"Long",0.0932309246700409,0.753231973414376,NA,0.530748848520595,"localGP"
"7204",30,12,10,10,61.5766654698321,81.6907585501877,"Rough","Max. Reward Condition",40,"1",6,3,121,233,"Long",0.0932309246700409,0.753231973414376,NA,0.530748848520595,"localGP"
"7205",30,13,5,9,24.8190311871749,81.6907585501877,"Rough","Max. Reward Condition",40,"1",6,1,105,233,"Long",0.0932309246700409,0.753231973414376,NA,0.530748848520595,"localGP"
"7206",30,14,6,9,23.3299176414796,81.6907585501877,"Rough","Max. Reward Condition",40,"1",6,2,106,233,"Long",0.0932309246700409,0.753231973414376,NA,0.530748848520595,"localGP"
"7207",30,15,1,1,22.2975838808084,81.6907585501877,"Rough","Max. Reward Condition",40,"1",6,3,13,233,"Long",0.0932309246700409,0.753231973414376,NA,0.530748848520595,"localGP"
"7208",30,16,9,8,81.6907585501877,81.6907585501877,"Rough","Max. Reward Condition",40,"1",6,1,98,233,"Long",0.0932309246700409,0.753231973414376,NA,0.530748848520595,"localGP"
"7209",30,17,8,8,59.0034109397581,81.6907585501877,"Rough","Max. Reward Condition",40,"1",6,8,97,233,"Long",0.0932309246700409,0.753231973414376,NA,0.530748848520595,"localGP"
"7210",30,18,8,9,49.0885670492111,81.6907585501877,"Rough","Max. Reward Condition",40,"1",6,1,108,233,"Long",0.0932309246700409,0.753231973414376,NA,0.530748848520595,"localGP"
"7211",30,19,9,9,83.6268655538995,83.6268655538995,"Rough","Max. Reward Condition",40,"1",6,3,109,233,"Long",0.0932309246700409,0.753231973414376,NA,0.530748848520595,"localGP"
"7212",30,20,7,3,29.6760895076296,83.6268655538995,"Rough","Max. Reward Condition",40,"1",6,1,41,233,"Long",0.0932309246700409,0.753231973414376,NA,0.530748848520595,"localGP"
"7213",30,21,4,8,46.9524514765954,83.6268655538995,"Rough","Max. Reward Condition",40,"1",6,1,93,233,"Long",0.0932309246700409,0.753231973414376,NA,0.530748848520595,"localGP"
"7214",30,22,4,10,76.3931212257129,83.6268655538995,"Rough","Max. Reward Condition",40,"1",6,2,115,233,"Long",0.0932309246700409,0.753231973414376,NA,0.530748848520595,"localGP"
"7215",30,23,3,10,63.8466333050974,83.6268655538995,"Rough","Max. Reward Condition",40,"1",6,1,114,233,"Long",0.0932309246700409,0.753231973414376,NA,0.530748848520595,"localGP"
"7216",30,24,2,10,50.1552784295293,83.6268655538995,"Rough","Max. Reward Condition",40,"1",6,1,113,233,"Long",0.0932309246700409,0.753231973414376,NA,0.530748848520595,"localGP"
"7217",30,25,2,9,26.1687678921862,83.6268655538995,"Rough","Max. Reward Condition",40,"1",6,1,102,233,"Long",0.0932309246700409,0.753231973414376,NA,0.530748848520595,"localGP"
"7218",30,26,2,5,39.0984637940291,83.6268655538995,"Rough","Max. Reward Condition",40,"1",6,2,58,233,"Long",0.0932309246700409,0.753231973414376,NA,0.530748848520595,"localGP"
"7219",30,27,7,7,33.8108043843731,83.6268655538995,"Rough","Max. Reward Condition",40,"1",6,15,85,233,"Long",0.0932309246700409,0.753231973414376,NA,0.530748848520595,"localGP"
"7220",30,28,6,4,34.0889045478091,83.6268655538995,"Rough","Max. Reward Condition",40,"1",6,1,51,233,"Long",0.0932309246700409,0.753231973414376,NA,0.530748848520595,"localGP"
"7221",30,29,9,4,38.9053928738071,83.6268655538995,"Rough","Max. Reward Condition",40,"1",6,1,54,233,"Long",0.0932309246700409,0.753231973414376,NA,0.530748848520595,"localGP"
"7222",30,30,1,0,52.332367066322,83.6268655538995,"Rough","Max. Reward Condition",40,"1",6,1,2,233,"Long",0.0932309246700409,0.753231973414376,NA,0.530748848520595,"localGP"
"7223",30,31,2,0,68.5922918789332,83.6268655538995,"Rough","Max. Reward Condition",40,"1",6,2,3,233,"Long",0.0932309246700409,0.753231973414376,NA,0.530748848520595,"localGP"
"7224",30,32,3,0,63.3554027374264,83.6268655538995,"Rough","Max. Reward Condition",40,"1",6,2,4,233,"Long",0.0932309246700409,0.753231973414376,NA,0.530748848520595,"localGP"
"7225",30,33,1,5,100,100,"Rough","Max. Reward Condition",40,"1",6,1,57,233,"Long",0.0932309246700409,0.753231973414376,NA,0.530748848520595,"localGP"
"7226",30,34,0,5,85.1317086337792,100,"Rough","Max. Reward Condition",40,"1",6,1,56,233,"Long",0.0932309246700409,0.753231973414376,NA,0.530748848520595,"localGP"
"7227",30,35,0,6,46.0544782889019,100,"Rough","Max. Reward Condition",40,"1",6,1,67,233,"Long",0.0932309246700409,0.753231973414376,NA,0.530748848520595,"localGP"
"7228",30,36,1,0,52.332367066322,100,"Rough","Max. Reward Condition",40,"1",6,8,2,233,"Long",0.0932309246700409,0.753231973414376,NA,0.530748848520595,"localGP"
"7229",30,37,0,0,47.2297106742419,100,"Rough","Max. Reward Condition",40,"1",6,13,1,233,"Long",0.0932309246700409,0.753231973414376,NA,0.530748848520595,"localGP"
"7230",30,38,0,9,70.7016784293051,100,"Rough","Max. Reward Condition",40,"1",6,5,100,233,"Long",0.0932309246700409,0.753231973414376,NA,0.530748848520595,"localGP"
"7231",30,39,7,2,60.5825002841952,100,"Rough","Max. Reward Condition",40,"1",6,3,30,233,"Long",0.0932309246700409,0.753231973414376,NA,0.530748848520595,"localGP"
"7232",30,40,7,1,83.5475141176989,100,"Rough","Max. Reward Condition",40,"1",6,1,19,233,"Long",0.0932309246700409,0.753231973414376,NA,0.530748848520595,"localGP"
"7233",30,41,6,1,58.9505924012191,100,"Rough","Max. Reward Condition",40,"1",6,2,18,233,"Long",0.0932309246700409,0.753231973414376,NA,0.530748848520595,"localGP"
"7234",30,1,8,2,61.3718007278431,61.3718007278431,"Rough","Max. Reward Condition",20,"2",4,NA,31,234,"Short",0.0663437539868506,0.712402615421193,NA,0.424272712647576,"localGP"
"7235",30,2,9,1,39.5345898107298,61.3718007278431,"Rough","Max. Reward Condition",20,"2",4,4,21,234,"Short",0.0663437539868506,0.712402615421193,NA,0.424272712647576,"localGP"
"7236",30,3,9,0,11.8774072924795,61.3718007278431,"Rough","Max. Reward Condition",20,"2",4,5,10,234,"Short",0.0663437539868506,0.712402615421193,NA,0.424272712647576,"localGP"
"7237",30,4,10,4,26.9255221357028,61.3718007278431,"Rough","Max. Reward Condition",20,"2",4,7,55,234,"Short",0.0663437539868506,0.712402615421193,NA,0.424272712647576,"localGP"
"7238",30,5,10,5,13.5240325022362,61.3718007278431,"Rough","Max. Reward Condition",20,"2",4,6,66,234,"Short",0.0663437539868506,0.712402615421193,NA,0.424272712647576,"localGP"
"7239",30,6,9,5,68.6489850017742,68.6489850017742,"Rough","Max. Reward Condition",20,"2",4,1,65,234,"Short",0.0663437539868506,0.712402615421193,NA,0.424272712647576,"localGP"
"7240",30,7,9,6,37.8754043106106,68.6489850017742,"Rough","Max. Reward Condition",20,"2",4,2,76,234,"Short",0.0663437539868506,0.712402615421193,NA,0.424272712647576,"localGP"
"7241",30,8,4,0,27.757926963594,68.6489850017742,"Rough","Max. Reward Condition",20,"2",4,2,5,234,"Short",0.0663437539868506,0.712402615421193,NA,0.424272712647576,"localGP"
"7242",30,9,3,4,52.4074938084039,68.6489850017742,"Rough","Max. Reward Condition",20,"2",4,2,48,234,"Short",0.0663437539868506,0.712402615421193,NA,0.424272712647576,"localGP"
"7243",30,10,2,5,52.9476469260849,68.6489850017742,"Rough","Max. Reward Condition",20,"2",4,1,58,234,"Short",0.0663437539868506,0.712402615421193,NA,0.424272712647576,"localGP"
"7244",30,11,3,5,42.7959120158228,68.6489850017742,"Rough","Max. Reward Condition",20,"2",4,2,59,234,"Short",0.0663437539868506,0.712402615421193,NA,0.424272712647576,"localGP"
"7245",30,12,2,6,25.9979854237187,68.6489850017742,"Rough","Max. Reward Condition",20,"2",4,2,69,234,"Short",0.0663437539868506,0.712402615421193,NA,0.424272712647576,"localGP"
"7246",30,13,2,7,36.3841568460802,68.6489850017742,"Rough","Max. Reward Condition",20,"2",4,4,80,234,"Short",0.0663437539868506,0.712402615421193,NA,0.424272712647576,"localGP"
"7247",30,14,5,6,67.055437287635,68.6489850017742,"Rough","Max. Reward Condition",20,"2",4,1,72,234,"Short",0.0663437539868506,0.712402615421193,NA,0.424272712647576,"localGP"
"7248",30,15,6,6,49.41154268664,68.6489850017742,"Rough","Max. Reward Condition",20,"2",4,8,73,234,"Short",0.0663437539868506,0.712402615421193,NA,0.424272712647576,"localGP"
"7249",30,16,6,7,58.9424744854528,68.6489850017742,"Rough","Max. Reward Condition",20,"2",4,1,84,234,"Short",0.0663437539868506,0.712402615421193,NA,0.424272712647576,"localGP"
"7250",30,17,5,7,68.7904053516684,68.7904053516684,"Rough","Max. Reward Condition",20,"2",4,2,83,234,"Short",0.0663437539868506,0.712402615421193,NA,0.424272712647576,"localGP"
"7251",30,18,5,8,42.4332277403281,68.7904053516684,"Rough","Max. Reward Condition",20,"2",4,1,94,234,"Short",0.0663437539868506,0.712402615421193,NA,0.424272712647576,"localGP"
"7252",30,19,0,9,36.6552465782619,68.7904053516684,"Rough","Max. Reward Condition",20,"2",4,3,100,234,"Short",0.0663437539868506,0.712402615421193,NA,0.424272712647576,"localGP"
"7253",30,20,0,8,24.5864269279588,68.7904053516684,"Rough","Max. Reward Condition",20,"2",4,2,89,234,"Short",0.0663437539868506,0.712402615421193,NA,0.424272712647576,"localGP"
"7254",30,21,4,7,64.0825409576954,68.7904053516684,"Rough","Max. Reward Condition",20,"2",4,1,82,234,"Short",0.0663437539868506,0.712402615421193,NA,0.424272712647576,"localGP"
"7255",30,1,3,8,33.5669254612635,33.5669254612635,"Rough","Max. Reward Condition",40,"3",3,NA,92,235,"Long",0.0925567230812717,0.871282895117242,NA,0.586462839428018,"localGP"
"7256",30,2,5,0,9.64595698214346,33.5669254612635,"Rough","Max. Reward Condition",40,"3",3,4,6,235,"Long",0.0925567230812717,0.871282895117242,NA,0.586462839428018,"localGP"
"7257",30,3,8,8,86.9112548531245,86.9112548531245,"Rough","Max. Reward Condition",40,"3",3,6,97,235,"Long",0.0925567230812717,0.871282895117242,NA,0.586462839428018,"localGP"
"7258",30,4,8,9,62.9374230938864,86.9112548531245,"Rough","Max. Reward Condition",40,"3",3,7,108,235,"Long",0.0925567230812717,0.871282895117242,NA,0.586462839428018,"localGP"
"7259",30,5,8,10,41.0809609626061,86.9112548531245,"Rough","Max. Reward Condition",40,"3",3,6,119,235,"Long",0.0925567230812717,0.871282895117242,NA,0.586462839428018,"localGP"
"7260",30,6,9,10,56.585007074553,86.9112548531245,"Rough","Max. Reward Condition",40,"3",3,7,120,235,"Long",0.0925567230812717,0.871282895117242,NA,0.586462839428018,"localGP"
"7261",30,7,6,4,44.9938943868475,86.9112548531245,"Rough","Max. Reward Condition",40,"3",3,1,51,235,"Long",0.0925567230812717,0.871282895117242,NA,0.586462839428018,"localGP"
"7262",30,8,6,5,34.8312473198158,86.9112548531245,"Rough","Max. Reward Condition",40,"3",3,1,62,235,"Long",0.0925567230812717,0.871282895117242,NA,0.586462839428018,"localGP"
"7263",30,9,7,5,29.412889108469,86.9112548531245,"Rough","Max. Reward Condition",40,"3",3,2,63,235,"Long",0.0925567230812717,0.871282895117242,NA,0.586462839428018,"localGP"
"7264",30,10,7,3,65.2894287443007,86.9112548531245,"Rough","Max. Reward Condition",40,"3",3,2,41,235,"Long",0.0925567230812717,0.871282895117242,NA,0.586462839428018,"localGP"
"7265",30,11,7,2,63.8501760294012,86.9112548531245,"Rough","Max. Reward Condition",40,"3",3,1,30,235,"Long",0.0925567230812717,0.871282895117242,NA,0.586462839428018,"localGP"
"7266",30,12,9,1,28.641219902717,86.9112548531245,"Rough","Max. Reward Condition",40,"3",3,2,21,235,"Long",0.0925567230812717,0.871282895117242,NA,0.586462839428018,"localGP"
"7267",30,13,8,3,39.0577365841797,86.9112548531245,"Rough","Max. Reward Condition",40,"3",3,2,42,235,"Long",0.0925567230812717,0.871282895117242,NA,0.586462839428018,"localGP"
"7268",30,14,4,3,48.5897341820255,86.9112548531245,"Rough","Max. Reward Condition",40,"3",3,2,38,235,"Long",0.0925567230812717,0.871282895117242,NA,0.586462839428018,"localGP"
"7269",30,15,4,4,49.7580304361875,86.9112548531245,"Rough","Max. Reward Condition",40,"3",3,5,49,235,"Long",0.0925567230812717,0.871282895117242,NA,0.586462839428018,"localGP"
"7270",30,16,5,6,47.8129336861214,86.9112548531245,"Rough","Max. Reward Condition",40,"3",3,2,72,235,"Long",0.0925567230812717,0.871282895117242,NA,0.586462839428018,"localGP"
"7271",30,17,8,5,39.6478380945369,86.9112548531245,"Rough","Max. Reward Condition",40,"3",3,10,64,235,"Long",0.0925567230812717,0.871282895117242,NA,0.586462839428018,"localGP"
"7272",30,18,8,6,39.3548348521366,86.9112548531245,"Rough","Max. Reward Condition",40,"3",3,6,75,235,"Long",0.0925567230812717,0.871282895117242,NA,0.586462839428018,"localGP"
"7273",30,19,5,8,64.8105739200729,86.9112548531245,"Rough","Max. Reward Condition",40,"3",3,5,94,235,"Long",0.0925567230812717,0.871282895117242,NA,0.586462839428018,"localGP"
"7274",30,20,5,9,48.3044171595969,86.9112548531245,"Rough","Max. Reward Condition",40,"3",3,9,105,235,"Long",0.0925567230812717,0.871282895117242,NA,0.586462839428018,"localGP"
"7275",30,21,6,9,72.1740224383506,86.9112548531245,"Rough","Max. Reward Condition",40,"3",3,13,106,235,"Long",0.0925567230812717,0.871282895117242,NA,0.586462839428018,"localGP"
"7276",30,22,6,8,72.494296563532,86.9112548531245,"Rough","Max. Reward Condition",40,"3",3,1,95,235,"Long",0.0925567230812717,0.871282895117242,NA,0.586462839428018,"localGP"
"7277",30,23,6,7,47.0402121528256,86.9112548531245,"Rough","Max. Reward Condition",40,"3",3,6,84,235,"Long",0.0925567230812717,0.871282895117242,NA,0.586462839428018,"localGP"
"7278",30,24,1,2,73.9442731369025,86.9112548531245,"Rough","Max. Reward Condition",40,"3",3,1,24,235,"Long",0.0925567230812717,0.871282895117242,NA,0.586462839428018,"localGP"
"7279",30,25,1,3,44.0291099812152,86.9112548531245,"Rough","Max. Reward Condition",40,"3",3,1,35,235,"Long",0.0925567230812717,0.871282895117242,NA,0.586462839428018,"localGP"
"7280",30,26,0,3,46.9181544218078,86.9112548531245,"Rough","Max. Reward Condition",40,"3",3,1,34,235,"Long",0.0925567230812717,0.871282895117242,NA,0.586462839428018,"localGP"
"7281",30,27,10,5,66.5733513621972,86.9112548531245,"Rough","Max. Reward Condition",40,"3",3,1,66,235,"Long",0.0925567230812717,0.871282895117242,NA,0.586462839428018,"localGP"
"7282",30,28,1,2,73.9442731369025,86.9112548531245,"Rough","Max. Reward Condition",40,"3",3,1,24,235,"Long",0.0925567230812717,0.871282895117242,NA,0.586462839428018,"localGP"
"7283",30,29,1,1,55.6104424370959,86.9112548531245,"Rough","Max. Reward Condition",40,"3",3,1,13,235,"Long",0.0925567230812717,0.871282895117242,NA,0.586462839428018,"localGP"
"7284",30,30,0,1,65.8842210019146,86.9112548531245,"Rough","Max. Reward Condition",40,"3",3,1,12,235,"Long",0.0925567230812717,0.871282895117242,NA,0.586462839428018,"localGP"
"7285",30,31,0,0,44.0135944380154,86.9112548531245,"Rough","Max. Reward Condition",40,"3",3,1,1,235,"Long",0.0925567230812717,0.871282895117242,NA,0.586462839428018,"localGP"
"7286",30,32,1,8,25.0569515805629,86.9112548531245,"Rough","Max. Reward Condition",40,"3",3,2,90,235,"Long",0.0925567230812717,0.871282895117242,NA,0.586462839428018,"localGP"
"7287",30,33,2,0,30.4119730955053,86.9112548531245,"Rough","Max. Reward Condition",40,"3",3,1,3,235,"Long",0.0925567230812717,0.871282895117242,NA,0.586462839428018,"localGP"
"7288",30,34,9,1,28.641219902717,86.9112548531245,"Rough","Max. Reward Condition",40,"3",3,1,21,235,"Long",0.0925567230812717,0.871282895117242,NA,0.586462839428018,"localGP"
"7289",30,35,7,1,45.1385973531357,86.9112548531245,"Rough","Max. Reward Condition",40,"3",3,9,19,235,"Long",0.0925567230812717,0.871282895117242,NA,0.586462839428018,"localGP"
"7290",30,36,6,7,47.0402121528256,86.9112548531245,"Rough","Max. Reward Condition",40,"3",3,1,84,235,"Long",0.0925567230812717,0.871282895117242,NA,0.586462839428018,"localGP"
"7291",30,37,6,8,72.494296563532,86.9112548531245,"Rough","Max. Reward Condition",40,"3",3,1,95,235,"Long",0.0925567230812717,0.871282895117242,NA,0.586462839428018,"localGP"
"7292",30,38,7,8,100,100,"Rough","Max. Reward Condition",40,"3",3,9,96,235,"Long",0.0925567230812717,0.871282895117242,NA,0.586462839428018,"localGP"
"7293",30,39,7,9,92.1104494537164,100,"Rough","Max. Reward Condition",40,"3",3,1,107,235,"Long",0.0925567230812717,0.871282895117242,NA,0.586462839428018,"localGP"
"7294",30,40,9,9,64.5300150123819,100,"Rough","Max. Reward Condition",40,"3",3,1,109,235,"Long",0.0925567230812717,0.871282895117242,NA,0.586462839428018,"localGP"
"7295",30,41,10,9,83.9309950136253,100,"Rough","Max. Reward Condition",40,"3",3,1,110,235,"Long",0.0925567230812717,0.871282895117242,NA,0.586462839428018,"localGP"
"7296",30,1,7,6,24.6279411450351,24.6279411450351,"Rough","Max. Reward Condition",20,"4",15,NA,74,236,"Short",0.0624460778085327,0.764186064963956,NA,0.363037115383391,"localGP"
"7297",30,2,0,5,81.07604936737,81.07604936737,"Rough","Max. Reward Condition",20,"4",15,1,56,236,"Short",0.0624460778085327,0.764186064963956,NA,0.363037115383391,"localGP"
"7298",30,3,0,6,57.3114594367428,81.07604936737,"Rough","Max. Reward Condition",20,"4",15,1,67,236,"Short",0.0624460778085327,0.764186064963956,NA,0.363037115383391,"localGP"
"7299",30,4,0,8,20.0037967376033,81.07604936737,"Rough","Max. Reward Condition",20,"4",15,1,89,236,"Short",0.0624460778085327,0.764186064963956,NA,0.363037115383391,"localGP"
"7300",30,5,0,8,20.0037967376033,81.07604936737,"Rough","Max. Reward Condition",20,"4",15,1,89,236,"Short",0.0624460778085327,0.764186064963956,NA,0.363037115383391,"localGP"
"7301",30,6,2,8,55.818663051774,81.07604936737,"Rough","Max. Reward Condition",20,"4",15,1,91,236,"Short",0.0624460778085327,0.764186064963956,NA,0.363037115383391,"localGP"
"7302",30,7,2,9,67.3791409225705,81.07604936737,"Rough","Max. Reward Condition",20,"4",15,1,102,236,"Short",0.0624460778085327,0.764186064963956,NA,0.363037115383391,"localGP"
"7303",30,8,3,9,50.0571872715257,81.07604936737,"Rough","Max. Reward Condition",20,"4",15,14,103,236,"Short",0.0624460778085327,0.764186064963956,NA,0.363037115383391,"localGP"
"7304",30,9,4,9,44.2682340241461,81.07604936737,"Rough","Max. Reward Condition",20,"4",15,1,104,236,"Short",0.0624460778085327,0.764186064963956,NA,0.363037115383391,"localGP"
"7305",30,10,4,10,83.5723455325822,83.5723455325822,"Rough","Max. Reward Condition",20,"4",15,1,115,236,"Short",0.0624460778085327,0.764186064963956,NA,0.363037115383391,"localGP"
"7306",30,11,3,10,42.3400534005875,83.5723455325822,"Rough","Max. Reward Condition",20,"4",15,4,114,236,"Short",0.0624460778085327,0.764186064963956,NA,0.363037115383391,"localGP"
"7307",30,12,4,10,83.5723455325822,83.5723455325822,"Rough","Max. Reward Condition",20,"4",15,1,115,236,"Short",0.0624460778085327,0.764186064963956,NA,0.363037115383391,"localGP"
"7308",30,13,5,10,83.4515170389364,83.5723455325822,"Rough","Max. Reward Condition",20,"4",15,1,116,236,"Short",0.0624460778085327,0.764186064963956,NA,0.363037115383391,"localGP"
"7309",30,14,9,5,52.1566401436535,83.5723455325822,"Rough","Max. Reward Condition",20,"4",15,2,65,236,"Short",0.0624460778085327,0.764186064963956,NA,0.363037115383391,"localGP"
"7310",30,15,10,10,75.4865207153683,83.5723455325822,"Rough","Max. Reward Condition",20,"4",15,1,121,236,"Short",0.0624460778085327,0.764186064963956,NA,0.363037115383391,"localGP"
"7311",30,16,10,9,61.3102358777366,83.5723455325822,"Rough","Max. Reward Condition",20,"4",15,2,110,236,"Short",0.0624460778085327,0.764186064963956,NA,0.363037115383391,"localGP"
"7312",30,17,10,8,45.4103222140062,83.5723455325822,"Rough","Max. Reward Condition",20,"4",15,1,99,236,"Short",0.0624460778085327,0.764186064963956,NA,0.363037115383391,"localGP"
"7313",30,18,10,7,33.2572660772245,83.5723455325822,"Rough","Max. Reward Condition",20,"4",15,1,88,236,"Short",0.0624460778085327,0.764186064963956,NA,0.363037115383391,"localGP"
"7314",30,19,8,4,71.7350689327,83.5723455325822,"Rough","Max. Reward Condition",20,"4",15,2,53,236,"Short",0.0624460778085327,0.764186064963956,NA,0.363037115383391,"localGP"
"7315",30,20,7,4,79.1562899569572,83.5723455325822,"Rough","Max. Reward Condition",20,"4",15,1,52,236,"Short",0.0624460778085327,0.764186064963956,NA,0.363037115383391,"localGP"
"7316",30,21,7,3,80.8182816244535,83.5723455325822,"Rough","Max. Reward Condition",20,"4",15,1,41,236,"Short",0.0624460778085327,0.764186064963956,NA,0.363037115383391,"localGP"
"7317",30,1,2,7,63.0009414809194,63.0009414809194,"Rough","Max. Reward Condition",40,"5",5,NA,80,237,"Long",0.0901813331137439,0.79245575649875,NA,0.510942456866347,"localGP"
"7318",30,2,1,7,45.1757644968322,63.0009414809194,"Rough","Max. Reward Condition",40,"5",5,11,79,237,"Long",0.0901813331137439,0.79245575649875,NA,0.510942456866347,"localGP"
"7319",30,3,0,7,66.0642048985975,66.0642048985975,"Rough","Max. Reward Condition",40,"5",5,1,78,237,"Long",0.0901813331137439,0.79245575649875,NA,0.510942456866347,"localGP"
"7320",30,4,1,10,42.4236930737599,66.0642048985975,"Rough","Max. Reward Condition",40,"5",5,1,112,237,"Long",0.0901813331137439,0.79245575649875,NA,0.510942456866347,"localGP"
"7321",30,5,0,10,59.6346497477861,66.0642048985975,"Rough","Max. Reward Condition",40,"5",5,1,111,237,"Long",0.0901813331137439,0.79245575649875,NA,0.510942456866347,"localGP"
"7322",30,6,0,9,38.8483371292891,66.0642048985975,"Rough","Max. Reward Condition",40,"5",5,1,100,237,"Long",0.0901813331137439,0.79245575649875,NA,0.510942456866347,"localGP"
"7323",30,7,6,5,19.3202384321572,66.0642048985975,"Rough","Max. Reward Condition",40,"5",5,2,62,237,"Long",0.0901813331137439,0.79245575649875,NA,0.510942456866347,"localGP"
"7324",30,8,6,3,31.2645262268698,66.0642048985975,"Rough","Max. Reward Condition",40,"5",5,1,40,237,"Long",0.0901813331137439,0.79245575649875,NA,0.510942456866347,"localGP"
"7325",30,9,2,2,61.7436417215084,66.0642048985975,"Rough","Max. Reward Condition",40,"5",5,1,25,237,"Long",0.0901813331137439,0.79245575649875,NA,0.510942456866347,"localGP"
"7326",30,10,1,2,63.2638935825621,66.0642048985975,"Rough","Max. Reward Condition",40,"5",5,2,24,237,"Long",0.0901813331137439,0.79245575649875,NA,0.510942456866347,"localGP"
"7327",30,11,3,5,31.9706635707149,66.0642048985975,"Rough","Max. Reward Condition",40,"5",5,1,59,237,"Long",0.0901813331137439,0.79245575649875,NA,0.510942456866347,"localGP"
"7328",30,12,3,3,30.1477778754891,66.0642048985975,"Rough","Max. Reward Condition",40,"5",5,1,37,237,"Long",0.0901813331137439,0.79245575649875,NA,0.510942456866347,"localGP"
"7329",30,13,3,2,22.9115521258941,66.0642048985975,"Rough","Max. Reward Condition",40,"5",5,3,26,237,"Long",0.0901813331137439,0.79245575649875,NA,0.510942456866347,"localGP"
"7330",30,14,4,2,28.5435224430932,66.0642048985975,"Rough","Max. Reward Condition",40,"5",5,1,27,237,"Long",0.0901813331137439,0.79245575649875,NA,0.510942456866347,"localGP"
"7331",30,15,5,2,42.3575427746737,66.0642048985975,"Rough","Max. Reward Condition",40,"5",5,3,28,237,"Long",0.0901813331137439,0.79245575649875,NA,0.510942456866347,"localGP"
"7332",30,16,4,3,25.4004709385856,66.0642048985975,"Rough","Max. Reward Condition",40,"5",5,2,38,237,"Long",0.0901813331137439,0.79245575649875,NA,0.510942456866347,"localGP"
"7333",30,17,9,6,62.6880904214702,66.0642048985975,"Rough","Max. Reward Condition",40,"5",5,9,76,237,"Long",0.0901813331137439,0.79245575649875,NA,0.510942456866347,"localGP"
"7334",30,18,8,6,91.4722545331952,91.4722545331952,"Rough","Max. Reward Condition",40,"5",5,1,75,237,"Long",0.0901813331137439,0.79245575649875,NA,0.510942456866347,"localGP"
"7335",30,19,8,5,25.922745926598,91.4722545331952,"Rough","Max. Reward Condition",40,"5",5,1,64,237,"Long",0.0901813331137439,0.79245575649875,NA,0.510942456866347,"localGP"
"7336",30,20,7,7,68.4962011684434,91.4722545331952,"Rough","Max. Reward Condition",40,"5",5,1,85,237,"Long",0.0901813331137439,0.79245575649875,NA,0.510942456866347,"localGP"
"7337",30,21,7,6,95.8234728185907,95.8234728185907,"Rough","Max. Reward Condition",40,"5",5,3,74,237,"Long",0.0901813331137439,0.79245575649875,NA,0.510942456866347,"localGP"
"7338",30,22,10,8,69.5510436536212,95.8234728185907,"Rough","Max. Reward Condition",40,"5",5,1,99,237,"Long",0.0901813331137439,0.79245575649875,NA,0.510942456866347,"localGP"
"7339",30,23,9,8,81.2433897221898,95.8234728185907,"Rough","Max. Reward Condition",40,"5",5,2,98,237,"Long",0.0901813331137439,0.79245575649875,NA,0.510942456866347,"localGP"
"7340",30,24,9,9,52.4834712967987,95.8234728185907,"Rough","Max. Reward Condition",40,"5",5,1,109,237,"Long",0.0901813331137439,0.79245575649875,NA,0.510942456866347,"localGP"
"7341",30,25,8,7,100,100,"Rough","Max. Reward Condition",40,"5",5,1,86,237,"Long",0.0901813331137439,0.79245575649875,NA,0.510942456866347,"localGP"
"7342",30,26,8,8,82.5602297507619,100,"Rough","Max. Reward Condition",40,"5",5,1,97,237,"Long",0.0901813331137439,0.79245575649875,NA,0.510942456866347,"localGP"
"7343",30,27,9,7,82.2639339178051,100,"Rough","Max. Reward Condition",40,"5",5,1,87,237,"Long",0.0901813331137439,0.79245575649875,NA,0.510942456866347,"localGP"
"7344",30,28,10,7,69.0054960754502,100,"Rough","Max. Reward Condition",40,"5",5,2,88,237,"Long",0.0901813331137439,0.79245575649875,NA,0.510942456866347,"localGP"
"7345",30,29,7,6,95.8234728185907,100,"Rough","Max. Reward Condition",40,"5",5,1,74,237,"Long",0.0901813331137439,0.79245575649875,NA,0.510942456866347,"localGP"
"7346",30,30,6,6,86.9756652326962,100,"Rough","Max. Reward Condition",40,"5",5,5,73,237,"Long",0.0901813331137439,0.79245575649875,NA,0.510942456866347,"localGP"
"7347",30,31,6,7,60.8864429943102,100,"Rough","Max. Reward Condition",40,"5",5,8,84,237,"Long",0.0901813331137439,0.79245575649875,NA,0.510942456866347,"localGP"
"7348",30,32,9,5,12.8213865416785,100,"Rough","Max. Reward Condition",40,"5",5,1,65,237,"Long",0.0901813331137439,0.79245575649875,NA,0.510942456866347,"localGP"
"7349",30,33,9,1,68.5223309875422,100,"Rough","Max. Reward Condition",40,"5",5,2,21,237,"Long",0.0901813331137439,0.79245575649875,NA,0.510942456866347,"localGP"
"7350",30,34,10,1,59.8039431461058,100,"Rough","Max. Reward Condition",40,"5",5,1,22,237,"Long",0.0901813331137439,0.79245575649875,NA,0.510942456866347,"localGP"
"7351",30,35,3,6,53.9386192872813,100,"Rough","Max. Reward Condition",40,"5",5,2,70,237,"Long",0.0901813331137439,0.79245575649875,NA,0.510942456866347,"localGP"
"7352",30,36,2,6,69.3656436525534,100,"Rough","Max. Reward Condition",40,"5",5,2,69,237,"Long",0.0901813331137439,0.79245575649875,NA,0.510942456866347,"localGP"
"7353",30,37,1,6,35.5836136671524,100,"Rough","Max. Reward Condition",40,"5",5,6,68,237,"Long",0.0901813331137439,0.79245575649875,NA,0.510942456866347,"localGP"
"7354",30,38,3,7,57.0516260288864,100,"Rough","Max. Reward Condition",40,"5",5,1,81,237,"Long",0.0901813331137439,0.79245575649875,NA,0.510942456866347,"localGP"
"7355",30,39,4,7,25.8399951345323,100,"Rough","Max. Reward Condition",40,"5",5,2,82,237,"Long",0.0901813331137439,0.79245575649875,NA,0.510942456866347,"localGP"
"7356",30,40,10,2,22.4366254461022,100,"Rough","Max. Reward Condition",40,"5",5,1,33,237,"Long",0.0901813331137439,0.79245575649875,NA,0.510942456866347,"localGP"
"7357",30,41,5,1,65.3608725522841,100,"Rough","Max. Reward Condition",40,"5",5,3,17,237,"Long",0.0901813331137439,0.79245575649875,NA,0.510942456866347,"localGP"
"7358",30,1,9,5,88.0456624617215,88.0456624617215,"Rough","Max. Reward Condition",20,"6",7,NA,65,238,"Short",0.0687114675209013,0.78415510185328,NA,0.398053232827019,"localGP"
"7359",30,2,9,4,77.6481440786295,88.0456624617215,"Rough","Max. Reward Condition",20,"6",7,10,54,238,"Short",0.0687114675209013,0.78415510185328,NA,0.398053232827019,"localGP"
"7360",30,3,8,4,92.0072637842279,92.0072637842279,"Rough","Max. Reward Condition",20,"6",7,1,53,238,"Short",0.0687114675209013,0.78415510185328,NA,0.398053232827019,"localGP"
"7361",30,4,8,5,94.611075528205,94.611075528205,"Rough","Max. Reward Condition",20,"6",7,2,64,238,"Short",0.0687114675209013,0.78415510185328,NA,0.398053232827019,"localGP"
"7362",30,5,8,6,73.8483056301387,94.611075528205,"Rough","Max. Reward Condition",20,"6",7,1,75,238,"Short",0.0687114675209013,0.78415510185328,NA,0.398053232827019,"localGP"
"7363",30,6,7,6,64.1165610070556,94.611075528205,"Rough","Max. Reward Condition",20,"6",7,1,74,238,"Short",0.0687114675209013,0.78415510185328,NA,0.398053232827019,"localGP"
"7364",30,7,7,5,60.2449538313095,94.611075528205,"Rough","Max. Reward Condition",20,"6",7,1,63,238,"Short",0.0687114675209013,0.78415510185328,NA,0.398053232827019,"localGP"
"7365",30,8,7,4,76.4592320894519,94.611075528205,"Rough","Max. Reward Condition",20,"6",7,1,52,238,"Short",0.0687114675209013,0.78415510185328,NA,0.398053232827019,"localGP"
"7366",30,9,7,3,81.9279469354685,94.611075528205,"Rough","Max. Reward Condition",20,"6",7,2,41,238,"Short",0.0687114675209013,0.78415510185328,NA,0.398053232827019,"localGP"
"7367",30,10,8,3,69.467939664169,94.611075528205,"Rough","Max. Reward Condition",20,"6",7,1,42,238,"Short",0.0687114675209013,0.78415510185328,NA,0.398053232827019,"localGP"
"7368",30,11,8,2,53.532220554727,94.611075528205,"Rough","Max. Reward Condition",20,"6",7,1,31,238,"Short",0.0687114675209013,0.78415510185328,NA,0.398053232827019,"localGP"
"7369",30,12,9,2,33.0324980399919,94.611075528205,"Rough","Max. Reward Condition",20,"6",7,1,32,238,"Short",0.0687114675209013,0.78415510185328,NA,0.398053232827019,"localGP"
"7370",30,13,8,2,53.532220554727,94.611075528205,"Rough","Max. Reward Condition",20,"6",7,1,31,238,"Short",0.0687114675209013,0.78415510185328,NA,0.398053232827019,"localGP"
"7371",30,14,7,2,58.8232550696874,94.611075528205,"Rough","Max. Reward Condition",20,"6",7,1,30,238,"Short",0.0687114675209013,0.78415510185328,NA,0.398053232827019,"localGP"
"7372",30,15,7,1,64.1520185583196,94.611075528205,"Rough","Max. Reward Condition",20,"6",7,3,19,238,"Short",0.0687114675209013,0.78415510185328,NA,0.398053232827019,"localGP"
"7373",30,16,6,1,58.4718748542546,94.611075528205,"Rough","Max. Reward Condition",20,"6",7,2,18,238,"Short",0.0687114675209013,0.78415510185328,NA,0.398053232827019,"localGP"
"7374",30,17,6,3,88.5901313022109,94.611075528205,"Rough","Max. Reward Condition",20,"6",7,1,40,238,"Short",0.0687114675209013,0.78415510185328,NA,0.398053232827019,"localGP"
"7375",30,18,6,3,88.5901313022109,94.611075528205,"Rough","Max. Reward Condition",20,"6",7,2,40,238,"Short",0.0687114675209013,0.78415510185328,NA,0.398053232827019,"localGP"
"7376",30,19,6,2,61.16747892044,94.611075528205,"Rough","Max. Reward Condition",20,"6",7,1,29,238,"Short",0.0687114675209013,0.78415510185328,NA,0.398053232827019,"localGP"
"7377",30,20,5,2,72.8242545616826,94.611075528205,"Rough","Max. Reward Condition",20,"6",7,1,28,238,"Short",0.0687114675209013,0.78415510185328,NA,0.398053232827019,"localGP"
"7378",30,21,4,2,51.1248580268457,94.611075528205,"Rough","Max. Reward Condition",20,"6",7,1,27,238,"Short",0.0687114675209013,0.78415510185328,NA,0.398053232827019,"localGP"
"7379",30,1,10,6,47.880592856799,47.880592856799,"Rough","Max. Reward Condition",40,"7",19,NA,77,239,"Long",0.091969286419797,0.828210503516478,NA,0.554992890213635,"localGP"
"7380",30,2,10,7,65.5347594322433,65.5347594322433,"Rough","Max. Reward Condition",40,"7",19,10,88,239,"Long",0.091969286419797,0.828210503516478,NA,0.554992890213635,"localGP"
"7381",30,3,10,8,61.9465090311745,65.5347594322433,"Rough","Max. Reward Condition",40,"7",19,1,99,239,"Long",0.091969286419797,0.828210503516478,NA,0.554992890213635,"localGP"
"7382",30,4,7,10,33.7979649487254,65.5347594322433,"Rough","Max. Reward Condition",40,"7",19,2,118,239,"Long",0.091969286419797,0.828210503516478,NA,0.554992890213635,"localGP"
"7383",30,5,6,4,77.7374692379335,77.7374692379335,"Rough","Max. Reward Condition",40,"7",19,2,51,239,"Long",0.091969286419797,0.828210503516478,NA,0.554992890213635,"localGP"
"7384",30,6,0,2,43.4289249279307,77.7374692379335,"Rough","Max. Reward Condition",40,"7",19,2,23,239,"Long",0.091969286419797,0.828210503516478,NA,0.554992890213635,"localGP"
"7385",30,7,1,2,57.7851669507592,77.7374692379335,"Rough","Max. Reward Condition",40,"7",19,1,24,239,"Long",0.091969286419797,0.828210503516478,NA,0.554992890213635,"localGP"
"7386",30,8,2,2,85.7983244921108,85.7983244921108,"Rough","Max. Reward Condition",40,"7",19,2,25,239,"Long",0.091969286419797,0.828210503516478,NA,0.554992890213635,"localGP"
"7387",30,9,2,3,64.1450860861758,85.7983244921108,"Rough","Max. Reward Condition",40,"7",19,2,36,239,"Long",0.091969286419797,0.828210503516478,NA,0.554992890213635,"localGP"
"7388",30,10,2,2,85.7983244921108,85.7983244921108,"Rough","Max. Reward Condition",40,"7",19,1,25,239,"Long",0.091969286419797,0.828210503516478,NA,0.554992890213635,"localGP"
"7389",30,11,3,2,41.5227672023987,85.7983244921108,"Rough","Max. Reward Condition",40,"7",19,2,26,239,"Long",0.091969286419797,0.828210503516478,NA,0.554992890213635,"localGP"
"7390",30,12,1,2,57.7851669507592,85.7983244921108,"Rough","Max. Reward Condition",40,"7",19,1,24,239,"Long",0.091969286419797,0.828210503516478,NA,0.554992890213635,"localGP"
"7391",30,13,1,3,45.9782806867717,85.7983244921108,"Rough","Max. Reward Condition",40,"7",19,2,35,239,"Long",0.091969286419797,0.828210503516478,NA,0.554992890213635,"localGP"
"7392",30,14,6,3,86.4985901727727,86.4985901727727,"Rough","Max. Reward Condition",40,"7",19,9,40,239,"Long",0.091969286419797,0.828210503516478,NA,0.554992890213635,"localGP"
"7393",30,15,4,7,70.1082193743666,86.4985901727727,"Rough","Max. Reward Condition",40,"7",19,1,82,239,"Long",0.091969286419797,0.828210503516478,NA,0.554992890213635,"localGP"
"7394",30,16,5,7,44.1405788952292,86.4985901727727,"Rough","Max. Reward Condition",40,"7",19,2,83,239,"Long",0.091969286419797,0.828210503516478,NA,0.554992890213635,"localGP"
"7395",30,17,5,4,59.2776068858534,86.4985901727727,"Rough","Max. Reward Condition",40,"7",19,2,50,239,"Long",0.091969286419797,0.828210503516478,NA,0.554992890213635,"localGP"
"7396",30,18,4,4,9.99263596424557,86.4985901727727,"Rough","Max. Reward Condition",40,"7",19,2,49,239,"Long",0.091969286419797,0.828210503516478,NA,0.554992890213635,"localGP"
"7397",30,19,4,5,30.6880368467941,86.4985901727727,"Rough","Max. Reward Condition",40,"7",19,1,60,239,"Long",0.091969286419797,0.828210503516478,NA,0.554992890213635,"localGP"
"7398",30,20,10,10,48.742053566176,86.4985901727727,"Rough","Max. Reward Condition",40,"7",19,2,121,239,"Long",0.091969286419797,0.828210503516478,NA,0.554992890213635,"localGP"
"7399",30,21,10,9,46.6801278336504,86.4985901727727,"Rough","Max. Reward Condition",40,"7",19,2,110,239,"Long",0.091969286419797,0.828210503516478,NA,0.554992890213635,"localGP"
"7400",30,22,7,6,100,100,"Rough","Max. Reward Condition",40,"7",19,4,74,239,"Long",0.091969286419797,0.828210503516478,NA,0.554992890213635,"localGP"
"7401",30,23,7,5,82.9053550398923,100,"Rough","Max. Reward Condition",40,"7",19,1,63,239,"Long",0.091969286419797,0.828210503516478,NA,0.554992890213635,"localGP"
"7402",30,24,6,4,77.7374692379335,100,"Rough","Max. Reward Condition",40,"7",19,2,51,239,"Long",0.091969286419797,0.828210503516478,NA,0.554992890213635,"localGP"
"7403",30,25,9,3,70.6956959323297,100,"Rough","Max. Reward Condition",40,"7",19,1,43,239,"Long",0.091969286419797,0.828210503516478,NA,0.554992890213635,"localGP"
"7404",30,26,9,2,72.7930930430247,100,"Rough","Max. Reward Condition",40,"7",19,2,32,239,"Long",0.091969286419797,0.828210503516478,NA,0.554992890213635,"localGP"
"7405",30,27,8,2,57.747723924339,100,"Rough","Max. Reward Condition",40,"7",19,1,31,239,"Long",0.091969286419797,0.828210503516478,NA,0.554992890213635,"localGP"
"7406",30,28,1,9,27.2962837582995,100,"Rough","Max. Reward Condition",40,"7",19,2,101,239,"Long",0.091969286419797,0.828210503516478,NA,0.554992890213635,"localGP"
"7407",30,29,1,10,47.2084328445394,100,"Rough","Max. Reward Condition",40,"7",19,3,112,239,"Long",0.091969286419797,0.828210503516478,NA,0.554992890213635,"localGP"
"7408",30,30,2,10,62.3033117617549,100,"Rough","Max. Reward Condition",40,"7",19,4,113,239,"Long",0.091969286419797,0.828210503516478,NA,0.554992890213635,"localGP"
"7409",30,31,2,8,18.5608086948727,100,"Rough","Max. Reward Condition",40,"7",19,3,91,239,"Long",0.091969286419797,0.828210503516478,NA,0.554992890213635,"localGP"
"7410",30,32,3,0,41.1602043670531,100,"Rough","Max. Reward Condition",40,"7",19,1,4,239,"Long",0.091969286419797,0.828210503516478,NA,0.554992890213635,"localGP"
"7411",30,33,2,0,58.6183750190208,100,"Rough","Max. Reward Condition",40,"7",19,1,3,239,"Long",0.091969286419797,0.828210503516478,NA,0.554992890213635,"localGP"
"7412",30,34,2,1,73.5415165064452,100,"Rough","Max. Reward Condition",40,"7",19,1,14,239,"Long",0.091969286419797,0.828210503516478,NA,0.554992890213635,"localGP"
"7413",30,35,2,2,85.7983244921108,100,"Rough","Max. Reward Condition",40,"7",19,5,25,239,"Long",0.091969286419797,0.828210503516478,NA,0.554992890213635,"localGP"
"7414",30,36,1,5,0,100,"Rough","Max. Reward Condition",40,"7",19,1,57,239,"Long",0.091969286419797,0.828210503516478,NA,0.554992890213635,"localGP"
"7415",30,37,9,3,70.6956959323297,100,"Rough","Max. Reward Condition",40,"7",19,1,43,239,"Long",0.091969286419797,0.828210503516478,NA,0.554992890213635,"localGP"
"7416",30,38,9,5,25.1177423961982,100,"Rough","Max. Reward Condition",40,"7",19,1,65,239,"Long",0.091969286419797,0.828210503516478,NA,0.554992890213635,"localGP"
"7417",30,39,10,10,48.742053566176,100,"Rough","Max. Reward Condition",40,"7",19,1,121,239,"Long",0.091969286419797,0.828210503516478,NA,0.554992890213635,"localGP"
"7418",30,40,4,9,36.8213901880563,100,"Rough","Max. Reward Condition",40,"7",19,2,104,239,"Long",0.091969286419797,0.828210503516478,NA,0.554992890213635,"localGP"
"7419",30,41,7,4,73.3248485001287,100,"Rough","Max. Reward Condition",40,"7",19,1,52,239,"Long",0.091969286419797,0.828210503516478,NA,0.554992890213635,"localGP"
"7420",30,1,1,2,66.3313254646448,66.3313254646448,"Rough","Max. Reward Condition",20,"8",11,NA,24,240,"Short",0.0523961364858048,0.815796097135501,NA,0.355011264697487,"localGP"
"7421",30,2,2,2,56.4101435079015,66.3313254646448,"Rough","Max. Reward Condition",20,"8",11,11,25,240,"Short",0.0523961364858048,0.815796097135501,NA,0.355011264697487,"localGP"
"7422",30,3,3,2,46.913663419152,66.3313254646448,"Rough","Max. Reward Condition",20,"8",11,8,26,240,"Short",0.0523961364858048,0.815796097135501,NA,0.355011264697487,"localGP"
"7423",30,4,4,2,52.3985197221421,66.3313254646448,"Rough","Max. Reward Condition",20,"8",11,1,27,240,"Short",0.0523961364858048,0.815796097135501,NA,0.355011264697487,"localGP"
"7424",30,5,4,3,13.976974015902,66.3313254646448,"Rough","Max. Reward Condition",20,"8",11,1,38,240,"Short",0.0523961364858048,0.815796097135501,NA,0.355011264697487,"localGP"
"7425",30,6,5,6,49.4392607625957,66.3313254646448,"Rough","Max. Reward Condition",20,"8",11,1,72,240,"Short",0.0523961364858048,0.815796097135501,NA,0.355011264697487,"localGP"
"7426",30,7,5,7,51.7565921683248,66.3313254646448,"Rough","Max. Reward Condition",20,"8",11,2,83,240,"Short",0.0523961364858048,0.815796097135501,NA,0.355011264697487,"localGP"
"7427",30,8,4,9,78.163385341713,78.163385341713,"Rough","Max. Reward Condition",20,"8",11,2,104,240,"Short",0.0523961364858048,0.815796097135501,NA,0.355011264697487,"localGP"
"7428",30,9,4,8,79.4784884383396,79.4784884383396,"Rough","Max. Reward Condition",20,"8",11,1,93,240,"Short",0.0523961364858048,0.815796097135501,NA,0.355011264697487,"localGP"
"7429",30,10,3,8,64.4887240517494,79.4784884383396,"Rough","Max. Reward Condition",20,"8",11,2,92,240,"Short",0.0523961364858048,0.815796097135501,NA,0.355011264697487,"localGP"
"7430",30,11,3,7,59.6140621219219,79.4784884383396,"Rough","Max. Reward Condition",20,"8",11,2,81,240,"Short",0.0523961364858048,0.815796097135501,NA,0.355011264697487,"localGP"
"7431",30,12,4,7,65.5617086800568,79.4784884383396,"Rough","Max. Reward Condition",20,"8",11,1,82,240,"Short",0.0523961364858048,0.815796097135501,NA,0.355011264697487,"localGP"
"7432",30,13,4,6,31.0378764516063,79.4784884383396,"Rough","Max. Reward Condition",20,"8",11,2,71,240,"Short",0.0523961364858048,0.815796097135501,NA,0.355011264697487,"localGP"
"7433",30,14,6,7,34.4381373712981,79.4784884383396,"Rough","Max. Reward Condition",20,"8",11,3,84,240,"Short",0.0523961364858048,0.815796097135501,NA,0.355011264697487,"localGP"
"7434",30,15,6,6,71.604411900564,79.4784884383396,"Rough","Max. Reward Condition",20,"8",11,1,73,240,"Short",0.0523961364858048,0.815796097135501,NA,0.355011264697487,"localGP"
"7435",30,16,6,5,71.4465704662512,79.4784884383396,"Rough","Max. Reward Condition",20,"8",11,1,62,240,"Short",0.0523961364858048,0.815796097135501,NA,0.355011264697487,"localGP"
"7436",30,17,6,4,60.614772799294,79.4784884383396,"Rough","Max. Reward Condition",20,"8",11,14,51,240,"Short",0.0523961364858048,0.815796097135501,NA,0.355011264697487,"localGP"
"7437",30,18,6,3,60.8573330734455,79.4784884383396,"Rough","Max. Reward Condition",20,"8",11,7,40,240,"Short",0.0523961364858048,0.815796097135501,NA,0.355011264697487,"localGP"
"7438",30,19,6,2,47.8721615024449,79.4784884383396,"Rough","Max. Reward Condition",20,"8",11,1,29,240,"Short",0.0523961364858048,0.815796097135501,NA,0.355011264697487,"localGP"
"7439",30,20,1,8,56.1053689232527,79.4784884383396,"Rough","Max. Reward Condition",20,"8",11,1,90,240,"Short",0.0523961364858048,0.815796097135501,NA,0.355011264697487,"localGP"
"7440",30,21,2,8,51.021079018963,79.4784884383396,"Rough","Max. Reward Condition",20,"8",11,1,91,240,"Short",0.0523961364858048,0.815796097135501,NA,0.355011264697487,"localGP"
"7441",31,1,10,5,57.9008365209864,57.9008365209864,"Smooth","Max. Reward Condition",20,"1",10,NA,66,241,"Short",0.112311122597916,1.0491400958324,NA,0.466744080676746,"localGP"
"7442",31,2,10,4,38.6013750106334,57.9008365209864,"Smooth","Max. Reward Condition",20,"1",10,13,55,241,"Short",0.112311122597916,1.0491400958324,NA,0.466744080676746,"localGP"
"7443",31,3,6,7,77.6383685039549,77.6383685039549,"Smooth","Max. Reward Condition",20,"1",10,3,84,241,"Short",0.112311122597916,1.0491400958324,NA,0.466744080676746,"localGP"
"7444",31,4,6,6,43.5674810058941,77.6383685039549,"Smooth","Max. Reward Condition",20,"1",10,1,73,241,"Short",0.112311122597916,1.0491400958324,NA,0.466744080676746,"localGP"
"7445",31,5,5,7,54.5083203528805,77.6383685039549,"Smooth","Max. Reward Condition",20,"1",10,1,83,241,"Short",0.112311122597916,1.0491400958324,NA,0.466744080676746,"localGP"
"7446",31,6,5,8,39.6481933267656,77.6383685039549,"Smooth","Max. Reward Condition",20,"1",10,2,94,241,"Short",0.112311122597916,1.0491400958324,NA,0.466744080676746,"localGP"
"7447",31,7,6,8,69.1708615458563,77.6383685039549,"Smooth","Max. Reward Condition",20,"1",10,3,95,241,"Short",0.112311122597916,1.0491400958324,NA,0.466744080676746,"localGP"
"7448",31,8,7,8,53.3553084137589,77.6383685039549,"Smooth","Max. Reward Condition",20,"1",10,1,96,241,"Short",0.112311122597916,1.0491400958324,NA,0.466744080676746,"localGP"
"7449",31,9,8,10,42.4353725916264,77.6383685039549,"Smooth","Max. Reward Condition",20,"1",10,3,119,241,"Short",0.112311122597916,1.0491400958324,NA,0.466744080676746,"localGP"
"7450",31,10,9,9,50.1504839805643,77.6383685039549,"Smooth","Max. Reward Condition",20,"1",10,1,109,241,"Short",0.112311122597916,1.0491400958324,NA,0.466744080676746,"localGP"
"7451",31,11,8,4,41.0480159470735,77.6383685039549,"Smooth","Max. Reward Condition",20,"1",10,1,53,241,"Short",0.112311122597916,1.0491400958324,NA,0.466744080676746,"localGP"
"7452",31,12,5,2,78.8586431174006,78.8586431174006,"Smooth","Max. Reward Condition",20,"1",10,1,28,241,"Short",0.112311122597916,1.0491400958324,NA,0.466744080676746,"localGP"
"7453",31,13,5,3,70.0403360623541,78.8586431174006,"Smooth","Max. Reward Condition",20,"1",10,1,39,241,"Short",0.112311122597916,1.0491400958324,NA,0.466744080676746,"localGP"
"7454",31,14,4,3,51.3524506739597,78.8586431174006,"Smooth","Max. Reward Condition",20,"1",10,6,38,241,"Short",0.112311122597916,1.0491400958324,NA,0.466744080676746,"localGP"
"7455",31,15,5,3,70.0403360623541,78.8586431174006,"Smooth","Max. Reward Condition",20,"1",10,8,39,241,"Short",0.112311122597916,1.0491400958324,NA,0.466744080676746,"localGP"
"7456",31,16,3,4,73.1932360426665,78.8586431174006,"Smooth","Max. Reward Condition",20,"1",10,1,48,241,"Short",0.112311122597916,1.0491400958324,NA,0.466744080676746,"localGP"
"7457",31,17,2,4,68.2811565221098,78.8586431174006,"Smooth","Max. Reward Condition",20,"1",10,1,47,241,"Short",0.112311122597916,1.0491400958324,NA,0.466744080676746,"localGP"
"7458",31,18,2,3,100,100,"Smooth","Max. Reward Condition",20,"1",10,2,36,241,"Short",0.112311122597916,1.0491400958324,NA,0.466744080676746,"localGP"
"7459",31,19,2,2,84.7630980686561,100,"Smooth","Max. Reward Condition",20,"1",10,1,25,241,"Short",0.112311122597916,1.0491400958324,NA,0.466744080676746,"localGP"
"7460",31,20,1,2,60.3864830545494,100,"Smooth","Max. Reward Condition",20,"1",10,2,24,241,"Short",0.112311122597916,1.0491400958324,NA,0.466744080676746,"localGP"
"7461",31,21,0,3,50.2820074971904,100,"Smooth","Max. Reward Condition",20,"1",10,1,34,241,"Short",0.112311122597916,1.0491400958324,NA,0.466744080676746,"localGP"
"7462",31,1,7,0,47.3215439823763,47.3215439823763,"Smooth","Max. Reward Condition",40,"2",4,NA,8,242,"Long",0.0933875821747734,0.955747862187757,NA,0.502499718751036,"localGP"
"7463",31,2,7,1,40.8192453000824,47.3215439823763,"Smooth","Max. Reward Condition",40,"2",4,4,19,242,"Long",0.0933875821747734,0.955747862187757,NA,0.502499718751036,"localGP"
"7464",31,3,7,8,22.9940684366215,47.3215439823763,"Smooth","Max. Reward Condition",40,"2",4,7,96,242,"Long",0.0933875821747734,0.955747862187757,NA,0.502499718751036,"localGP"
"7465",31,4,9,10,49.7040626782217,49.7040626782217,"Smooth","Max. Reward Condition",40,"2",4,3,120,242,"Long",0.0933875821747734,0.955747862187757,NA,0.502499718751036,"localGP"
"7466",31,5,8,10,54.2844228905611,54.2844228905611,"Smooth","Max. Reward Condition",40,"2",4,3,119,242,"Long",0.0933875821747734,0.955747862187757,NA,0.502499718751036,"localGP"
"7467",31,6,1,0,44.1381856766965,54.2844228905611,"Smooth","Max. Reward Condition",40,"2",4,3,2,242,"Long",0.0933875821747734,0.955747862187757,NA,0.502499718751036,"localGP"
"7468",31,7,5,2,88.4170710697694,88.4170710697694,"Smooth","Max. Reward Condition",40,"2",4,9,28,242,"Long",0.0933875821747734,0.955747862187757,NA,0.502499718751036,"localGP"
"7469",31,8,5,3,80.7551191777029,88.4170710697694,"Smooth","Max. Reward Condition",40,"2",4,3,39,242,"Long",0.0933875821747734,0.955747862187757,NA,0.502499718751036,"localGP"
"7470",31,9,10,1,61.8531296162429,88.4170710697694,"Smooth","Max. Reward Condition",40,"2",4,3,22,242,"Long",0.0933875821747734,0.955747862187757,NA,0.502499718751036,"localGP"
"7471",31,10,0,1,65.3456129286578,88.4170710697694,"Smooth","Max. Reward Condition",40,"2",4,3,12,242,"Long",0.0933875821747734,0.955747862187757,NA,0.502499718751036,"localGP"
"7472",31,11,1,1,71.1759996690276,88.4170710697694,"Smooth","Max. Reward Condition",40,"2",4,1,13,242,"Long",0.0933875821747734,0.955747862187757,NA,0.502499718751036,"localGP"
"7473",31,12,0,2,64.4409661109689,88.4170710697694,"Smooth","Max. Reward Condition",40,"2",4,1,23,242,"Long",0.0933875821747734,0.955747862187757,NA,0.502499718751036,"localGP"
"7474",31,13,1,2,73.4445687616828,88.4170710697694,"Smooth","Max. Reward Condition",40,"2",4,2,24,242,"Long",0.0933875821747734,0.955747862187757,NA,0.502499718751036,"localGP"
"7475",31,14,2,2,35.4180456791571,88.4170710697694,"Smooth","Max. Reward Condition",40,"2",4,2,25,242,"Long",0.0933875821747734,0.955747862187757,NA,0.502499718751036,"localGP"
"7476",31,15,2,10,54.5646114683312,88.4170710697694,"Smooth","Max. Reward Condition",40,"2",4,1,113,242,"Long",0.0933875821747734,0.955747862187757,NA,0.502499718751036,"localGP"
"7477",31,16,1,10,30.8155263252467,88.4170710697694,"Smooth","Max. Reward Condition",40,"2",4,2,112,242,"Long",0.0933875821747734,0.955747862187757,NA,0.502499718751036,"localGP"
"7478",31,17,0,8,24.5864269279588,88.4170710697694,"Smooth","Max. Reward Condition",40,"2",4,2,89,242,"Long",0.0933875821747734,0.955747862187757,NA,0.502499718751036,"localGP"
"7479",31,18,8,6,34.6398496168061,88.4170710697694,"Smooth","Max. Reward Condition",40,"2",4,1,75,242,"Long",0.0933875821747734,0.955747862187757,NA,0.502499718751036,"localGP"
"7480",31,19,2,2,35.4180456791571,88.4170710697694,"Smooth","Max. Reward Condition",40,"2",4,1,25,242,"Long",0.0933875821747734,0.955747862187757,NA,0.502499718751036,"localGP"
"7481",31,20,2,0,60.1885036644996,88.4170710697694,"Smooth","Max. Reward Condition",40,"2",4,2,3,242,"Long",0.0933875821747734,0.955747862187757,NA,0.502499718751036,"localGP"
"7482",31,21,3,0,32.6932648884738,88.4170710697694,"Smooth","Max. Reward Condition",40,"2",4,2,4,242,"Long",0.0933875821747734,0.955747862187757,NA,0.502499718751036,"localGP"
"7483",31,22,10,5,13.5240325022362,88.4170710697694,"Smooth","Max. Reward Condition",40,"2",4,3,66,242,"Long",0.0933875821747734,0.955747862187757,NA,0.502499718751036,"localGP"
"7484",31,23,5,4,35.2754667062624,88.4170710697694,"Smooth","Max. Reward Condition",40,"2",4,2,50,242,"Long",0.0933875821747734,0.955747862187757,NA,0.502499718751036,"localGP"
"7485",31,24,6,4,15.4794174054474,88.4170710697694,"Smooth","Max. Reward Condition",40,"2",4,2,51,242,"Long",0.0933875821747734,0.955747862187757,NA,0.502499718751036,"localGP"
"7486",31,25,6,2,47.7797456303013,88.4170710697694,"Smooth","Max. Reward Condition",40,"2",4,5,29,242,"Long",0.0933875821747734,0.955747862187757,NA,0.502499718751036,"localGP"
"7487",31,26,7,7,31.8600199928014,88.4170710697694,"Smooth","Max. Reward Condition",40,"2",4,1,85,242,"Long",0.0933875821747734,0.955747862187757,NA,0.502499718751036,"localGP"
"7488",31,27,5,8,42.4332277403281,88.4170710697694,"Smooth","Max. Reward Condition",40,"2",4,4,94,242,"Long",0.0933875821747734,0.955747862187757,NA,0.502499718751036,"localGP"
"7489",31,28,2,5,52.9476469260849,88.4170710697694,"Smooth","Max. Reward Condition",40,"2",4,4,58,242,"Long",0.0933875821747734,0.955747862187757,NA,0.502499718751036,"localGP"
"7490",31,29,2,6,25.9979854237187,88.4170710697694,"Smooth","Max. Reward Condition",40,"2",4,7,69,242,"Long",0.0933875821747734,0.955747862187757,NA,0.502499718751036,"localGP"
"7491",31,30,10,8,16.5930440253731,88.4170710697694,"Smooth","Max. Reward Condition",40,"2",4,4,99,242,"Long",0.0933875821747734,0.955747862187757,NA,0.502499718751036,"localGP"
"7492",31,31,2,10,54.5646114683312,88.4170710697694,"Smooth","Max. Reward Condition",40,"2",4,1,113,242,"Long",0.0933875821747734,0.955747862187757,NA,0.502499718751036,"localGP"
"7493",31,32,2,9,75.1501969131058,88.4170710697694,"Smooth","Max. Reward Condition",40,"2",4,1,102,242,"Long",0.0933875821747734,0.955747862187757,NA,0.502499718751036,"localGP"
"7494",31,33,3,9,71.5447698498277,88.4170710697694,"Smooth","Max. Reward Condition",40,"2",4,1,103,242,"Long",0.0933875821747734,0.955747862187757,NA,0.502499718751036,"localGP"
"7495",31,34,7,6,33.7698034361065,88.4170710697694,"Smooth","Max. Reward Condition",40,"2",4,2,74,242,"Long",0.0933875821747734,0.955747862187757,NA,0.502499718751036,"localGP"
"7496",31,35,6,6,49.41154268664,88.4170710697694,"Smooth","Max. Reward Condition",40,"2",4,1,73,242,"Long",0.0933875821747734,0.955747862187757,NA,0.502499718751036,"localGP"
"7497",31,36,0,5,22.8294473469867,88.4170710697694,"Smooth","Max. Reward Condition",40,"2",4,2,56,242,"Long",0.0933875821747734,0.955747862187757,NA,0.502499718751036,"localGP"
"7498",31,37,5,9,23.8348743374816,88.4170710697694,"Smooth","Max. Reward Condition",40,"2",4,1,105,242,"Long",0.0933875821747734,0.955747862187757,NA,0.502499718751036,"localGP"
"7499",31,38,7,4,41.2492240825344,88.4170710697694,"Smooth","Max. Reward Condition",40,"2",4,8,52,242,"Long",0.0933875821747734,0.955747862187757,NA,0.502499718751036,"localGP"
"7500",31,39,7,2,55.9275751413252,88.4170710697694,"Smooth","Max. Reward Condition",40,"2",4,1,30,242,"Long",0.0933875821747734,0.955747862187757,NA,0.502499718751036,"localGP"
"7501",31,40,8,2,61.3718007278431,88.4170710697694,"Smooth","Max. Reward Condition",40,"2",4,12,31,242,"Long",0.0933875821747734,0.955747862187757,NA,0.502499718751036,"localGP"
"7502",31,41,9,1,39.5345898107298,88.4170710697694,"Smooth","Max. Reward Condition",40,"2",4,2,21,242,"Long",0.0933875821747734,0.955747862187757,NA,0.502499718751036,"localGP"
"7503",31,1,10,6,66.4033612703387,66.4033612703387,"Smooth","Max. Reward Condition",20,"3",1,NA,77,243,"Short",0.108536183423394,0.791722449141797,NA,0.494803874719572,"localGP"
"7504",31,2,10,7,54.8683474490232,66.4033612703387,"Smooth","Max. Reward Condition",20,"3",1,14,88,243,"Short",0.108536183423394,0.791722449141797,NA,0.494803874719572,"localGP"
"7505",31,3,0,3,48.8719334165686,66.4033612703387,"Smooth","Max. Reward Condition",20,"3",1,3,34,243,"Short",0.108536183423394,0.791722449141797,NA,0.494803874719572,"localGP"
"7506",31,4,0,1,23.2578204525749,66.4033612703387,"Smooth","Max. Reward Condition",20,"3",1,3,12,243,"Short",0.108536183423394,0.791722449141797,NA,0.494803874719572,"localGP"
"7507",31,5,1,1,29.8781350301425,66.4033612703387,"Smooth","Max. Reward Condition",20,"3",1,1,13,243,"Short",0.108536183423394,0.791722449141797,NA,0.494803874719572,"localGP"
"7508",31,6,10,8,40.6942172697369,66.4033612703387,"Smooth","Max. Reward Condition",20,"3",1,1,99,243,"Short",0.108536183423394,0.791722449141797,NA,0.494803874719572,"localGP"
"7509",31,7,8,4,50.5233477520952,66.4033612703387,"Smooth","Max. Reward Condition",20,"3",1,2,53,243,"Short",0.108536183423394,0.791722449141797,NA,0.494803874719572,"localGP"
"7510",31,8,9,10,49.6139701131598,66.4033612703387,"Smooth","Max. Reward Condition",20,"3",1,2,120,243,"Short",0.108536183423394,0.791722449141797,NA,0.494803874719572,"localGP"
"7511",31,9,8,10,52.0181459798519,66.4033612703387,"Smooth","Max. Reward Condition",20,"3",1,10,119,243,"Short",0.108536183423394,0.791722449141797,NA,0.494803874719572,"localGP"
"7512",31,10,4,0,27.0153724932925,66.4033612703387,"Smooth","Max. Reward Condition",20,"3",1,3,5,243,"Short",0.108536183423394,0.791722449141797,NA,0.494803874719572,"localGP"
"7513",31,11,6,10,30.4281577841895,66.4033612703387,"Smooth","Max. Reward Condition",20,"3",1,4,117,243,"Short",0.108536183423394,0.791722449141797,NA,0.494803874719572,"localGP"
"7514",31,12,10,4,48.9608257222968,66.4033612703387,"Smooth","Max. Reward Condition",20,"3",1,3,55,243,"Short",0.108536183423394,0.791722449141797,NA,0.494803874719572,"localGP"
"7515",31,13,10,4,48.9608257222968,66.4033612703387,"Smooth","Max. Reward Condition",20,"3",1,12,55,243,"Short",0.108536183423394,0.791722449141797,NA,0.494803874719572,"localGP"
"7516",31,14,10,5,44.5875145646547,66.4033612703387,"Smooth","Max. Reward Condition",20,"3",1,3,66,243,"Short",0.108536183423394,0.791722449141797,NA,0.494803874719572,"localGP"
"7517",31,15,1,0,84.3956226620629,84.3956226620629,"Smooth","Max. Reward Condition",20,"3",1,8,2,243,"Short",0.108536183423394,0.791722449141797,NA,0.494803874719572,"localGP"
"7518",31,16,2,0,70.8875298246222,84.3956226620629,"Smooth","Max. Reward Condition",20,"3",1,4,3,243,"Short",0.108536183423394,0.791722449141797,NA,0.494803874719572,"localGP"
"7519",31,17,6,1,70.4800541800228,84.3956226620629,"Smooth","Max. Reward Condition",20,"3",1,4,18,243,"Short",0.108536183423394,0.791722449141797,NA,0.494803874719572,"localGP"
"7520",31,18,6,2,72.3100865487056,84.3956226620629,"Smooth","Max. Reward Condition",20,"3",1,5,29,243,"Short",0.108536183423394,0.791722449141797,NA,0.494803874719572,"localGP"
"7521",31,19,7,2,87.3844592186431,87.3844592186431,"Smooth","Max. Reward Condition",20,"3",1,4,30,243,"Short",0.108536183423394,0.791722449141797,NA,0.494803874719572,"localGP"
"7522",31,20,8,2,77.798359488466,87.3844592186431,"Smooth","Max. Reward Condition",20,"3",1,6,31,243,"Short",0.108536183423394,0.791722449141797,NA,0.494803874719572,"localGP"
"7523",31,21,5,0,64.2045633155116,87.3844592186431,"Smooth","Max. Reward Condition",20,"3",1,3,6,243,"Short",0.108536183423394,0.791722449141797,NA,0.494803874719572,"localGP"
"7524",31,1,0,8,57.2031215387433,57.2031215387433,"Smooth","Max. Reward Condition",40,"4",19,NA,89,244,"Long",0.101743139811975,0.899950503053618,NA,0.523069565957782,"localGP"
"7525",31,2,4,4,9.99263596424557,57.2031215387433,"Smooth","Max. Reward Condition",40,"4",19,11,49,244,"Long",0.101743139811975,0.899950503053618,NA,0.523069565957782,"localGP"
"7526",31,3,5,6,67.4863424571412,67.4863424571412,"Smooth","Max. Reward Condition",40,"4",19,9,72,244,"Long",0.101743139811975,0.899950503053618,NA,0.523069565957782,"localGP"
"7527",31,4,4,6,66.9336804964909,67.4863424571412,"Smooth","Max. Reward Condition",40,"4",19,1,71,244,"Long",0.101743139811975,0.899950503053618,NA,0.523069565957782,"localGP"
"7528",31,5,3,6,52.211813623065,67.4863424571412,"Smooth","Max. Reward Condition",40,"4",19,2,70,244,"Long",0.101743139811975,0.899950503053618,NA,0.523069565957782,"localGP"
"7529",31,6,3,7,48.0160668403537,67.4863424571412,"Smooth","Max. Reward Condition",40,"4",19,1,81,244,"Long",0.101743139811975,0.899950503053618,NA,0.523069565957782,"localGP"
"7530",31,7,2,10,62.3033117617549,67.4863424571412,"Smooth","Max. Reward Condition",40,"4",19,2,113,244,"Long",0.101743139811975,0.899950503053618,NA,0.523069565957782,"localGP"
"7531",31,8,3,10,41.9989758752231,67.4863424571412,"Smooth","Max. Reward Condition",40,"4",19,1,114,244,"Long",0.101743139811975,0.899950503053618,NA,0.523069565957782,"localGP"
"7532",31,9,3,2,41.5227672023987,67.4863424571412,"Smooth","Max. Reward Condition",40,"4",19,3,26,244,"Long",0.101743139811975,0.899950503053618,NA,0.523069565957782,"localGP"
"7533",31,10,9,0,57.2100931574182,67.4863424571412,"Smooth","Max. Reward Condition",40,"4",19,3,10,244,"Long",0.101743139811975,0.899950503053618,NA,0.523069565957782,"localGP"
"7534",31,11,10,4,53.8434324955223,67.4863424571412,"Smooth","Max. Reward Condition",40,"4",19,4,55,244,"Long",0.101743139811975,0.899950503053618,NA,0.523069565957782,"localGP"
"7535",31,12,10,5,37.3660974523946,67.4863424571412,"Smooth","Max. Reward Condition",40,"4",19,4,66,244,"Long",0.101743139811975,0.899950503053618,NA,0.523069565957782,"localGP"
"7536",31,13,1,0,30.9199294769584,67.4863424571412,"Smooth","Max. Reward Condition",40,"4",19,1,2,244,"Long",0.101743139811975,0.899950503053618,NA,0.523069565957782,"localGP"
"7537",31,14,4,1,28.4498548614704,67.4863424571412,"Smooth","Max. Reward Condition",40,"4",19,6,16,244,"Long",0.101743139811975,0.899950503053618,NA,0.523069565957782,"localGP"
"7538",31,15,5,0,39.2679282572987,67.4863424571412,"Smooth","Max. Reward Condition",40,"4",19,2,6,244,"Long",0.101743139811975,0.899950503053618,NA,0.523069565957782,"localGP"
"7539",31,16,1,7,13.81155818132,67.4863424571412,"Smooth","Max. Reward Condition",40,"4",19,2,79,244,"Long",0.101743139811975,0.899950503053618,NA,0.523069565957782,"localGP"
"7540",31,17,5,1,31.9313461927778,67.4863424571412,"Smooth","Max. Reward Condition",40,"4",19,2,17,244,"Long",0.101743139811975,0.899950503053618,NA,0.523069565957782,"localGP"
"7541",31,18,6,1,23.0167211034026,67.4863424571412,"Smooth","Max. Reward Condition",40,"4",19,1,18,244,"Long",0.101743139811975,0.899950503053618,NA,0.523069565957782,"localGP"
"7542",31,19,7,3,80.7703625318279,80.7703625318279,"Smooth","Max. Reward Condition",40,"4",19,1,41,244,"Long",0.101743139811975,0.899950503053618,NA,0.523069565957782,"localGP"
"7543",31,20,7,2,56.0878866148788,80.7703625318279,"Smooth","Max. Reward Condition",40,"4",19,1,30,244,"Long",0.101743139811975,0.899950503053618,NA,0.523069565957782,"localGP"
"7544",31,21,8,2,57.747723924339,80.7703625318279,"Smooth","Max. Reward Condition",40,"4",19,5,31,244,"Long",0.101743139811975,0.899950503053618,NA,0.523069565957782,"localGP"
"7545",31,22,7,10,33.7979649487254,80.7703625318279,"Smooth","Max. Reward Condition",40,"4",19,7,118,244,"Long",0.101743139811975,0.899950503053618,NA,0.523069565957782,"localGP"
"7546",31,23,8,7,93.2880256740387,93.2880256740387,"Smooth","Max. Reward Condition",40,"4",19,4,86,244,"Long",0.101743139811975,0.899950503053618,NA,0.523069565957782,"localGP"
"7547",31,24,7,7,78.4257216995386,93.2880256740387,"Smooth","Max. Reward Condition",40,"4",19,10,85,244,"Long",0.101743139811975,0.899950503053618,NA,0.523069565957782,"localGP"
"7548",31,25,9,5,25.1177423961982,93.2880256740387,"Smooth","Max. Reward Condition",40,"4",19,3,65,244,"Long",0.101743139811975,0.899950503053618,NA,0.523069565957782,"localGP"
"7549",31,26,4,10,30.0936973223413,93.2880256740387,"Smooth","Max. Reward Condition",40,"4",19,4,115,244,"Long",0.101743139811975,0.899950503053618,NA,0.523069565957782,"localGP"
"7550",31,27,2,9,37.1930665923262,93.2880256740387,"Smooth","Max. Reward Condition",40,"4",19,1,102,244,"Long",0.101743139811975,0.899950503053618,NA,0.523069565957782,"localGP"
"7551",31,28,6,6,73.1570356560972,93.2880256740387,"Smooth","Max. Reward Condition",40,"4",19,2,73,244,"Long",0.101743139811975,0.899950503053618,NA,0.523069565957782,"localGP"
"7552",31,29,6,5,64.8120312113293,93.2880256740387,"Smooth","Max. Reward Condition",40,"4",19,1,62,244,"Long",0.101743139811975,0.899950503053618,NA,0.523069565957782,"localGP"
"7553",31,30,6,4,77.7374692379335,93.2880256740387,"Smooth","Max. Reward Condition",40,"4",19,1,51,244,"Long",0.101743139811975,0.899950503053618,NA,0.523069565957782,"localGP"
"7554",31,31,9,4,63.2727485984867,93.2880256740387,"Smooth","Max. Reward Condition",40,"4",19,1,54,244,"Long",0.101743139811975,0.899950503053618,NA,0.523069565957782,"localGP"
"7555",31,32,9,3,70.6956959323297,93.2880256740387,"Smooth","Max. Reward Condition",40,"4",19,11,43,244,"Long",0.101743139811975,0.899950503053618,NA,0.523069565957782,"localGP"
"7556",31,33,0,10,60.8079360936337,93.2880256740387,"Smooth","Max. Reward Condition",40,"4",19,2,111,244,"Long",0.101743139811975,0.899950503053618,NA,0.523069565957782,"localGP"
"7557",31,34,1,10,47.2084328445394,93.2880256740387,"Smooth","Max. Reward Condition",40,"4",19,1,112,244,"Long",0.101743139811975,0.899950503053618,NA,0.523069565957782,"localGP"
"7558",31,35,2,7,24.965768710391,93.2880256740387,"Smooth","Max. Reward Condition",40,"4",19,2,80,244,"Long",0.101743139811975,0.899950503053618,NA,0.523069565957782,"localGP"
"7559",31,36,4,4,9.99263596424557,93.2880256740387,"Smooth","Max. Reward Condition",40,"4",19,2,49,244,"Long",0.101743139811975,0.899950503053618,NA,0.523069565957782,"localGP"
"7560",31,37,2,4,21.3736470887722,93.2880256740387,"Smooth","Max. Reward Condition",40,"4",19,1,47,244,"Long",0.101743139811975,0.899950503053618,NA,0.523069565957782,"localGP"
"7561",31,38,1,5,0,93.2880256740387,"Smooth","Max. Reward Condition",40,"4",19,2,57,244,"Long",0.101743139811975,0.899950503053618,NA,0.523069565957782,"localGP"
"7562",31,39,2,1,73.5415165064452,93.2880256740387,"Smooth","Max. Reward Condition",40,"4",19,6,14,244,"Long",0.101743139811975,0.899950503053618,NA,0.523069565957782,"localGP"
"7563",31,40,3,1,65.6803696524248,93.2880256740387,"Smooth","Max. Reward Condition",40,"4",19,2,15,244,"Long",0.101743139811975,0.899950503053618,NA,0.523069565957782,"localGP"
"7564",31,41,5,3,50.6291385823162,93.2880256740387,"Smooth","Max. Reward Condition",40,"4",19,1,39,244,"Long",0.101743139811975,0.899950503053618,NA,0.523069565957782,"localGP"
"7565",31,1,6,1,87.877786509451,87.877786509451,"Smooth","Max. Reward Condition",20,"5",5,NA,18,245,"Short",0.104442148405215,0.888024887880308,NA,0.472788244852345,"localGP"
"7566",31,2,6,2,51.6560216281502,87.877786509451,"Smooth","Max. Reward Condition",20,"5",5,10,29,245,"Short",0.104442148405215,0.888024887880308,NA,0.472788244852345,"localGP"
"7567",31,3,5,5,35.9893886726837,87.877786509451,"Smooth","Max. Reward Condition",20,"5",5,8,61,245,"Short",0.104442148405215,0.888024887880308,NA,0.472788244852345,"localGP"
"7568",31,4,0,4,49.9176816085481,87.877786509451,"Smooth","Max. Reward Condition",20,"5",5,16,45,245,"Short",0.104442148405215,0.888024887880308,NA,0.472788244852345,"localGP"
"7569",31,5,8,5,25.922745926598,87.877786509451,"Smooth","Max. Reward Condition",20,"5",5,8,64,245,"Short",0.104442148405215,0.888024887880308,NA,0.472788244852345,"localGP"
"7570",31,6,2,10,8.81939176369258,87.877786509451,"Smooth","Max. Reward Condition",20,"5",5,5,113,245,"Short",0.104442148405215,0.888024887880308,NA,0.472788244852345,"localGP"
"7571",31,7,10,3,0,87.877786509451,"Smooth","Max. Reward Condition",20,"5",5,2,44,245,"Short",0.104442148405215,0.888024887880308,NA,0.472788244852345,"localGP"
"7572",31,8,2,4,23.662499097667,87.877786509451,"Smooth","Max. Reward Condition",20,"5",5,8,47,245,"Short",0.104442148405215,0.888024887880308,NA,0.472788244852345,"localGP"
"7573",31,9,6,3,31.2645262268698,87.877786509451,"Smooth","Max. Reward Condition",20,"5",5,1,40,245,"Short",0.104442148405215,0.888024887880308,NA,0.472788244852345,"localGP"
"7574",31,10,3,3,30.1477778754891,87.877786509451,"Smooth","Max. Reward Condition",20,"5",5,2,37,245,"Short",0.104442148405215,0.888024887880308,NA,0.472788244852345,"localGP"
"7575",31,11,10,3,0,87.877786509451,"Smooth","Max. Reward Condition",20,"5",5,2,44,245,"Short",0.104442148405215,0.888024887880308,NA,0.472788244852345,"localGP"
"7576",31,12,8,3,73.4939072834287,87.877786509451,"Smooth","Max. Reward Condition",20,"5",5,1,42,245,"Short",0.104442148405215,0.888024887880308,NA,0.472788244852345,"localGP"
"7577",31,13,7,3,38.4994048862077,87.877786509451,"Smooth","Max. Reward Condition",20,"5",5,2,41,245,"Short",0.104442148405215,0.888024887880308,NA,0.472788244852345,"localGP"
"7578",31,14,5,7,50.9750480071235,87.877786509451,"Smooth","Max. Reward Condition",20,"5",5,1,83,245,"Short",0.104442148405215,0.888024887880308,NA,0.472788244852345,"localGP"
"7579",31,15,2,0,77.0544773481124,87.877786509451,"Smooth","Max. Reward Condition",20,"5",5,2,3,245,"Short",0.104442148405215,0.888024887880308,NA,0.472788244852345,"localGP"
"7580",31,16,2,1,65.1261244784447,87.877786509451,"Smooth","Max. Reward Condition",20,"5",5,1,14,245,"Short",0.104442148405215,0.888024887880308,NA,0.472788244852345,"localGP"
"7581",31,17,1,1,76.3592435056854,87.877786509451,"Smooth","Max. Reward Condition",20,"5",5,2,13,245,"Short",0.104442148405215,0.888024887880308,NA,0.472788244852345,"localGP"
"7582",31,18,4,4,22.6938996654939,87.877786509451,"Smooth","Max. Reward Condition",20,"5",5,2,49,245,"Short",0.104442148405215,0.888024887880308,NA,0.472788244852345,"localGP"
"7583",31,19,5,1,65.3608725522841,87.877786509451,"Smooth","Max. Reward Condition",20,"5",5,2,17,245,"Short",0.104442148405215,0.888024887880308,NA,0.472788244852345,"localGP"
"7584",31,20,5,2,42.3575427746737,87.877786509451,"Smooth","Max. Reward Condition",20,"5",5,1,28,245,"Short",0.104442148405215,0.888024887880308,NA,0.472788244852345,"localGP"
"7585",31,21,4,1,39.4465578742712,87.877786509451,"Smooth","Max. Reward Condition",20,"5",5,6,16,245,"Short",0.104442148405215,0.888024887880308,NA,0.472788244852345,"localGP"
"7586",31,1,0,0,47.2297106742419,47.2297106742419,"Smooth","Max. Reward Condition",40,"6",6,NA,1,246,"Long",0.100236613604652,0.871002052103757,NA,0.493179700436952,"localGP"
"7587",31,2,0,3,82.5721379784096,82.5721379784096,"Smooth","Max. Reward Condition",40,"6",6,1,34,246,"Long",0.100236613604652,0.871002052103757,NA,0.493179700436952,"localGP"
"7588",31,3,10,4,30.3789218972409,82.5721379784096,"Smooth","Max. Reward Condition",40,"6",6,2,55,246,"Long",0.100236613604652,0.871002052103757,NA,0.493179700436952,"localGP"
"7589",31,4,6,4,34.0889045478091,82.5721379784096,"Smooth","Max. Reward Condition",40,"6",6,2,51,246,"Long",0.100236613604652,0.871002052103757,NA,0.493179700436952,"localGP"
"7590",31,5,8,10,32.093395262208,82.5721379784096,"Smooth","Max. Reward Condition",40,"6",6,2,119,246,"Long",0.100236613604652,0.871002052103757,NA,0.493179700436952,"localGP"
"7591",31,6,8,8,59.0034109397581,82.5721379784096,"Smooth","Max. Reward Condition",40,"6",6,3,97,246,"Long",0.100236613604652,0.871002052103757,NA,0.493179700436952,"localGP"
"7592",31,7,8,7,50.5413361109473,82.5721379784096,"Smooth","Max. Reward Condition",40,"6",6,2,86,246,"Long",0.100236613604652,0.871002052103757,NA,0.493179700436952,"localGP"
"7593",31,8,9,7,52.0950905321092,82.5721379784096,"Smooth","Max. Reward Condition",40,"6",6,2,87,246,"Long",0.100236613604652,0.871002052103757,NA,0.493179700436952,"localGP"
"7594",31,9,9,6,38.8361127963237,82.5721379784096,"Smooth","Max. Reward Condition",40,"6",6,2,76,246,"Long",0.100236613604652,0.871002052103757,NA,0.493179700436952,"localGP"
"7595",31,10,1,8,26.3468808811105,82.5721379784096,"Smooth","Max. Reward Condition",40,"6",6,1,90,246,"Long",0.100236613604652,0.871002052103757,NA,0.493179700436952,"localGP"
"7596",31,11,0,8,61.7889867982793,82.5721379784096,"Smooth","Max. Reward Condition",40,"6",6,3,89,246,"Long",0.100236613604652,0.871002052103757,NA,0.493179700436952,"localGP"
"7597",31,12,10,7,45.5021698511978,82.5721379784096,"Smooth","Max. Reward Condition",40,"6",6,4,88,246,"Long",0.100236613604652,0.871002052103757,NA,0.493179700436952,"localGP"
"7598",31,13,10,8,49.0427197755467,82.5721379784096,"Smooth","Max. Reward Condition",40,"6",6,1,99,246,"Long",0.100236613604652,0.871002052103757,NA,0.493179700436952,"localGP"
"7599",31,14,9,8,81.6907585501877,82.5721379784096,"Smooth","Max. Reward Condition",40,"6",6,1,98,246,"Long",0.100236613604652,0.871002052103757,NA,0.493179700436952,"localGP"
"7600",31,15,9,9,83.6268655538995,83.6268655538995,"Smooth","Max. Reward Condition",40,"6",6,2,109,246,"Long",0.100236613604652,0.871002052103757,NA,0.493179700436952,"localGP"
"7601",31,16,7,8,41.2867547239503,83.6268655538995,"Smooth","Max. Reward Condition",40,"6",6,2,96,246,"Long",0.100236613604652,0.871002052103757,NA,0.493179700436952,"localGP"
"7602",31,17,6,2,37.1794683639589,83.6268655538995,"Smooth","Max. Reward Condition",40,"6",6,1,29,246,"Long",0.100236613604652,0.871002052103757,NA,0.493179700436952,"localGP"
"7603",31,18,6,1,58.9505924012191,83.6268655538995,"Smooth","Max. Reward Condition",40,"6",6,2,18,246,"Long",0.100236613604652,0.871002052103757,NA,0.493179700436952,"localGP"
"7604",31,19,6,0,94.4963050018738,94.4963050018738,"Smooth","Max. Reward Condition",40,"6",6,2,7,246,"Long",0.100236613604652,0.871002052103757,NA,0.493179700436952,"localGP"
"7605",31,20,6,0,94.4963050018738,94.4963050018738,"Smooth","Max. Reward Condition",40,"6",6,2,7,246,"Long",0.100236613604652,0.871002052103757,NA,0.493179700436952,"localGP"
"7606",31,21,5,0,91.7432297732024,94.4963050018738,"Smooth","Max. Reward Condition",40,"6",6,4,6,246,"Long",0.100236613604652,0.871002052103757,NA,0.493179700436952,"localGP"
"7607",31,22,4,8,46.9524514765954,94.4963050018738,"Smooth","Max. Reward Condition",40,"6",6,1,93,246,"Long",0.100236613604652,0.871002052103757,NA,0.493179700436952,"localGP"
"7608",31,23,4,7,63.6433329496781,94.4963050018738,"Smooth","Max. Reward Condition",40,"6",6,2,82,246,"Long",0.100236613604652,0.871002052103757,NA,0.493179700436952,"localGP"
"7609",31,24,4,5,3.31356658088059,94.4963050018738,"Smooth","Max. Reward Condition",40,"6",6,4,60,246,"Long",0.100236613604652,0.871002052103757,NA,0.493179700436952,"localGP"
"7610",31,25,5,4,30.2017705880364,94.4963050018738,"Smooth","Max. Reward Condition",40,"6",6,5,50,246,"Long",0.100236613604652,0.871002052103757,NA,0.493179700436952,"localGP"
"7611",31,26,10,10,61.5766654698321,94.4963050018738,"Smooth","Max. Reward Condition",40,"6",6,11,121,246,"Long",0.100236613604652,0.871002052103757,NA,0.493179700436952,"localGP"
"7612",31,27,10,9,86.1457429128577,94.4963050018738,"Smooth","Max. Reward Condition",40,"6",6,2,110,246,"Long",0.100236613604652,0.871002052103757,NA,0.493179700436952,"localGP"
"7613",31,28,10,9,86.1457429128577,94.4963050018738,"Smooth","Max. Reward Condition",40,"6",6,2,110,246,"Long",0.100236613604652,0.871002052103757,NA,0.493179700436952,"localGP"
"7614",31,29,2,5,39.0984637940291,94.4963050018738,"Smooth","Max. Reward Condition",40,"6",6,3,58,246,"Long",0.100236613604652,0.871002052103757,NA,0.493179700436952,"localGP"
"7615",31,30,3,9,26.2253245390007,94.4963050018738,"Smooth","Max. Reward Condition",40,"6",6,11,103,246,"Long",0.100236613604652,0.871002052103757,NA,0.493179700436952,"localGP"
"7616",31,31,2,3,75.7021822863485,94.4963050018738,"Smooth","Max. Reward Condition",40,"6",6,2,36,246,"Long",0.100236613604652,0.871002052103757,NA,0.493179700436952,"localGP"
"7617",31,32,1,3,70.5820098602199,94.4963050018738,"Smooth","Max. Reward Condition",40,"6",6,4,35,246,"Long",0.100236613604652,0.871002052103757,NA,0.493179700436952,"localGP"
"7618",31,33,0,2,64.4680936879448,94.4963050018738,"Smooth","Max. Reward Condition",40,"6",6,5,23,246,"Long",0.100236613604652,0.871002052103757,NA,0.493179700436952,"localGP"
"7619",31,34,1,2,44.6789211207644,94.4963050018738,"Smooth","Max. Reward Condition",40,"6",6,5,24,246,"Long",0.100236613604652,0.871002052103757,NA,0.493179700436952,"localGP"
"7620",31,35,6,5,31.686870799894,94.4963050018738,"Smooth","Max. Reward Condition",40,"6",6,4,62,246,"Long",0.100236613604652,0.871002052103757,NA,0.493179700436952,"localGP"
"7621",31,36,6,6,15.4430797014751,94.4963050018738,"Smooth","Max. Reward Condition",40,"6",6,3,73,246,"Long",0.100236613604652,0.871002052103757,NA,0.493179700436952,"localGP"
"7622",31,37,4,7,63.6433329496781,94.4963050018738,"Smooth","Max. Reward Condition",40,"6",6,1,82,246,"Long",0.100236613604652,0.871002052103757,NA,0.493179700436952,"localGP"
"7623",31,38,3,6,26.5559672712073,94.4963050018738,"Smooth","Max. Reward Condition",40,"6",6,1,70,246,"Long",0.100236613604652,0.871002052103757,NA,0.493179700436952,"localGP"
"7624",31,39,1,9,36.7437798963148,94.4963050018738,"Smooth","Max. Reward Condition",40,"6",6,1,101,246,"Long",0.100236613604652,0.871002052103757,NA,0.493179700436952,"localGP"
"7625",31,40,0,9,70.7016784293051,94.4963050018738,"Smooth","Max. Reward Condition",40,"6",6,2,100,246,"Long",0.100236613604652,0.871002052103757,NA,0.493179700436952,"localGP"
"7626",31,41,0,10,82.527541309215,94.4963050018738,"Smooth","Max. Reward Condition",40,"6",6,1,111,246,"Long",0.100236613604652,0.871002052103757,NA,0.493179700436952,"localGP"
"7627",31,1,9,0,56.3100913856246,56.3100913856246,"Smooth","Max. Reward Condition",20,"7",17,NA,10,247,"Short",0.108493578394658,0.96048781563236,NA,0.481465821506343,"localGP"
"7628",31,2,9,1,65.5803721307234,65.5803721307234,"Smooth","Max. Reward Condition",20,"7",17,10,21,247,"Short",0.108493578394658,0.96048781563236,NA,0.481465821506343,"localGP"
"7629",31,3,6,7,9.51682316943717,65.5803721307234,"Smooth","Max. Reward Condition",20,"7",17,3,84,247,"Short",0.108493578394658,0.96048781563236,NA,0.481465821506343,"localGP"
"7630",31,4,7,0,58.3371739610509,65.5803721307234,"Smooth","Max. Reward Condition",20,"7",17,1,8,247,"Short",0.108493578394658,0.96048781563236,NA,0.481465821506343,"localGP"
"7631",31,5,8,8,48.6209458913059,65.5803721307234,"Smooth","Max. Reward Condition",20,"7",17,2,97,247,"Short",0.108493578394658,0.96048781563236,NA,0.481465821506343,"localGP"
"7632",31,6,10,8,52.8164121364867,65.5803721307234,"Smooth","Max. Reward Condition",20,"7",17,1,99,247,"Short",0.108493578394658,0.96048781563236,NA,0.481465821506343,"localGP"
"7633",31,7,2,6,67.9735102315088,67.9735102315088,"Smooth","Max. Reward Condition",20,"7",17,2,69,247,"Short",0.108493578394658,0.96048781563236,NA,0.481465821506343,"localGP"
"7634",31,8,4,7,36.7346397615748,67.9735102315088,"Smooth","Max. Reward Condition",20,"7",17,2,82,247,"Short",0.108493578394658,0.96048781563236,NA,0.481465821506343,"localGP"
"7635",31,9,7,5,24.4140130068995,67.9735102315088,"Smooth","Max. Reward Condition",20,"7",17,1,63,247,"Short",0.108493578394658,0.96048781563236,NA,0.481465821506343,"localGP"
"7636",31,10,8,4,25.5290036062029,67.9735102315088,"Smooth","Max. Reward Condition",20,"7",17,2,53,247,"Short",0.108493578394658,0.96048781563236,NA,0.481465821506343,"localGP"
"7637",31,11,9,2,61.2328313853332,67.9735102315088,"Smooth","Max. Reward Condition",20,"7",17,2,32,247,"Short",0.108493578394658,0.96048781563236,NA,0.481465821506343,"localGP"
"7638",31,12,8,2,58.6698020983596,67.9735102315088,"Smooth","Max. Reward Condition",20,"7",17,1,31,247,"Short",0.108493578394658,0.96048781563236,NA,0.481465821506343,"localGP"
"7639",31,13,9,10,51.9374709842096,67.9735102315088,"Smooth","Max. Reward Condition",20,"7",17,2,120,247,"Short",0.108493578394658,0.96048781563236,NA,0.481465821506343,"localGP"
"7640",31,14,8,4,25.5290036062029,67.9735102315088,"Smooth","Max. Reward Condition",20,"7",17,5,53,247,"Short",0.108493578394658,0.96048781563236,NA,0.481465821506343,"localGP"
"7641",31,15,6,1,68.7866414207953,68.7866414207953,"Smooth","Max. Reward Condition",20,"7",17,2,18,247,"Short",0.108493578394658,0.96048781563236,NA,0.481465821506343,"localGP"
"7642",31,16,5,2,42.0898431676423,68.7866414207953,"Smooth","Max. Reward Condition",20,"7",17,5,28,247,"Short",0.108493578394658,0.96048781563236,NA,0.481465821506343,"localGP"
"7643",31,17,7,2,75.4767861169897,75.4767861169897,"Smooth","Max. Reward Condition",20,"7",17,1,30,247,"Short",0.108493578394658,0.96048781563236,NA,0.481465821506343,"localGP"
"7644",31,18,7,1,68.4445451989571,75.4767861169897,"Smooth","Max. Reward Condition",20,"7",17,7,19,247,"Short",0.108493578394658,0.96048781563236,NA,0.481465821506343,"localGP"
"7645",31,19,6,2,61.2748558274339,75.4767861169897,"Smooth","Max. Reward Condition",20,"7",17,2,29,247,"Short",0.108493578394658,0.96048781563236,NA,0.481465821506343,"localGP"
"7646",31,20,6,3,42.4608725278466,75.4767861169897,"Smooth","Max. Reward Condition",20,"7",17,4,40,247,"Short",0.108493578394658,0.96048781563236,NA,0.481465821506343,"localGP"
"7647",31,21,0,3,53.5211844117636,75.4767861169897,"Smooth","Max. Reward Condition",20,"7",17,10,34,247,"Short",0.108493578394658,0.96048781563236,NA,0.481465821506343,"localGP"
"7648",31,1,10,1,28.1522296386813,28.1522296386813,"Smooth","Max. Reward Condition",40,"8",7,NA,22,248,"Long",0.0944147852727267,0.937843181770332,NA,0.479108057813744,"localGP"
"7649",31,2,5,3,72.1298350478396,72.1298350478396,"Smooth","Max. Reward Condition",40,"8",7,1,39,248,"Long",0.0944147852727267,0.937843181770332,NA,0.479108057813744,"localGP"
"7650",31,3,5,4,43.7941876820187,72.1298350478396,"Smooth","Max. Reward Condition",40,"8",7,2,50,248,"Long",0.0944147852727267,0.937843181770332,NA,0.479108057813744,"localGP"
"7651",31,4,8,3,69.467939664169,72.1298350478396,"Smooth","Max. Reward Condition",40,"8",7,2,42,248,"Long",0.0944147852727267,0.937843181770332,NA,0.479108057813744,"localGP"
"7652",31,5,7,0,61.8816102013835,72.1298350478396,"Smooth","Max. Reward Condition",40,"8",7,1,8,248,"Long",0.0944147852727267,0.937843181770332,NA,0.479108057813744,"localGP"
"7653",31,6,8,0,57.570971716758,72.1298350478396,"Smooth","Max. Reward Condition",40,"8",7,2,9,248,"Long",0.0944147852727267,0.937843181770332,NA,0.479108057813744,"localGP"
"7654",31,7,6,1,58.4718748542546,72.1298350478396,"Smooth","Max. Reward Condition",40,"8",7,1,18,248,"Long",0.0944147852727267,0.937843181770332,NA,0.479108057813744,"localGP"
"7655",31,8,6,2,61.16747892044,72.1298350478396,"Smooth","Max. Reward Condition",40,"8",7,1,29,248,"Long",0.0944147852727267,0.937843181770332,NA,0.479108057813744,"localGP"
"7656",31,9,0,3,65.0525898505903,72.1298350478396,"Smooth","Max. Reward Condition",40,"8",7,3,34,248,"Long",0.0944147852727267,0.937843181770332,NA,0.479108057813744,"localGP"
"7657",31,10,1,6,40.7890265133229,72.1298350478396,"Smooth","Max. Reward Condition",40,"8",7,1,68,248,"Long",0.0944147852727267,0.937843181770332,NA,0.479108057813744,"localGP"
"7658",31,11,1,2,29.6498568268542,72.1298350478396,"Smooth","Max. Reward Condition",40,"8",7,1,24,248,"Long",0.0944147852727267,0.937843181770332,NA,0.479108057813744,"localGP"
"7659",31,12,0,4,87.6072005238065,87.6072005238065,"Smooth","Max. Reward Condition",40,"8",7,2,45,248,"Long",0.0944147852727267,0.937843181770332,NA,0.479108057813744,"localGP"
"7660",31,13,1,4,71.7748626014639,87.6072005238065,"Smooth","Max. Reward Condition",40,"8",7,4,46,248,"Long",0.0944147852727267,0.937843181770332,NA,0.479108057813744,"localGP"
"7661",31,14,10,6,37.8786392869358,87.6072005238065,"Smooth","Max. Reward Condition",40,"8",7,8,77,248,"Long",0.0944147852727267,0.937843181770332,NA,0.479108057813744,"localGP"
"7662",31,15,10,7,44.2918220402032,87.6072005238065,"Smooth","Max. Reward Condition",40,"8",7,3,88,248,"Long",0.0944147852727267,0.937843181770332,NA,0.479108057813744,"localGP"
"7663",31,16,9,3,45.8562384067227,87.6072005238065,"Smooth","Max. Reward Condition",40,"8",7,1,43,248,"Long",0.0944147852727267,0.937843181770332,NA,0.479108057813744,"localGP"
"7664",31,17,2,5,81.410941886626,87.6072005238065,"Smooth","Max. Reward Condition",40,"8",7,1,58,248,"Long",0.0944147852727267,0.937843181770332,NA,0.479108057813744,"localGP"
"7665",31,18,2,4,69.0845854443266,87.6072005238065,"Smooth","Max. Reward Condition",40,"8",7,10,47,248,"Long",0.0944147852727267,0.937843181770332,NA,0.479108057813744,"localGP"
"7666",31,19,2,6,61.2240030846988,87.6072005238065,"Smooth","Max. Reward Condition",40,"8",7,2,69,248,"Long",0.0944147852727267,0.937843181770332,NA,0.479108057813744,"localGP"
"7667",31,20,7,1,64.1520185583196,87.6072005238065,"Smooth","Max. Reward Condition",40,"8",7,4,19,248,"Long",0.0944147852727267,0.937843181770332,NA,0.479108057813744,"localGP"
"7668",31,21,8,1,64.1561620326148,87.6072005238065,"Smooth","Max. Reward Condition",40,"8",7,2,20,248,"Long",0.0944147852727267,0.937843181770332,NA,0.479108057813744,"localGP"
"7669",31,22,8,1,64.1561620326148,87.6072005238065,"Smooth","Max. Reward Condition",40,"8",7,4,20,248,"Long",0.0944147852727267,0.937843181770332,NA,0.479108057813744,"localGP"
"7670",31,23,8,2,53.532220554727,87.6072005238065,"Smooth","Max. Reward Condition",40,"8",7,7,31,248,"Long",0.0944147852727267,0.937843181770332,NA,0.479108057813744,"localGP"
"7671",31,24,3,5,100,100,"Smooth","Max. Reward Condition",40,"8",7,2,59,248,"Long",0.0944147852727267,0.937843181770332,NA,0.479108057813744,"localGP"
"7672",31,25,3,4,62.4304276826515,100,"Smooth","Max. Reward Condition",40,"8",7,2,48,248,"Long",0.0944147852727267,0.937843181770332,NA,0.479108057813744,"localGP"
"7673",31,26,0,3,65.0525898505903,100,"Smooth","Max. Reward Condition",40,"8",7,11,34,248,"Long",0.0944147852727267,0.937843181770332,NA,0.479108057813744,"localGP"
"7674",31,27,2,5,81.410941886626,100,"Smooth","Max. Reward Condition",40,"8",7,2,58,248,"Long",0.0944147852727267,0.937843181770332,NA,0.479108057813744,"localGP"
"7675",31,28,3,5,100,100,"Smooth","Max. Reward Condition",40,"8",7,10,59,248,"Long",0.0944147852727267,0.937843181770332,NA,0.479108057813744,"localGP"
"7676",31,29,3,6,90.5286582157079,100,"Smooth","Max. Reward Condition",40,"8",7,8,70,248,"Long",0.0944147852727267,0.937843181770332,NA,0.479108057813744,"localGP"
"7677",31,30,3,5,100,100,"Smooth","Max. Reward Condition",40,"8",7,4,59,248,"Long",0.0944147852727267,0.937843181770332,NA,0.479108057813744,"localGP"
"7678",31,31,3,6,90.5286582157079,100,"Smooth","Max. Reward Condition",40,"8",7,3,70,248,"Long",0.0944147852727267,0.937843181770332,NA,0.479108057813744,"localGP"
"7679",31,32,3,5,100,100,"Smooth","Max. Reward Condition",40,"8",7,1,59,248,"Long",0.0944147852727267,0.937843181770332,NA,0.479108057813744,"localGP"
"7680",31,33,1,5,56.0329470036267,100,"Smooth","Max. Reward Condition",40,"8",7,1,57,248,"Long",0.0944147852727267,0.937843181770332,NA,0.479108057813744,"localGP"
"7681",31,34,2,5,81.410941886626,100,"Smooth","Max. Reward Condition",40,"8",7,2,58,248,"Long",0.0944147852727267,0.937843181770332,NA,0.479108057813744,"localGP"
"7682",31,35,3,5,100,100,"Smooth","Max. Reward Condition",40,"8",7,2,59,248,"Long",0.0944147852727267,0.937843181770332,NA,0.479108057813744,"localGP"
"7683",31,36,1,9,18.0628272215405,100,"Smooth","Max. Reward Condition",40,"8",7,2,101,248,"Long",0.0944147852727267,0.937843181770332,NA,0.479108057813744,"localGP"
"7684",31,37,2,1,55.2110009040143,100,"Smooth","Max. Reward Condition",40,"8",7,2,14,248,"Long",0.0944147852727267,0.937843181770332,NA,0.479108057813744,"localGP"
"7685",31,38,2,0,42.3192502107698,100,"Smooth","Max. Reward Condition",40,"8",7,1,3,248,"Long",0.0944147852727267,0.937843181770332,NA,0.479108057813744,"localGP"
"7686",31,39,1,0,29.6758982233628,100,"Smooth","Max. Reward Condition",40,"8",7,3,2,248,"Long",0.0944147852727267,0.937843181770332,NA,0.479108057813744,"localGP"
"7687",31,40,6,2,61.16747892044,100,"Smooth","Max. Reward Condition",40,"8",7,2,29,248,"Long",0.0944147852727267,0.937843181770332,NA,0.479108057813744,"localGP"
"7688",31,41,6,3,88.5901313022109,100,"Smooth","Max. Reward Condition",40,"8",7,1,40,248,"Long",0.0944147852727267,0.937843181770332,NA,0.479108057813744,"localGP"
"7689",32,1,5,9,75.2199907218667,75.2199907218667,"Smooth","Max. Reward Condition",40,"1",9,NA,105,249,"Long",0.132705809495605,0.748374942028943,NA,0.694425675122666,"localGP"
"7690",32,2,5,8,61.7105758678251,75.2199907218667,"Smooth","Max. Reward Condition",40,"1",9,1,94,249,"Long",0.132705809495605,0.748374942028943,NA,0.694425675122666,"localGP"
"7691",32,3,4,8,60.4776805465143,75.2199907218667,"Smooth","Max. Reward Condition",40,"1",9,1,93,249,"Long",0.132705809495605,0.748374942028943,NA,0.694425675122666,"localGP"
"7692",32,4,4,9,76.5336766063453,76.5336766063453,"Smooth","Max. Reward Condition",40,"1",9,1,104,249,"Long",0.132705809495605,0.748374942028943,NA,0.694425675122666,"localGP"
"7693",32,5,3,9,63.3340745487714,76.5336766063453,"Smooth","Max. Reward Condition",40,"1",9,2,103,249,"Long",0.132705809495605,0.748374942028943,NA,0.694425675122666,"localGP"
"7694",32,6,2,9,51.5479444865926,76.5336766063453,"Smooth","Max. Reward Condition",40,"1",9,1,102,249,"Long",0.132705809495605,0.748374942028943,NA,0.694425675122666,"localGP"
"7695",32,7,1,9,56.0236308128228,76.5336766063453,"Smooth","Max. Reward Condition",40,"1",9,1,101,249,"Long",0.132705809495605,0.748374942028943,NA,0.694425675122666,"localGP"
"7696",32,8,1,10,50.2356022974188,76.5336766063453,"Smooth","Max. Reward Condition",40,"1",9,2,112,249,"Long",0.132705809495605,0.748374942028943,NA,0.694425675122666,"localGP"
"7697",32,9,0,10,40.1320586753249,76.5336766063453,"Smooth","Max. Reward Condition",40,"1",9,2,111,249,"Long",0.132705809495605,0.748374942028943,NA,0.694425675122666,"localGP"
"7698",32,10,0,9,58.8852993976115,76.5336766063453,"Smooth","Max. Reward Condition",40,"1",9,1,100,249,"Long",0.132705809495605,0.748374942028943,NA,0.694425675122666,"localGP"
"7699",32,11,0,8,46.0959126703329,76.5336766063453,"Smooth","Max. Reward Condition",40,"1",9,1,89,249,"Long",0.132705809495605,0.748374942028943,NA,0.694425675122666,"localGP"
"7700",32,12,4,4,44.1531168030834,76.5336766063453,"Smooth","Max. Reward Condition",40,"1",9,2,49,249,"Long",0.132705809495605,0.748374942028943,NA,0.694425675122666,"localGP"
"7701",32,13,4,3,30.449935821985,76.5336766063453,"Smooth","Max. Reward Condition",40,"1",9,1,38,249,"Long",0.132705809495605,0.748374942028943,NA,0.694425675122666,"localGP"
"7702",32,14,4,2,55.6576112274651,76.5336766063453,"Smooth","Max. Reward Condition",40,"1",9,2,27,249,"Long",0.132705809495605,0.748374942028943,NA,0.694425675122666,"localGP"
"7703",32,15,3,2,59.8826476253747,76.5336766063453,"Smooth","Max. Reward Condition",40,"1",9,1,26,249,"Long",0.132705809495605,0.748374942028943,NA,0.694425675122666,"localGP"
"7704",32,16,2,2,29.9562633330357,76.5336766063453,"Smooth","Max. Reward Condition",40,"1",9,2,25,249,"Long",0.132705809495605,0.748374942028943,NA,0.694425675122666,"localGP"
"7705",32,17,1,2,36.7054218908071,76.5336766063453,"Smooth","Max. Reward Condition",40,"1",9,1,24,249,"Long",0.132705809495605,0.748374942028943,NA,0.694425675122666,"localGP"
"7706",32,18,4,1,66.1540959055095,76.5336766063453,"Smooth","Max. Reward Condition",40,"1",9,2,16,249,"Long",0.132705809495605,0.748374942028943,NA,0.694425675122666,"localGP"
"7707",32,19,9,5,32.4681463140711,76.5336766063453,"Smooth","Max. Reward Condition",40,"1",9,1,65,249,"Long",0.132705809495605,0.748374942028943,NA,0.694425675122666,"localGP"
"7708",32,20,9,6,26.8828036594209,76.5336766063453,"Smooth","Max. Reward Condition",40,"1",9,1,76,249,"Long",0.132705809495605,0.748374942028943,NA,0.694425675122666,"localGP"
"7709",32,21,10,5,57.8728197854694,76.5336766063453,"Smooth","Max. Reward Condition",40,"1",9,1,66,249,"Long",0.132705809495605,0.748374942028943,NA,0.694425675122666,"localGP"
"7710",32,22,10,4,62.6723256804465,76.5336766063453,"Smooth","Max. Reward Condition",40,"1",9,1,55,249,"Long",0.132705809495605,0.748374942028943,NA,0.694425675122666,"localGP"
"7711",32,23,10,3,28.0037204765752,76.5336766063453,"Smooth","Max. Reward Condition",40,"1",9,2,44,249,"Long",0.132705809495605,0.748374942028943,NA,0.694425675122666,"localGP"
"7712",32,24,6,6,30.335879587278,76.5336766063453,"Smooth","Max. Reward Condition",40,"1",9,1,73,249,"Long",0.132705809495605,0.748374942028943,NA,0.694425675122666,"localGP"
"7713",32,25,5,4,31.7569987981429,76.5336766063453,"Smooth","Max. Reward Condition",40,"1",9,2,50,249,"Long",0.132705809495605,0.748374942028943,NA,0.694425675122666,"localGP"
"7714",32,26,5,3,31.7363408535339,76.5336766063453,"Smooth","Max. Reward Condition",40,"1",9,2,39,249,"Long",0.132705809495605,0.748374942028943,NA,0.694425675122666,"localGP"
"7715",32,27,8,7,42.1666103712664,76.5336766063453,"Smooth","Max. Reward Condition",40,"1",9,1,86,249,"Long",0.132705809495605,0.748374942028943,NA,0.694425675122666,"localGP"
"7716",32,28,9,7,82.8870600418845,82.8870600418845,"Smooth","Max. Reward Condition",40,"1",9,2,87,249,"Long",0.132705809495605,0.748374942028943,NA,0.694425675122666,"localGP"
"7717",32,29,9,8,100,100,"Smooth","Max. Reward Condition",40,"1",9,1,98,249,"Long",0.132705809495605,0.748374942028943,NA,0.694425675122666,"localGP"
"7718",32,30,8,8,67.1128582001085,100,"Smooth","Max. Reward Condition",40,"1",9,2,97,249,"Long",0.132705809495605,0.748374942028943,NA,0.694425675122666,"localGP"
"7719",32,31,7,8,48.5069548575254,100,"Smooth","Max. Reward Condition",40,"1",9,3,96,249,"Long",0.132705809495605,0.748374942028943,NA,0.694425675122666,"localGP"
"7720",32,32,7,9,69.1316756663671,100,"Smooth","Max. Reward Condition",40,"1",9,6,107,249,"Long",0.132705809495605,0.748374942028943,NA,0.694425675122666,"localGP"
"7721",32,33,5,7,31.1556847928287,100,"Smooth","Max. Reward Condition",40,"1",9,1,83,249,"Long",0.132705809495605,0.748374942028943,NA,0.694425675122666,"localGP"
"7722",32,34,6,8,47.3250412535165,100,"Smooth","Max. Reward Condition",40,"1",9,8,95,249,"Long",0.132705809495605,0.748374942028943,NA,0.694425675122666,"localGP"
"7723",32,35,8,5,0,100,"Smooth","Max. Reward Condition",40,"1",9,3,64,249,"Long",0.132705809495605,0.748374942028943,NA,0.694425675122666,"localGP"
"7724",32,36,2,0,46.5810288004854,100,"Smooth","Max. Reward Condition",40,"1",9,8,3,249,"Long",0.132705809495605,0.748374942028943,NA,0.694425675122666,"localGP"
"7725",32,37,3,4,44.2234113272728,100,"Smooth","Max. Reward Condition",40,"1",9,1,48,249,"Long",0.132705809495605,0.748374942028943,NA,0.694425675122666,"localGP"
"7726",32,38,9,0,18.5206183987232,100,"Smooth","Max. Reward Condition",40,"1",9,1,10,249,"Long",0.132705809495605,0.748374942028943,NA,0.694425675122666,"localGP"
"7727",32,39,5,0,63.7023993468335,100,"Smooth","Max. Reward Condition",40,"1",9,1,6,249,"Long",0.132705809495605,0.748374942028943,NA,0.694425675122666,"localGP"
"7728",32,40,1,1,49.8229804022981,100,"Smooth","Max. Reward Condition",40,"1",9,1,13,249,"Long",0.132705809495605,0.748374942028943,NA,0.694425675122666,"localGP"
"7729",32,41,1,0,83.523634481826,100,"Smooth","Max. Reward Condition",40,"1",9,1,2,249,"Long",0.132705809495605,0.748374942028943,NA,0.694425675122666,"localGP"
"7730",32,1,2,3,44.0669303004105,44.0669303004105,"Smooth","Max. Reward Condition",20,"2",16,NA,36,250,"Short",0.0855932593736552,0.882011110090225,NA,0.496251277512867,"localGP"
"7731",32,2,3,2,83.8378126303431,83.8378126303431,"Smooth","Max. Reward Condition",20,"2",16,1,26,250,"Short",0.0855932593736552,0.882011110090225,NA,0.496251277512867,"localGP"
"7732",32,3,3,1,15.9471132222675,83.8378126303431,"Smooth","Max. Reward Condition",20,"2",16,1,15,250,"Short",0.0855932593736552,0.882011110090225,NA,0.496251277512867,"localGP"
"7733",32,4,4,1,0,83.8378126303431,"Smooth","Max. Reward Condition",20,"2",16,1,16,250,"Short",0.0855932593736552,0.882011110090225,NA,0.496251277512867,"localGP"
"7734",32,5,4,2,29.6795865237045,83.8378126303431,"Smooth","Max. Reward Condition",20,"2",16,2,27,250,"Short",0.0855932593736552,0.882011110090225,NA,0.496251277512867,"localGP"
"7735",32,6,3,5,75.0250883463196,83.8378126303431,"Smooth","Max. Reward Condition",20,"2",16,1,59,250,"Short",0.0855932593736552,0.882011110090225,NA,0.496251277512867,"localGP"
"7736",32,7,3,6,61.712476104061,83.8378126303431,"Smooth","Max. Reward Condition",20,"2",16,1,70,250,"Short",0.0855932593736552,0.882011110090225,NA,0.496251277512867,"localGP"
"7737",32,8,2,6,31.1551855737256,83.8378126303431,"Smooth","Max. Reward Condition",20,"2",16,1,69,250,"Short",0.0855932593736552,0.882011110090225,NA,0.496251277512867,"localGP"
"7738",32,9,1,6,12.6436681000289,83.8378126303431,"Smooth","Max. Reward Condition",20,"2",16,1,68,250,"Short",0.0855932593736552,0.882011110090225,NA,0.496251277512867,"localGP"
"7739",32,10,7,8,21.7601105267846,83.8378126303431,"Smooth","Max. Reward Condition",20,"2",16,2,96,250,"Short",0.0855932593736552,0.882011110090225,NA,0.496251277512867,"localGP"
"7740",32,11,4,7,38.4038441768744,83.8378126303431,"Smooth","Max. Reward Condition",20,"2",16,3,82,250,"Short",0.0855932593736552,0.882011110090225,NA,0.496251277512867,"localGP"
"7741",32,12,4,6,48.5193217731592,83.8378126303431,"Smooth","Max. Reward Condition",20,"2",16,1,71,250,"Short",0.0855932593736552,0.882011110090225,NA,0.496251277512867,"localGP"
"7742",32,13,7,3,32.8647798695032,83.8378126303431,"Smooth","Max. Reward Condition",20,"2",16,1,41,250,"Short",0.0855932593736552,0.882011110090225,NA,0.496251277512867,"localGP"
"7743",32,14,7,5,45.3166315681639,83.8378126303431,"Smooth","Max. Reward Condition",20,"2",16,3,63,250,"Short",0.0855932593736552,0.882011110090225,NA,0.496251277512867,"localGP"
"7744",32,15,7,1,57.8916852099034,83.8378126303431,"Smooth","Max. Reward Condition",20,"2",16,1,19,250,"Short",0.0855932593736552,0.882011110090225,NA,0.496251277512867,"localGP"
"7745",32,16,8,1,52.8904958122933,83.8378126303431,"Smooth","Max. Reward Condition",20,"2",16,1,20,250,"Short",0.0855932593736552,0.882011110090225,NA,0.496251277512867,"localGP"
"7746",32,17,8,2,32.4684678328566,83.8378126303431,"Smooth","Max. Reward Condition",20,"2",16,1,31,250,"Short",0.0855932593736552,0.882011110090225,NA,0.496251277512867,"localGP"
"7747",32,18,6,0,47.7737474629067,83.8378126303431,"Smooth","Max. Reward Condition",20,"2",16,1,7,250,"Short",0.0855932593736552,0.882011110090225,NA,0.496251277512867,"localGP"
"7748",32,19,8,0,40.9698985324636,83.8378126303431,"Smooth","Max. Reward Condition",20,"2",16,1,9,250,"Short",0.0855932593736552,0.882011110090225,NA,0.496251277512867,"localGP"
"7749",32,20,6,7,11.109165355926,83.8378126303431,"Smooth","Max. Reward Condition",20,"2",16,1,84,250,"Short",0.0855932593736552,0.882011110090225,NA,0.496251277512867,"localGP"
"7750",32,21,8,0,40.9698985324636,83.8378126303431,"Smooth","Max. Reward Condition",20,"2",16,1,9,250,"Short",0.0855932593736552,0.882011110090225,NA,0.496251277512867,"localGP"
"7751",32,1,1,9,53.5085652345681,53.5085652345681,"Smooth","Max. Reward Condition",40,"3",10,NA,101,251,"Long",0.116236425822751,0.803703488258003,NA,0.644628088790244,"localGP"
"7752",32,2,2,7,63.6213705397212,63.6213705397212,"Smooth","Max. Reward Condition",40,"3",10,1,80,251,"Long",0.116236425822751,0.803703488258003,NA,0.644628088790244,"localGP"
"7753",32,3,6,10,22.6054443345279,63.6213705397212,"Smooth","Max. Reward Condition",40,"3",10,1,117,251,"Long",0.116236425822751,0.803703488258003,NA,0.644628088790244,"localGP"
"7754",32,4,3,10,16.8706552626844,63.6213705397212,"Smooth","Max. Reward Condition",40,"3",10,2,114,251,"Long",0.116236425822751,0.803703488258003,NA,0.644628088790244,"localGP"
"7755",32,5,3,6,70.1588765725944,70.1588765725944,"Smooth","Max. Reward Condition",40,"3",10,3,70,251,"Long",0.116236425822751,0.803703488258003,NA,0.644628088790244,"localGP"
"7756",32,6,3,5,55.1289621064368,70.1588765725944,"Smooth","Max. Reward Condition",40,"3",10,2,59,251,"Long",0.116236425822751,0.803703488258003,NA,0.644628088790244,"localGP"
"7757",32,7,4,7,40.2484782792363,70.1588765725944,"Smooth","Max. Reward Condition",40,"3",10,4,82,251,"Long",0.116236425822751,0.803703488258003,NA,0.644628088790244,"localGP"
"7758",32,8,5,8,39.6481933267656,70.1588765725944,"Smooth","Max. Reward Condition",40,"3",10,6,94,251,"Long",0.116236425822751,0.803703488258003,NA,0.644628088790244,"localGP"
"7759",32,9,7,8,53.3553084137589,70.1588765725944,"Smooth","Max. Reward Condition",40,"3",10,2,96,251,"Long",0.116236425822751,0.803703488258003,NA,0.644628088790244,"localGP"
"7760",32,10,7,7,61.8738453443511,70.1588765725944,"Smooth","Max. Reward Condition",40,"3",10,2,85,251,"Long",0.116236425822751,0.803703488258003,NA,0.644628088790244,"localGP"
"7761",32,11,10,7,43.8260552442827,70.1588765725944,"Smooth","Max. Reward Condition",40,"3",10,1,88,251,"Long",0.116236425822751,0.803703488258003,NA,0.644628088790244,"localGP"
"7762",32,12,9,7,41.3205468789902,70.1588765725944,"Smooth","Max. Reward Condition",40,"3",10,8,87,251,"Long",0.116236425822751,0.803703488258003,NA,0.644628088790244,"localGP"
"7763",32,13,3,0,32.200389023984,70.1588765725944,"Smooth","Max. Reward Condition",40,"3",10,10,4,251,"Long",0.116236425822751,0.803703488258003,NA,0.644628088790244,"localGP"
"7764",32,14,4,0,53.850860567956,70.1588765725944,"Smooth","Max. Reward Condition",40,"3",10,2,5,251,"Long",0.116236425822751,0.803703488258003,NA,0.644628088790244,"localGP"
"7765",32,15,4,1,57.1643827547163,70.1588765725944,"Smooth","Max. Reward Condition",40,"3",10,2,16,251,"Long",0.116236425822751,0.803703488258003,NA,0.644628088790244,"localGP"
"7766",32,16,5,1,61.2403460186364,70.1588765725944,"Smooth","Max. Reward Condition",40,"3",10,2,17,251,"Long",0.116236425822751,0.803703488258003,NA,0.644628088790244,"localGP"
"7767",32,17,5,10,31.2358509644788,70.1588765725944,"Smooth","Max. Reward Condition",40,"3",10,2,116,251,"Long",0.116236425822751,0.803703488258003,NA,0.644628088790244,"localGP"
"7768",32,18,0,2,68.7680082177569,70.1588765725944,"Smooth","Max. Reward Condition",40,"3",10,1,23,251,"Long",0.116236425822751,0.803703488258003,NA,0.644628088790244,"localGP"
"7769",32,19,1,2,60.3864830545494,70.1588765725944,"Smooth","Max. Reward Condition",40,"3",10,1,24,251,"Long",0.116236425822751,0.803703488258003,NA,0.644628088790244,"localGP"
"7770",32,20,1,3,55.7844556265517,70.1588765725944,"Smooth","Max. Reward Condition",40,"3",10,1,35,251,"Long",0.116236425822751,0.803703488258003,NA,0.644628088790244,"localGP"
"7771",32,21,5,2,78.8586431174006,78.8586431174006,"Smooth","Max. Reward Condition",40,"3",10,1,28,251,"Long",0.116236425822751,0.803703488258003,NA,0.644628088790244,"localGP"
"7772",32,22,10,0,84.6666987950257,84.6666987950257,"Smooth","Max. Reward Condition",40,"3",10,5,11,251,"Long",0.116236425822751,0.803703488258003,NA,0.644628088790244,"localGP"
"7773",32,23,1,5,31.2671140536522,84.6666987950257,"Smooth","Max. Reward Condition",40,"3",10,1,57,251,"Long",0.116236425822751,0.803703488258003,NA,0.644628088790244,"localGP"
"7774",32,24,3,8,54.1275167425475,84.6666987950257,"Smooth","Max. Reward Condition",40,"3",10,3,92,251,"Long",0.116236425822751,0.803703488258003,NA,0.644628088790244,"localGP"
"7775",32,25,3,6,70.1588765725944,84.6666987950257,"Smooth","Max. Reward Condition",40,"3",10,2,70,251,"Long",0.116236425822751,0.803703488258003,NA,0.644628088790244,"localGP"
"7776",32,26,5,6,44.3936408013236,84.6666987950257,"Smooth","Max. Reward Condition",40,"3",10,1,72,251,"Long",0.116236425822751,0.803703488258003,NA,0.644628088790244,"localGP"
"7777",32,27,6,6,43.5674810058941,84.6666987950257,"Smooth","Max. Reward Condition",40,"3",10,1,73,251,"Long",0.116236425822751,0.803703488258003,NA,0.644628088790244,"localGP"
"7778",32,28,6,7,77.6383685039549,84.6666987950257,"Smooth","Max. Reward Condition",40,"3",10,2,84,251,"Long",0.116236425822751,0.803703488258003,NA,0.644628088790244,"localGP"
"7779",32,29,6,8,69.1708615458563,84.6666987950257,"Smooth","Max. Reward Condition",40,"3",10,1,95,251,"Long",0.116236425822751,0.803703488258003,NA,0.644628088790244,"localGP"
"7780",32,30,6,9,48.7652106612823,84.6666987950257,"Smooth","Max. Reward Condition",40,"3",10,6,106,251,"Long",0.116236425822751,0.803703488258003,NA,0.644628088790244,"localGP"
"7781",32,31,9,10,42.4594754153395,84.6666987950257,"Smooth","Max. Reward Condition",40,"3",10,1,120,251,"Long",0.116236425822751,0.803703488258003,NA,0.644628088790244,"localGP"
"7782",32,32,10,10,45.7586464060383,84.6666987950257,"Smooth","Max. Reward Condition",40,"3",10,5,121,251,"Long",0.116236425822751,0.803703488258003,NA,0.644628088790244,"localGP"
"7783",32,33,10,9,28.3067992353855,84.6666987950257,"Smooth","Max. Reward Condition",40,"3",10,1,110,251,"Long",0.116236425822751,0.803703488258003,NA,0.644628088790244,"localGP"
"7784",32,34,2,3,100,100,"Smooth","Max. Reward Condition",40,"3",10,6,36,251,"Long",0.116236425822751,0.803703488258003,NA,0.644628088790244,"localGP"
"7785",32,35,2,4,68.2811565221098,100,"Smooth","Max. Reward Condition",40,"3",10,11,47,251,"Long",0.116236425822751,0.803703488258003,NA,0.644628088790244,"localGP"
"7786",32,36,10,1,53.7965897663895,100,"Smooth","Max. Reward Condition",40,"3",10,1,22,251,"Long",0.116236425822751,0.803703488258003,NA,0.644628088790244,"localGP"
"7787",32,37,10,3,42.1645192614556,100,"Smooth","Max. Reward Condition",40,"3",10,2,44,251,"Long",0.116236425822751,0.803703488258003,NA,0.644628088790244,"localGP"
"7788",32,38,10,4,38.6013750106334,100,"Smooth","Max. Reward Condition",40,"3",10,2,55,251,"Long",0.116236425822751,0.803703488258003,NA,0.644628088790244,"localGP"
"7789",32,39,10,5,57.9008365209864,100,"Smooth","Max. Reward Condition",40,"3",10,1,66,251,"Long",0.116236425822751,0.803703488258003,NA,0.644628088790244,"localGP"
"7790",32,40,9,5,33.9547418705907,100,"Smooth","Max. Reward Condition",40,"3",10,2,65,251,"Long",0.116236425822751,0.803703488258003,NA,0.644628088790244,"localGP"
"7791",32,41,6,8,69.1708615458563,100,"Smooth","Max. Reward Condition",40,"3",10,2,95,251,"Long",0.116236425822751,0.803703488258003,NA,0.644628088790244,"localGP"
"7792",32,1,7,0,94.4174730147353,94.4174730147353,"Smooth","Max. Reward Condition",20,"4",6,NA,8,252,"Short",0.0907851659663543,0.767952349996379,NA,0.568062007209115,"localGP"
"7793",32,2,7,1,83.5475141176989,94.4174730147353,"Smooth","Max. Reward Condition",20,"4",6,17,19,252,"Short",0.0907851659663543,0.767952349996379,NA,0.568062007209115,"localGP"
"7794",32,3,6,1,58.9505924012191,94.4174730147353,"Smooth","Max. Reward Condition",20,"4",6,2,18,252,"Short",0.0907851659663543,0.767952349996379,NA,0.568062007209115,"localGP"
"7795",32,4,5,1,54.7135189925466,94.4174730147353,"Smooth","Max. Reward Condition",20,"4",6,2,17,252,"Short",0.0907851659663543,0.767952349996379,NA,0.568062007209115,"localGP"
"7796",32,5,5,2,26.5214537157222,94.4174730147353,"Smooth","Max. Reward Condition",20,"4",6,2,28,252,"Short",0.0907851659663543,0.767952349996379,NA,0.568062007209115,"localGP"
"7797",32,6,3,4,19.5910841909591,94.4174730147353,"Smooth","Max. Reward Condition",20,"4",6,2,48,252,"Short",0.0907851659663543,0.767952349996379,NA,0.568062007209115,"localGP"
"7798",32,7,4,4,24.8082015539781,94.4174730147353,"Smooth","Max. Reward Condition",20,"4",6,4,49,252,"Short",0.0907851659663543,0.767952349996379,NA,0.568062007209115,"localGP"
"7799",32,8,4,2,29.5493469848231,94.4174730147353,"Smooth","Max. Reward Condition",20,"4",6,3,27,252,"Short",0.0907851659663543,0.767952349996379,NA,0.568062007209115,"localGP"
"7800",32,9,4,0,55.5674013625867,94.4174730147353,"Smooth","Max. Reward Condition",20,"4",6,9,5,252,"Short",0.0907851659663543,0.767952349996379,NA,0.568062007209115,"localGP"
"7801",32,10,3,0,63.3554027374264,94.4174730147353,"Smooth","Max. Reward Condition",20,"4",6,2,4,252,"Short",0.0907851659663543,0.767952349996379,NA,0.568062007209115,"localGP"
"7802",32,11,1,4,80.1452331951454,94.4174730147353,"Smooth","Max. Reward Condition",20,"4",6,2,46,252,"Short",0.0907851659663543,0.767952349996379,NA,0.568062007209115,"localGP"
"7803",32,12,0,4,74.8791108715427,94.4174730147353,"Smooth","Max. Reward Condition",20,"4",6,1,45,252,"Short",0.0907851659663543,0.767952349996379,NA,0.568062007209115,"localGP"
"7804",32,13,0,5,85.1317086337792,94.4174730147353,"Smooth","Max. Reward Condition",20,"4",6,1,56,252,"Short",0.0907851659663543,0.767952349996379,NA,0.568062007209115,"localGP"
"7805",32,14,0,5,85.1317086337792,94.4174730147353,"Smooth","Max. Reward Condition",20,"4",6,1,56,252,"Short",0.0907851659663543,0.767952349996379,NA,0.568062007209115,"localGP"
"7806",32,15,0,6,46.0544782889019,94.4174730147353,"Smooth","Max. Reward Condition",20,"4",6,2,67,252,"Short",0.0907851659663543,0.767952349996379,NA,0.568062007209115,"localGP"
"7807",32,16,6,2,37.1794683639589,94.4174730147353,"Smooth","Max. Reward Condition",20,"4",6,1,29,252,"Short",0.0907851659663543,0.767952349996379,NA,0.568062007209115,"localGP"
"7808",32,17,3,1,50.2100304142553,94.4174730147353,"Smooth","Max. Reward Condition",20,"4",6,2,15,252,"Short",0.0907851659663543,0.767952349996379,NA,0.568062007209115,"localGP"
"7809",32,18,3,6,26.5559672712073,94.4174730147353,"Smooth","Max. Reward Condition",20,"4",6,1,70,252,"Short",0.0907851659663543,0.767952349996379,NA,0.568062007209115,"localGP"
"7810",32,19,2,7,22.5684927641823,94.4174730147353,"Smooth","Max. Reward Condition",20,"4",6,1,80,252,"Short",0.0907851659663543,0.767952349996379,NA,0.568062007209115,"localGP"
"7811",32,20,5,7,40.6549349788525,94.4174730147353,"Smooth","Max. Reward Condition",20,"4",6,5,83,252,"Short",0.0907851659663543,0.767952349996379,NA,0.568062007209115,"localGP"
"7812",32,21,6,7,25.9195869145275,94.4174730147353,"Smooth","Max. Reward Condition",20,"4",6,2,84,252,"Short",0.0907851659663543,0.767952349996379,NA,0.568062007209115,"localGP"
"7813",32,1,9,6,44.7930308508045,44.7930308508045,"Smooth","Max. Reward Condition",40,"5",3,NA,76,253,"Long",0.131310279337094,0.786700172604139,NA,0.710728120351046,"localGP"
"7814",32,2,9,5,55.8126955341154,55.8126955341154,"Smooth","Max. Reward Condition",40,"5",3,1,65,253,"Long",0.131310279337094,0.786700172604139,NA,0.710728120351046,"localGP"
"7815",32,3,8,5,39.6478380945369,55.8126955341154,"Smooth","Max. Reward Condition",40,"5",3,1,64,253,"Long",0.131310279337094,0.786700172604139,NA,0.710728120351046,"localGP"
"7816",32,4,9,5,55.8126955341154,55.8126955341154,"Smooth","Max. Reward Condition",40,"5",3,1,65,253,"Long",0.131310279337094,0.786700172604139,NA,0.710728120351046,"localGP"
"7817",32,5,10,5,66.5733513621972,66.5733513621972,"Smooth","Max. Reward Condition",40,"5",3,2,66,253,"Long",0.131310279337094,0.786700172604139,NA,0.710728120351046,"localGP"
"7818",32,6,10,4,55.8295029198289,66.5733513621972,"Smooth","Max. Reward Condition",40,"5",3,1,55,253,"Long",0.131310279337094,0.786700172604139,NA,0.710728120351046,"localGP"
"7819",32,7,10,3,43.0975597606831,66.5733513621972,"Smooth","Max. Reward Condition",40,"5",3,2,44,253,"Long",0.131310279337094,0.786700172604139,NA,0.710728120351046,"localGP"
"7820",32,8,9,3,32.6557513762686,66.5733513621972,"Smooth","Max. Reward Condition",40,"5",3,3,43,253,"Long",0.131310279337094,0.786700172604139,NA,0.710728120351046,"localGP"
"7821",32,9,9,4,46.930643246426,66.5733513621972,"Smooth","Max. Reward Condition",40,"5",3,1,54,253,"Long",0.131310279337094,0.786700172604139,NA,0.710728120351046,"localGP"
"7822",32,10,2,0,30.4119730955053,66.5733513621972,"Smooth","Max. Reward Condition",40,"5",3,2,3,253,"Long",0.131310279337094,0.786700172604139,NA,0.710728120351046,"localGP"
"7823",32,11,1,0,14.462063322547,66.5733513621972,"Smooth","Max. Reward Condition",40,"5",3,2,2,253,"Long",0.131310279337094,0.786700172604139,NA,0.710728120351046,"localGP"
"7824",32,12,3,0,54.3215308277362,66.5733513621972,"Smooth","Max. Reward Condition",40,"5",3,4,4,253,"Long",0.131310279337094,0.786700172604139,NA,0.710728120351046,"localGP"
"7825",32,13,10,0,39.4294452948652,66.5733513621972,"Smooth","Max. Reward Condition",40,"5",3,1,11,253,"Long",0.131310279337094,0.786700172604139,NA,0.710728120351046,"localGP"
"7826",32,14,9,1,28.641219902717,66.5733513621972,"Smooth","Max. Reward Condition",40,"5",3,6,21,253,"Long",0.131310279337094,0.786700172604139,NA,0.710728120351046,"localGP"
"7827",32,15,8,1,44.8716015513811,66.5733513621972,"Smooth","Max. Reward Condition",40,"5",3,4,20,253,"Long",0.131310279337094,0.786700172604139,NA,0.710728120351046,"localGP"
"7828",32,16,10,1,38.6271450157014,66.5733513621972,"Smooth","Max. Reward Condition",40,"5",3,5,22,253,"Long",0.131310279337094,0.786700172604139,NA,0.710728120351046,"localGP"
"7829",32,17,10,2,54.7529878122934,66.5733513621972,"Smooth","Max. Reward Condition",40,"5",3,1,33,253,"Long",0.131310279337094,0.786700172604139,NA,0.710728120351046,"localGP"
"7830",32,18,10,0,39.4294452948652,66.5733513621972,"Smooth","Max. Reward Condition",40,"5",3,2,11,253,"Long",0.131310279337094,0.786700172604139,NA,0.710728120351046,"localGP"
"7831",32,19,5,8,64.8105739200729,66.5733513621972,"Smooth","Max. Reward Condition",40,"5",3,2,94,253,"Long",0.131310279337094,0.786700172604139,NA,0.710728120351046,"localGP"
"7832",32,20,5,9,48.3044171595969,66.5733513621972,"Smooth","Max. Reward Condition",40,"5",3,3,105,253,"Long",0.131310279337094,0.786700172604139,NA,0.710728120351046,"localGP"
"7833",32,21,4,9,39.9254255955642,66.5733513621972,"Smooth","Max. Reward Condition",40,"5",3,9,104,253,"Long",0.131310279337094,0.786700172604139,NA,0.710728120351046,"localGP"
"7834",32,22,8,6,39.3548348521366,66.5733513621972,"Smooth","Max. Reward Condition",40,"5",3,2,75,253,"Long",0.131310279337094,0.786700172604139,NA,0.710728120351046,"localGP"
"7835",32,23,7,6,45.7319528653263,66.5733513621972,"Smooth","Max. Reward Condition",40,"5",3,1,74,253,"Long",0.131310279337094,0.786700172604139,NA,0.710728120351046,"localGP"
"7836",32,24,7,3,65.2894287443007,66.5733513621972,"Smooth","Max. Reward Condition",40,"5",3,1,41,253,"Long",0.131310279337094,0.786700172604139,NA,0.710728120351046,"localGP"
"7837",32,25,6,3,72.3648366559739,72.3648366559739,"Smooth","Max. Reward Condition",40,"5",3,1,40,253,"Long",0.131310279337094,0.786700172604139,NA,0.710728120351046,"localGP"
"7838",32,26,3,9,34.2308196007598,72.3648366559739,"Smooth","Max. Reward Condition",40,"5",3,1,103,253,"Long",0.131310279337094,0.786700172604139,NA,0.710728120351046,"localGP"
"7839",32,27,3,8,33.5669254612635,72.3648366559739,"Smooth","Max. Reward Condition",40,"5",3,1,92,253,"Long",0.131310279337094,0.786700172604139,NA,0.710728120351046,"localGP"
"7840",32,28,1,8,25.0569515805629,72.3648366559739,"Smooth","Max. Reward Condition",40,"5",3,1,90,253,"Long",0.131310279337094,0.786700172604139,NA,0.710728120351046,"localGP"
"7841",32,29,8,7,70.5152140178525,72.3648366559739,"Smooth","Max. Reward Condition",40,"5",3,5,86,253,"Long",0.131310279337094,0.786700172604139,NA,0.710728120351046,"localGP"
"7842",32,30,9,7,49.674641221052,72.3648366559739,"Smooth","Max. Reward Condition",40,"5",3,1,87,253,"Long",0.131310279337094,0.786700172604139,NA,0.710728120351046,"localGP"
"7843",32,31,7,8,100,100,"Smooth","Max. Reward Condition",40,"5",3,1,96,253,"Long",0.131310279337094,0.786700172604139,NA,0.710728120351046,"localGP"
"7844",32,32,2,6,23.2904809961193,100,"Smooth","Max. Reward Condition",40,"5",3,1,69,253,"Long",0.131310279337094,0.786700172604139,NA,0.710728120351046,"localGP"
"7845",32,33,3,4,49.3373531062478,100,"Smooth","Max. Reward Condition",40,"5",3,2,48,253,"Long",0.131310279337094,0.786700172604139,NA,0.710728120351046,"localGP"
"7846",32,34,4,3,48.5897341820255,100,"Smooth","Max. Reward Condition",40,"5",3,1,38,253,"Long",0.131310279337094,0.786700172604139,NA,0.710728120351046,"localGP"
"7847",32,35,7,1,45.1385973531357,100,"Smooth","Max. Reward Condition",40,"5",3,1,19,253,"Long",0.131310279337094,0.786700172604139,NA,0.710728120351046,"localGP"
"7848",32,36,7,2,63.8501760294012,100,"Smooth","Max. Reward Condition",40,"5",3,1,30,253,"Long",0.131310279337094,0.786700172604139,NA,0.710728120351046,"localGP"
"7849",32,37,5,2,41.5069107029267,100,"Smooth","Max. Reward Condition",40,"5",3,6,28,253,"Long",0.131310279337094,0.786700172604139,NA,0.710728120351046,"localGP"
"7850",32,38,5,1,10.7719922717038,100,"Smooth","Max. Reward Condition",40,"5",3,1,17,253,"Long",0.131310279337094,0.786700172604139,NA,0.710728120351046,"localGP"
"7851",32,39,5,4,50.7453556763626,100,"Smooth","Max. Reward Condition",40,"5",3,6,50,253,"Long",0.131310279337094,0.786700172604139,NA,0.710728120351046,"localGP"
"7852",32,40,5,5,43.9510730907808,100,"Smooth","Max. Reward Condition",40,"5",3,4,61,253,"Long",0.131310279337094,0.786700172604139,NA,0.710728120351046,"localGP"
"7853",32,41,9,8,71.6014432205771,100,"Smooth","Max. Reward Condition",40,"5",3,2,98,253,"Long",0.131310279337094,0.786700172604139,NA,0.710728120351046,"localGP"
"7854",32,1,4,2,28.5435224430932,28.5435224430932,"Smooth","Max. Reward Condition",20,"6",5,NA,27,254,"Short",0.0951257828767051,0.846234901327828,NA,0.603407213667213,"localGP"
"7855",32,2,5,2,42.3575427746737,42.3575427746737,"Smooth","Max. Reward Condition",20,"6",5,4,28,254,"Short",0.0951257828767051,0.846234901327828,NA,0.603407213667213,"localGP"
"7856",32,3,5,1,65.3608725522841,65.3608725522841,"Smooth","Max. Reward Condition",20,"6",5,2,17,254,"Short",0.0951257828767051,0.846234901327828,NA,0.603407213667213,"localGP"
"7857",32,4,3,8,22.3060524165521,65.3608725522841,"Smooth","Max. Reward Condition",20,"6",5,2,92,254,"Short",0.0951257828767051,0.846234901327828,NA,0.603407213667213,"localGP"
"7858",32,5,1,1,76.3592435056854,76.3592435056854,"Smooth","Max. Reward Condition",20,"6",5,2,13,254,"Short",0.0951257828767051,0.846234901327828,NA,0.603407213667213,"localGP"
"7859",32,6,2,1,65.1261244784447,76.3592435056854,"Smooth","Max. Reward Condition",20,"6",5,3,14,254,"Short",0.0951257828767051,0.846234901327828,NA,0.603407213667213,"localGP"
"7860",32,7,2,0,77.0544773481124,77.0544773481124,"Smooth","Max. Reward Condition",20,"6",5,4,3,254,"Short",0.0951257828767051,0.846234901327828,NA,0.603407213667213,"localGP"
"7861",32,8,1,0,96.5592273768924,96.5592273768924,"Smooth","Max. Reward Condition",20,"6",5,1,2,254,"Short",0.0951257828767051,0.846234901327828,NA,0.603407213667213,"localGP"
"7862",32,9,9,6,62.6880904214702,96.5592273768924,"Smooth","Max. Reward Condition",20,"6",5,1,76,254,"Short",0.0951257828767051,0.846234901327828,NA,0.603407213667213,"localGP"
"7863",32,10,8,6,91.4722545331952,96.5592273768924,"Smooth","Max. Reward Condition",20,"6",5,2,75,254,"Short",0.0951257828767051,0.846234901327828,NA,0.603407213667213,"localGP"
"7864",32,11,8,5,25.922745926598,96.5592273768924,"Smooth","Max. Reward Condition",20,"6",5,2,64,254,"Short",0.0951257828767051,0.846234901327828,NA,0.603407213667213,"localGP"
"7865",32,12,7,6,95.8234728185907,96.5592273768924,"Smooth","Max. Reward Condition",20,"6",5,1,74,254,"Short",0.0951257828767051,0.846234901327828,NA,0.603407213667213,"localGP"
"7866",32,13,7,7,68.4962011684434,96.5592273768924,"Smooth","Max. Reward Condition",20,"6",5,4,85,254,"Short",0.0951257828767051,0.846234901327828,NA,0.603407213667213,"localGP"
"7867",32,14,7,6,95.8234728185907,96.5592273768924,"Smooth","Max. Reward Condition",20,"6",5,2,74,254,"Short",0.0951257828767051,0.846234901327828,NA,0.603407213667213,"localGP"
"7868",32,15,6,6,86.9756652326962,96.5592273768924,"Smooth","Max. Reward Condition",20,"6",5,1,73,254,"Short",0.0951257828767051,0.846234901327828,NA,0.603407213667213,"localGP"
"7869",32,16,5,6,48.862030975187,96.5592273768924,"Smooth","Max. Reward Condition",20,"6",5,2,72,254,"Short",0.0951257828767051,0.846234901327828,NA,0.603407213667213,"localGP"
"7870",32,17,5,7,50.9750480071235,96.5592273768924,"Smooth","Max. Reward Condition",20,"6",5,1,83,254,"Short",0.0951257828767051,0.846234901327828,NA,0.603407213667213,"localGP"
"7871",32,18,6,9,54.6126076443518,96.5592273768924,"Smooth","Max. Reward Condition",20,"6",5,1,106,254,"Short",0.0951257828767051,0.846234901327828,NA,0.603407213667213,"localGP"
"7872",32,19,1,9,34.121650392825,96.5592273768924,"Smooth","Max. Reward Condition",20,"6",5,1,101,254,"Short",0.0951257828767051,0.846234901327828,NA,0.603407213667213,"localGP"
"7873",32,20,2,4,23.662499097667,96.5592273768924,"Smooth","Max. Reward Condition",20,"6",5,1,47,254,"Short",0.0951257828767051,0.846234901327828,NA,0.603407213667213,"localGP"
"7874",32,21,4,1,39.4465578742712,96.5592273768924,"Smooth","Max. Reward Condition",20,"6",5,1,16,254,"Short",0.0951257828767051,0.846234901327828,NA,0.603407213667213,"localGP"
"7875",32,1,3,2,5.15807402836249,5.15807402836249,"Smooth","Max. Reward Condition",40,"7",8,NA,26,255,"Long",0.124296606025961,0.774602220489275,NA,0.684670693395897,"localGP"
"7876",32,2,3,3,52.6628186310928,52.6628186310928,"Smooth","Max. Reward Condition",40,"7",8,1,37,255,"Long",0.124296606025961,0.774602220489275,NA,0.684670693395897,"localGP"
"7877",32,3,4,3,36.7498748726121,52.6628186310928,"Smooth","Max. Reward Condition",40,"7",8,2,38,255,"Long",0.124296606025961,0.774602220489275,NA,0.684670693395897,"localGP"
"7878",32,4,0,1,40.9480065952068,52.6628186310928,"Smooth","Max. Reward Condition",40,"7",8,2,12,255,"Long",0.124296606025961,0.774602220489275,NA,0.684670693395897,"localGP"
"7879",32,5,0,0,35.8309397393345,52.6628186310928,"Smooth","Max. Reward Condition",40,"7",8,11,1,255,"Long",0.124296606025961,0.774602220489275,NA,0.684670693395897,"localGP"
"7880",32,6,9,5,83.9959054519375,83.9959054519375,"Smooth","Max. Reward Condition",40,"7",8,2,65,255,"Long",0.124296606025961,0.774602220489275,NA,0.684670693395897,"localGP"
"7881",32,7,9,6,36.3129176389145,83.9959054519375,"Smooth","Max. Reward Condition",40,"7",8,1,76,255,"Long",0.124296606025961,0.774602220489275,NA,0.684670693395897,"localGP"
"7882",32,8,7,9,36.7741668006705,83.9959054519375,"Smooth","Max. Reward Condition",40,"7",8,2,107,255,"Long",0.124296606025961,0.774602220489275,NA,0.684670693395897,"localGP"
"7883",32,9,7,8,32.7481973120659,83.9959054519375,"Smooth","Max. Reward Condition",40,"7",8,1,96,255,"Long",0.124296606025961,0.774602220489275,NA,0.684670693395897,"localGP"
"7884",32,10,6,9,54.5546785707911,83.9959054519375,"Smooth","Max. Reward Condition",40,"7",8,1,106,255,"Long",0.124296606025961,0.774602220489275,NA,0.684670693395897,"localGP"
"7885",32,11,5,9,44.3361493266823,83.9959054519375,"Smooth","Max. Reward Condition",40,"7",8,2,105,255,"Long",0.124296606025961,0.774602220489275,NA,0.684670693395897,"localGP"
"7886",32,12,1,8,49.7201616143844,83.9959054519375,"Smooth","Max. Reward Condition",40,"7",8,3,90,255,"Long",0.124296606025961,0.774602220489275,NA,0.684670693395897,"localGP"
"7887",32,13,1,10,55.500663546292,83.9959054519375,"Smooth","Max. Reward Condition",40,"7",8,1,112,255,"Long",0.124296606025961,0.774602220489275,NA,0.684670693395897,"localGP"
"7888",32,14,5,10,46.4586554902202,83.9959054519375,"Smooth","Max. Reward Condition",40,"7",8,2,116,255,"Long",0.124296606025961,0.774602220489275,NA,0.684670693395897,"localGP"
"7889",32,15,6,10,32.8333952900599,83.9959054519375,"Smooth","Max. Reward Condition",40,"7",8,11,117,255,"Long",0.124296606025961,0.774602220489275,NA,0.684670693395897,"localGP"
"7890",32,16,8,10,37.5051965448462,83.9959054519375,"Smooth","Max. Reward Condition",40,"7",8,6,119,255,"Long",0.124296606025961,0.774602220489275,NA,0.684670693395897,"localGP"
"7891",32,17,3,7,79.3800074226317,83.9959054519375,"Smooth","Max. Reward Condition",40,"7",8,14,81,255,"Long",0.124296606025961,0.774602220489275,NA,0.684670693395897,"localGP"
"7892",32,18,4,7,87.7929185379322,87.7929185379322,"Smooth","Max. Reward Condition",40,"7",8,2,82,255,"Long",0.124296606025961,0.774602220489275,NA,0.684670693395897,"localGP"
"7893",32,19,4,6,92.5612285235121,92.5612285235121,"Smooth","Max. Reward Condition",40,"7",8,2,71,255,"Long",0.124296606025961,0.774602220489275,NA,0.684670693395897,"localGP"
"7894",32,20,3,6,92.3422522413602,92.5612285235121,"Smooth","Max. Reward Condition",40,"7",8,1,70,255,"Long",0.124296606025961,0.774602220489275,NA,0.684670693395897,"localGP"
"7895",32,21,3,5,100,100,"Smooth","Max. Reward Condition",40,"7",8,1,59,255,"Long",0.124296606025961,0.774602220489275,NA,0.684670693395897,"localGP"
"7896",32,22,2,5,73.2302297303204,100,"Smooth","Max. Reward Condition",40,"7",8,1,58,255,"Long",0.124296606025961,0.774602220489275,NA,0.684670693395897,"localGP"
"7897",32,23,1,5,69.9793335818367,100,"Smooth","Max. Reward Condition",40,"7",8,2,57,255,"Long",0.124296606025961,0.774602220489275,NA,0.684670693395897,"localGP"
"7898",32,24,1,6,47.1009153774724,100,"Smooth","Max. Reward Condition",40,"7",8,1,68,255,"Long",0.124296606025961,0.774602220489275,NA,0.684670693395897,"localGP"
"7899",32,25,5,7,35.7264911415369,100,"Smooth","Max. Reward Condition",40,"7",8,2,83,255,"Long",0.124296606025961,0.774602220489275,NA,0.684670693395897,"localGP"
"7900",32,26,5,6,43.2423959719255,100,"Smooth","Max. Reward Condition",40,"7",8,14,72,255,"Long",0.124296606025961,0.774602220489275,NA,0.684670693395897,"localGP"
"7901",32,27,6,5,20.2602754347386,100,"Smooth","Max. Reward Condition",40,"7",8,1,62,255,"Long",0.124296606025961,0.774602220489275,NA,0.684670693395897,"localGP"
"7902",32,28,6,4,36.4469567949386,100,"Smooth","Max. Reward Condition",40,"7",8,2,51,255,"Long",0.124296606025961,0.774602220489275,NA,0.684670693395897,"localGP"
"7903",32,29,2,10,80.310641709381,100,"Smooth","Max. Reward Condition",40,"7",8,1,113,255,"Long",0.124296606025961,0.774602220489275,NA,0.684670693395897,"localGP"
"7904",32,30,8,2,46.8578212721829,100,"Smooth","Max. Reward Condition",40,"7",8,4,31,255,"Long",0.124296606025961,0.774602220489275,NA,0.684670693395897,"localGP"
"7905",32,31,8,1,44.4324036525511,100,"Smooth","Max. Reward Condition",40,"7",8,5,20,255,"Long",0.124296606025961,0.774602220489275,NA,0.684670693395897,"localGP"
"7906",32,32,6,1,48.2263547700318,100,"Smooth","Max. Reward Condition",40,"7",8,1,18,255,"Long",0.124296606025961,0.774602220489275,NA,0.684670693395897,"localGP"
"7907",32,33,5,1,43.6190773335881,100,"Smooth","Max. Reward Condition",40,"7",8,4,17,255,"Long",0.124296606025961,0.774602220489275,NA,0.684670693395897,"localGP"
"7908",32,34,4,3,36.7498748726121,100,"Smooth","Max. Reward Condition",40,"7",8,2,38,255,"Long",0.124296606025961,0.774602220489275,NA,0.684670693395897,"localGP"
"7909",32,35,6,7,17.5184001750244,100,"Smooth","Max. Reward Condition",40,"7",8,4,84,255,"Long",0.124296606025961,0.774602220489275,NA,0.684670693395897,"localGP"
"7910",32,36,6,6,27.1030818308683,100,"Smooth","Max. Reward Condition",40,"7",8,1,73,255,"Long",0.124296606025961,0.774602220489275,NA,0.684670693395897,"localGP"
"7911",32,37,9,6,36.3129176389145,100,"Smooth","Max. Reward Condition",40,"7",8,1,76,255,"Long",0.124296606025961,0.774602220489275,NA,0.684670693395897,"localGP"
"7912",32,38,7,9,36.7741668006705,100,"Smooth","Max. Reward Condition",40,"7",8,1,107,255,"Long",0.124296606025961,0.774602220489275,NA,0.684670693395897,"localGP"
"7913",32,39,8,9,24.6189505790848,100,"Smooth","Max. Reward Condition",40,"7",8,2,108,255,"Long",0.124296606025961,0.774602220489275,NA,0.684670693395897,"localGP"
"7914",32,40,9,8,27.0558212429055,100,"Smooth","Max. Reward Condition",40,"7",8,9,98,255,"Long",0.124296606025961,0.774602220489275,NA,0.684670693395897,"localGP"
"7915",32,41,10,8,76.4183100211284,100,"Smooth","Max. Reward Condition",40,"7",8,1,99,255,"Long",0.124296606025961,0.774602220489275,NA,0.684670693395897,"localGP"
"7916",32,1,8,10,54.2844228905611,54.2844228905611,"Smooth","Max. Reward Condition",20,"8",4,NA,119,256,"Short",0.0691864185043614,0.814589796588776,NA,0.473485796721524,"localGP"
"7917",32,2,7,2,55.9275751413252,55.9275751413252,"Smooth","Max. Reward Condition",20,"8",4,1,30,256,"Short",0.0691864185043614,0.814589796588776,NA,0.473485796721524,"localGP"
"7918",32,3,7,3,65.7956842559425,65.7956842559425,"Smooth","Max. Reward Condition",20,"8",4,2,41,256,"Short",0.0691864185043614,0.814589796588776,NA,0.473485796721524,"localGP"
"7919",32,4,6,3,49.7582235748205,65.7956842559425,"Smooth","Max. Reward Condition",20,"8",4,1,40,256,"Short",0.0691864185043614,0.814589796588776,NA,0.473485796721524,"localGP"
"7920",32,5,5,8,42.4332277403281,65.7956842559425,"Smooth","Max. Reward Condition",20,"8",4,2,94,256,"Short",0.0691864185043614,0.814589796588776,NA,0.473485796721524,"localGP"
"7921",32,6,6,9,52.8376225982162,65.7956842559425,"Smooth","Max. Reward Condition",20,"8",4,1,106,256,"Short",0.0691864185043614,0.814589796588776,NA,0.473485796721524,"localGP"
"7922",32,7,6,10,48.7082287749255,65.7956842559425,"Smooth","Max. Reward Condition",20,"8",4,1,117,256,"Short",0.0691864185043614,0.814589796588776,NA,0.473485796721524,"localGP"
"7923",32,8,7,10,50.1452665258359,65.7956842559425,"Smooth","Max. Reward Condition",20,"8",4,1,118,256,"Short",0.0691864185043614,0.814589796588776,NA,0.473485796721524,"localGP"
"7924",32,9,8,9,44.028878775324,65.7956842559425,"Smooth","Max. Reward Condition",20,"8",4,2,108,256,"Short",0.0691864185043614,0.814589796588776,NA,0.473485796721524,"localGP"
"7925",32,10,10,8,16.5930440253731,65.7956842559425,"Smooth","Max. Reward Condition",20,"8",4,2,99,256,"Short",0.0691864185043614,0.814589796588776,NA,0.473485796721524,"localGP"
"7926",32,11,6,2,47.7797456303013,65.7956842559425,"Smooth","Max. Reward Condition",20,"8",4,1,29,256,"Short",0.0691864185043614,0.814589796588776,NA,0.473485796721524,"localGP"
"7927",32,12,4,2,100,100,"Smooth","Max. Reward Condition",20,"8",4,2,27,256,"Short",0.0691864185043614,0.814589796588776,NA,0.473485796721524,"localGP"
"7928",32,13,4,3,94.794324286051,100,"Smooth","Max. Reward Condition",20,"8",4,4,38,256,"Short",0.0691864185043614,0.814589796588776,NA,0.473485796721524,"localGP"
"7929",32,14,3,2,48.6711536627271,100,"Smooth","Max. Reward Condition",20,"8",4,12,26,256,"Short",0.0691864185043614,0.814589796588776,NA,0.473485796721524,"localGP"
"7930",32,15,4,1,36.6948932499117,100,"Smooth","Max. Reward Condition",20,"8",4,2,16,256,"Short",0.0691864185043614,0.814589796588776,NA,0.473485796721524,"localGP"
"7931",32,16,4,2,100,100,"Smooth","Max. Reward Condition",20,"8",4,2,27,256,"Short",0.0691864185043614,0.814589796588776,NA,0.473485796721524,"localGP"
"7932",32,17,5,2,88.4170710697694,100,"Smooth","Max. Reward Condition",20,"8",4,2,28,256,"Short",0.0691864185043614,0.814589796588776,NA,0.473485796721524,"localGP"
"7933",32,18,4,2,100,100,"Smooth","Max. Reward Condition",20,"8",4,3,27,256,"Short",0.0691864185043614,0.814589796588776,NA,0.473485796721524,"localGP"
"7934",32,19,4,2,100,100,"Smooth","Max. Reward Condition",20,"8",4,4,27,256,"Short",0.0691864185043614,0.814589796588776,NA,0.473485796721524,"localGP"
"7935",32,20,0,10,18.0477374151467,100,"Smooth","Max. Reward Condition",20,"8",4,1,111,256,"Short",0.0691864185043614,0.814589796588776,NA,0.473485796721524,"localGP"
"7936",32,21,1,8,27.6316672751783,100,"Smooth","Max. Reward Condition",20,"8",4,2,90,256,"Short",0.0691864185043614,0.814589796588776,NA,0.473485796721524,"localGP"
"7937",33,1,3,1,36.8335295517252,36.8335295517252,"Rough","Avg. Reward Condition",20,"1",5,NA,15,257,"Short",0.0896608641668723,0.540871762525764,NA,0.58378520795649,"localGP"
"7938",33,2,4,1,39.4465578742712,39.4465578742712,"Rough","Avg. Reward Condition",20,"1",5,0,16,257,"Short",0.0896608641668723,0.540871762525764,NA,0.58378520795649,"localGP"
"7939",33,3,4,2,28.5435224430932,39.4465578742712,"Rough","Avg. Reward Condition",20,"1",5,1,27,257,"Short",0.0896608641668723,0.540871762525764,NA,0.58378520795649,"localGP"
"7940",33,4,9,0,92.5470885084956,92.5470885084956,"Rough","Avg. Reward Condition",20,"1",5,1,10,257,"Short",0.0896608641668723,0.540871762525764,NA,0.58378520795649,"localGP"
"7941",33,5,9,1,68.5223309875422,92.5470885084956,"Rough","Avg. Reward Condition",20,"1",5,1,21,257,"Short",0.0896608641668723,0.540871762525764,NA,0.58378520795649,"localGP"
"7942",33,6,9,3,37.6653431839329,92.5470885084956,"Rough","Avg. Reward Condition",20,"1",5,2,43,257,"Short",0.0896608641668723,0.540871762525764,NA,0.58378520795649,"localGP"
"7943",33,7,8,3,73.4939072834287,92.5470885084956,"Rough","Avg. Reward Condition",20,"1",5,1,42,257,"Short",0.0896608641668723,0.540871762525764,NA,0.58378520795649,"localGP"
"7944",33,8,8,4,50.6311411543037,92.5470885084956,"Rough","Avg. Reward Condition",20,"1",5,2,53,257,"Short",0.0896608641668723,0.540871762525764,NA,0.58378520795649,"localGP"
"7945",33,9,7,4,41.506316602299,92.5470885084956,"Rough","Avg. Reward Condition",20,"1",5,3,52,257,"Short",0.0896608641668723,0.540871762525764,NA,0.58378520795649,"localGP"
"7946",33,10,6,6,86.9756652326962,92.5470885084956,"Rough","Avg. Reward Condition",20,"1",5,2,73,257,"Short",0.0896608641668723,0.540871762525764,NA,0.58378520795649,"localGP"
"7947",33,11,7,6,95.8234728185907,95.8234728185907,"Rough","Avg. Reward Condition",20,"1",5,1,74,257,"Short",0.0896608641668723,0.540871762525764,NA,0.58378520795649,"localGP"
"7948",33,12,8,6,91.4722545331952,95.8234728185907,"Rough","Avg. Reward Condition",20,"1",5,2,75,257,"Short",0.0896608641668723,0.540871762525764,NA,0.58378520795649,"localGP"
"7949",33,13,9,6,62.6880904214702,95.8234728185907,"Rough","Avg. Reward Condition",20,"1",5,1,76,257,"Short",0.0896608641668723,0.540871762525764,NA,0.58378520795649,"localGP"
"7950",33,14,9,7,82.2639339178051,95.8234728185907,"Rough","Avg. Reward Condition",20,"1",5,2,87,257,"Short",0.0896608641668723,0.540871762525764,NA,0.58378520795649,"localGP"
"7951",33,15,10,9,41.8320807113766,95.8234728185907,"Rough","Avg. Reward Condition",20,"1",5,1,110,257,"Short",0.0896608641668723,0.540871762525764,NA,0.58378520795649,"localGP"
"7952",33,16,10,8,69.5510436536212,95.8234728185907,"Rough","Avg. Reward Condition",20,"1",5,1,99,257,"Short",0.0896608641668723,0.540871762525764,NA,0.58378520795649,"localGP"
"7953",33,17,10,7,69.0054960754502,95.8234728185907,"Rough","Avg. Reward Condition",20,"1",5,7,88,257,"Short",0.0896608641668723,0.540871762525764,NA,0.58378520795649,"localGP"
"7954",33,18,10,6,82.4387014347711,95.8234728185907,"Rough","Avg. Reward Condition",20,"1",5,1,77,257,"Short",0.0896608641668723,0.540871762525764,NA,0.58378520795649,"localGP"
"7955",33,19,10,5,64.2061057653187,95.8234728185907,"Rough","Avg. Reward Condition",20,"1",5,1,66,257,"Short",0.0896608641668723,0.540871762525764,NA,0.58378520795649,"localGP"
"7956",33,20,10,4,27.5747046618376,95.8234728185907,"Rough","Avg. Reward Condition",20,"1",5,1,55,257,"Short",0.0896608641668723,0.540871762525764,NA,0.58378520795649,"localGP"
"7957",33,21,0,10,59.6346497477861,95.8234728185907,"Rough","Avg. Reward Condition",20,"1",5,1,111,257,"Short",0.0896608641668723,0.540871762525764,NA,0.58378520795649,"localGP"
"7958",33,1,2,2,34.4224100731259,34.4224100731259,"Rough","Avg. Reward Condition",40,"2",2,NA,25,258,"Long",0.0760898074642484,0.644894633503212,NA,0.516453034503272,"localGP"
"7959",33,2,2,1,41.6870799554234,41.6870799554234,"Rough","Avg. Reward Condition",40,"2",2,0,14,258,"Long",0.0760898074642484,0.644894633503212,NA,0.516453034503272,"localGP"
"7960",33,3,1,1,53.5541131096444,53.5541131096444,"Rough","Avg. Reward Condition",40,"2",2,1,13,258,"Long",0.0760898074642484,0.644894633503212,NA,0.516453034503272,"localGP"
"7961",33,4,1,0,62.0575397860804,62.0575397860804,"Rough","Avg. Reward Condition",40,"2",2,1,2,258,"Long",0.0760898074642484,0.644894633503212,NA,0.516453034503272,"localGP"
"7962",33,5,2,0,27.6666761639388,62.0575397860804,"Rough","Avg. Reward Condition",40,"2",2,1,3,258,"Long",0.0760898074642484,0.644894633503212,NA,0.516453034503272,"localGP"
"7963",33,6,3,0,45.8336686523861,62.0575397860804,"Rough","Avg. Reward Condition",40,"2",2,1,4,258,"Long",0.0760898074642484,0.644894633503212,NA,0.516453034503272,"localGP"
"7964",33,7,3,1,42.8034972716549,62.0575397860804,"Rough","Avg. Reward Condition",40,"2",2,1,15,258,"Long",0.0760898074642484,0.644894633503212,NA,0.516453034503272,"localGP"
"7965",33,8,3,2,43.186831415249,62.0575397860804,"Rough","Avg. Reward Condition",40,"2",2,1,26,258,"Long",0.0760898074642484,0.644894633503212,NA,0.516453034503272,"localGP"
"7966",33,9,3,3,64.0855788300758,64.0855788300758,"Rough","Avg. Reward Condition",40,"2",2,1,37,258,"Long",0.0760898074642484,0.644894633503212,NA,0.516453034503272,"localGP"
"7967",33,10,3,4,59.6168211558576,64.0855788300758,"Rough","Avg. Reward Condition",40,"2",2,2,48,258,"Long",0.0760898074642484,0.644894633503212,NA,0.516453034503272,"localGP"
"7968",33,11,2,3,39.2617782530789,64.0855788300758,"Rough","Avg. Reward Condition",40,"2",2,1,36,258,"Long",0.0760898074642484,0.644894633503212,NA,0.516453034503272,"localGP"
"7969",33,12,2,4,44.4621814530642,64.0855788300758,"Rough","Avg. Reward Condition",40,"2",2,4,47,258,"Long",0.0760898074642484,0.644894633503212,NA,0.516453034503272,"localGP"
"7970",33,13,1,4,11.2927161708847,64.0855788300758,"Rough","Avg. Reward Condition",40,"2",2,1,46,258,"Long",0.0760898074642484,0.644894633503212,NA,0.516453034503272,"localGP"
"7971",33,14,6,2,42.0874642193021,64.0855788300758,"Rough","Avg. Reward Condition",40,"2",2,2,29,258,"Long",0.0760898074642484,0.644894633503212,NA,0.516453034503272,"localGP"
"7972",33,15,6,1,41.5452404100672,64.0855788300758,"Rough","Avg. Reward Condition",40,"2",2,3,18,258,"Long",0.0760898074642484,0.644894633503212,NA,0.516453034503272,"localGP"
"7973",33,16,6,0,43.9679034067022,64.0855788300758,"Rough","Avg. Reward Condition",40,"2",2,3,7,258,"Long",0.0760898074642484,0.644894633503212,NA,0.516453034503272,"localGP"
"7974",33,17,5,0,15.2054677622905,64.0855788300758,"Rough","Avg. Reward Condition",40,"2",2,1,6,258,"Long",0.0760898074642484,0.644894633503212,NA,0.516453034503272,"localGP"
"7975",33,18,5,2,15.5993196852058,64.0855788300758,"Rough","Avg. Reward Condition",40,"2",2,1,28,258,"Long",0.0760898074642484,0.644894633503212,NA,0.516453034503272,"localGP"
"7976",33,19,9,10,39.8149202593405,64.0855788300758,"Rough","Avg. Reward Condition",40,"2",2,5,120,258,"Long",0.0760898074642484,0.644894633503212,NA,0.516453034503272,"localGP"
"7977",33,20,10,10,30.2622000163483,64.0855788300758,"Rough","Avg. Reward Condition",40,"2",2,1,121,258,"Long",0.0760898074642484,0.644894633503212,NA,0.516453034503272,"localGP"
"7978",33,21,10,9,30.0844410154341,64.0855788300758,"Rough","Avg. Reward Condition",40,"2",2,1,110,258,"Long",0.0760898074642484,0.644894633503212,NA,0.516453034503272,"localGP"
"7979",33,22,9,9,13.4815428060423,64.0855788300758,"Rough","Avg. Reward Condition",40,"2",2,4,109,258,"Long",0.0760898074642484,0.644894633503212,NA,0.516453034503272,"localGP"
"7980",33,23,9,8,30.4917162873029,64.0855788300758,"Rough","Avg. Reward Condition",40,"2",2,1,98,258,"Long",0.0760898074642484,0.644894633503212,NA,0.516453034503272,"localGP"
"7981",33,24,8,8,15.0484706034592,64.0855788300758,"Rough","Avg. Reward Condition",40,"2",2,1,97,258,"Long",0.0760898074642484,0.644894633503212,NA,0.516453034503272,"localGP"
"7982",33,25,6,8,43.1819250906555,64.0855788300758,"Rough","Avg. Reward Condition",40,"2",2,2,95,258,"Long",0.0760898074642484,0.644894633503212,NA,0.516453034503272,"localGP"
"7983",33,26,6,10,52.4204868482691,64.0855788300758,"Rough","Avg. Reward Condition",40,"2",2,2,117,258,"Long",0.0760898074642484,0.644894633503212,NA,0.516453034503272,"localGP"
"7984",33,27,7,10,82.2172279121399,82.2172279121399,"Rough","Avg. Reward Condition",40,"2",2,1,118,258,"Long",0.0760898074642484,0.644894633503212,NA,0.516453034503272,"localGP"
"7985",33,28,7,9,45.2247389588236,82.2172279121399,"Rough","Avg. Reward Condition",40,"2",2,2,107,258,"Long",0.0760898074642484,0.644894633503212,NA,0.516453034503272,"localGP"
"7986",33,29,7,7,26.5059569400407,82.2172279121399,"Rough","Avg. Reward Condition",40,"2",2,3,85,258,"Long",0.0760898074642484,0.644894633503212,NA,0.516453034503272,"localGP"
"7987",33,30,8,6,74.3893540286675,82.2172279121399,"Rough","Avg. Reward Condition",40,"2",2,1,75,258,"Long",0.0760898074642484,0.644894633503212,NA,0.516453034503272,"localGP"
"7988",33,31,9,6,60.9966324493762,82.2172279121399,"Rough","Avg. Reward Condition",40,"2",2,1,76,258,"Long",0.0760898074642484,0.644894633503212,NA,0.516453034503272,"localGP"
"7989",33,32,10,6,72.5002768176028,82.2172279121399,"Rough","Avg. Reward Condition",40,"2",2,1,77,258,"Long",0.0760898074642484,0.644894633503212,NA,0.516453034503272,"localGP"
"7990",33,33,10,5,64.3703869882263,82.2172279121399,"Rough","Avg. Reward Condition",40,"2",2,3,66,258,"Long",0.0760898074642484,0.644894633503212,NA,0.516453034503272,"localGP"
"7991",33,34,10,4,52.2107180843675,82.2172279121399,"Rough","Avg. Reward Condition",40,"2",2,1,55,258,"Long",0.0760898074642484,0.644894633503212,NA,0.516453034503272,"localGP"
"7992",33,35,9,4,34.0962732882197,82.2172279121399,"Rough","Avg. Reward Condition",40,"2",2,1,54,258,"Long",0.0760898074642484,0.644894633503212,NA,0.516453034503272,"localGP"
"7993",33,36,9,5,74.2282844948157,82.2172279121399,"Rough","Avg. Reward Condition",40,"2",2,1,65,258,"Long",0.0760898074642484,0.644894633503212,NA,0.516453034503272,"localGP"
"7994",33,37,10,6,72.5002768176028,82.2172279121399,"Rough","Avg. Reward Condition",40,"2",2,2,77,258,"Long",0.0760898074642484,0.644894633503212,NA,0.516453034503272,"localGP"
"7995",33,38,10,7,56.407307630686,82.2172279121399,"Rough","Avg. Reward Condition",40,"2",2,3,88,258,"Long",0.0760898074642484,0.644894633503212,NA,0.516453034503272,"localGP"
"7996",33,39,10,2,42.6956940217487,82.2172279121399,"Rough","Avg. Reward Condition",40,"2",2,1,33,258,"Long",0.0760898074642484,0.644894633503212,NA,0.516453034503272,"localGP"
"7997",33,40,10,1,54.3733183659496,82.2172279121399,"Rough","Avg. Reward Condition",40,"2",2,3,22,258,"Long",0.0760898074642484,0.644894633503212,NA,0.516453034503272,"localGP"
"7998",33,41,7,1,46.9542697073233,82.2172279121399,"Rough","Avg. Reward Condition",40,"2",2,1,19,258,"Long",0.0760898074642484,0.644894633503212,NA,0.516453034503272,"localGP"
"7999",33,1,8,6,32.3056613261891,32.3056613261891,"Rough","Avg. Reward Condition",20,"3",17,NA,75,259,"Short",0.0895081975618353,0.556783436808512,NA,0.556634587139331,"localGP"
"8000",33,2,8,7,41.2249363226123,41.2249363226123,"Rough","Avg. Reward Condition",20,"3",17,1,86,259,"Short",0.0895081975618353,0.556783436808512,NA,0.556634587139331,"localGP"
"8001",33,3,8,8,48.6209458913059,48.6209458913059,"Rough","Avg. Reward Condition",20,"3",17,2,97,259,"Short",0.0895081975618353,0.556783436808512,NA,0.556634587139331,"localGP"
"8002",33,4,7,8,22.0278987459419,48.6209458913059,"Rough","Avg. Reward Condition",20,"3",17,1,96,259,"Short",0.0895081975618353,0.556783436808512,NA,0.556634587139331,"localGP"
"8003",33,5,7,9,30.9576770826755,48.6209458913059,"Rough","Avg. Reward Condition",20,"3",17,1,107,259,"Short",0.0895081975618353,0.556783436808512,NA,0.556634587139331,"localGP"
"8004",33,6,6,9,16.1161494292061,48.6209458913059,"Rough","Avg. Reward Condition",20,"3",17,2,106,259,"Short",0.0895081975618353,0.556783436808512,NA,0.556634587139331,"localGP"
"8005",33,7,5,9,17.2900510483539,48.6209458913059,"Rough","Avg. Reward Condition",20,"3",17,1,105,259,"Short",0.0895081975618353,0.556783436808512,NA,0.556634587139331,"localGP"
"8006",33,8,5,10,36.7071587772784,48.6209458913059,"Rough","Avg. Reward Condition",20,"3",17,1,116,259,"Short",0.0895081975618353,0.556783436808512,NA,0.556634587139331,"localGP"
"8007",33,9,4,10,42.5458481354348,48.6209458913059,"Rough","Avg. Reward Condition",20,"3",17,1,115,259,"Short",0.0895081975618353,0.556783436808512,NA,0.556634587139331,"localGP"
"8008",33,10,4,9,28.1850545862844,48.6209458913059,"Rough","Avg. Reward Condition",20,"3",17,1,104,259,"Short",0.0895081975618353,0.556783436808512,NA,0.556634587139331,"localGP"
"8009",33,11,3,9,57.8931465906352,57.8931465906352,"Rough","Avg. Reward Condition",20,"3",17,2,103,259,"Short",0.0895081975618353,0.556783436808512,NA,0.556634587139331,"localGP"
"8010",33,12,3,10,66.9843682918031,66.9843682918031,"Rough","Avg. Reward Condition",20,"3",17,1,114,259,"Short",0.0895081975618353,0.556783436808512,NA,0.556634587139331,"localGP"
"8011",33,13,10,0,27.0967332866998,66.9843682918031,"Rough","Avg. Reward Condition",20,"3",17,1,11,259,"Short",0.0895081975618353,0.556783436808512,NA,0.556634587139331,"localGP"
"8012",33,14,10,1,22.4632600371913,66.9843682918031,"Rough","Avg. Reward Condition",20,"3",17,1,22,259,"Short",0.0895081975618353,0.556783436808512,NA,0.556634587139331,"localGP"
"8013",33,15,4,4,91.0453666765183,91.0453666765183,"Rough","Avg. Reward Condition",20,"3",17,1,49,259,"Short",0.0895081975618353,0.556783436808512,NA,0.556634587139331,"localGP"
"8014",33,16,4,3,58.5828600076787,91.0453666765183,"Rough","Avg. Reward Condition",20,"3",17,1,38,259,"Short",0.0895081975618353,0.556783436808512,NA,0.556634587139331,"localGP"
"8015",33,17,9,7,72.9342168010689,91.0453666765183,"Rough","Avg. Reward Condition",20,"3",17,2,87,259,"Short",0.0895081975618353,0.556783436808512,NA,0.556634587139331,"localGP"
"8016",33,18,4,8,28.2798800164457,91.0453666765183,"Rough","Avg. Reward Condition",20,"3",17,1,93,259,"Short",0.0895081975618353,0.556783436808512,NA,0.556634587139331,"localGP"
"8017",33,19,5,8,11.4143082127456,91.0453666765183,"Rough","Avg. Reward Condition",20,"3",17,1,94,259,"Short",0.0895081975618353,0.556783436808512,NA,0.556634587139331,"localGP"
"8018",33,20,2,6,67.9735102315088,91.0453666765183,"Rough","Avg. Reward Condition",20,"3",17,2,69,259,"Short",0.0895081975618353,0.556783436808512,NA,0.556634587139331,"localGP"
"8019",33,21,3,6,61.6521718992743,91.0453666765183,"Rough","Avg. Reward Condition",20,"3",17,1,70,259,"Short",0.0895081975618353,0.556783436808512,NA,0.556634587139331,"localGP"
"8020",33,1,2,0,60.1885036644996,60.1885036644996,"Rough","Avg. Reward Condition",40,"4",4,NA,3,260,"Long",0.0802882964086772,0.607616561444972,NA,0.536133429142841,"localGP"
"8021",33,2,1,0,44.1381856766965,60.1885036644996,"Rough","Avg. Reward Condition",40,"4",4,1,2,260,"Long",0.0802882964086772,0.607616561444972,NA,0.536133429142841,"localGP"
"8022",33,3,4,0,27.757926963594,60.1885036644996,"Rough","Avg. Reward Condition",40,"4",4,1,5,260,"Long",0.0802882964086772,0.607616561444972,NA,0.536133429142841,"localGP"
"8023",33,4,5,0,37.1740995963249,60.1885036644996,"Rough","Avg. Reward Condition",40,"4",4,2,6,260,"Long",0.0802882964086772,0.607616561444972,NA,0.536133429142841,"localGP"
"8024",33,5,3,6,39.1502894638098,60.1885036644996,"Rough","Avg. Reward Condition",40,"4",4,1,70,260,"Long",0.0802882964086772,0.607616561444972,NA,0.536133429142841,"localGP"
"8025",33,6,4,6,62.1617444201005,62.1617444201005,"Rough","Avg. Reward Condition",40,"4",4,3,71,260,"Long",0.0802882964086772,0.607616561444972,NA,0.536133429142841,"localGP"
"8026",33,7,0,8,24.5864269279588,62.1617444201005,"Rough","Avg. Reward Condition",40,"4",4,3,89,260,"Long",0.0802882964086772,0.607616561444972,NA,0.536133429142841,"localGP"
"8027",33,8,1,8,27.6316672751783,62.1617444201005,"Rough","Avg. Reward Condition",40,"4",4,1,90,260,"Long",0.0802882964086772,0.607616561444972,NA,0.536133429142841,"localGP"
"8028",33,9,2,8,76.6612270941655,76.6612270941655,"Rough","Avg. Reward Condition",40,"4",4,1,91,260,"Long",0.0802882964086772,0.607616561444972,NA,0.536133429142841,"localGP"
"8029",33,10,2,7,36.3841568460802,76.6612270941655,"Rough","Avg. Reward Condition",40,"4",4,3,80,260,"Long",0.0802882964086772,0.607616561444972,NA,0.536133429142841,"localGP"
"8030",33,11,1,6,18.0731253832357,76.6612270941655,"Rough","Avg. Reward Condition",40,"4",4,1,68,260,"Long",0.0802882964086772,0.607616561444972,NA,0.536133429142841,"localGP"
"8031",33,12,3,5,42.7959120158228,76.6612270941655,"Rough","Avg. Reward Condition",40,"4",4,2,59,260,"Long",0.0802882964086772,0.607616561444972,NA,0.536133429142841,"localGP"
"8032",33,13,4,5,36.1447579478145,76.6612270941655,"Rough","Avg. Reward Condition",40,"4",4,2,60,260,"Long",0.0802882964086772,0.607616561444972,NA,0.536133429142841,"localGP"
"8033",33,14,5,5,32.848866860403,76.6612270941655,"Rough","Avg. Reward Condition",40,"4",4,1,61,260,"Long",0.0802882964086772,0.607616561444972,NA,0.536133429142841,"localGP"
"8034",33,15,0,2,64.4409661109689,76.6612270941655,"Rough","Avg. Reward Condition",40,"4",4,1,23,260,"Long",0.0802882964086772,0.607616561444972,NA,0.536133429142841,"localGP"
"8035",33,16,1,2,73.4445687616828,76.6612270941655,"Rough","Avg. Reward Condition",40,"4",4,2,24,260,"Long",0.0802882964086772,0.607616561444972,NA,0.536133429142841,"localGP"
"8036",33,17,1,1,71.1759996690276,76.6612270941655,"Rough","Avg. Reward Condition",40,"4",4,1,13,260,"Long",0.0802882964086772,0.607616561444972,NA,0.536133429142841,"localGP"
"8037",33,18,2,1,51.6085825276977,76.6612270941655,"Rough","Avg. Reward Condition",40,"4",4,1,14,260,"Long",0.0802882964086772,0.607616561444972,NA,0.536133429142841,"localGP"
"8038",33,19,1,3,33.9598820273487,76.6612270941655,"Rough","Avg. Reward Condition",40,"4",4,1,35,260,"Long",0.0802882964086772,0.607616561444972,NA,0.536133429142841,"localGP"
"8039",33,20,1,6,18.0731253832357,76.6612270941655,"Rough","Avg. Reward Condition",40,"4",4,2,68,260,"Long",0.0802882964086772,0.607616561444972,NA,0.536133429142841,"localGP"
"8040",33,21,0,6,25.7438670840663,76.6612270941655,"Rough","Avg. Reward Condition",40,"4",4,1,67,260,"Long",0.0802882964086772,0.607616561444972,NA,0.536133429142841,"localGP"
"8041",33,22,0,5,22.8294473469867,76.6612270941655,"Rough","Avg. Reward Condition",40,"4",4,1,56,260,"Long",0.0802882964086772,0.607616561444972,NA,0.536133429142841,"localGP"
"8042",33,23,2,5,52.9476469260849,76.6612270941655,"Rough","Avg. Reward Condition",40,"4",4,7,58,260,"Long",0.0802882964086772,0.607616561444972,NA,0.536133429142841,"localGP"
"8043",33,24,1,5,42.3282812740103,76.6612270941655,"Rough","Avg. Reward Condition",40,"4",4,2,57,260,"Long",0.0802882964086772,0.607616561444972,NA,0.536133429142841,"localGP"
"8044",33,25,1,7,1.24285436035292,76.6612270941655,"Rough","Avg. Reward Condition",40,"4",4,2,79,260,"Long",0.0802882964086772,0.607616561444972,NA,0.536133429142841,"localGP"
"8045",33,26,0,7,18.1408343228351,76.6612270941655,"Rough","Avg. Reward Condition",40,"4",4,3,78,260,"Long",0.0802882964086772,0.607616561444972,NA,0.536133429142841,"localGP"
"8046",33,27,3,9,71.5447698498277,76.6612270941655,"Rough","Avg. Reward Condition",40,"4",4,2,103,260,"Long",0.0802882964086772,0.607616561444972,NA,0.536133429142841,"localGP"
"8047",33,28,2,9,75.1501969131058,76.6612270941655,"Rough","Avg. Reward Condition",40,"4",4,1,102,260,"Long",0.0802882964086772,0.607616561444972,NA,0.536133429142841,"localGP"
"8048",33,29,2,10,54.5646114683312,76.6612270941655,"Rough","Avg. Reward Condition",40,"4",4,1,113,260,"Long",0.0802882964086772,0.607616561444972,NA,0.536133429142841,"localGP"
"8049",33,30,3,10,56.7304025391651,76.6612270941655,"Rough","Avg. Reward Condition",40,"4",4,10,114,260,"Long",0.0802882964086772,0.607616561444972,NA,0.536133429142841,"localGP"
"8050",33,31,4,10,14.42380895843,76.6612270941655,"Rough","Avg. Reward Condition",40,"4",4,1,115,260,"Long",0.0802882964086772,0.607616561444972,NA,0.536133429142841,"localGP"
"8051",33,32,3,8,66.9283199969529,76.6612270941655,"Rough","Avg. Reward Condition",40,"4",4,2,92,260,"Long",0.0802882964086772,0.607616561444972,NA,0.536133429142841,"localGP"
"8052",33,33,8,0,39.2746651521329,76.6612270941655,"Rough","Avg. Reward Condition",40,"4",4,1,9,260,"Long",0.0802882964086772,0.607616561444972,NA,0.536133429142841,"localGP"
"8053",33,34,9,0,11.8774072924795,76.6612270941655,"Rough","Avg. Reward Condition",40,"4",4,2,10,260,"Long",0.0802882964086772,0.607616561444972,NA,0.536133429142841,"localGP"
"8054",33,35,2,4,48.1844951677525,76.6612270941655,"Rough","Avg. Reward Condition",40,"4",4,1,47,260,"Long",0.0802882964086772,0.607616561444972,NA,0.536133429142841,"localGP"
"8055",33,36,10,9,53.8163100012315,76.6612270941655,"Rough","Avg. Reward Condition",40,"4",4,2,110,260,"Long",0.0802882964086772,0.607616561444972,NA,0.536133429142841,"localGP"
"8056",33,37,9,9,55.0944127232389,76.6612270941655,"Rough","Avg. Reward Condition",40,"4",4,1,109,260,"Long",0.0802882964086772,0.607616561444972,NA,0.536133429142841,"localGP"
"8057",33,38,9,10,49.7040626782217,76.6612270941655,"Rough","Avg. Reward Condition",40,"4",4,2,120,260,"Long",0.0802882964086772,0.607616561444972,NA,0.536133429142841,"localGP"
"8058",33,39,8,10,54.2844228905611,76.6612270941655,"Rough","Avg. Reward Condition",40,"4",4,3,119,260,"Long",0.0802882964086772,0.607616561444972,NA,0.536133429142841,"localGP"
"8059",33,40,5,8,42.4332277403281,76.6612270941655,"Rough","Avg. Reward Condition",40,"4",4,2,94,260,"Long",0.0802882964086772,0.607616561444972,NA,0.536133429142841,"localGP"
"8060",33,41,6,8,40.2396617091543,76.6612270941655,"Rough","Avg. Reward Condition",40,"4",4,1,95,260,"Long",0.0802882964086772,0.607616561444972,NA,0.536133429142841,"localGP"
"8061",33,1,5,3,28.2693028674169,28.2693028674169,"Rough","Avg. Reward Condition",20,"5",18,NA,39,261,"Short",0.0757881479722584,0.56980427881981,NA,0.499510013914417,"localGP"
"8062",33,2,9,8,80.6519418863633,80.6519418863633,"Rough","Avg. Reward Condition",20,"5",18,2,98,261,"Short",0.0757881479722584,0.56980427881981,NA,0.499510013914417,"localGP"
"8063",33,3,10,8,59.2407992793453,80.6519418863633,"Rough","Avg. Reward Condition",20,"5",18,1,99,261,"Short",0.0757881479722584,0.56980427881981,NA,0.499510013914417,"localGP"
"8064",33,4,10,9,68.5571263747788,80.6519418863633,"Rough","Avg. Reward Condition",20,"5",18,1,110,261,"Short",0.0757881479722584,0.56980427881981,NA,0.499510013914417,"localGP"
"8065",33,5,9,9,61.1848749174221,80.6519418863633,"Rough","Avg. Reward Condition",20,"5",18,1,109,261,"Short",0.0757881479722584,0.56980427881981,NA,0.499510013914417,"localGP"
"8066",33,6,8,9,44.1981806048447,80.6519418863633,"Rough","Avg. Reward Condition",20,"5",18,2,108,261,"Short",0.0757881479722584,0.56980427881981,NA,0.499510013914417,"localGP"
"8067",33,7,8,8,58.8343770395875,80.6519418863633,"Rough","Avg. Reward Condition",20,"5",18,3,97,261,"Short",0.0757881479722584,0.56980427881981,NA,0.499510013914417,"localGP"
"8068",33,8,7,10,39.5407952471519,80.6519418863633,"Rough","Avg. Reward Condition",20,"5",18,1,118,261,"Short",0.0757881479722584,0.56980427881981,NA,0.499510013914417,"localGP"
"8069",33,9,7,9,43.7178093969653,80.6519418863633,"Rough","Avg. Reward Condition",20,"5",18,1,107,261,"Short",0.0757881479722584,0.56980427881981,NA,0.499510013914417,"localGP"
"8070",33,10,7,8,41.2424197528624,80.6519418863633,"Rough","Avg. Reward Condition",20,"5",18,1,96,261,"Short",0.0757881479722584,0.56980427881981,NA,0.499510013914417,"localGP"
"8071",33,11,6,8,37.9736257778301,80.6519418863633,"Rough","Avg. Reward Condition",20,"5",18,1,95,261,"Short",0.0757881479722584,0.56980427881981,NA,0.499510013914417,"localGP"
"8072",33,12,6,7,45.7922377623339,80.6519418863633,"Rough","Avg. Reward Condition",20,"5",18,1,84,261,"Short",0.0757881479722584,0.56980427881981,NA,0.499510013914417,"localGP"
"8073",33,13,6,6,45.1082294847669,80.6519418863633,"Rough","Avg. Reward Condition",20,"5",18,2,73,261,"Short",0.0757881479722584,0.56980427881981,NA,0.499510013914417,"localGP"
"8074",33,14,5,6,67.4717782812046,80.6519418863633,"Rough","Avg. Reward Condition",20,"5",18,1,72,261,"Short",0.0757881479722584,0.56980427881981,NA,0.499510013914417,"localGP"
"8075",33,15,4,6,56.6641694320835,80.6519418863633,"Rough","Avg. Reward Condition",20,"5",18,2,71,261,"Short",0.0757881479722584,0.56980427881981,NA,0.499510013914417,"localGP"
"8076",33,16,3,6,31.7774943870089,80.6519418863633,"Rough","Avg. Reward Condition",20,"5",18,1,70,261,"Short",0.0757881479722584,0.56980427881981,NA,0.499510013914417,"localGP"
"8077",33,17,3,7,22.0436802123003,80.6519418863633,"Rough","Avg. Reward Condition",20,"5",18,2,81,261,"Short",0.0757881479722584,0.56980427881981,NA,0.499510013914417,"localGP"
"8078",33,18,3,8,43.809517415815,80.6519418863633,"Rough","Avg. Reward Condition",20,"5",18,2,92,261,"Short",0.0757881479722584,0.56980427881981,NA,0.499510013914417,"localGP"
"8079",33,19,4,9,48.6599556271506,80.6519418863633,"Rough","Avg. Reward Condition",20,"5",18,1,104,261,"Short",0.0757881479722584,0.56980427881981,NA,0.499510013914417,"localGP"
"8080",33,20,4,10,41.5348285805763,80.6519418863633,"Rough","Avg. Reward Condition",20,"5",18,2,115,261,"Short",0.0757881479722584,0.56980427881981,NA,0.499510013914417,"localGP"
"8081",33,21,3,10,32.5695318981662,80.6519418863633,"Rough","Avg. Reward Condition",20,"5",18,1,114,261,"Short",0.0757881479722584,0.56980427881981,NA,0.499510013914417,"localGP"
"8082",33,1,9,4,67.8025720803485,67.8025720803485,"Rough","Avg. Reward Condition",40,"6",15,NA,54,262,"Long",0.0816343734345397,0.638250116132873,NA,0.548700537417873,"localGP"
"8083",33,2,9,3,76.9729164746691,76.9729164746691,"Rough","Avg. Reward Condition",40,"6",15,1,43,262,"Long",0.0816343734345397,0.638250116132873,NA,0.548700537417873,"localGP"
"8084",33,3,9,2,80.7274963103288,80.7274963103288,"Rough","Avg. Reward Condition",40,"6",15,3,32,262,"Long",0.0816343734345397,0.638250116132873,NA,0.548700537417873,"localGP"
"8085",33,4,9,1,71.6538266812366,80.7274963103288,"Rough","Avg. Reward Condition",40,"6",15,1,21,262,"Long",0.0816343734345397,0.638250116132873,NA,0.548700537417873,"localGP"
"8086",33,5,10,1,61.1492414265159,80.7274963103288,"Rough","Avg. Reward Condition",40,"6",15,1,22,262,"Long",0.0816343734345397,0.638250116132873,NA,0.548700537417873,"localGP"
"8087",33,6,10,0,40.8689661512174,80.7274963103288,"Rough","Avg. Reward Condition",40,"6",15,1,11,262,"Long",0.0816343734345397,0.638250116132873,NA,0.548700537417873,"localGP"
"8088",33,7,9,0,56.7976440911413,80.7274963103288,"Rough","Avg. Reward Condition",40,"6",15,1,10,262,"Long",0.0816343734345397,0.638250116132873,NA,0.548700537417873,"localGP"
"8089",33,8,1,2,100,100,"Rough","Avg. Reward Condition",40,"6",15,1,24,262,"Long",0.0816343734345397,0.638250116132873,NA,0.548700537417873,"localGP"
"8090",33,9,0,2,95.1832335243152,100,"Rough","Avg. Reward Condition",40,"6",15,2,23,262,"Long",0.0816343734345397,0.638250116132873,NA,0.548700537417873,"localGP"
"8091",33,10,1,2,100,100,"Rough","Avg. Reward Condition",40,"6",15,3,24,262,"Long",0.0816343734345397,0.638250116132873,NA,0.548700537417873,"localGP"
"8092",33,11,1,3,78.9236623533558,100,"Rough","Avg. Reward Condition",40,"6",15,1,35,262,"Long",0.0816343734345397,0.638250116132873,NA,0.548700537417873,"localGP"
"8093",33,12,0,3,77.1083741262543,100,"Rough","Avg. Reward Condition",40,"6",15,1,34,262,"Long",0.0816343734345397,0.638250116132873,NA,0.548700537417873,"localGP"
"8094",33,13,0,4,66.4445637917368,100,"Rough","Avg. Reward Condition",40,"6",15,0,45,262,"Long",0.0816343734345397,0.638250116132873,NA,0.548700537417873,"localGP"
"8095",33,14,1,4,71.7502401708434,100,"Rough","Avg. Reward Condition",40,"6",15,3,46,262,"Long",0.0816343734345397,0.638250116132873,NA,0.548700537417873,"localGP"
"8096",33,15,1,5,94.5829546424011,100,"Rough","Avg. Reward Condition",40,"6",15,1,57,262,"Long",0.0816343734345397,0.638250116132873,NA,0.548700537417873,"localGP"
"8097",33,16,1,6,89.9274342754243,100,"Rough","Avg. Reward Condition",40,"6",15,1,68,262,"Long",0.0816343734345397,0.638250116132873,NA,0.548700537417873,"localGP"
"8098",33,17,2,6,90.2125642232632,100,"Rough","Avg. Reward Condition",40,"6",15,2,69,262,"Long",0.0816343734345397,0.638250116132873,NA,0.548700537417873,"localGP"
"8099",33,18,1,9,59.498137940736,100,"Rough","Avg. Reward Condition",40,"6",15,1,101,262,"Long",0.0816343734345397,0.638250116132873,NA,0.548700537417873,"localGP"
"8100",33,19,1,10,69.8575262469171,100,"Rough","Avg. Reward Condition",40,"6",15,3,112,262,"Long",0.0816343734345397,0.638250116132873,NA,0.548700537417873,"localGP"
"8101",33,20,0,10,40.4307106955409,100,"Rough","Avg. Reward Condition",40,"6",15,1,111,262,"Long",0.0816343734345397,0.638250116132873,NA,0.548700537417873,"localGP"
"8102",33,21,4,8,3.8244891492963,100,"Rough","Avg. Reward Condition",40,"6",15,2,93,262,"Long",0.0816343734345397,0.638250116132873,NA,0.548700537417873,"localGP"
"8103",33,22,1,9,59.498137940736,100,"Rough","Avg. Reward Condition",40,"6",15,2,101,262,"Long",0.0816343734345397,0.638250116132873,NA,0.548700537417873,"localGP"
"8104",33,23,1,8,56.8465826807023,100,"Rough","Avg. Reward Condition",40,"6",15,3,90,262,"Long",0.0816343734345397,0.638250116132873,NA,0.548700537417873,"localGP"
"8105",33,24,1,7,64.4115911025455,100,"Rough","Avg. Reward Condition",40,"6",15,2,79,262,"Long",0.0816343734345397,0.638250116132873,NA,0.548700537417873,"localGP"
"8106",33,25,2,7,47.9284101510965,100,"Rough","Avg. Reward Condition",40,"6",15,2,80,262,"Long",0.0816343734345397,0.638250116132873,NA,0.548700537417873,"localGP"
"8107",33,26,2,8,55.818663051774,100,"Rough","Avg. Reward Condition",40,"6",15,4,91,262,"Long",0.0816343734345397,0.638250116132873,NA,0.548700537417873,"localGP"
"8108",33,27,2,9,67.3791409225705,100,"Rough","Avg. Reward Condition",40,"6",15,1,102,262,"Long",0.0816343734345397,0.638250116132873,NA,0.548700537417873,"localGP"
"8109",33,28,2,10,36.5421304439871,100,"Rough","Avg. Reward Condition",40,"6",15,1,113,262,"Long",0.0816343734345397,0.638250116132873,NA,0.548700537417873,"localGP"
"8110",33,29,3,10,42.3400534005875,100,"Rough","Avg. Reward Condition",40,"6",15,1,114,262,"Long",0.0816343734345397,0.638250116132873,NA,0.548700537417873,"localGP"
"8111",33,30,4,10,83.5723455325822,100,"Rough","Avg. Reward Condition",40,"6",15,6,115,262,"Long",0.0816343734345397,0.638250116132873,NA,0.548700537417873,"localGP"
"8112",33,31,5,10,83.4515170389364,100,"Rough","Avg. Reward Condition",40,"6",15,1,116,262,"Long",0.0816343734345397,0.638250116132873,NA,0.548700537417873,"localGP"
"8113",33,32,5,9,47.9731744721056,100,"Rough","Avg. Reward Condition",40,"6",15,1,105,262,"Long",0.0816343734345397,0.638250116132873,NA,0.548700537417873,"localGP"
"8114",33,33,6,9,52.3137546378813,100,"Rough","Avg. Reward Condition",40,"6",15,1,106,262,"Long",0.0816343734345397,0.638250116132873,NA,0.548700537417873,"localGP"
"8115",33,34,7,9,49.4458088899389,100,"Rough","Avg. Reward Condition",40,"6",15,1,107,262,"Long",0.0816343734345397,0.638250116132873,NA,0.548700537417873,"localGP"
"8116",33,35,8,9,59.3788752580905,100,"Rough","Avg. Reward Condition",40,"6",15,1,108,262,"Long",0.0816343734345397,0.638250116132873,NA,0.548700537417873,"localGP"
"8117",33,36,8,8,77.4510822017491,100,"Rough","Avg. Reward Condition",40,"6",15,2,97,262,"Long",0.0816343734345397,0.638250116132873,NA,0.548700537417873,"localGP"
"8118",33,37,9,8,42.7391657259998,100,"Rough","Avg. Reward Condition",40,"6",15,1,98,262,"Long",0.0816343734345397,0.638250116132873,NA,0.548700537417873,"localGP"
"8119",33,38,9,7,37.6760460592712,100,"Rough","Avg. Reward Condition",40,"6",15,1,87,262,"Long",0.0816343734345397,0.638250116132873,NA,0.548700537417873,"localGP"
"8120",33,39,10,7,33.2572660772245,100,"Rough","Avg. Reward Condition",40,"6",15,2,88,262,"Long",0.0816343734345397,0.638250116132873,NA,0.548700537417873,"localGP"
"8121",33,40,8,6,33.34523187495,100,"Rough","Avg. Reward Condition",40,"6",15,1,75,262,"Long",0.0816343734345397,0.638250116132873,NA,0.548700537417873,"localGP"
"8122",33,41,9,8,42.7391657259998,100,"Rough","Avg. Reward Condition",40,"6",15,1,98,262,"Long",0.0816343734345397,0.638250116132873,NA,0.548700537417873,"localGP"
"8123",33,1,10,8,70.6098250573604,70.6098250573604,"Rough","Avg. Reward Condition",20,"7",13,NA,99,263,"Short",0.106189895775978,0.553087615550383,NA,0.685450630943318,"localGP"
"8124",33,2,9,8,52.3170386231255,70.6098250573604,"Rough","Avg. Reward Condition",20,"7",13,1,98,263,"Short",0.106189895775978,0.553087615550383,NA,0.685450630943318,"localGP"
"8125",33,3,3,10,49.5315069450251,70.6098250573604,"Rough","Avg. Reward Condition",20,"7",13,1,114,263,"Short",0.106189895775978,0.553087615550383,NA,0.685450630943318,"localGP"
"8126",33,4,2,10,46.7671401163618,70.6098250573604,"Rough","Avg. Reward Condition",20,"7",13,1,113,263,"Short",0.106189895775978,0.553087615550383,NA,0.685450630943318,"localGP"
"8127",33,5,2,9,27.7793506085113,70.6098250573604,"Rough","Avg. Reward Condition",20,"7",13,1,102,263,"Short",0.106189895775978,0.553087615550383,NA,0.685450630943318,"localGP"
"8128",33,6,0,7,62.0907443594714,70.6098250573604,"Rough","Avg. Reward Condition",20,"7",13,1,78,263,"Short",0.106189895775978,0.553087615550383,NA,0.685450630943318,"localGP"
"8129",33,7,0,6,56.4375165015689,70.6098250573604,"Rough","Avg. Reward Condition",20,"7",13,2,67,263,"Short",0.106189895775978,0.553087615550383,NA,0.685450630943318,"localGP"
"8130",33,8,1,6,39.9812394486691,70.6098250573604,"Rough","Avg. Reward Condition",20,"7",13,4,68,263,"Short",0.106189895775978,0.553087615550383,NA,0.685450630943318,"localGP"
"8131",33,9,2,6,46.1154151661553,70.6098250573604,"Rough","Avg. Reward Condition",20,"7",13,1,69,263,"Short",0.106189895775978,0.553087615550383,NA,0.685450630943318,"localGP"
"8132",33,10,3,6,16.3738177121343,70.6098250573604,"Rough","Avg. Reward Condition",20,"7",13,2,70,263,"Short",0.106189895775978,0.553087615550383,NA,0.685450630943318,"localGP"
"8133",33,11,3,7,6.9262905686919,70.6098250573604,"Rough","Avg. Reward Condition",20,"7",13,3,81,263,"Short",0.106189895775978,0.553087615550383,NA,0.685450630943318,"localGP"
"8134",33,12,4,7,25.3361076780515,70.6098250573604,"Rough","Avg. Reward Condition",20,"7",13,1,82,263,"Short",0.106189895775978,0.553087615550383,NA,0.685450630943318,"localGP"
"8135",33,13,4,6,35.317915260969,70.6098250573604,"Rough","Avg. Reward Condition",20,"7",13,1,71,263,"Short",0.106189895775978,0.553087615550383,NA,0.685450630943318,"localGP"
"8136",33,14,5,6,67.8000614723364,70.6098250573604,"Rough","Avg. Reward Condition",20,"7",13,0,72,263,"Short",0.106189895775978,0.553087615550383,NA,0.685450630943318,"localGP"
"8137",33,15,6,6,81.5801840646008,81.5801840646008,"Rough","Avg. Reward Condition",20,"7",13,1,73,263,"Short",0.106189895775978,0.553087615550383,NA,0.685450630943318,"localGP"
"8138",33,16,6,7,61.746746813945,81.5801840646008,"Rough","Avg. Reward Condition",20,"7",13,1,84,263,"Short",0.106189895775978,0.553087615550383,NA,0.685450630943318,"localGP"
"8139",33,17,5,7,44.9495290274255,81.5801840646008,"Rough","Avg. Reward Condition",20,"7",13,1,83,263,"Short",0.106189895775978,0.553087615550383,NA,0.685450630943318,"localGP"
"8140",33,18,8,3,21.3087357569789,81.5801840646008,"Rough","Avg. Reward Condition",20,"7",13,1,42,263,"Short",0.106189895775978,0.553087615550383,NA,0.685450630943318,"localGP"
"8141",33,19,4,3,68.6184588399681,81.5801840646008,"Rough","Avg. Reward Condition",20,"7",13,3,38,263,"Short",0.106189895775978,0.553087615550383,NA,0.685450630943318,"localGP"
"8142",33,20,3,3,80.5615551663229,81.5801840646008,"Rough","Avg. Reward Condition",20,"7",13,1,37,263,"Short",0.106189895775978,0.553087615550383,NA,0.685450630943318,"localGP"
"8143",33,21,3,2,75.9223381375201,81.5801840646008,"Rough","Avg. Reward Condition",20,"7",13,2,26,263,"Short",0.106189895775978,0.553087615550383,NA,0.685450630943318,"localGP"
"8144",33,1,1,4,50.1159622354863,50.1159622354863,"Rough","Avg. Reward Condition",40,"8",14,NA,46,264,"Long",0.0861228101121564,0.625628594921199,NA,0.555495851897097,"localGP"
"8145",33,2,1,5,56.5450425488561,56.5450425488561,"Rough","Avg. Reward Condition",40,"8",14,1,57,264,"Long",0.0861228101121564,0.625628594921199,NA,0.555495851897097,"localGP"
"8146",33,3,1,6,65.2952902215334,65.2952902215334,"Rough","Avg. Reward Condition",40,"8",14,1,68,264,"Long",0.0861228101121564,0.625628594921199,NA,0.555495851897097,"localGP"
"8147",33,4,4,2,87.5181735479042,87.5181735479042,"Rough","Avg. Reward Condition",40,"8",14,1,27,264,"Long",0.0861228101121564,0.625628594921199,NA,0.555495851897097,"localGP"
"8148",33,5,5,2,56.3291955901051,87.5181735479042,"Rough","Avg. Reward Condition",40,"8",14,1,28,264,"Long",0.0861228101121564,0.625628594921199,NA,0.555495851897097,"localGP"
"8149",33,6,5,1,54.5671632518635,87.5181735479042,"Rough","Avg. Reward Condition",40,"8",14,2,17,264,"Long",0.0861228101121564,0.625628594921199,NA,0.555495851897097,"localGP"
"8150",33,7,6,1,38.5929151137272,87.5181735479042,"Rough","Avg. Reward Condition",40,"8",14,1,18,264,"Long",0.0861228101121564,0.625628594921199,NA,0.555495851897097,"localGP"
"8151",33,8,7,1,25.1625322047614,87.5181735479042,"Rough","Avg. Reward Condition",40,"8",14,2,19,264,"Long",0.0861228101121564,0.625628594921199,NA,0.555495851897097,"localGP"
"8152",33,9,3,0,60.4754384104082,87.5181735479042,"Rough","Avg. Reward Condition",40,"8",14,2,4,264,"Long",0.0861228101121564,0.625628594921199,NA,0.555495851897097,"localGP"
"8153",33,10,6,0,43.3311523001001,87.5181735479042,"Rough","Avg. Reward Condition",40,"8",14,1,7,264,"Long",0.0861228101121564,0.625628594921199,NA,0.555495851897097,"localGP"
"8154",33,11,5,0,68.5162654383433,87.5181735479042,"Rough","Avg. Reward Condition",40,"8",14,4,6,264,"Long",0.0861228101121564,0.625628594921199,NA,0.555495851897097,"localGP"
"8155",33,12,4,0,56.6818334145278,87.5181735479042,"Rough","Avg. Reward Condition",40,"8",14,1,5,264,"Long",0.0861228101121564,0.625628594921199,NA,0.555495851897097,"localGP"
"8156",33,13,1,1,79.8594953579445,87.5181735479042,"Rough","Avg. Reward Condition",40,"8",14,1,13,264,"Long",0.0861228101121564,0.625628594921199,NA,0.555495851897097,"localGP"
"8157",33,14,0,1,65.8004801351009,87.5181735479042,"Rough","Avg. Reward Condition",40,"8",14,1,12,264,"Long",0.0861228101121564,0.625628594921199,NA,0.555495851897097,"localGP"
"8158",33,15,0,2,76.8659090537279,87.5181735479042,"Rough","Avg. Reward Condition",40,"8",14,2,23,264,"Long",0.0861228101121564,0.625628594921199,NA,0.555495851897097,"localGP"
"8159",33,16,0,3,91.5355338017791,91.5355338017791,"Rough","Avg. Reward Condition",40,"8",14,1,34,264,"Long",0.0861228101121564,0.625628594921199,NA,0.555495851897097,"localGP"
"8160",33,17,1,3,79.9836672889353,91.5355338017791,"Rough","Avg. Reward Condition",40,"8",14,1,35,264,"Long",0.0861228101121564,0.625628594921199,NA,0.555495851897097,"localGP"
"8161",33,18,0,3,91.5355338017791,91.5355338017791,"Rough","Avg. Reward Condition",40,"8",14,1,34,264,"Long",0.0861228101121564,0.625628594921199,NA,0.555495851897097,"localGP"
"8162",33,19,0,3,91.5355338017791,91.5355338017791,"Rough","Avg. Reward Condition",40,"8",14,1,34,264,"Long",0.0861228101121564,0.625628594921199,NA,0.555495851897097,"localGP"
"8163",33,20,0,4,77.3776317669719,91.5355338017791,"Rough","Avg. Reward Condition",40,"8",14,1,45,264,"Long",0.0861228101121564,0.625628594921199,NA,0.555495851897097,"localGP"
"8164",33,21,8,4,21.7301827501008,91.5355338017791,"Rough","Avg. Reward Condition",40,"8",14,1,53,264,"Long",0.0861228101121564,0.625628594921199,NA,0.555495851897097,"localGP"
"8165",33,22,4,9,36.9938233917223,91.5355338017791,"Rough","Avg. Reward Condition",40,"8",14,1,104,264,"Long",0.0861228101121564,0.625628594921199,NA,0.555495851897097,"localGP"
"8166",33,23,6,9,39.5539935704967,91.5355338017791,"Rough","Avg. Reward Condition",40,"8",14,2,106,264,"Long",0.0861228101121564,0.625628594921199,NA,0.555495851897097,"localGP"
"8167",33,24,6,10,40.244981968157,91.5355338017791,"Rough","Avg. Reward Condition",40,"8",14,1,117,264,"Long",0.0861228101121564,0.625628594921199,NA,0.555495851897097,"localGP"
"8168",33,25,0,9,55.3224243950514,91.5355338017791,"Rough","Avg. Reward Condition",40,"8",14,2,100,264,"Long",0.0861228101121564,0.625628594921199,NA,0.555495851897097,"localGP"
"8169",33,26,0,8,35.7214499575293,91.5355338017791,"Rough","Avg. Reward Condition",40,"8",14,1,89,264,"Long",0.0861228101121564,0.625628594921199,NA,0.555495851897097,"localGP"
"8170",33,27,1,8,31.7848586206524,91.5355338017791,"Rough","Avg. Reward Condition",40,"8",14,3,90,264,"Long",0.0861228101121564,0.625628594921199,NA,0.555495851897097,"localGP"
"8171",33,28,1,9,49.7358582140662,91.5355338017791,"Rough","Avg. Reward Condition",40,"8",14,2,101,264,"Long",0.0861228101121564,0.625628594921199,NA,0.555495851897097,"localGP"
"8172",33,29,2,9,44.7784563041284,91.5355338017791,"Rough","Avg. Reward Condition",40,"8",14,1,102,264,"Long",0.0861228101121564,0.625628594921199,NA,0.555495851897097,"localGP"
"8173",33,30,1,10,45.3799352902399,91.5355338017791,"Rough","Avg. Reward Condition",40,"8",14,1,112,264,"Long",0.0861228101121564,0.625628594921199,NA,0.555495851897097,"localGP"
"8174",33,31,0,10,52.5762240445858,91.5355338017791,"Rough","Avg. Reward Condition",40,"8",14,2,111,264,"Long",0.0861228101121564,0.625628594921199,NA,0.555495851897097,"localGP"
"8175",33,32,0,7,53.685906363197,91.5355338017791,"Rough","Avg. Reward Condition",40,"8",14,3,78,264,"Long",0.0861228101121564,0.625628594921199,NA,0.555495851897097,"localGP"
"8176",33,33,1,7,41.2794472519756,91.5355338017791,"Rough","Avg. Reward Condition",40,"8",14,2,79,264,"Long",0.0861228101121564,0.625628594921199,NA,0.555495851897097,"localGP"
"8177",33,34,2,7,55.242778504398,91.5355338017791,"Rough","Avg. Reward Condition",40,"8",14,1,80,264,"Long",0.0861228101121564,0.625628594921199,NA,0.555495851897097,"localGP"
"8178",33,35,3,7,83.336671792531,91.5355338017791,"Rough","Avg. Reward Condition",40,"8",14,1,81,264,"Long",0.0861228101121564,0.625628594921199,NA,0.555495851897097,"localGP"
"8179",33,36,3,8,65.8667223880299,91.5355338017791,"Rough","Avg. Reward Condition",40,"8",14,3,92,264,"Long",0.0861228101121564,0.625628594921199,NA,0.555495851897097,"localGP"
"8180",33,37,4,8,61.073766397803,91.5355338017791,"Rough","Avg. Reward Condition",40,"8",14,1,93,264,"Long",0.0861228101121564,0.625628594921199,NA,0.555495851897097,"localGP"
"8181",33,38,4,7,79.6870668844462,91.5355338017791,"Rough","Avg. Reward Condition",40,"8",14,1,82,264,"Long",0.0861228101121564,0.625628594921199,NA,0.555495851897097,"localGP"
"8182",33,39,5,7,59.9884412518984,91.5355338017791,"Rough","Avg. Reward Condition",40,"8",14,1,83,264,"Long",0.0861228101121564,0.625628594921199,NA,0.555495851897097,"localGP"
"8183",33,40,6,7,64.3536990872378,91.5355338017791,"Rough","Avg. Reward Condition",40,"8",14,3,84,264,"Long",0.0861228101121564,0.625628594921199,NA,0.555495851897097,"localGP"
"8184",33,41,6,8,53.0492949372385,91.5355338017791,"Rough","Avg. Reward Condition",40,"8",14,1,95,264,"Long",0.0861228101121564,0.625628594921199,NA,0.555495851897097,"localGP"
"8185",34,1,8,6,74.3893540286675,74.3893540286675,"Smooth","Avg. Reward Condition",20,"1",2,NA,75,265,"Short",0.0832665984033449,0.65321368584099,NA,0.598917887590338,"localGP"
"8186",34,2,8,7,27.4177147480502,74.3893540286675,"Smooth","Avg. Reward Condition",20,"1",2,1,86,265,"Short",0.0832665984033449,0.65321368584099,NA,0.598917887590338,"localGP"
"8187",34,3,9,7,24.6631121599105,74.3893540286675,"Smooth","Avg. Reward Condition",20,"1",2,2,87,265,"Short",0.0832665984033449,0.65321368584099,NA,0.598917887590338,"localGP"
"8188",34,4,9,6,60.9966324493762,74.3893540286675,"Smooth","Avg. Reward Condition",20,"1",2,2,76,265,"Short",0.0832665984033449,0.65321368584099,NA,0.598917887590338,"localGP"
"8189",34,5,9,5,74.2282844948157,74.3893540286675,"Smooth","Avg. Reward Condition",20,"1",2,2,65,265,"Short",0.0832665984033449,0.65321368584099,NA,0.598917887590338,"localGP"
"8190",34,6,8,5,82.1154481139937,82.1154481139937,"Smooth","Avg. Reward Condition",20,"1",2,1,64,265,"Short",0.0832665984033449,0.65321368584099,NA,0.598917887590338,"localGP"
"8191",34,7,7,5,65.2858713745774,82.1154481139937,"Smooth","Avg. Reward Condition",20,"1",2,2,63,265,"Short",0.0832665984033449,0.65321368584099,NA,0.598917887590338,"localGP"
"8192",34,8,7,6,53.9752952053274,82.1154481139937,"Smooth","Avg. Reward Condition",20,"1",2,2,74,265,"Short",0.0832665984033449,0.65321368584099,NA,0.598917887590338,"localGP"
"8193",34,9,6,6,56.4950247425191,82.1154481139937,"Smooth","Avg. Reward Condition",20,"1",2,1,73,265,"Short",0.0832665984033449,0.65321368584099,NA,0.598917887590338,"localGP"
"8194",34,10,5,6,69.4199837896596,82.1154481139937,"Smooth","Avg. Reward Condition",20,"1",2,2,72,265,"Short",0.0832665984033449,0.65321368584099,NA,0.598917887590338,"localGP"
"8195",34,11,4,6,42.855932628209,82.1154481139937,"Smooth","Avg. Reward Condition",20,"1",2,1,71,265,"Short",0.0832665984033449,0.65321368584099,NA,0.598917887590338,"localGP"
"8196",34,12,4,5,25.2003501997717,82.1154481139937,"Smooth","Avg. Reward Condition",20,"1",2,1,60,265,"Short",0.0832665984033449,0.65321368584099,NA,0.598917887590338,"localGP"
"8197",34,13,5,5,64.465937362096,82.1154481139937,"Smooth","Avg. Reward Condition",20,"1",2,1,61,265,"Short",0.0832665984033449,0.65321368584099,NA,0.598917887590338,"localGP"
"8198",34,14,5,3,32.4134397153988,82.1154481139937,"Smooth","Avg. Reward Condition",20,"1",2,1,39,265,"Short",0.0832665984033449,0.65321368584099,NA,0.598917887590338,"localGP"
"8199",34,15,6,8,43.1819250906555,82.1154481139937,"Smooth","Avg. Reward Condition",20,"1",2,3,95,265,"Short",0.0832665984033449,0.65321368584099,NA,0.598917887590338,"localGP"
"8200",34,16,5,8,25.9035878012328,82.1154481139937,"Smooth","Avg. Reward Condition",20,"1",2,1,94,265,"Short",0.0832665984033449,0.65321368584099,NA,0.598917887590338,"localGP"
"8201",34,17,5,7,38.2641941861674,82.1154481139937,"Smooth","Avg. Reward Condition",20,"1",2,1,83,265,"Short",0.0832665984033449,0.65321368584099,NA,0.598917887590338,"localGP"
"8202",34,18,6,7,38.7212084303539,82.1154481139937,"Smooth","Avg. Reward Condition",20,"1",2,1,84,265,"Short",0.0832665984033449,0.65321368584099,NA,0.598917887590338,"localGP"
"8203",34,19,4,7,40.1763342885389,82.1154481139937,"Smooth","Avg. Reward Condition",20,"1",2,1,82,265,"Short",0.0832665984033449,0.65321368584099,NA,0.598917887590338,"localGP"
"8204",34,20,3,7,29.4414947856435,82.1154481139937,"Smooth","Avg. Reward Condition",20,"1",2,4,81,265,"Short",0.0832665984033449,0.65321368584099,NA,0.598917887590338,"localGP"
"8205",34,21,2,6,31.0882445544401,82.1154481139937,"Smooth","Avg. Reward Condition",20,"1",2,1,69,265,"Short",0.0832665984033449,0.65321368584099,NA,0.598917887590338,"localGP"
"8206",34,1,3,9,57.8931465906352,57.8931465906352,"Smooth","Avg. Reward Condition",40,"2",17,NA,103,266,"Long",0.0951596924133837,0.627434675552512,NA,0.572809676282618,"localGP"
"8207",34,2,3,10,66.9843682918031,66.9843682918031,"Smooth","Avg. Reward Condition",40,"2",17,6,114,266,"Long",0.0951596924133837,0.627434675552512,NA,0.572809676282618,"localGP"
"8208",34,3,4,10,42.5458481354348,66.9843682918031,"Smooth","Avg. Reward Condition",40,"2",17,1,115,266,"Long",0.0951596924133837,0.627434675552512,NA,0.572809676282618,"localGP"
"8209",34,4,4,9,28.1850545862844,66.9843682918031,"Smooth","Avg. Reward Condition",40,"2",17,1,104,266,"Long",0.0951596924133837,0.627434675552512,NA,0.572809676282618,"localGP"
"8210",34,5,5,2,42.0898431676423,66.9843682918031,"Smooth","Avg. Reward Condition",40,"2",17,1,28,266,"Long",0.0951596924133837,0.627434675552512,NA,0.572809676282618,"localGP"
"8211",34,6,2,6,67.9735102315088,67.9735102315088,"Smooth","Avg. Reward Condition",40,"2",17,3,69,266,"Long",0.0951596924133837,0.627434675552512,NA,0.572809676282618,"localGP"
"8212",34,7,2,5,96.5712701527156,96.5712701527156,"Smooth","Avg. Reward Condition",40,"2",17,1,58,266,"Long",0.0951596924133837,0.627434675552512,NA,0.572809676282618,"localGP"
"8213",34,8,3,5,100,100,"Smooth","Avg. Reward Condition",40,"2",17,3,59,266,"Long",0.0951596924133837,0.627434675552512,NA,0.572809676282618,"localGP"
"8214",34,9,3,6,61.6521718992743,100,"Smooth","Avg. Reward Condition",40,"2",17,1,70,266,"Long",0.0951596924133837,0.627434675552512,NA,0.572809676282618,"localGP"
"8215",34,10,7,8,22.0278987459419,100,"Smooth","Avg. Reward Condition",40,"2",17,2,96,266,"Long",0.0951596924133837,0.627434675552512,NA,0.572809676282618,"localGP"
"8216",34,11,7,4,42.6028889590444,100,"Smooth","Avg. Reward Condition",40,"2",17,1,52,266,"Long",0.0951596924133837,0.627434675552512,NA,0.572809676282618,"localGP"
"8217",34,12,1,5,55.0007890272568,100,"Smooth","Avg. Reward Condition",40,"2",17,3,57,266,"Long",0.0951596924133837,0.627434675552512,NA,0.572809676282618,"localGP"
"8218",34,13,1,4,59.7275307327632,100,"Smooth","Avg. Reward Condition",40,"2",17,1,46,266,"Long",0.0951596924133837,0.627434675552512,NA,0.572809676282618,"localGP"
"8219",34,14,2,4,78.1145537046303,100,"Smooth","Avg. Reward Condition",40,"2",17,1,47,266,"Long",0.0951596924133837,0.627434675552512,NA,0.572809676282618,"localGP"
"8220",34,15,2,3,51.4694994418352,100,"Smooth","Avg. Reward Condition",40,"2",17,1,36,266,"Long",0.0951596924133837,0.627434675552512,NA,0.572809676282618,"localGP"
"8221",34,16,3,3,36.5733542977154,100,"Smooth","Avg. Reward Condition",40,"2",17,1,37,266,"Long",0.0951596924133837,0.627434675552512,NA,0.572809676282618,"localGP"
"8222",34,17,3,4,81.7432518785976,100,"Smooth","Avg. Reward Condition",40,"2",17,1,48,266,"Long",0.0951596924133837,0.627434675552512,NA,0.572809676282618,"localGP"
"8223",34,18,4,4,91.0453666765183,100,"Smooth","Avg. Reward Condition",40,"2",17,1,49,266,"Long",0.0951596924133837,0.627434675552512,NA,0.572809676282618,"localGP"
"8224",34,19,5,4,61.0193303568798,100,"Smooth","Avg. Reward Condition",40,"2",17,1,50,266,"Long",0.0951596924133837,0.627434675552512,NA,0.572809676282618,"localGP"
"8225",34,20,5,5,42.2377203459465,100,"Smooth","Avg. Reward Condition",40,"2",17,1,61,266,"Long",0.0951596924133837,0.627434675552512,NA,0.572809676282618,"localGP"
"8226",34,21,1,6,46.8743954250285,100,"Smooth","Avg. Reward Condition",40,"2",17,5,68,266,"Long",0.0951596924133837,0.627434675552512,NA,0.572809676282618,"localGP"
"8227",34,22,9,9,82.3610633531152,100,"Smooth","Avg. Reward Condition",40,"2",17,1,109,266,"Long",0.0951596924133837,0.627434675552512,NA,0.572809676282618,"localGP"
"8228",34,23,9,8,75.2770769943809,100,"Smooth","Avg. Reward Condition",40,"2",17,1,98,266,"Long",0.0951596924133837,0.627434675552512,NA,0.572809676282618,"localGP"
"8229",34,24,10,8,52.8164121364867,100,"Smooth","Avg. Reward Condition",40,"2",17,1,99,266,"Long",0.0951596924133837,0.627434675552512,NA,0.572809676282618,"localGP"
"8230",34,25,10,0,27.0967332866998,100,"Smooth","Avg. Reward Condition",40,"2",17,1,11,266,"Long",0.0951596924133837,0.627434675552512,NA,0.572809676282618,"localGP"
"8231",34,26,9,0,56.3100913856246,100,"Smooth","Avg. Reward Condition",40,"2",17,6,10,266,"Long",0.0951596924133837,0.627434675552512,NA,0.572809676282618,"localGP"
"8232",34,27,4,5,82.6609311486781,100,"Smooth","Avg. Reward Condition",40,"2",17,1,60,266,"Long",0.0951596924133837,0.627434675552512,NA,0.572809676282618,"localGP"
"8233",34,28,4,3,58.5828600076787,100,"Smooth","Avg. Reward Condition",40,"2",17,1,38,266,"Long",0.0951596924133837,0.627434675552512,NA,0.572809676282618,"localGP"
"8234",34,29,10,6,67.2792889568495,100,"Smooth","Avg. Reward Condition",40,"2",17,3,77,266,"Long",0.0951596924133837,0.627434675552512,NA,0.572809676282618,"localGP"
"8235",34,30,10,7,52.8033208285955,100,"Smooth","Avg. Reward Condition",40,"2",17,1,88,266,"Long",0.0951596924133837,0.627434675552512,NA,0.572809676282618,"localGP"
"8236",34,31,9,7,72.9342168010689,100,"Smooth","Avg. Reward Condition",40,"2",17,5,87,266,"Long",0.0951596924133837,0.627434675552512,NA,0.572809676282618,"localGP"
"8237",34,32,8,7,41.2249363226123,100,"Smooth","Avg. Reward Condition",40,"2",17,1,86,266,"Long",0.0951596924133837,0.627434675552512,NA,0.572809676282618,"localGP"
"8238",34,33,8,6,32.3056613261891,100,"Smooth","Avg. Reward Condition",40,"2",17,1,75,266,"Long",0.0951596924133837,0.627434675552512,NA,0.572809676282618,"localGP"
"8239",34,34,7,1,68.4445451989571,100,"Smooth","Avg. Reward Condition",40,"2",17,1,19,266,"Long",0.0951596924133837,0.627434675552512,NA,0.572809676282618,"localGP"
"8240",34,35,6,1,68.7866414207953,100,"Smooth","Avg. Reward Condition",40,"2",17,1,18,266,"Long",0.0951596924133837,0.627434675552512,NA,0.572809676282618,"localGP"
"8241",34,36,3,9,57.8931465906352,100,"Smooth","Avg. Reward Condition",40,"2",17,5,103,266,"Long",0.0951596924133837,0.627434675552512,NA,0.572809676282618,"localGP"
"8242",34,37,2,8,56.749621146005,100,"Smooth","Avg. Reward Condition",40,"2",17,1,91,266,"Long",0.0951596924133837,0.627434675552512,NA,0.572809676282618,"localGP"
"8243",34,38,2,7,55.9761738528466,100,"Smooth","Avg. Reward Condition",40,"2",17,1,80,266,"Long",0.0951596924133837,0.627434675552512,NA,0.572809676282618,"localGP"
"8244",34,39,9,5,49.3600787974706,100,"Smooth","Avg. Reward Condition",40,"2",17,1,65,266,"Long",0.0951596924133837,0.627434675552512,NA,0.572809676282618,"localGP"
"8245",34,40,9,4,37.4189636336299,100,"Smooth","Avg. Reward Condition",40,"2",17,1,54,266,"Long",0.0951596924133837,0.627434675552512,NA,0.572809676282618,"localGP"
"8246",34,41,9,3,46.6566969511363,100,"Smooth","Avg. Reward Condition",40,"2",17,1,43,266,"Long",0.0951596924133837,0.627434675552512,NA,0.572809676282618,"localGP"
"8247",34,1,8,10,60.2945325402359,60.2945325402359,"Smooth","Avg. Reward Condition",20,"3",9,NA,119,267,"Short",0.0946746445319316,0.702447111041773,NA,0.607168339848554,"localGP"
"8248",34,2,9,10,28.2000882502669,60.2945325402359,"Smooth","Avg. Reward Condition",20,"3",9,1,120,267,"Short",0.0946746445319316,0.702447111041773,NA,0.607168339848554,"localGP"
"8249",34,3,10,9,64.7402218310995,64.7402218310995,"Smooth","Avg. Reward Condition",20,"3",9,1,110,267,"Short",0.0946746445319316,0.702447111041773,NA,0.607168339848554,"localGP"
"8250",34,4,10,8,84.8321481843009,84.8321481843009,"Smooth","Avg. Reward Condition",20,"3",9,1,99,267,"Short",0.0946746445319316,0.702447111041773,NA,0.607168339848554,"localGP"
"8251",34,5,9,8,100,100,"Smooth","Avg. Reward Condition",20,"3",9,1,98,267,"Short",0.0946746445319316,0.702447111041773,NA,0.607168339848554,"localGP"
"8252",34,6,9,7,82.8870600418845,100,"Smooth","Avg. Reward Condition",20,"3",9,1,87,267,"Short",0.0946746445319316,0.702447111041773,NA,0.607168339848554,"localGP"
"8253",34,7,5,3,31.7363408535339,100,"Smooth","Avg. Reward Condition",20,"3",9,1,39,267,"Short",0.0946746445319316,0.702447111041773,NA,0.607168339848554,"localGP"
"8254",34,8,4,4,44.1531168030834,100,"Smooth","Avg. Reward Condition",20,"3",9,1,49,267,"Short",0.0946746445319316,0.702447111041773,NA,0.607168339848554,"localGP"
"8255",34,9,4,5,65.4711627445738,100,"Smooth","Avg. Reward Condition",20,"3",9,1,60,267,"Short",0.0946746445319316,0.702447111041773,NA,0.607168339848554,"localGP"
"8256",34,10,4,6,36.2825140010078,100,"Smooth","Avg. Reward Condition",20,"3",9,1,71,267,"Short",0.0946746445319316,0.702447111041773,NA,0.607168339848554,"localGP"
"8257",34,11,3,6,56.4526333659953,100,"Smooth","Avg. Reward Condition",20,"3",9,1,70,267,"Short",0.0946746445319316,0.702447111041773,NA,0.607168339848554,"localGP"
"8258",34,12,0,4,52.8064485464723,100,"Smooth","Avg. Reward Condition",20,"3",9,1,45,267,"Short",0.0946746445319316,0.702447111041773,NA,0.607168339848554,"localGP"
"8259",34,13,1,3,7.73707960033028,100,"Smooth","Avg. Reward Condition",20,"3",9,1,35,267,"Short",0.0946746445319316,0.702447111041773,NA,0.607168339848554,"localGP"
"8260",34,14,7,4,7.61116353320149,100,"Smooth","Avg. Reward Condition",20,"3",9,1,52,267,"Short",0.0946746445319316,0.702447111041773,NA,0.607168339848554,"localGP"
"8261",34,15,8,4,25.3679855103689,100,"Smooth","Avg. Reward Condition",20,"3",9,1,53,267,"Short",0.0946746445319316,0.702447111041773,NA,0.607168339848554,"localGP"
"8262",34,16,9,3,52.5751779693642,100,"Smooth","Avg. Reward Condition",20,"3",9,1,43,267,"Short",0.0946746445319316,0.702447111041773,NA,0.607168339848554,"localGP"
"8263",34,17,8,3,37.2279744875083,100,"Smooth","Avg. Reward Condition",20,"3",9,1,42,267,"Short",0.0946746445319316,0.702447111041773,NA,0.607168339848554,"localGP"
"8264",34,18,10,1,42.9509969441746,100,"Smooth","Avg. Reward Condition",20,"3",9,1,22,267,"Short",0.0946746445319316,0.702447111041773,NA,0.607168339848554,"localGP"
"8265",34,19,10,0,73.1299582594774,100,"Smooth","Avg. Reward Condition",20,"3",9,1,11,267,"Short",0.0946746445319316,0.702447111041773,NA,0.607168339848554,"localGP"
"8266",34,20,9,0,18.5206183987232,100,"Smooth","Avg. Reward Condition",20,"3",9,1,10,267,"Short",0.0946746445319316,0.702447111041773,NA,0.607168339848554,"localGP"
"8267",34,21,8,0,41.6535963587684,100,"Smooth","Avg. Reward Condition",20,"3",9,1,9,267,"Short",0.0946746445319316,0.702447111041773,NA,0.607168339848554,"localGP"
"8268",34,1,5,10,27.0731077876455,27.0731077876455,"Smooth","Avg. Reward Condition",40,"4",18,NA,116,268,"Long",0.0953443167150389,0.595100141755937,NA,0.595829627806327,"localGP"
"8269",34,2,3,10,32.5695318981662,32.5695318981662,"Smooth","Avg. Reward Condition",40,"4",18,1,114,268,"Long",0.0953443167150389,0.595100141755937,NA,0.595829627806327,"localGP"
"8270",34,3,3,9,61.4935218902942,61.4935218902942,"Smooth","Avg. Reward Condition",40,"4",18,2,103,268,"Long",0.0953443167150389,0.595100141755937,NA,0.595829627806327,"localGP"
"8271",34,4,4,9,48.6599556271506,61.4935218902942,"Smooth","Avg. Reward Condition",40,"4",18,3,104,268,"Long",0.0953443167150389,0.595100141755937,NA,0.595829627806327,"localGP"
"8272",34,5,4,5,66.1329906623103,66.1329906623103,"Smooth","Avg. Reward Condition",40,"4",18,6,60,268,"Long",0.0953443167150389,0.595100141755937,NA,0.595829627806327,"localGP"
"8273",34,6,5,5,61.5391732787472,66.1329906623103,"Smooth","Avg. Reward Condition",40,"4",18,7,61,268,"Long",0.0953443167150389,0.595100141755937,NA,0.595829627806327,"localGP"
"8274",34,7,5,4,37.8791272787462,66.1329906623103,"Smooth","Avg. Reward Condition",40,"4",18,6,50,268,"Long",0.0953443167150389,0.595100141755937,NA,0.595829627806327,"localGP"
"8275",34,8,2,3,53.5961483472986,66.1329906623103,"Smooth","Avg. Reward Condition",40,"4",18,3,36,268,"Long",0.0953443167150389,0.595100141755937,NA,0.595829627806327,"localGP"
"8276",34,9,3,2,87.0484650270771,87.0484650270771,"Smooth","Avg. Reward Condition",40,"4",18,1,26,268,"Long",0.0953443167150389,0.595100141755937,NA,0.595829627806327,"localGP"
"8277",34,10,3,3,53.9768384538052,87.0484650270771,"Smooth","Avg. Reward Condition",40,"4",18,1,37,268,"Long",0.0953443167150389,0.595100141755937,NA,0.595829627806327,"localGP"
"8278",34,11,4,3,63.7013527592454,87.0484650270771,"Smooth","Avg. Reward Condition",40,"4",18,1,38,268,"Long",0.0953443167150389,0.595100141755937,NA,0.595829627806327,"localGP"
"8279",34,12,4,2,74.4058624133972,87.0484650270771,"Smooth","Avg. Reward Condition",40,"4",18,2,27,268,"Long",0.0953443167150389,0.595100141755937,NA,0.595829627806327,"localGP"
"8280",34,13,5,2,52.4052015124445,87.0484650270771,"Smooth","Avg. Reward Condition",40,"4",18,1,28,268,"Long",0.0953443167150389,0.595100141755937,NA,0.595829627806327,"localGP"
"8281",34,14,5,1,44.0731143129656,87.0484650270771,"Smooth","Avg. Reward Condition",40,"4",18,1,17,268,"Long",0.0953443167150389,0.595100141755937,NA,0.595829627806327,"localGP"
"8282",34,15,6,2,24.0265388631754,87.0484650270771,"Smooth","Avg. Reward Condition",40,"4",18,1,29,268,"Long",0.0953443167150389,0.595100141755937,NA,0.595829627806327,"localGP"
"8283",34,16,6,3,2.55804621582689,87.0484650270771,"Smooth","Avg. Reward Condition",40,"4",18,3,40,268,"Long",0.0953443167150389,0.595100141755937,NA,0.595829627806327,"localGP"
"8284",34,17,7,3,0,87.0484650270771,"Smooth","Avg. Reward Condition",40,"4",18,2,41,268,"Long",0.0953443167150389,0.595100141755937,NA,0.595829627806327,"localGP"
"8285",34,18,4,4,52.24416387013,87.0484650270771,"Smooth","Avg. Reward Condition",40,"4",18,1,49,268,"Long",0.0953443167150389,0.595100141755937,NA,0.595829627806327,"localGP"
"8286",34,19,2,3,53.5961483472986,87.0484650270771,"Smooth","Avg. Reward Condition",40,"4",18,1,36,268,"Long",0.0953443167150389,0.595100141755937,NA,0.595829627806327,"localGP"
"8287",34,20,2,2,100,100,"Smooth","Avg. Reward Condition",40,"4",18,1,25,268,"Long",0.0953443167150389,0.595100141755937,NA,0.595829627806327,"localGP"
"8288",34,21,1,2,56.0034935119072,100,"Smooth","Avg. Reward Condition",40,"4",18,7,24,268,"Long",0.0953443167150389,0.595100141755937,NA,0.595829627806327,"localGP"
"8289",34,22,1,1,48.0935875031168,100,"Smooth","Avg. Reward Condition",40,"4",18,1,13,268,"Long",0.0953443167150389,0.595100141755937,NA,0.595829627806327,"localGP"
"8290",34,23,2,0,34.0203157022651,100,"Smooth","Avg. Reward Condition",40,"4",18,2,3,268,"Long",0.0953443167150389,0.595100141755937,NA,0.595829627806327,"localGP"
"8291",34,24,3,5,60.9956565134491,100,"Smooth","Avg. Reward Condition",40,"4",18,1,59,268,"Long",0.0953443167150389,0.595100141755937,NA,0.595829627806327,"localGP"
"8292",34,25,10,1,51.8458396113601,100,"Smooth","Avg. Reward Condition",40,"4",18,11,22,268,"Long",0.0953443167150389,0.595100141755937,NA,0.595829627806327,"localGP"
"8293",34,26,9,1,36.0277373757591,100,"Smooth","Avg. Reward Condition",40,"4",18,1,21,268,"Long",0.0953443167150389,0.595100141755937,NA,0.595829627806327,"localGP"
"8294",34,27,8,1,22.4638703652577,100,"Smooth","Avg. Reward Condition",40,"4",18,2,20,268,"Long",0.0953443167150389,0.595100141755937,NA,0.595829627806327,"localGP"
"8295",34,28,7,1,20.2621772906114,100,"Smooth","Avg. Reward Condition",40,"4",18,1,19,268,"Long",0.0953443167150389,0.595100141755937,NA,0.595829627806327,"localGP"
"8296",34,29,10,8,59.2407992793453,100,"Smooth","Avg. Reward Condition",40,"4",18,1,99,268,"Long",0.0953443167150389,0.595100141755937,NA,0.595829627806327,"localGP"
"8297",34,30,10,7,45.9324442548253,100,"Smooth","Avg. Reward Condition",40,"4",18,1,88,268,"Long",0.0953443167150389,0.595100141755937,NA,0.595829627806327,"localGP"
"8298",34,31,9,7,72.9623547713888,100,"Smooth","Avg. Reward Condition",40,"4",18,1,87,268,"Long",0.0953443167150389,0.595100141755937,NA,0.595829627806327,"localGP"
"8299",34,32,10,5,37.8302996702739,100,"Smooth","Avg. Reward Condition",40,"4",18,1,66,268,"Long",0.0953443167150389,0.595100141755937,NA,0.595829627806327,"localGP"
"8300",34,33,9,5,25.5809293587448,100,"Smooth","Avg. Reward Condition",40,"4",18,1,65,268,"Long",0.0953443167150389,0.595100141755937,NA,0.595829627806327,"localGP"
"8301",34,34,8,5,35.8126072041007,100,"Smooth","Avg. Reward Condition",40,"4",18,1,64,268,"Long",0.0953443167150389,0.595100141755937,NA,0.595829627806327,"localGP"
"8302",34,35,7,5,34.8171406531834,100,"Smooth","Avg. Reward Condition",40,"4",18,3,63,268,"Long",0.0953443167150389,0.595100141755937,NA,0.595829627806327,"localGP"
"8303",34,36,6,5,39.8371872215826,100,"Smooth","Avg. Reward Condition",40,"4",18,1,62,268,"Long",0.0953443167150389,0.595100141755937,NA,0.595829627806327,"localGP"
"8304",34,37,6,6,45.1082294847669,100,"Smooth","Avg. Reward Condition",40,"4",18,2,73,268,"Long",0.0953443167150389,0.595100141755937,NA,0.595829627806327,"localGP"
"8305",34,38,6,7,45.7922377623339,100,"Smooth","Avg. Reward Condition",40,"4",18,1,84,268,"Long",0.0953443167150389,0.595100141755937,NA,0.595829627806327,"localGP"
"8306",34,39,6,8,37.9736257778301,100,"Smooth","Avg. Reward Condition",40,"4",18,1,95,268,"Long",0.0953443167150389,0.595100141755937,NA,0.595829627806327,"localGP"
"8307",34,40,5,8,32.0305817810502,100,"Smooth","Avg. Reward Condition",40,"4",18,5,94,268,"Long",0.0953443167150389,0.595100141755937,NA,0.595829627806327,"localGP"
"8308",34,41,8,10,43.0920417226209,100,"Smooth","Avg. Reward Condition",40,"4",18,1,119,268,"Long",0.0953443167150389,0.595100141755937,NA,0.595829627806327,"localGP"
"8309",34,1,5,8,42.4332277403281,42.4332277403281,"Smooth","Avg. Reward Condition",20,"5",4,NA,94,269,"Short",0.0808356585547644,0.707240112913684,NA,0.568411664668356,"localGP"
"8310",34,2,6,8,40.2396617091543,42.4332277403281,"Smooth","Avg. Reward Condition",20,"5",4,1,95,269,"Short",0.0808356585547644,0.707240112913684,NA,0.568411664668356,"localGP"
"8311",34,3,5,6,67.055437287635,67.055437287635,"Smooth","Avg. Reward Condition",20,"5",4,1,72,269,"Short",0.0808356585547644,0.707240112913684,NA,0.568411664668356,"localGP"
"8312",34,4,4,6,62.1617444201005,67.055437287635,"Smooth","Avg. Reward Condition",20,"5",4,3,71,269,"Short",0.0808356585547644,0.707240112913684,NA,0.568411664668356,"localGP"
"8313",34,5,2,6,25.9979854237187,67.055437287635,"Smooth","Avg. Reward Condition",20,"5",4,1,69,269,"Short",0.0808356585547644,0.707240112913684,NA,0.568411664668356,"localGP"
"8314",34,6,3,6,39.1502894638098,67.055437287635,"Smooth","Avg. Reward Condition",20,"5",4,1,70,269,"Short",0.0808356585547644,0.707240112913684,NA,0.568411664668356,"localGP"
"8315",34,7,3,7,47.3255867438029,67.055437287635,"Smooth","Avg. Reward Condition",20,"5",4,4,81,269,"Short",0.0808356585547644,0.707240112913684,NA,0.568411664668356,"localGP"
"8316",34,8,3,8,66.9283199969529,67.055437287635,"Smooth","Avg. Reward Condition",20,"5",4,1,92,269,"Short",0.0808356585547644,0.707240112913684,NA,0.568411664668356,"localGP"
"8317",34,9,2,8,76.6612270941655,76.6612270941655,"Smooth","Avg. Reward Condition",20,"5",4,1,91,269,"Short",0.0808356585547644,0.707240112913684,NA,0.568411664668356,"localGP"
"8318",34,10,2,9,75.1501969131058,76.6612270941655,"Smooth","Avg. Reward Condition",20,"5",4,1,102,269,"Short",0.0808356585547644,0.707240112913684,NA,0.568411664668356,"localGP"
"8319",34,11,2,10,54.5646114683312,76.6612270941655,"Smooth","Avg. Reward Condition",20,"5",4,1,113,269,"Short",0.0808356585547644,0.707240112913684,NA,0.568411664668356,"localGP"
"8320",34,12,1,10,30.8155263252467,76.6612270941655,"Smooth","Avg. Reward Condition",20,"5",4,1,112,269,"Short",0.0808356585547644,0.707240112913684,NA,0.568411664668356,"localGP"
"8321",34,13,1,5,42.3282812740103,76.6612270941655,"Smooth","Avg. Reward Condition",20,"5",4,1,57,269,"Short",0.0808356585547644,0.707240112913684,NA,0.568411664668356,"localGP"
"8322",34,14,1,4,31.2670409305907,76.6612270941655,"Smooth","Avg. Reward Condition",20,"5",4,2,46,269,"Short",0.0808356585547644,0.707240112913684,NA,0.568411664668356,"localGP"
"8323",34,15,2,4,48.1844951677525,76.6612270941655,"Smooth","Avg. Reward Condition",20,"5",4,1,47,269,"Short",0.0808356585547644,0.707240112913684,NA,0.568411664668356,"localGP"
"8324",34,16,6,6,49.41154268664,76.6612270941655,"Smooth","Avg. Reward Condition",20,"5",4,1,73,269,"Short",0.0808356585547644,0.707240112913684,NA,0.568411664668356,"localGP"
"8325",34,17,6,5,27.715879819657,76.6612270941655,"Smooth","Avg. Reward Condition",20,"5",4,1,62,269,"Short",0.0808356585547644,0.707240112913684,NA,0.568411664668356,"localGP"
"8326",34,18,5,5,32.848866860403,76.6612270941655,"Smooth","Avg. Reward Condition",20,"5",4,1,61,269,"Short",0.0808356585547644,0.707240112913684,NA,0.568411664668356,"localGP"
"8327",34,19,4,5,36.1447579478145,76.6612270941655,"Smooth","Avg. Reward Condition",20,"5",4,2,60,269,"Short",0.0808356585547644,0.707240112913684,NA,0.568411664668356,"localGP"
"8328",34,20,3,5,42.7959120158228,76.6612270941655,"Smooth","Avg. Reward Condition",20,"5",4,1,59,269,"Short",0.0808356585547644,0.707240112913684,NA,0.568411664668356,"localGP"
"8329",34,21,3,4,52.4074938084039,76.6612270941655,"Smooth","Avg. Reward Condition",20,"5",4,4,48,269,"Short",0.0808356585547644,0.707240112913684,NA,0.568411664668356,"localGP"
"8330",34,1,3,7,41.1726557910907,41.1726557910907,"Smooth","Avg. Reward Condition",40,"6",3,NA,81,270,"Long",16.3164381065344,0.297831025684141,NA,98.6206511629317,"localGP"
"8331",34,2,2,2,53.1533598477093,53.1533598477093,"Smooth","Avg. Reward Condition",40,"6",3,1,25,270,"Long",16.3164381065344,0.297831025684141,NA,98.6206511629317,"localGP"
"8332",34,3,3,2,42.1944020034096,53.1533598477093,"Smooth","Avg. Reward Condition",40,"6",3,2,26,270,"Long",16.3164381065344,0.297831025684141,NA,98.6206511629317,"localGP"
"8333",34,4,3,1,50.2535839853103,53.1533598477093,"Smooth","Avg. Reward Condition",40,"6",3,1,15,270,"Long",16.3164381065344,0.297831025684141,NA,98.6206511629317,"localGP"
"8334",34,5,3,0,54.3215308277362,54.3215308277362,"Smooth","Avg. Reward Condition",40,"6",3,1,4,270,"Long",16.3164381065344,0.297831025684141,NA,98.6206511629317,"localGP"
"8335",34,6,2,0,30.4119730955053,54.3215308277362,"Smooth","Avg. Reward Condition",40,"6",3,2,3,270,"Long",16.3164381065344,0.297831025684141,NA,98.6206511629317,"localGP"
"8336",34,7,1,0,14.462063322547,54.3215308277362,"Smooth","Avg. Reward Condition",40,"6",3,1,2,270,"Long",16.3164381065344,0.297831025684141,NA,98.6206511629317,"localGP"
"8337",34,8,9,10,56.585007074553,56.585007074553,"Smooth","Avg. Reward Condition",40,"6",3,1,120,270,"Long",16.3164381065344,0.297831025684141,NA,98.6206511629317,"localGP"
"8338",34,9,10,10,53.1955394610768,56.585007074553,"Smooth","Avg. Reward Condition",40,"6",3,2,121,270,"Long",16.3164381065344,0.297831025684141,NA,98.6206511629317,"localGP"
"8339",34,10,6,6,43.2008505736077,56.585007074553,"Smooth","Avg. Reward Condition",40,"6",3,1,73,270,"Long",16.3164381065344,0.297831025684141,NA,98.6206511629317,"localGP"
"8340",34,11,6,5,34.8312473198158,56.585007074553,"Smooth","Avg. Reward Condition",40,"6",3,2,62,270,"Long",16.3164381065344,0.297831025684141,NA,98.6206511629317,"localGP"
"8341",34,12,6,4,44.9938943868475,56.585007074553,"Smooth","Avg. Reward Condition",40,"6",3,1,51,270,"Long",16.3164381065344,0.297831025684141,NA,98.6206511629317,"localGP"
"8342",34,13,6,6,43.2008505736077,56.585007074553,"Smooth","Avg. Reward Condition",40,"6",3,2,73,270,"Long",16.3164381065344,0.297831025684141,NA,98.6206511629317,"localGP"
"8343",34,14,4,6,65.0620615185849,65.0620615185849,"Smooth","Avg. Reward Condition",40,"6",3,1,71,270,"Long",16.3164381065344,0.297831025684141,NA,98.6206511629317,"localGP"
"8344",34,15,4,7,73.9799406731188,73.9799406731188,"Smooth","Avg. Reward Condition",40,"6",3,5,82,270,"Long",16.3164381065344,0.297831025684141,NA,98.6206511629317,"localGP"
"8345",34,16,6,7,47.0402121528256,73.9799406731188,"Smooth","Avg. Reward Condition",40,"6",3,1,84,270,"Long",16.3164381065344,0.297831025684141,NA,98.6206511629317,"localGP"
"8346",34,17,5,7,56.1612856920817,73.9799406731188,"Smooth","Avg. Reward Condition",40,"6",3,2,83,270,"Long",16.3164381065344,0.297831025684141,NA,98.6206511629317,"localGP"
"8347",34,18,5,6,47.8129336861214,73.9799406731188,"Smooth","Avg. Reward Condition",40,"6",3,2,72,270,"Long",16.3164381065344,0.297831025684141,NA,98.6206511629317,"localGP"
"8348",34,19,5,5,43.9510730907808,73.9799406731188,"Smooth","Avg. Reward Condition",40,"6",3,3,61,270,"Long",16.3164381065344,0.297831025684141,NA,98.6206511629317,"localGP"
"8349",34,20,4,5,54.5351061532027,73.9799406731188,"Smooth","Avg. Reward Condition",40,"6",3,2,60,270,"Long",16.3164381065344,0.297831025684141,NA,98.6206511629317,"localGP"
"8350",34,21,4,4,49.7580304361875,73.9799406731188,"Smooth","Avg. Reward Condition",40,"6",3,1,49,270,"Long",16.3164381065344,0.297831025684141,NA,98.6206511629317,"localGP"
"8351",34,22,10,9,83.9309950136253,83.9309950136253,"Smooth","Avg. Reward Condition",40,"6",3,1,110,270,"Long",16.3164381065344,0.297831025684141,NA,98.6206511629317,"localGP"
"8352",34,23,10,8,89.8653397577546,89.8653397577546,"Smooth","Avg. Reward Condition",40,"6",3,3,99,270,"Long",16.3164381065344,0.297831025684141,NA,98.6206511629317,"localGP"
"8353",34,24,10,7,74.302046558664,89.8653397577546,"Smooth","Avg. Reward Condition",40,"6",3,1,88,270,"Long",16.3164381065344,0.297831025684141,NA,98.6206511629317,"localGP"
"8354",34,25,8,5,39.6478380945369,89.8653397577546,"Smooth","Avg. Reward Condition",40,"6",3,1,64,270,"Long",16.3164381065344,0.297831025684141,NA,98.6206511629317,"localGP"
"8355",34,26,2,4,30.1067653014681,89.8653397577546,"Smooth","Avg. Reward Condition",40,"6",3,1,47,270,"Long",16.3164381065344,0.297831025684141,NA,98.6206511629317,"localGP"
"8356",34,27,0,4,38.4070367108847,89.8653397577546,"Smooth","Avg. Reward Condition",40,"6",3,1,45,270,"Long",16.3164381065344,0.297831025684141,NA,98.6206511629317,"localGP"
"8357",34,28,0,3,46.9181544218078,89.8653397577546,"Smooth","Avg. Reward Condition",40,"6",3,4,34,270,"Long",16.3164381065344,0.297831025684141,NA,98.6206511629317,"localGP"
"8358",34,29,0,2,79.3285213093921,89.8653397577546,"Smooth","Avg. Reward Condition",40,"6",3,3,23,270,"Long",16.3164381065344,0.297831025684141,NA,98.6206511629317,"localGP"
"8359",34,30,1,2,73.9442731369025,89.8653397577546,"Smooth","Avg. Reward Condition",40,"6",3,1,24,270,"Long",16.3164381065344,0.297831025684141,NA,98.6206511629317,"localGP"
"8360",34,31,2,6,23.2904809961193,89.8653397577546,"Smooth","Avg. Reward Condition",40,"6",3,4,69,270,"Long",16.3164381065344,0.297831025684141,NA,98.6206511629317,"localGP"
"8361",34,32,3,6,46.2251084893925,89.8653397577546,"Smooth","Avg. Reward Condition",40,"6",3,1,70,270,"Long",16.3164381065344,0.297831025684141,NA,98.6206511629317,"localGP"
"8362",34,33,3,5,45.7673029552207,89.8653397577546,"Smooth","Avg. Reward Condition",40,"6",3,7,59,270,"Long",16.3164381065344,0.297831025684141,NA,98.6206511629317,"localGP"
"8363",34,34,3,9,34.2308196007598,89.8653397577546,"Smooth","Avg. Reward Condition",40,"6",3,1,103,270,"Long",16.3164381065344,0.297831025684141,NA,98.6206511629317,"localGP"
"8364",34,35,2,9,31.0318046943567,89.8653397577546,"Smooth","Avg. Reward Condition",40,"6",3,1,102,270,"Long",16.3164381065344,0.297831025684141,NA,98.6206511629317,"localGP"
"8365",34,36,2,10,32.7930562436501,89.8653397577546,"Smooth","Avg. Reward Condition",40,"6",3,1,113,270,"Long",16.3164381065344,0.297831025684141,NA,98.6206511629317,"localGP"
"8366",34,37,3,10,27.8257568342711,89.8653397577546,"Smooth","Avg. Reward Condition",40,"6",3,1,114,270,"Long",16.3164381065344,0.297831025684141,NA,98.6206511629317,"localGP"
"8367",34,38,4,10,39.6228842539641,89.8653397577546,"Smooth","Avg. Reward Condition",40,"6",3,8,115,270,"Long",16.3164381065344,0.297831025684141,NA,98.6206511629317,"localGP"
"8368",34,39,4,9,39.9254255955642,89.8653397577546,"Smooth","Avg. Reward Condition",40,"6",3,8,104,270,"Long",16.3164381065344,0.297831025684141,NA,98.6206511629317,"localGP"
"8369",34,40,0,1,65.8842210019146,89.8653397577546,"Smooth","Avg. Reward Condition",40,"6",3,3,12,270,"Long",16.3164381065344,0.297831025684141,NA,98.6206511629317,"localGP"
"8370",34,41,1,1,55.6104424370959,89.8653397577546,"Smooth","Avg. Reward Condition",40,"6",3,1,13,270,"Long",16.3164381065344,0.297831025684141,NA,98.6206511629317,"localGP"
"8371",34,1,8,4,57.9281093850076,57.9281093850076,"Smooth","Avg. Reward Condition",20,"7",12,NA,53,271,"Short",0.0827562009813556,0.669370135323957,NA,0.555766555507604,"localGP"
"8372",34,2,9,4,56.4576797059475,57.9281093850076,"Smooth","Avg. Reward Condition",20,"7",12,1,54,271,"Short",0.0827562009813556,0.669370135323957,NA,0.555766555507604,"localGP"
"8373",34,3,9,3,31.6251889945826,57.9281093850076,"Smooth","Avg. Reward Condition",20,"7",12,1,43,271,"Short",0.0827562009813556,0.669370135323957,NA,0.555766555507604,"localGP"
"8374",34,4,7,3,39.8382948822968,57.9281093850076,"Smooth","Avg. Reward Condition",20,"7",12,1,41,271,"Short",0.0827562009813556,0.669370135323957,NA,0.555766555507604,"localGP"
"8375",34,5,5,0,11.9692756700974,57.9281093850076,"Smooth","Avg. Reward Condition",20,"7",12,1,6,271,"Short",0.0827562009813556,0.669370135323957,NA,0.555766555507604,"localGP"
"8376",34,6,4,0,44.6746717399541,57.9281093850076,"Smooth","Avg. Reward Condition",20,"7",12,1,5,271,"Short",0.0827562009813556,0.669370135323957,NA,0.555766555507604,"localGP"
"8377",34,7,4,1,56.1038322690093,57.9281093850076,"Smooth","Avg. Reward Condition",20,"7",12,1,16,271,"Short",0.0827562009813556,0.669370135323957,NA,0.555766555507604,"localGP"
"8378",34,8,3,1,68.4386100251646,68.4386100251646,"Smooth","Avg. Reward Condition",20,"7",12,1,15,271,"Short",0.0827562009813556,0.669370135323957,NA,0.555766555507604,"localGP"
"8379",34,9,3,2,92.3609329000905,92.3609329000905,"Smooth","Avg. Reward Condition",20,"7",12,1,26,271,"Short",0.0827562009813556,0.669370135323957,NA,0.555766555507604,"localGP"
"8380",34,10,4,2,81.6647174161388,92.3609329000905,"Smooth","Avg. Reward Condition",20,"7",12,2,27,271,"Short",0.0827562009813556,0.669370135323957,NA,0.555766555507604,"localGP"
"8381",34,11,3,2,92.3609329000905,92.3609329000905,"Smooth","Avg. Reward Condition",20,"7",12,1,26,271,"Short",0.0827562009813556,0.669370135323957,NA,0.555766555507604,"localGP"
"8382",34,12,2,2,75.2998584228021,92.3609329000905,"Smooth","Avg. Reward Condition",20,"7",12,2,25,271,"Short",0.0827562009813556,0.669370135323957,NA,0.555766555507604,"localGP"
"8383",34,13,2,1,71.2084102160603,92.3609329000905,"Smooth","Avg. Reward Condition",20,"7",12,1,14,271,"Short",0.0827562009813556,0.669370135323957,NA,0.555766555507604,"localGP"
"8384",34,14,2,0,69.5209390611237,92.3609329000905,"Smooth","Avg. Reward Condition",20,"7",12,1,3,271,"Short",0.0827562009813556,0.669370135323957,NA,0.555766555507604,"localGP"
"8385",34,15,1,0,41.1943881385289,92.3609329000905,"Smooth","Avg. Reward Condition",20,"7",12,4,2,271,"Short",0.0827562009813556,0.669370135323957,NA,0.555766555507604,"localGP"
"8386",34,16,3,0,64.7269948092112,92.3609329000905,"Smooth","Avg. Reward Condition",20,"7",12,1,4,271,"Short",0.0827562009813556,0.669370135323957,NA,0.555766555507604,"localGP"
"8387",34,17,4,3,65.5943555027251,92.3609329000905,"Smooth","Avg. Reward Condition",20,"7",12,1,38,271,"Short",0.0827562009813556,0.669370135323957,NA,0.555766555507604,"localGP"
"8388",34,18,5,3,27.1172437554855,92.3609329000905,"Smooth","Avg. Reward Condition",20,"7",12,1,39,271,"Short",0.0827562009813556,0.669370135323957,NA,0.555766555507604,"localGP"
"8389",34,19,5,2,65.4096686254795,92.3609329000905,"Smooth","Avg. Reward Condition",20,"7",12,8,28,271,"Short",0.0827562009813556,0.669370135323957,NA,0.555766555507604,"localGP"
"8390",34,20,3,3,78.6603428808522,92.3609329000905,"Smooth","Avg. Reward Condition",20,"7",12,4,37,271,"Short",0.0827562009813556,0.669370135323957,NA,0.555766555507604,"localGP"
"8391",34,21,2,3,54.2459554545329,92.3609329000905,"Smooth","Avg. Reward Condition",20,"7",12,1,36,271,"Short",0.0827562009813556,0.669370135323957,NA,0.555766555507604,"localGP"
"8392",34,1,4,0,4.10024476646048,4.10024476646048,"Smooth","Avg. Reward Condition",40,"8",16,NA,5,272,"Long",16.8124259716904,0.298796628370901,NA,99.7423287900051,"localGP"
"8393",34,2,1,5,4.1424885441266,4.1424885441266,"Smooth","Avg. Reward Condition",40,"8",16,9,57,272,"Long",16.8124259716904,0.298796628370901,NA,99.7423287900051,"localGP"
"8394",34,3,1,6,12.6436681000289,12.6436681000289,"Smooth","Avg. Reward Condition",40,"8",16,1,68,272,"Long",16.8124259716904,0.298796628370901,NA,99.7423287900051,"localGP"
"8395",34,4,3,6,61.712476104061,61.712476104061,"Smooth","Avg. Reward Condition",40,"8",16,1,70,272,"Long",16.8124259716904,0.298796628370901,NA,99.7423287900051,"localGP"
"8396",34,5,3,7,53.4998993765657,61.712476104061,"Smooth","Avg. Reward Condition",40,"8",16,1,81,272,"Long",16.8124259716904,0.298796628370901,NA,99.7423287900051,"localGP"
"8397",34,6,6,7,11.109165355926,61.712476104061,"Smooth","Avg. Reward Condition",40,"8",16,2,84,272,"Long",16.8124259716904,0.298796628370901,NA,99.7423287900051,"localGP"
"8398",34,7,7,7,17.2801623922948,61.712476104061,"Smooth","Avg. Reward Condition",40,"8",16,1,85,272,"Long",16.8124259716904,0.298796628370901,NA,99.7423287900051,"localGP"
"8399",34,8,7,8,21.7601105267846,61.712476104061,"Smooth","Avg. Reward Condition",40,"8",16,3,96,272,"Long",16.8124259716904,0.298796628370901,NA,99.7423287900051,"localGP"
"8400",34,9,3,8,58.2164648696967,61.712476104061,"Smooth","Avg. Reward Condition",40,"8",16,1,92,272,"Long",16.8124259716904,0.298796628370901,NA,99.7423287900051,"localGP"
"8401",34,10,4,8,36.8102979545033,61.712476104061,"Smooth","Avg. Reward Condition",40,"8",16,2,93,272,"Long",16.8124259716904,0.298796628370901,NA,99.7423287900051,"localGP"
"8402",34,11,4,9,52.7069887453694,61.712476104061,"Smooth","Avg. Reward Condition",40,"8",16,2,104,272,"Long",16.8124259716904,0.298796628370901,NA,99.7423287900051,"localGP"
"8403",34,12,3,9,73.328444338372,73.328444338372,"Smooth","Avg. Reward Condition",40,"8",16,1,103,272,"Long",16.8124259716904,0.298796628370901,NA,99.7423287900051,"localGP"
"8404",34,13,2,9,67.2457029271411,73.328444338372,"Smooth","Avg. Reward Condition",40,"8",16,1,102,272,"Long",16.8124259716904,0.298796628370901,NA,99.7423287900051,"localGP"
"8405",34,14,2,8,47.6806943266492,73.328444338372,"Smooth","Avg. Reward Condition",40,"8",16,2,91,272,"Long",16.8124259716904,0.298796628370901,NA,99.7423287900051,"localGP"
"8406",34,15,1,8,47.6114909591659,73.328444338372,"Smooth","Avg. Reward Condition",40,"8",16,1,90,272,"Long",16.8124259716904,0.298796628370901,NA,99.7423287900051,"localGP"
"8407",34,16,1,7,30.6098170794807,73.328444338372,"Smooth","Avg. Reward Condition",40,"8",16,2,79,272,"Long",16.8124259716904,0.298796628370901,NA,99.7423287900051,"localGP"
"8408",34,17,2,7,20.8380154740656,73.328444338372,"Smooth","Avg. Reward Condition",40,"8",16,1,80,272,"Long",16.8124259716904,0.298796628370901,NA,99.7423287900051,"localGP"
"8409",34,18,9,6,72.6451286930569,73.328444338372,"Smooth","Avg. Reward Condition",40,"8",16,1,76,272,"Long",16.8124259716904,0.298796628370901,NA,99.7423287900051,"localGP"
"8410",34,19,9,5,54.5094189956315,73.328444338372,"Smooth","Avg. Reward Condition",40,"8",16,2,65,272,"Long",16.8124259716904,0.298796628370901,NA,99.7423287900051,"localGP"
"8411",34,20,8,5,55.4827017867846,73.328444338372,"Smooth","Avg. Reward Condition",40,"8",16,1,64,272,"Long",16.8124259716904,0.298796628370901,NA,99.7423287900051,"localGP"
"8412",34,21,7,5,45.3166315681639,73.328444338372,"Smooth","Avg. Reward Condition",40,"8",16,1,63,272,"Long",16.8124259716904,0.298796628370901,NA,99.7423287900051,"localGP"
"8413",34,22,3,5,75.0250883463196,75.0250883463196,"Smooth","Avg. Reward Condition",40,"8",16,2,59,272,"Long",16.8124259716904,0.298796628370901,NA,99.7423287900051,"localGP"
"8414",34,23,2,5,41.71018551704,75.0250883463196,"Smooth","Avg. Reward Condition",40,"8",16,1,58,272,"Long",16.8124259716904,0.298796628370901,NA,99.7423287900051,"localGP"
"8415",34,24,4,6,48.5193217731592,75.0250883463196,"Smooth","Avg. Reward Condition",40,"8",16,2,71,272,"Long",16.8124259716904,0.298796628370901,NA,99.7423287900051,"localGP"
"8416",34,25,5,6,65.7919203460871,75.0250883463196,"Smooth","Avg. Reward Condition",40,"8",16,1,72,272,"Long",16.8124259716904,0.298796628370901,NA,99.7423287900051,"localGP"
"8417",34,26,5,5,69.5623666177624,75.0250883463196,"Smooth","Avg. Reward Condition",40,"8",16,1,61,272,"Long",16.8124259716904,0.298796628370901,NA,99.7423287900051,"localGP"
"8418",34,27,6,5,62.1197165528081,75.0250883463196,"Smooth","Avg. Reward Condition",40,"8",16,1,62,272,"Long",16.8124259716904,0.298796628370901,NA,99.7423287900051,"localGP"
"8419",34,28,7,6,29.9313498285692,75.0250883463196,"Smooth","Avg. Reward Condition",40,"8",16,1,74,272,"Long",16.8124259716904,0.298796628370901,NA,99.7423287900051,"localGP"
"8420",34,29,7,8,21.7601105267846,75.0250883463196,"Smooth","Avg. Reward Condition",40,"8",16,4,96,272,"Long",16.8124259716904,0.298796628370901,NA,99.7423287900051,"localGP"
"8421",34,30,1,8,47.6114909591659,75.0250883463196,"Smooth","Avg. Reward Condition",40,"8",16,5,90,272,"Long",16.8124259716904,0.298796628370901,NA,99.7423287900051,"localGP"
"8422",34,31,0,8,23.1725085445236,75.0250883463196,"Smooth","Avg. Reward Condition",40,"8",16,2,89,272,"Long",16.8124259716904,0.298796628370901,NA,99.7423287900051,"localGP"
"8423",34,32,0,9,12.3134748029018,75.0250883463196,"Smooth","Avg. Reward Condition",40,"8",16,1,100,272,"Long",16.8124259716904,0.298796628370901,NA,99.7423287900051,"localGP"
"8424",34,33,1,1,62.6840921632326,75.0250883463196,"Smooth","Avg. Reward Condition",40,"8",16,1,13,272,"Long",16.8124259716904,0.298796628370901,NA,99.7423287900051,"localGP"
"8425",34,34,0,1,45.6400924104609,75.0250883463196,"Smooth","Avg. Reward Condition",40,"8",16,1,12,272,"Long",16.8124259716904,0.298796628370901,NA,99.7423287900051,"localGP"
"8426",34,35,0,0,62.3937858826807,75.0250883463196,"Smooth","Avg. Reward Condition",40,"8",16,7,1,272,"Long",16.8124259716904,0.298796628370901,NA,99.7423287900051,"localGP"
"8427",34,36,8,2,32.4684678328566,75.0250883463196,"Smooth","Avg. Reward Condition",40,"8",16,1,31,272,"Long",16.8124259716904,0.298796628370901,NA,99.7423287900051,"localGP"
"8428",34,37,7,2,50.3250287772855,75.0250883463196,"Smooth","Avg. Reward Condition",40,"8",16,4,30,272,"Long",16.8124259716904,0.298796628370901,NA,99.7423287900051,"localGP"
"8429",34,38,7,3,32.8647798695032,75.0250883463196,"Smooth","Avg. Reward Condition",40,"8",16,5,41,272,"Long",16.8124259716904,0.298796628370901,NA,99.7423287900051,"localGP"
"8430",34,39,6,3,20.2544962767055,75.0250883463196,"Smooth","Avg. Reward Condition",40,"8",16,1,40,272,"Long",16.8124259716904,0.298796628370901,NA,99.7423287900051,"localGP"
"8431",34,40,5,3,14.4116653483847,75.0250883463196,"Smooth","Avg. Reward Condition",40,"8",16,1,39,272,"Long",16.8124259716904,0.298796628370901,NA,99.7423287900051,"localGP"
"8432",34,41,5,2,15.5566285414622,75.0250883463196,"Smooth","Avg. Reward Condition",40,"8",16,3,28,272,"Long",16.8124259716904,0.298796628370901,NA,99.7423287900051,"localGP"
"8433",35,1,7,4,33.4912199403317,33.4912199403317,"Smooth","Avg. Reward Condition",40,"1",16,NA,52,273,"Long",0.0944306014405156,0.650010806780779,NA,0.531890918206545,"localGP"
"8434",35,2,6,4,32.9227848500965,33.4912199403317,"Smooth","Avg. Reward Condition",40,"1",16,9,51,273,"Long",0.0944306014405156,0.650010806780779,NA,0.531890918206545,"localGP"
"8435",35,3,6,6,48.4419076535345,48.4419076535345,"Smooth","Avg. Reward Condition",40,"1",16,8,73,273,"Long",0.0944306014405156,0.650010806780779,NA,0.531890918206545,"localGP"
"8436",35,4,5,6,65.7919203460871,65.7919203460871,"Smooth","Avg. Reward Condition",40,"1",16,8,72,273,"Long",0.0944306014405156,0.650010806780779,NA,0.531890918206545,"localGP"
"8437",35,5,5,5,69.5623666177624,69.5623666177624,"Smooth","Avg. Reward Condition",40,"1",16,8,61,273,"Long",0.0944306014405156,0.650010806780779,NA,0.531890918206545,"localGP"
"8438",35,6,4,5,56.5702647427263,69.5623666177624,"Smooth","Avg. Reward Condition",40,"1",16,14,60,273,"Long",0.0944306014405156,0.650010806780779,NA,0.531890918206545,"localGP"
"8439",35,7,4,6,48.5193217731592,69.5623666177624,"Smooth","Avg. Reward Condition",40,"1",16,1,71,273,"Long",0.0944306014405156,0.650010806780779,NA,0.531890918206545,"localGP"
"8440",35,8,1,1,62.6840921632326,69.5623666177624,"Smooth","Avg. Reward Condition",40,"1",16,1,13,273,"Long",0.0944306014405156,0.650010806780779,NA,0.531890918206545,"localGP"
"8441",35,9,1,2,17.0104767919916,69.5623666177624,"Smooth","Avg. Reward Condition",40,"1",16,3,24,273,"Long",0.0944306014405156,0.650010806780779,NA,0.531890918206545,"localGP"
"8442",35,10,0,2,44.6802852658924,69.5623666177624,"Smooth","Avg. Reward Condition",40,"1",16,1,23,273,"Long",0.0944306014405156,0.650010806780779,NA,0.531890918206545,"localGP"
"8443",35,11,5,1,38.6890479154097,69.5623666177624,"Smooth","Avg. Reward Condition",40,"1",16,1,17,273,"Long",0.0944306014405156,0.650010806780779,NA,0.531890918206545,"localGP"
"8444",35,12,0,1,45.6400924104609,69.5623666177624,"Smooth","Avg. Reward Condition",40,"1",16,1,12,273,"Long",0.0944306014405156,0.650010806780779,NA,0.531890918206545,"localGP"
"8445",35,13,0,3,30.8986299879706,69.5623666177624,"Smooth","Avg. Reward Condition",40,"1",16,1,34,273,"Long",0.0944306014405156,0.650010806780779,NA,0.531890918206545,"localGP"
"8446",35,14,0,4,9.44675850929692,69.5623666177624,"Smooth","Avg. Reward Condition",40,"1",16,1,45,273,"Long",0.0944306014405156,0.650010806780779,NA,0.531890918206545,"localGP"
"8447",35,15,0,5,14.7037346704813,69.5623666177624,"Smooth","Avg. Reward Condition",40,"1",16,1,56,273,"Long",0.0944306014405156,0.650010806780779,NA,0.531890918206545,"localGP"
"8448",35,16,2,0,58.0037440903614,69.5623666177624,"Smooth","Avg. Reward Condition",40,"1",16,4,3,273,"Long",0.0944306014405156,0.650010806780779,NA,0.531890918206545,"localGP"
"8449",35,17,1,0,96.0543328963373,96.0543328963373,"Smooth","Avg. Reward Condition",40,"1",16,1,2,273,"Long",0.0944306014405156,0.650010806780779,NA,0.531890918206545,"localGP"
"8450",35,18,6,4,32.9227848500965,96.0543328963373,"Smooth","Avg. Reward Condition",40,"1",16,1,51,273,"Long",0.0944306014405156,0.650010806780779,NA,0.531890918206545,"localGP"
"8451",35,19,6,5,62.1197165528081,96.0543328963373,"Smooth","Avg. Reward Condition",40,"1",16,2,62,273,"Long",0.0944306014405156,0.650010806780779,NA,0.531890918206545,"localGP"
"8452",35,20,7,5,45.3166315681639,96.0543328963373,"Smooth","Avg. Reward Condition",40,"1",16,2,63,273,"Long",0.0944306014405156,0.650010806780779,NA,0.531890918206545,"localGP"
"8453",35,21,7,6,29.9313498285692,96.0543328963373,"Smooth","Avg. Reward Condition",40,"1",16,1,74,273,"Long",0.0944306014405156,0.650010806780779,NA,0.531890918206545,"localGP"
"8454",35,22,7,7,17.2801623922948,96.0543328963373,"Smooth","Avg. Reward Condition",40,"1",16,1,85,273,"Long",0.0944306014405156,0.650010806780779,NA,0.531890918206545,"localGP"
"8455",35,23,10,6,87.869042125599,96.0543328963373,"Smooth","Avg. Reward Condition",40,"1",16,1,77,273,"Long",0.0944306014405156,0.650010806780779,NA,0.531890918206545,"localGP"
"8456",35,24,10,5,61.4885690232436,96.0543328963373,"Smooth","Avg. Reward Condition",40,"1",16,4,66,273,"Long",0.0944306014405156,0.650010806780779,NA,0.531890918206545,"localGP"
"8457",35,25,9,5,54.5094189956315,96.0543328963373,"Smooth","Avg. Reward Condition",40,"1",16,2,65,273,"Long",0.0944306014405156,0.650010806780779,NA,0.531890918206545,"localGP"
"8458",35,26,9,6,72.6451286930569,96.0543328963373,"Smooth","Avg. Reward Condition",40,"1",16,2,76,273,"Long",0.0944306014405156,0.650010806780779,NA,0.531890918206545,"localGP"
"8459",35,27,9,7,82.1507669313946,96.0543328963373,"Smooth","Avg. Reward Condition",40,"1",16,1,87,273,"Long",0.0944306014405156,0.650010806780779,NA,0.531890918206545,"localGP"
"8460",35,28,10,7,85.439763813076,96.0543328963373,"Smooth","Avg. Reward Condition",40,"1",16,1,88,273,"Long",0.0944306014405156,0.650010806780779,NA,0.531890918206545,"localGP"
"8461",35,29,10,8,76.157753608192,96.0543328963373,"Smooth","Avg. Reward Condition",40,"1",16,1,99,273,"Long",0.0944306014405156,0.650010806780779,NA,0.531890918206545,"localGP"
"8462",35,30,9,8,70.9435815561283,96.0543328963373,"Smooth","Avg. Reward Condition",40,"1",16,1,98,273,"Long",0.0944306014405156,0.650010806780779,NA,0.531890918206545,"localGP"
"8463",35,31,9,9,48.2469413431705,96.0543328963373,"Smooth","Avg. Reward Condition",40,"1",16,1,109,273,"Long",0.0944306014405156,0.650010806780779,NA,0.531890918206545,"localGP"
"8464",35,32,10,9,72.5110425569696,96.0543328963373,"Smooth","Avg. Reward Condition",40,"1",16,1,110,273,"Long",0.0944306014405156,0.650010806780779,NA,0.531890918206545,"localGP"
"8465",35,33,2,9,67.2457029271411,96.0543328963373,"Smooth","Avg. Reward Condition",40,"1",16,1,102,273,"Long",0.0944306014405156,0.650010806780779,NA,0.531890918206545,"localGP"
"8466",35,34,2,10,27.4676161449989,96.0543328963373,"Smooth","Avg. Reward Condition",40,"1",16,9,113,273,"Long",0.0944306014405156,0.650010806780779,NA,0.531890918206545,"localGP"
"8467",35,35,1,7,30.6098170794807,96.0543328963373,"Smooth","Avg. Reward Condition",40,"1",16,9,79,273,"Long",0.0944306014405156,0.650010806780779,NA,0.531890918206545,"localGP"
"8468",35,36,2,7,20.8380154740656,96.0543328963373,"Smooth","Avg. Reward Condition",40,"1",16,8,80,273,"Long",0.0944306014405156,0.650010806780779,NA,0.531890918206545,"localGP"
"8469",35,37,2,6,31.1551855737256,96.0543328963373,"Smooth","Avg. Reward Condition",40,"1",16,1,69,273,"Long",0.0944306014405156,0.650010806780779,NA,0.531890918206545,"localGP"
"8470",35,38,3,6,61.712476104061,96.0543328963373,"Smooth","Avg. Reward Condition",40,"1",16,2,70,273,"Long",0.0944306014405156,0.650010806780779,NA,0.531890918206545,"localGP"
"8471",35,39,4,8,36.8102979545033,96.0543328963373,"Smooth","Avg. Reward Condition",40,"1",16,1,93,273,"Long",0.0944306014405156,0.650010806780779,NA,0.531890918206545,"localGP"
"8472",35,40,3,8,58.2164648696967,96.0543328963373,"Smooth","Avg. Reward Condition",40,"1",16,2,92,273,"Long",0.0944306014405156,0.650010806780779,NA,0.531890918206545,"localGP"
"8473",35,41,3,9,73.328444338372,96.0543328963373,"Smooth","Avg. Reward Condition",40,"1",16,1,103,273,"Long",0.0944306014405156,0.650010806780779,NA,0.531890918206545,"localGP"
"8474",35,1,9,9,49.9056902969143,49.9056902969143,"Smooth","Avg. Reward Condition",20,"2",8,NA,109,274,"Short",0.0817502211672368,0.798429442412727,NA,0.463673792127379,"localGP"
"8475",35,2,8,10,37.5051965448462,49.9056902969143,"Smooth","Avg. Reward Condition",20,"2",8,1,119,274,"Short",0.0817502211672368,0.798429442412727,NA,0.463673792127379,"localGP"
"8476",35,3,3,10,63.8923159509584,63.8923159509584,"Smooth","Avg. Reward Condition",20,"2",8,1,114,274,"Short",0.0817502211672368,0.798429442412727,NA,0.463673792127379,"localGP"
"8477",35,4,2,10,80.310641709381,80.310641709381,"Smooth","Avg. Reward Condition",20,"2",8,1,113,274,"Short",0.0817502211672368,0.798429442412727,NA,0.463673792127379,"localGP"
"8478",35,5,2,9,45.8472757192181,80.310641709381,"Smooth","Avg. Reward Condition",20,"2",8,1,102,274,"Short",0.0817502211672368,0.798429442412727,NA,0.463673792127379,"localGP"
"8479",35,6,1,9,48.6391024853793,80.310641709381,"Smooth","Avg. Reward Condition",20,"2",8,1,101,274,"Short",0.0817502211672368,0.798429442412727,NA,0.463673792127379,"localGP"
"8480",35,7,1,10,55.500663546292,80.310641709381,"Smooth","Avg. Reward Condition",20,"2",8,6,112,274,"Short",0.0817502211672368,0.798429442412727,NA,0.463673792127379,"localGP"
"8481",35,8,10,5,84.8597235153552,84.8597235153552,"Smooth","Avg. Reward Condition",20,"2",8,8,66,274,"Short",0.0817502211672368,0.798429442412727,NA,0.463673792127379,"localGP"
"8482",35,9,10,4,82.6261489879953,84.8597235153552,"Smooth","Avg. Reward Condition",20,"2",8,8,55,274,"Short",0.0817502211672368,0.798429442412727,NA,0.463673792127379,"localGP"
"8483",35,10,9,4,91.0101706017793,91.0101706017793,"Smooth","Avg. Reward Condition",20,"2",8,8,54,274,"Short",0.0817502211672368,0.798429442412727,NA,0.463673792127379,"localGP"
"8484",35,11,5,9,44.3361493266823,91.0101706017793,"Smooth","Avg. Reward Condition",20,"2",8,4,105,274,"Short",0.0817502211672368,0.798429442412727,NA,0.463673792127379,"localGP"
"8485",35,12,4,9,45.6417969596103,91.0101706017793,"Smooth","Avg. Reward Condition",20,"2",8,1,104,274,"Short",0.0817502211672368,0.798429442412727,NA,0.463673792127379,"localGP"
"8486",35,13,8,3,54.3441668023564,91.0101706017793,"Smooth","Avg. Reward Condition",20,"2",8,2,42,274,"Short",0.0817502211672368,0.798429442412727,NA,0.463673792127379,"localGP"
"8487",35,14,8,4,60.2211526419582,91.0101706017793,"Smooth","Avg. Reward Condition",20,"2",8,1,53,274,"Short",0.0817502211672368,0.798429442412727,NA,0.463673792127379,"localGP"
"8488",35,15,8,5,75.2422907496321,91.0101706017793,"Smooth","Avg. Reward Condition",20,"2",8,3,64,274,"Short",0.0817502211672368,0.798429442412727,NA,0.463673792127379,"localGP"
"8489",35,16,9,5,83.9959054519375,91.0101706017793,"Smooth","Avg. Reward Condition",20,"2",8,1,65,274,"Short",0.0817502211672368,0.798429442412727,NA,0.463673792127379,"localGP"
"8490",35,17,6,8,52.2947513271063,91.0101706017793,"Smooth","Avg. Reward Condition",20,"2",8,10,95,274,"Short",0.0817502211672368,0.798429442412727,NA,0.463673792127379,"localGP"
"8491",35,18,6,3,42.0646455997222,91.0101706017793,"Smooth","Avg. Reward Condition",20,"2",8,11,40,274,"Short",0.0817502211672368,0.798429442412727,NA,0.463673792127379,"localGP"
"8492",35,19,5,3,43.5148638021869,91.0101706017793,"Smooth","Avg. Reward Condition",20,"2",8,1,39,274,"Short",0.0817502211672368,0.798429442412727,NA,0.463673792127379,"localGP"
"8493",35,20,5,4,28.6284679767486,91.0101706017793,"Smooth","Avg. Reward Condition",20,"2",8,1,50,274,"Short",0.0817502211672368,0.798429442412727,NA,0.463673792127379,"localGP"
"8494",35,21,8,5,75.2422907496321,91.0101706017793,"Smooth","Avg. Reward Condition",20,"2",8,1,64,274,"Short",0.0817502211672368,0.798429442412727,NA,0.463673792127379,"localGP"
"8495",35,1,6,8,29.1350785892096,29.1350785892096,"Smooth","Avg. Reward Condition",40,"3",7,NA,95,275,"Long",0.104697739623393,0.634151843387298,NA,0.580480606184578,"localGP"
"8496",35,2,7,8,65.9206763266324,65.9206763266324,"Smooth","Avg. Reward Condition",40,"3",7,15,96,275,"Long",0.104697739623393,0.634151843387298,NA,0.580480606184578,"localGP"
"8497",35,3,7,7,81.7749017517345,81.7749017517345,"Smooth","Avg. Reward Condition",40,"3",7,8,85,275,"Long",0.104697739623393,0.634151843387298,NA,0.580480606184578,"localGP"
"8498",35,4,4,5,66.807827900394,81.7749017517345,"Smooth","Avg. Reward Condition",40,"3",7,16,60,275,"Long",0.104697739623393,0.634151843387298,NA,0.580480606184578,"localGP"
"8499",35,5,3,5,100,100,"Smooth","Avg. Reward Condition",40,"3",7,6,59,275,"Long",0.104697739623393,0.634151843387298,NA,0.580480606184578,"localGP"
"8500",35,6,3,4,62.4304276826515,100,"Smooth","Avg. Reward Condition",40,"3",7,4,48,275,"Long",0.104697739623393,0.634151843387298,NA,0.580480606184578,"localGP"
"8501",35,7,10,6,37.8786392869358,100,"Smooth","Avg. Reward Condition",40,"3",7,7,77,275,"Long",0.104697739623393,0.634151843387298,NA,0.580480606184578,"localGP"
"8502",35,8,10,5,58.1563292947862,100,"Smooth","Avg. Reward Condition",40,"3",7,1,66,275,"Long",0.104697739623393,0.634151843387298,NA,0.580480606184578,"localGP"
"8503",35,9,2,8,44.8287344776486,100,"Smooth","Avg. Reward Condition",40,"3",7,2,91,275,"Long",0.104697739623393,0.634151843387298,NA,0.580480606184578,"localGP"
"8504",35,10,1,8,45.1295741279083,100,"Smooth","Avg. Reward Condition",40,"3",7,1,90,275,"Long",0.104697739623393,0.634151843387298,NA,0.580480606184578,"localGP"
"8505",35,11,0,8,41.765302127877,100,"Smooth","Avg. Reward Condition",40,"3",7,1,89,275,"Long",0.104697739623393,0.634151843387298,NA,0.580480606184578,"localGP"
"8506",35,12,0,7,40.3703125808271,100,"Smooth","Avg. Reward Condition",40,"3",7,1,78,275,"Long",0.104697739623393,0.634151843387298,NA,0.580480606184578,"localGP"
"8507",35,13,0,6,34.4193486809273,100,"Smooth","Avg. Reward Condition",40,"3",7,3,67,275,"Long",0.104697739623393,0.634151843387298,NA,0.580480606184578,"localGP"
"8508",35,14,1,6,40.7890265133229,100,"Smooth","Avg. Reward Condition",40,"3",7,1,68,275,"Long",0.104697739623393,0.634151843387298,NA,0.580480606184578,"localGP"
"8509",35,15,2,6,61.2240030846988,100,"Smooth","Avg. Reward Condition",40,"3",7,1,69,275,"Long",0.104697739623393,0.634151843387298,NA,0.580480606184578,"localGP"
"8510",35,16,3,6,90.5286582157079,100,"Smooth","Avg. Reward Condition",40,"3",7,1,70,275,"Long",0.104697739623393,0.634151843387298,NA,0.580480606184578,"localGP"
"8511",35,17,4,6,84.1129360614595,100,"Smooth","Avg. Reward Condition",40,"3",7,1,71,275,"Long",0.104697739623393,0.634151843387298,NA,0.580480606184578,"localGP"
"8512",35,18,5,6,52.7001484546371,100,"Smooth","Avg. Reward Condition",40,"3",7,1,72,275,"Long",0.104697739623393,0.634151843387298,NA,0.580480606184578,"localGP"
"8513",35,19,6,7,46.9199796180267,100,"Smooth","Avg. Reward Condition",40,"3",7,3,84,275,"Long",0.104697739623393,0.634151843387298,NA,0.580480606184578,"localGP"
"8514",35,20,7,7,81.7749017517345,100,"Smooth","Avg. Reward Condition",40,"3",7,1,85,275,"Long",0.104697739623393,0.634151843387298,NA,0.580480606184578,"localGP"
"8515",35,21,8,3,69.467939664169,100,"Smooth","Avg. Reward Condition",40,"3",7,9,42,275,"Long",0.104697739623393,0.634151843387298,NA,0.580480606184578,"localGP"
"8516",35,22,8,4,92.0072637842279,100,"Smooth","Avg. Reward Condition",40,"3",7,9,53,275,"Long",0.104697739623393,0.634151843387298,NA,0.580480606184578,"localGP"
"8517",35,23,7,4,76.4592320894519,100,"Smooth","Avg. Reward Condition",40,"3",7,7,52,275,"Long",0.104697739623393,0.634151843387298,NA,0.580480606184578,"localGP"
"8518",35,24,7,5,60.2449538313095,100,"Smooth","Avg. Reward Condition",40,"3",7,1,63,275,"Long",0.104697739623393,0.634151843387298,NA,0.580480606184578,"localGP"
"8519",35,25,8,5,94.611075528205,100,"Smooth","Avg. Reward Condition",40,"3",7,1,64,275,"Long",0.104697739623393,0.634151843387298,NA,0.580480606184578,"localGP"
"8520",35,26,4,2,51.1248580268457,100,"Smooth","Avg. Reward Condition",40,"3",7,1,27,275,"Long",0.104697739623393,0.634151843387298,NA,0.580480606184578,"localGP"
"8521",35,27,4,3,38.855169036226,100,"Smooth","Avg. Reward Condition",40,"3",7,1,38,275,"Long",0.104697739623393,0.634151843387298,NA,0.580480606184578,"localGP"
"8522",35,28,3,7,63.2387067485633,100,"Smooth","Avg. Reward Condition",40,"3",7,1,81,275,"Long",0.104697739623393,0.634151843387298,NA,0.580480606184578,"localGP"
"8523",35,29,3,8,50.2866899354238,100,"Smooth","Avg. Reward Condition",40,"3",7,1,92,275,"Long",0.104697739623393,0.634151843387298,NA,0.580480606184578,"localGP"
"8524",35,30,6,10,42.7774601364026,100,"Smooth","Avg. Reward Condition",40,"3",7,1,117,275,"Long",0.104697739623393,0.634151843387298,NA,0.580480606184578,"localGP"
"8525",35,31,3,3,37.3678419356418,100,"Smooth","Avg. Reward Condition",40,"3",7,1,37,275,"Long",0.104697739623393,0.634151843387298,NA,0.580480606184578,"localGP"
"8526",35,32,5,5,44.5106092443796,100,"Smooth","Avg. Reward Condition",40,"3",7,1,61,275,"Long",0.104697739623393,0.634151843387298,NA,0.580480606184578,"localGP"
"8527",35,33,5,4,43.7941876820187,100,"Smooth","Avg. Reward Condition",40,"3",7,1,50,275,"Long",0.104697739623393,0.634151843387298,NA,0.580480606184578,"localGP"
"8528",35,34,6,4,72.5109856479773,100,"Smooth","Avg. Reward Condition",40,"3",7,1,51,275,"Long",0.104697739623393,0.634151843387298,NA,0.580480606184578,"localGP"
"8529",35,35,3,0,56.1973933076764,100,"Smooth","Avg. Reward Condition",40,"3",7,3,4,275,"Long",0.104697739623393,0.634151843387298,NA,0.580480606184578,"localGP"
"8530",35,36,4,0,54.2185336335182,100,"Smooth","Avg. Reward Condition",40,"3",7,5,5,275,"Long",0.104697739623393,0.634151843387298,NA,0.580480606184578,"localGP"
"8531",35,37,6,1,58.4718748542546,100,"Smooth","Avg. Reward Condition",40,"3",7,1,18,275,"Long",0.104697739623393,0.634151843387298,NA,0.580480606184578,"localGP"
"8532",35,38,7,2,58.8232550696874,100,"Smooth","Avg. Reward Condition",40,"3",7,1,30,275,"Long",0.104697739623393,0.634151843387298,NA,0.580480606184578,"localGP"
"8533",35,39,8,2,53.532220554727,100,"Smooth","Avg. Reward Condition",40,"3",7,3,31,275,"Long",0.104697739623393,0.634151843387298,NA,0.580480606184578,"localGP"
"8534",35,40,9,2,33.0324980399919,100,"Smooth","Avg. Reward Condition",40,"3",7,1,32,275,"Long",0.104697739623393,0.634151843387298,NA,0.580480606184578,"localGP"
"8535",35,41,9,3,45.8562384067227,100,"Smooth","Avg. Reward Condition",40,"3",7,1,43,275,"Long",0.104697739623393,0.634151843387298,NA,0.580480606184578,"localGP"
"8536",35,1,0,7,75.6546500292789,75.6546500292789,"Smooth","Avg. Reward Condition",20,"4",17,NA,78,276,"Short",0.0900247359903739,0.704891793457468,NA,0.501990653382821,"localGP"
"8537",35,2,0,4,42.8036360256074,75.6546500292789,"Smooth","Avg. Reward Condition",20,"4",17,6,45,276,"Short",0.0900247359903739,0.704891793457468,NA,0.501990653382821,"localGP"
"8538",35,3,1,4,59.7275307327632,75.6546500292789,"Smooth","Avg. Reward Condition",20,"4",17,4,46,276,"Short",0.0900247359903739,0.704891793457468,NA,0.501990653382821,"localGP"
"8539",35,4,2,4,78.1145537046303,78.1145537046303,"Smooth","Avg. Reward Condition",20,"4",17,6,47,276,"Short",0.0900247359903739,0.704891793457468,NA,0.501990653382821,"localGP"
"8540",35,5,2,5,96.5712701527156,96.5712701527156,"Smooth","Avg. Reward Condition",20,"4",17,13,58,276,"Short",0.0900247359903739,0.704891793457468,NA,0.501990653382821,"localGP"
"8541",35,6,2,6,67.9735102315088,96.5712701527156,"Smooth","Avg. Reward Condition",20,"4",17,6,69,276,"Short",0.0900247359903739,0.704891793457468,NA,0.501990653382821,"localGP"
"8542",35,7,2,7,55.9761738528466,96.5712701527156,"Smooth","Avg. Reward Condition",20,"4",17,7,80,276,"Short",0.0900247359903739,0.704891793457468,NA,0.501990653382821,"localGP"
"8543",35,8,3,7,48.1203452766967,96.5712701527156,"Smooth","Avg. Reward Condition",20,"4",17,6,81,276,"Short",0.0900247359903739,0.704891793457468,NA,0.501990653382821,"localGP"
"8544",35,9,3,8,42.84962574602,96.5712701527156,"Smooth","Avg. Reward Condition",20,"4",17,1,92,276,"Short",0.0900247359903739,0.704891793457468,NA,0.501990653382821,"localGP"
"8545",35,10,9,0,56.3100913856246,96.5712701527156,"Smooth","Avg. Reward Condition",20,"4",17,1,10,276,"Short",0.0900247359903739,0.704891793457468,NA,0.501990653382821,"localGP"
"8546",35,11,10,6,67.2792889568495,96.5712701527156,"Smooth","Avg. Reward Condition",20,"4",17,1,77,276,"Short",0.0900247359903739,0.704891793457468,NA,0.501990653382821,"localGP"
"8547",35,12,9,6,69.0496352033319,96.5712701527156,"Smooth","Avg. Reward Condition",20,"4",17,2,76,276,"Short",0.0900247359903739,0.704891793457468,NA,0.501990653382821,"localGP"
"8548",35,13,9,5,49.3600787974706,96.5712701527156,"Smooth","Avg. Reward Condition",20,"4",17,1,65,276,"Short",0.0900247359903739,0.704891793457468,NA,0.501990653382821,"localGP"
"8549",35,14,8,5,20.7172540891827,96.5712701527156,"Smooth","Avg. Reward Condition",20,"4",17,2,64,276,"Short",0.0900247359903739,0.704891793457468,NA,0.501990653382821,"localGP"
"8550",35,15,8,7,41.2249363226123,96.5712701527156,"Smooth","Avg. Reward Condition",20,"4",17,2,86,276,"Short",0.0900247359903739,0.704891793457468,NA,0.501990653382821,"localGP"
"8551",35,16,8,6,32.3056613261891,96.5712701527156,"Smooth","Avg. Reward Condition",20,"4",17,3,75,276,"Short",0.0900247359903739,0.704891793457468,NA,0.501990653382821,"localGP"
"8552",35,17,7,6,12.2076105281821,96.5712701527156,"Smooth","Avg. Reward Condition",20,"4",17,1,74,276,"Short",0.0900247359903739,0.704891793457468,NA,0.501990653382821,"localGP"
"8553",35,18,2,8,56.749621146005,96.5712701527156,"Smooth","Avg. Reward Condition",20,"4",17,1,91,276,"Short",0.0900247359903739,0.704891793457468,NA,0.501990653382821,"localGP"
"8554",35,19,3,4,81.7432518785976,96.5712701527156,"Smooth","Avg. Reward Condition",20,"4",17,1,48,276,"Short",0.0900247359903739,0.704891793457468,NA,0.501990653382821,"localGP"
"8555",35,20,3,5,100,100,"Smooth","Avg. Reward Condition",20,"4",17,2,59,276,"Short",0.0900247359903739,0.704891793457468,NA,0.501990653382821,"localGP"
"8556",35,21,4,8,28.2798800164457,100,"Smooth","Avg. Reward Condition",20,"4",17,5,93,276,"Short",0.0900247359903739,0.704891793457468,NA,0.501990653382821,"localGP"
"8557",35,1,2,9,27.7793506085113,27.7793506085113,"Smooth","Avg. Reward Condition",40,"5",13,NA,102,277,"Long",0.0888168893774177,0.733907287802985,NA,0.488811370235547,"localGP"
"8558",35,2,1,1,60.4080576029201,60.4080576029201,"Smooth","Avg. Reward Condition",40,"5",13,1,13,277,"Long",0.0888168893774177,0.733907287802985,NA,0.488811370235547,"localGP"
"8559",35,3,2,1,67.2278837680135,67.2278837680135,"Smooth","Avg. Reward Condition",40,"5",13,1,14,277,"Long",0.0888168893774177,0.733907287802985,NA,0.488811370235547,"localGP"
"8560",35,4,2,0,45.4901469017811,67.2278837680135,"Smooth","Avg. Reward Condition",40,"5",13,2,3,277,"Long",0.0888168893774177,0.733907287802985,NA,0.488811370235547,"localGP"
"8561",35,5,3,0,52.2562561155338,67.2278837680135,"Smooth","Avg. Reward Condition",40,"5",13,1,4,277,"Long",0.0888168893774177,0.733907287802985,NA,0.488811370235547,"localGP"
"8562",35,6,3,1,57.0124014871528,67.2278837680135,"Smooth","Avg. Reward Condition",40,"5",13,2,15,277,"Long",0.0888168893774177,0.733907287802985,NA,0.488811370235547,"localGP"
"8563",35,7,6,6,81.5801840646008,81.5801840646008,"Smooth","Avg. Reward Condition",40,"5",13,3,73,277,"Long",0.0888168893774177,0.733907287802985,NA,0.488811370235547,"localGP"
"8564",35,8,6,5,40.403960166515,81.5801840646008,"Smooth","Avg. Reward Condition",40,"5",13,1,62,277,"Long",0.0888168893774177,0.733907287802985,NA,0.488811370235547,"localGP"
"8565",35,9,6,7,61.746746813945,81.5801840646008,"Smooth","Avg. Reward Condition",40,"5",13,1,84,277,"Long",0.0888168893774177,0.733907287802985,NA,0.488811370235547,"localGP"
"8566",35,10,1,6,39.9812394486691,81.5801840646008,"Smooth","Avg. Reward Condition",40,"5",13,1,68,277,"Long",0.0888168893774177,0.733907287802985,NA,0.488811370235547,"localGP"
"8567",35,11,1,4,57.8821067127826,81.5801840646008,"Smooth","Avg. Reward Condition",40,"5",13,1,46,277,"Long",0.0888168893774177,0.733907287802985,NA,0.488811370235547,"localGP"
"8568",35,12,2,4,86.7630388184153,86.7630388184153,"Smooth","Avg. Reward Condition",40,"5",13,5,47,277,"Long",0.0888168893774177,0.733907287802985,NA,0.488811370235547,"localGP"
"8569",35,13,9,5,26.612488577666,86.7630388184153,"Smooth","Avg. Reward Condition",40,"5",13,1,65,277,"Long",0.0888168893774177,0.733907287802985,NA,0.488811370235547,"localGP"
"8570",35,14,9,4,36.4101012939869,86.7630388184153,"Smooth","Avg. Reward Condition",40,"5",13,1,54,277,"Long",0.0888168893774177,0.733907287802985,NA,0.488811370235547,"localGP"
"8571",35,15,8,4,13.6511878031672,86.7630388184153,"Smooth","Avg. Reward Condition",40,"5",13,1,53,277,"Long",0.0888168893774177,0.733907287802985,NA,0.488811370235547,"localGP"
"8572",35,16,5,5,28.510016911911,86.7630388184153,"Smooth","Avg. Reward Condition",40,"5",13,5,61,277,"Long",0.0888168893774177,0.733907287802985,NA,0.488811370235547,"localGP"
"8573",35,17,5,6,67.8000614723364,86.7630388184153,"Smooth","Avg. Reward Condition",40,"5",13,1,72,277,"Long",0.0888168893774177,0.733907287802985,NA,0.488811370235547,"localGP"
"8574",35,18,5,7,44.9495290274255,86.7630388184153,"Smooth","Avg. Reward Condition",40,"5",13,1,83,277,"Long",0.0888168893774177,0.733907287802985,NA,0.488811370235547,"localGP"
"8575",35,19,7,1,24.4745500697421,86.7630388184153,"Smooth","Avg. Reward Condition",40,"5",13,3,19,277,"Long",0.0888168893774177,0.733907287802985,NA,0.488811370235547,"localGP"
"8576",35,20,4,3,68.6184588399681,86.7630388184153,"Smooth","Avg. Reward Condition",40,"5",13,1,38,277,"Long",0.0888168893774177,0.733907287802985,NA,0.488811370235547,"localGP"
"8577",35,21,3,3,80.5615551663229,86.7630388184153,"Smooth","Avg. Reward Condition",40,"5",13,1,37,277,"Long",0.0888168893774177,0.733907287802985,NA,0.488811370235547,"localGP"
"8578",35,22,9,1,33.2193816371395,86.7630388184153,"Smooth","Avg. Reward Condition",40,"5",13,2,21,277,"Long",0.0888168893774177,0.733907287802985,NA,0.488811370235547,"localGP"
"8579",35,23,10,4,46.4286824642032,86.7630388184153,"Smooth","Avg. Reward Condition",40,"5",13,1,55,277,"Long",0.0888168893774177,0.733907287802985,NA,0.488811370235547,"localGP"
"8580",35,24,10,3,44.4882911977957,86.7630388184153,"Smooth","Avg. Reward Condition",40,"5",13,2,44,277,"Long",0.0888168893774177,0.733907287802985,NA,0.488811370235547,"localGP"
"8581",35,25,6,1,0,86.7630388184153,"Smooth","Avg. Reward Condition",40,"5",13,1,18,277,"Long",0.0888168893774177,0.733907287802985,NA,0.488811370235547,"localGP"
"8582",35,26,5,6,67.8000614723364,86.7630388184153,"Smooth","Avg. Reward Condition",40,"5",13,5,72,277,"Long",0.0888168893774177,0.733907287802985,NA,0.488811370235547,"localGP"
"8583",35,27,3,2,75.9223381375201,86.7630388184153,"Smooth","Avg. Reward Condition",40,"5",13,2,26,277,"Long",0.0888168893774177,0.733907287802985,NA,0.488811370235547,"localGP"
"8584",35,28,4,1,46.8486236737456,86.7630388184153,"Smooth","Avg. Reward Condition",40,"5",13,1,16,277,"Long",0.0888168893774177,0.733907287802985,NA,0.488811370235547,"localGP"
"8585",35,29,1,2,38.3504915671492,86.7630388184153,"Smooth","Avg. Reward Condition",40,"5",13,4,24,277,"Long",0.0888168893774177,0.733907287802985,NA,0.488811370235547,"localGP"
"8586",35,30,3,9,34.0662277236417,86.7630388184153,"Smooth","Avg. Reward Condition",40,"5",13,1,103,277,"Long",0.0888168893774177,0.733907287802985,NA,0.488811370235547,"localGP"
"8587",35,31,6,3,26.9117214598772,86.7630388184153,"Smooth","Avg. Reward Condition",40,"5",13,2,40,277,"Long",0.0888168893774177,0.733907287802985,NA,0.488811370235547,"localGP"
"8588",35,32,2,3,88.3048631958372,88.3048631958372,"Smooth","Avg. Reward Condition",40,"5",13,1,36,277,"Long",0.0888168893774177,0.733907287802985,NA,0.488811370235547,"localGP"
"8589",35,33,2,2,91.2685637119397,91.2685637119397,"Smooth","Avg. Reward Condition",40,"5",13,1,25,277,"Long",0.0888168893774177,0.733907287802985,NA,0.488811370235547,"localGP"
"8590",35,34,10,8,70.6098250573604,91.2685637119397,"Smooth","Avg. Reward Condition",40,"5",13,1,99,277,"Long",0.0888168893774177,0.733907287802985,NA,0.488811370235547,"localGP"
"8591",35,35,9,8,52.3170386231255,91.2685637119397,"Smooth","Avg. Reward Condition",40,"5",13,1,98,277,"Long",0.0888168893774177,0.733907287802985,NA,0.488811370235547,"localGP"
"8592",35,36,4,6,35.317915260969,91.2685637119397,"Smooth","Avg. Reward Condition",40,"5",13,1,71,277,"Long",0.0888168893774177,0.733907287802985,NA,0.488811370235547,"localGP"
"8593",35,37,2,7,35.359724006426,91.2685637119397,"Smooth","Avg. Reward Condition",40,"5",13,2,80,277,"Long",0.0888168893774177,0.733907287802985,NA,0.488811370235547,"localGP"
"8594",35,38,8,5,7.50786844236636,91.2685637119397,"Smooth","Avg. Reward Condition",40,"5",13,1,64,277,"Long",0.0888168893774177,0.733907287802985,NA,0.488811370235547,"localGP"
"8595",35,39,10,10,64.51081568663,91.2685637119397,"Smooth","Avg. Reward Condition",40,"5",13,2,121,277,"Long",0.0888168893774177,0.733907287802985,NA,0.488811370235547,"localGP"
"8596",35,40,5,10,12.2288928318123,91.2685637119397,"Smooth","Avg. Reward Condition",40,"5",13,1,116,277,"Long",0.0888168893774177,0.733907287802985,NA,0.488811370235547,"localGP"
"8597",35,41,6,10,0.313800419129401,91.2685637119397,"Smooth","Avg. Reward Condition",40,"5",13,2,117,277,"Long",0.0888168893774177,0.733907287802985,NA,0.488811370235547,"localGP"
"8598",35,1,2,8,76.6612270941655,76.6612270941655,"Smooth","Avg. Reward Condition",20,"6",4,NA,91,278,"Short",0.0917550407438415,0.797171714477739,NA,0.44839380893682,"localGP"
"8599",35,2,3,8,66.9283199969529,76.6612270941655,"Smooth","Avg. Reward Condition",20,"6",4,1,92,278,"Short",0.0917550407438415,0.797171714477739,NA,0.44839380893682,"localGP"
"8600",35,3,3,7,47.3255867438029,76.6612270941655,"Smooth","Avg. Reward Condition",20,"6",4,1,81,278,"Short",0.0917550407438415,0.797171714477739,NA,0.44839380893682,"localGP"
"8601",35,4,3,8,66.9283199969529,76.6612270941655,"Smooth","Avg. Reward Condition",20,"6",4,1,92,278,"Short",0.0917550407438415,0.797171714477739,NA,0.44839380893682,"localGP"
"8602",35,5,3,9,71.5447698498277,76.6612270941655,"Smooth","Avg. Reward Condition",20,"6",4,1,103,278,"Short",0.0917550407438415,0.797171714477739,NA,0.44839380893682,"localGP"
"8603",35,6,4,9,45.2552162388682,76.6612270941655,"Smooth","Avg. Reward Condition",20,"6",4,1,104,278,"Short",0.0917550407438415,0.797171714477739,NA,0.44839380893682,"localGP"
"8604",35,7,6,10,48.7082287749255,76.6612270941655,"Smooth","Avg. Reward Condition",20,"6",4,1,117,278,"Short",0.0917550407438415,0.797171714477739,NA,0.44839380893682,"localGP"
"8605",35,8,8,9,44.028878775324,76.6612270941655,"Smooth","Avg. Reward Condition",20,"6",4,1,108,278,"Short",0.0917550407438415,0.797171714477739,NA,0.44839380893682,"localGP"
"8606",35,9,2,7,36.3841568460802,76.6612270941655,"Smooth","Avg. Reward Condition",20,"6",4,4,80,278,"Short",0.0917550407438415,0.797171714477739,NA,0.44839380893682,"localGP"
"8607",35,10,8,9,44.028878775324,76.6612270941655,"Smooth","Avg. Reward Condition",20,"6",4,1,108,278,"Short",0.0917550407438415,0.797171714477739,NA,0.44839380893682,"localGP"
"8608",35,11,4,8,61.3580746780693,76.6612270941655,"Smooth","Avg. Reward Condition",20,"6",4,3,93,278,"Short",0.0917550407438415,0.797171714477739,NA,0.44839380893682,"localGP"
"8609",35,12,4,7,64.0825409576954,76.6612270941655,"Smooth","Avg. Reward Condition",20,"6",4,1,82,278,"Short",0.0917550407438415,0.797171714477739,NA,0.44839380893682,"localGP"
"8610",35,13,2,5,52.9476469260849,76.6612270941655,"Smooth","Avg. Reward Condition",20,"6",4,1,58,278,"Short",0.0917550407438415,0.797171714477739,NA,0.44839380893682,"localGP"
"8611",35,14,1,3,33.9598820273487,76.6612270941655,"Smooth","Avg. Reward Condition",20,"6",4,1,35,278,"Short",0.0917550407438415,0.797171714477739,NA,0.44839380893682,"localGP"
"8612",35,15,0,10,18.0477374151467,76.6612270941655,"Smooth","Avg. Reward Condition",20,"6",4,2,111,278,"Short",0.0917550407438415,0.797171714477739,NA,0.44839380893682,"localGP"
"8613",35,16,3,3,61.9515693449088,76.6612270941655,"Smooth","Avg. Reward Condition",20,"6",4,1,37,278,"Short",0.0917550407438415,0.797171714477739,NA,0.44839380893682,"localGP"
"8614",35,17,0,4,3.98967104504308,76.6612270941655,"Smooth","Avg. Reward Condition",20,"6",4,1,45,278,"Short",0.0917550407438415,0.797171714477739,NA,0.44839380893682,"localGP"
"8615",35,18,8,2,61.3718007278431,76.6612270941655,"Smooth","Avg. Reward Condition",20,"6",4,4,31,278,"Short",0.0917550407438415,0.797171714477739,NA,0.44839380893682,"localGP"
"8616",35,19,10,6,0,76.6612270941655,"Smooth","Avg. Reward Condition",20,"6",4,1,77,278,"Short",0.0917550407438415,0.797171714477739,NA,0.44839380893682,"localGP"
"8617",35,20,4,0,27.757926963594,76.6612270941655,"Smooth","Avg. Reward Condition",20,"6",4,1,5,278,"Short",0.0917550407438415,0.797171714477739,NA,0.44839380893682,"localGP"
"8618",35,21,7,1,40.8192453000824,76.6612270941655,"Smooth","Avg. Reward Condition",20,"6",4,1,19,278,"Short",0.0917550407438415,0.797171714477739,NA,0.44839380893682,"localGP"
"8619",35,1,10,6,41.1599115765723,41.1599115765723,"Smooth","Avg. Reward Condition",40,"7",9,NA,77,279,"Long",0.0843900027398988,0.691135034728293,NA,0.505381665148621,"localGP"
"8620",35,2,10,7,64.0304826931053,64.0304826931053,"Smooth","Avg. Reward Condition",40,"7",9,1,88,279,"Long",0.0843900027398988,0.691135034728293,NA,0.505381665148621,"localGP"
"8621",35,3,10,8,84.8321481843009,84.8321481843009,"Smooth","Avg. Reward Condition",40,"7",9,1,99,279,"Long",0.0843900027398988,0.691135034728293,NA,0.505381665148621,"localGP"
"8622",35,4,10,9,64.7402218310995,84.8321481843009,"Smooth","Avg. Reward Condition",40,"7",9,1,110,279,"Long",0.0843900027398988,0.691135034728293,NA,0.505381665148621,"localGP"
"8623",35,5,10,10,20.1449124623771,84.8321481843009,"Smooth","Avg. Reward Condition",40,"7",9,2,121,279,"Long",0.0843900027398988,0.691135034728293,NA,0.505381665148621,"localGP"
"8624",35,6,9,10,28.2000882502669,84.8321481843009,"Smooth","Avg. Reward Condition",40,"7",9,15,120,279,"Long",0.0843900027398988,0.691135034728293,NA,0.505381665148621,"localGP"
"8625",35,7,6,1,54.5470744987009,84.8321481843009,"Smooth","Avg. Reward Condition",40,"7",9,7,18,279,"Long",0.0843900027398988,0.691135034728293,NA,0.505381665148621,"localGP"
"8626",35,8,4,1,66.1540959055095,84.8321481843009,"Smooth","Avg. Reward Condition",40,"7",9,1,16,279,"Long",0.0843900027398988,0.691135034728293,NA,0.505381665148621,"localGP"
"8627",35,9,3,2,59.8826476253747,84.8321481843009,"Smooth","Avg. Reward Condition",40,"7",9,1,26,279,"Long",0.0843900027398988,0.691135034728293,NA,0.505381665148621,"localGP"
"8628",35,10,1,5,55.4257093623145,84.8321481843009,"Smooth","Avg. Reward Condition",40,"7",9,1,57,279,"Long",0.0843900027398988,0.691135034728293,NA,0.505381665148621,"localGP"
"8629",35,11,2,5,39.0745307223915,84.8321481843009,"Smooth","Avg. Reward Condition",40,"7",9,2,58,279,"Long",0.0843900027398988,0.691135034728293,NA,0.505381665148621,"localGP"
"8630",35,12,2,4,13.5403872252535,84.8321481843009,"Smooth","Avg. Reward Condition",40,"7",9,1,47,279,"Long",0.0843900027398988,0.691135034728293,NA,0.505381665148621,"localGP"
"8631",35,13,1,4,24.6705634918407,84.8321481843009,"Smooth","Avg. Reward Condition",40,"7",9,1,46,279,"Long",0.0843900027398988,0.691135034728293,NA,0.505381665148621,"localGP"
"8632",35,14,1,3,7.73707960033028,84.8321481843009,"Smooth","Avg. Reward Condition",40,"7",9,1,35,279,"Long",0.0843900027398988,0.691135034728293,NA,0.505381665148621,"localGP"
"8633",35,15,1,2,36.7054218908071,84.8321481843009,"Smooth","Avg. Reward Condition",40,"7",9,2,24,279,"Long",0.0843900027398988,0.691135034728293,NA,0.505381665148621,"localGP"
"8634",35,16,1,0,83.523634481826,84.8321481843009,"Smooth","Avg. Reward Condition",40,"7",9,1,2,279,"Long",0.0843900027398988,0.691135034728293,NA,0.505381665148621,"localGP"
"8635",35,17,2,0,46.5810288004854,84.8321481843009,"Smooth","Avg. Reward Condition",40,"7",9,2,3,279,"Long",0.0843900027398988,0.691135034728293,NA,0.505381665148621,"localGP"
"8636",35,18,1,0,83.523634481826,84.8321481843009,"Smooth","Avg. Reward Condition",40,"7",9,3,2,279,"Long",0.0843900027398988,0.691135034728293,NA,0.505381665148621,"localGP"
"8637",35,19,0,0,80.3515759217729,84.8321481843009,"Smooth","Avg. Reward Condition",40,"7",9,11,1,279,"Long",0.0843900027398988,0.691135034728293,NA,0.505381665148621,"localGP"
"8638",35,20,0,1,72.3819209739553,84.8321481843009,"Smooth","Avg. Reward Condition",40,"7",9,8,12,279,"Long",0.0843900027398988,0.691135034728293,NA,0.505381665148621,"localGP"
"8639",35,21,1,1,49.8229804022981,84.8321481843009,"Smooth","Avg. Reward Condition",40,"7",9,9,13,279,"Long",0.0843900027398988,0.691135034728293,NA,0.505381665148621,"localGP"
"8640",35,22,1,8,35.1070926300529,84.8321481843009,"Smooth","Avg. Reward Condition",40,"7",9,4,90,279,"Long",0.0843900027398988,0.691135034728293,NA,0.505381665148621,"localGP"
"8641",35,23,9,2,54.6848187444457,84.8321481843009,"Smooth","Avg. Reward Condition",40,"7",9,1,32,279,"Long",0.0843900027398988,0.691135034728293,NA,0.505381665148621,"localGP"
"8642",35,24,9,3,52.5751779693642,84.8321481843009,"Smooth","Avg. Reward Condition",40,"7",9,2,43,279,"Long",0.0843900027398988,0.691135034728293,NA,0.505381665148621,"localGP"
"8643",35,25,8,3,37.2279744875083,84.8321481843009,"Smooth","Avg. Reward Condition",40,"7",9,3,42,279,"Long",0.0843900027398988,0.691135034728293,NA,0.505381665148621,"localGP"
"8644",35,26,9,0,18.5206183987232,84.8321481843009,"Smooth","Avg. Reward Condition",40,"7",9,1,10,279,"Long",0.0843900027398988,0.691135034728293,NA,0.505381665148621,"localGP"
"8645",35,27,3,7,43.3114026076978,84.8321481843009,"Smooth","Avg. Reward Condition",40,"7",9,5,81,279,"Long",0.0843900027398988,0.691135034728293,NA,0.505381665148621,"localGP"
"8646",35,28,4,7,31.2245968865116,84.8321481843009,"Smooth","Avg. Reward Condition",40,"7",9,6,82,279,"Long",0.0843900027398988,0.691135034728293,NA,0.505381665148621,"localGP"
"8647",35,29,5,8,61.7105758678251,84.8321481843009,"Smooth","Avg. Reward Condition",40,"7",9,1,94,279,"Long",0.0843900027398988,0.691135034728293,NA,0.505381665148621,"localGP"
"8648",35,30,5,9,75.2199907218667,84.8321481843009,"Smooth","Avg. Reward Condition",40,"7",9,2,105,279,"Long",0.0843900027398988,0.691135034728293,NA,0.505381665148621,"localGP"
"8649",35,31,4,9,76.5336766063453,84.8321481843009,"Smooth","Avg. Reward Condition",40,"7",9,1,104,279,"Long",0.0843900027398988,0.691135034728293,NA,0.505381665148621,"localGP"
"8650",35,32,3,9,63.3340745487714,84.8321481843009,"Smooth","Avg. Reward Condition",40,"7",9,1,103,279,"Long",0.0843900027398988,0.691135034728293,NA,0.505381665148621,"localGP"
"8651",35,33,2,9,51.5479444865926,84.8321481843009,"Smooth","Avg. Reward Condition",40,"7",9,2,102,279,"Long",0.0843900027398988,0.691135034728293,NA,0.505381665148621,"localGP"
"8652",35,34,2,10,28.9056526912457,84.8321481843009,"Smooth","Avg. Reward Condition",40,"7",9,1,113,279,"Long",0.0843900027398988,0.691135034728293,NA,0.505381665148621,"localGP"
"8653",35,35,1,10,50.2356022974188,84.8321481843009,"Smooth","Avg. Reward Condition",40,"7",9,3,112,279,"Long",0.0843900027398988,0.691135034728293,NA,0.505381665148621,"localGP"
"8654",35,36,1,9,56.0236308128228,84.8321481843009,"Smooth","Avg. Reward Condition",40,"7",9,1,101,279,"Long",0.0843900027398988,0.691135034728293,NA,0.505381665148621,"localGP"
"8655",35,37,5,2,51.6174788041229,84.8321481843009,"Smooth","Avg. Reward Condition",40,"7",9,2,28,279,"Long",0.0843900027398988,0.691135034728293,NA,0.505381665148621,"localGP"
"8656",35,38,5,0,63.7023993468335,84.8321481843009,"Smooth","Avg. Reward Condition",40,"7",9,2,6,279,"Long",0.0843900027398988,0.691135034728293,NA,0.505381665148621,"localGP"
"8657",35,39,5,1,62.2178044014381,84.8321481843009,"Smooth","Avg. Reward Condition",40,"7",9,3,17,279,"Long",0.0843900027398988,0.691135034728293,NA,0.505381665148621,"localGP"
"8658",35,40,4,4,44.1531168030834,84.8321481843009,"Smooth","Avg. Reward Condition",40,"7",9,1,49,279,"Long",0.0843900027398988,0.691135034728293,NA,0.505381665148621,"localGP"
"8659",35,41,4,3,30.449935821985,84.8321481843009,"Smooth","Avg. Reward Condition",40,"7",9,1,38,279,"Long",0.0843900027398988,0.691135034728293,NA,0.505381665148621,"localGP"
"8660",35,1,9,10,65.8121215823365,65.8121215823365,"Smooth","Avg. Reward Condition",20,"8",19,NA,120,280,"Short",0.091705341064766,0.802021417509925,NA,0.490971554481913,"localGP"
"8661",35,2,9,9,85.2726059415545,85.2726059415545,"Smooth","Avg. Reward Condition",20,"8",19,1,109,280,"Short",0.091705341064766,0.802021417509925,NA,0.490971554481913,"localGP"
"8662",35,3,10,9,46.6801278336504,85.2726059415545,"Smooth","Avg. Reward Condition",20,"8",19,1,110,280,"Short",0.091705341064766,0.802021417509925,NA,0.490971554481913,"localGP"
"8663",35,4,8,9,63.1901515290244,85.2726059415545,"Smooth","Avg. Reward Condition",20,"8",19,1,108,280,"Short",0.091705341064766,0.802021417509925,NA,0.490971554481913,"localGP"
"8664",35,5,8,8,81.8046970917315,85.2726059415545,"Smooth","Avg. Reward Condition",20,"8",19,2,97,280,"Short",0.091705341064766,0.802021417509925,NA,0.490971554481913,"localGP"
"8665",35,6,9,8,78.8036694153572,85.2726059415545,"Smooth","Avg. Reward Condition",20,"8",19,1,98,280,"Short",0.091705341064766,0.802021417509925,NA,0.490971554481913,"localGP"
"8666",35,7,7,8,55.9050623268235,85.2726059415545,"Smooth","Avg. Reward Condition",20,"8",19,4,96,280,"Short",0.091705341064766,0.802021417509925,NA,0.490971554481913,"localGP"
"8667",35,8,10,7,65.5347594322433,85.2726059415545,"Smooth","Avg. Reward Condition",20,"8",19,1,88,280,"Short",0.091705341064766,0.802021417509925,NA,0.490971554481913,"localGP"
"8668",35,9,10,8,61.9465090311745,85.2726059415545,"Smooth","Avg. Reward Condition",20,"8",19,2,99,280,"Short",0.091705341064766,0.802021417509925,NA,0.490971554481913,"localGP"
"8669",35,10,10,7,65.5347594322433,85.2726059415545,"Smooth","Avg. Reward Condition",20,"8",19,1,88,280,"Short",0.091705341064766,0.802021417509925,NA,0.490971554481913,"localGP"
"8670",35,11,9,7,60.6742426292071,85.2726059415545,"Smooth","Avg. Reward Condition",20,"8",19,1,87,280,"Short",0.091705341064766,0.802021417509925,NA,0.490971554481913,"localGP"
"8671",35,12,7,7,78.4257216995386,85.2726059415545,"Smooth","Avg. Reward Condition",20,"8",19,2,85,280,"Short",0.091705341064766,0.802021417509925,NA,0.490971554481913,"localGP"
"8672",35,13,5,7,44.1405788952292,85.2726059415545,"Smooth","Avg. Reward Condition",20,"8",19,3,83,280,"Short",0.091705341064766,0.802021417509925,NA,0.490971554481913,"localGP"
"8673",35,14,5,4,59.2776068858534,85.2726059415545,"Smooth","Avg. Reward Condition",20,"8",19,2,50,280,"Short",0.091705341064766,0.802021417509925,NA,0.490971554481913,"localGP"
"8674",35,15,10,2,77.6423295803119,85.2726059415545,"Smooth","Avg. Reward Condition",20,"8",19,2,33,280,"Short",0.091705341064766,0.802021417509925,NA,0.490971554481913,"localGP"
"8675",35,16,10,1,72.8353068382427,85.2726059415545,"Smooth","Avg. Reward Condition",20,"8",19,1,22,280,"Short",0.091705341064766,0.802021417509925,NA,0.490971554481913,"localGP"
"8676",35,17,9,1,60.8910168599768,85.2726059415545,"Smooth","Avg. Reward Condition",20,"8",19,2,21,280,"Short",0.091705341064766,0.802021417509925,NA,0.490971554481913,"localGP"
"8677",35,18,7,3,80.7703625318279,85.2726059415545,"Smooth","Avg. Reward Condition",20,"8",19,1,41,280,"Short",0.091705341064766,0.802021417509925,NA,0.490971554481913,"localGP"
"8678",35,19,7,4,73.3248485001287,85.2726059415545,"Smooth","Avg. Reward Condition",20,"8",19,2,52,280,"Short",0.091705341064766,0.802021417509925,NA,0.490971554481913,"localGP"
"8679",35,20,8,4,65.4001551521178,85.2726059415545,"Smooth","Avg. Reward Condition",20,"8",19,2,53,280,"Short",0.091705341064766,0.802021417509925,NA,0.490971554481913,"localGP"
"8680",35,21,8,5,62.1217741531308,85.2726059415545,"Smooth","Avg. Reward Condition",20,"8",19,1,64,280,"Short",0.091705341064766,0.802021417509925,NA,0.490971554481913,"localGP"
"8681",36,1,0,1,60.7247402859948,60.7247402859948,"Rough","Max. Reward Condition",20,"1",7,NA,12,281,"Short",0.0973380690676245,0.966417814893117,NA,0.45136368285093,"localGP"
"8682",36,2,10,8,69.2360163709825,69.2360163709825,"Rough","Max. Reward Condition",20,"1",7,2,99,281,"Short",0.0973380690676245,0.966417814893117,NA,0.45136368285093,"localGP"
"8683",36,3,9,8,62.1221519136899,69.2360163709825,"Rough","Max. Reward Condition",20,"1",7,1,98,281,"Short",0.0973380690676245,0.966417814893117,NA,0.45136368285093,"localGP"
"8684",36,4,5,3,72.1298350478396,72.1298350478396,"Rough","Max. Reward Condition",20,"1",7,2,39,281,"Short",0.0973380690676245,0.966417814893117,NA,0.45136368285093,"localGP"
"8685",36,5,6,5,47.1321659100767,72.1298350478396,"Rough","Max. Reward Condition",20,"1",7,1,62,281,"Short",0.0973380690676245,0.966417814893117,NA,0.45136368285093,"localGP"
"8686",36,6,7,0,61.8816102013835,72.1298350478396,"Rough","Max. Reward Condition",20,"1",7,2,8,281,"Short",0.0973380690676245,0.966417814893117,NA,0.45136368285093,"localGP"
"8687",36,7,9,1,32.884325467042,72.1298350478396,"Rough","Max. Reward Condition",20,"1",7,1,21,281,"Short",0.0973380690676245,0.966417814893117,NA,0.45136368285093,"localGP"
"8688",36,8,2,6,61.2240030846988,72.1298350478396,"Rough","Max. Reward Condition",20,"1",7,1,69,281,"Short",0.0973380690676245,0.966417814893117,NA,0.45136368285093,"localGP"
"8689",36,9,3,6,90.5286582157079,90.5286582157079,"Rough","Max. Reward Condition",20,"1",7,1,70,281,"Short",0.0973380690676245,0.966417814893117,NA,0.45136368285093,"localGP"
"8690",36,10,3,5,100,100,"Rough","Max. Reward Condition",20,"1",7,1,59,281,"Short",0.0973380690676245,0.966417814893117,NA,0.45136368285093,"localGP"
"8691",36,11,4,5,66.807827900394,100,"Rough","Max. Reward Condition",20,"1",7,6,60,281,"Short",0.0973380690676245,0.966417814893117,NA,0.45136368285093,"localGP"
"8692",36,12,4,4,30.0404677656774,100,"Rough","Max. Reward Condition",20,"1",7,6,49,281,"Short",0.0973380690676245,0.966417814893117,NA,0.45136368285093,"localGP"
"8693",36,13,0,6,34.4193486809273,100,"Rough","Max. Reward Condition",20,"1",7,7,67,281,"Short",0.0973380690676245,0.966417814893117,NA,0.45136368285093,"localGP"
"8694",36,14,0,4,87.6072005238065,100,"Rough","Max. Reward Condition",20,"1",7,10,45,281,"Short",0.0973380690676245,0.966417814893117,NA,0.45136368285093,"localGP"
"8695",36,15,0,3,65.0525898505903,100,"Rough","Max. Reward Condition",20,"1",7,10,34,281,"Short",0.0973380690676245,0.966417814893117,NA,0.45136368285093,"localGP"
"8696",36,16,7,9,35.8056100636502,100,"Rough","Max. Reward Condition",20,"1",7,10,107,281,"Short",0.0973380690676245,0.966417814893117,NA,0.45136368285093,"localGP"
"8697",36,17,7,7,81.7749017517345,100,"Rough","Max. Reward Condition",20,"1",7,1,85,281,"Short",0.0973380690676245,0.966417814893117,NA,0.45136368285093,"localGP"
"8698",36,18,6,7,46.9199796180267,100,"Rough","Max. Reward Condition",20,"1",7,2,84,281,"Short",0.0973380690676245,0.966417814893117,NA,0.45136368285093,"localGP"
"8699",36,19,5,7,44.3097388070505,100,"Rough","Max. Reward Condition",20,"1",7,2,83,281,"Short",0.0973380690676245,0.966417814893117,NA,0.45136368285093,"localGP"
"8700",36,20,4,2,51.1248580268457,100,"Rough","Max. Reward Condition",20,"1",7,2,27,281,"Short",0.0973380690676245,0.966417814893117,NA,0.45136368285093,"localGP"
"8701",36,21,2,1,55.2110009040143,100,"Rough","Max. Reward Condition",20,"1",7,1,14,281,"Short",0.0973380690676245,0.966417814893117,NA,0.45136368285093,"localGP"
"8702",36,1,6,8,37.9895676228476,37.9895676228476,"Rough","Max. Reward Condition",40,"2",15,NA,95,282,"Long",0.0922096779940007,0.913660558800397,NA,0.484091616221471,"localGP"
"8703",36,2,6,9,52.3137546378813,52.3137546378813,"Rough","Max. Reward Condition",40,"2",15,4,106,282,"Long",0.0922096779940007,0.913660558800397,NA,0.484091616221471,"localGP"
"8704",36,3,7,9,49.4458088899389,52.3137546378813,"Rough","Max. Reward Condition",40,"2",15,4,107,282,"Long",0.0922096779940007,0.913660558800397,NA,0.484091616221471,"localGP"
"8705",36,4,7,10,38.0724380449569,52.3137546378813,"Rough","Max. Reward Condition",40,"2",15,6,118,282,"Long",0.0922096779940007,0.913660558800397,NA,0.484091616221471,"localGP"
"8706",36,5,10,9,61.3102358777366,61.3102358777366,"Rough","Max. Reward Condition",40,"2",15,1,110,282,"Long",0.0922096779940007,0.913660558800397,NA,0.484091616221471,"localGP"
"8707",36,6,10,8,45.4103222140062,61.3102358777366,"Rough","Max. Reward Condition",40,"2",15,2,99,282,"Long",0.0922096779940007,0.913660558800397,NA,0.484091616221471,"localGP"
"8708",36,7,9,8,42.7391657259998,61.3102358777366,"Rough","Max. Reward Condition",40,"2",15,2,98,282,"Long",0.0922096779940007,0.913660558800397,NA,0.484091616221471,"localGP"
"8709",36,8,9,4,67.8025720803485,67.8025720803485,"Rough","Max. Reward Condition",40,"2",15,1,54,282,"Long",0.0922096779940007,0.913660558800397,NA,0.484091616221471,"localGP"
"8710",36,9,9,3,76.9729164746691,76.9729164746691,"Rough","Max. Reward Condition",40,"2",15,1,43,282,"Long",0.0922096779940007,0.913660558800397,NA,0.484091616221471,"localGP"
"8711",36,10,9,2,80.7274963103288,80.7274963103288,"Rough","Max. Reward Condition",40,"2",15,1,32,282,"Long",0.0922096779940007,0.913660558800397,NA,0.484091616221471,"localGP"
"8712",36,11,9,3,76.9729164746691,80.7274963103288,"Rough","Max. Reward Condition",40,"2",15,1,43,282,"Long",0.0922096779940007,0.913660558800397,NA,0.484091616221471,"localGP"
"8713",36,12,8,3,71.8089338593077,80.7274963103288,"Rough","Max. Reward Condition",40,"2",15,3,42,282,"Long",0.0922096779940007,0.913660558800397,NA,0.484091616221471,"localGP"
"8714",36,13,3,1,45.7237040394925,80.7274963103288,"Rough","Max. Reward Condition",40,"2",15,3,15,282,"Long",0.0922096779940007,0.913660558800397,NA,0.484091616221471,"localGP"
"8715",36,14,2,3,47.5308435127139,80.7274963103288,"Rough","Max. Reward Condition",40,"2",15,5,36,282,"Long",0.0922096779940007,0.913660558800397,NA,0.484091616221471,"localGP"
"8716",36,15,2,4,51.9546837041907,80.7274963103288,"Rough","Max. Reward Condition",40,"2",15,5,47,282,"Long",0.0922096779940007,0.913660558800397,NA,0.484091616221471,"localGP"
"8717",36,16,5,3,74.9439554440197,80.7274963103288,"Rough","Max. Reward Condition",40,"2",15,7,39,282,"Long",0.0922096779940007,0.913660558800397,NA,0.484091616221471,"localGP"
"8718",36,17,6,3,78.683438969698,80.7274963103288,"Rough","Max. Reward Condition",40,"2",15,1,40,282,"Long",0.0922096779940007,0.913660558800397,NA,0.484091616221471,"localGP"
"8719",36,18,0,9,24.6902821477312,80.7274963103288,"Rough","Max. Reward Condition",40,"2",15,1,100,282,"Long",0.0922096779940007,0.913660558800397,NA,0.484091616221471,"localGP"
"8720",36,19,1,3,78.9236623533558,80.7274963103288,"Rough","Max. Reward Condition",40,"2",15,2,35,282,"Long",0.0922096779940007,0.913660558800397,NA,0.484091616221471,"localGP"
"8721",36,20,1,2,100,100,"Rough","Max. Reward Condition",40,"2",15,2,24,282,"Long",0.0922096779940007,0.913660558800397,NA,0.484091616221471,"localGP"
"8722",36,21,1,2,100,100,"Rough","Max. Reward Condition",40,"2",15,1,24,282,"Long",0.0922096779940007,0.913660558800397,NA,0.484091616221471,"localGP"
"8723",36,22,1,1,90.7781848524799,100,"Rough","Max. Reward Condition",40,"2",15,2,13,282,"Long",0.0922096779940007,0.913660558800397,NA,0.484091616221471,"localGP"
"8724",36,23,1,0,75.5614168340443,100,"Rough","Max. Reward Condition",40,"2",15,1,2,282,"Long",0.0922096779940007,0.913660558800397,NA,0.484091616221471,"localGP"
"8725",36,24,2,0,58.2249517542055,100,"Rough","Max. Reward Condition",40,"2",15,2,3,282,"Long",0.0922096779940007,0.913660558800397,NA,0.484091616221471,"localGP"
"8726",36,25,2,1,64.9541194011158,100,"Rough","Max. Reward Condition",40,"2",15,2,14,282,"Long",0.0922096779940007,0.913660558800397,NA,0.484091616221471,"localGP"
"8727",36,26,1,1,90.7781848524799,100,"Rough","Max. Reward Condition",40,"2",15,1,13,282,"Long",0.0922096779940007,0.913660558800397,NA,0.484091616221471,"localGP"
"8728",36,27,0,1,88.0859970924016,100,"Rough","Max. Reward Condition",40,"2",15,4,12,282,"Long",0.0922096779940007,0.913660558800397,NA,0.484091616221471,"localGP"
"8729",36,28,0,2,95.1832335243152,100,"Rough","Max. Reward Condition",40,"2",15,2,23,282,"Long",0.0922096779940007,0.913660558800397,NA,0.484091616221471,"localGP"
"8730",36,29,0,2,95.1832335243152,100,"Rough","Max. Reward Condition",40,"2",15,8,23,282,"Long",0.0922096779940007,0.913660558800397,NA,0.484091616221471,"localGP"
"8731",36,30,0,1,88.0859970924016,100,"Rough","Max. Reward Condition",40,"2",15,3,12,282,"Long",0.0922096779940007,0.913660558800397,NA,0.484091616221471,"localGP"
"8732",36,31,9,9,53.839970383571,100,"Rough","Max. Reward Condition",40,"2",15,9,109,282,"Long",0.0922096779940007,0.913660558800397,NA,0.484091616221471,"localGP"
"8733",36,32,9,7,37.6760460592712,100,"Rough","Max. Reward Condition",40,"2",15,6,87,282,"Long",0.0922096779940007,0.913660558800397,NA,0.484091616221471,"localGP"
"8734",36,33,5,2,59.1350535655929,100,"Rough","Max. Reward Condition",40,"2",15,9,28,282,"Long",0.0922096779940007,0.913660558800397,NA,0.484091616221471,"localGP"
"8735",36,34,7,0,50.8945892528803,100,"Rough","Max. Reward Condition",40,"2",15,1,8,282,"Long",0.0922096779940007,0.913660558800397,NA,0.484091616221471,"localGP"
"8736",36,35,8,2,70.4382048809147,100,"Rough","Max. Reward Condition",40,"2",15,2,31,282,"Long",0.0922096779940007,0.913660558800397,NA,0.484091616221471,"localGP"
"8737",36,36,7,2,69.9700174342543,100,"Rough","Max. Reward Condition",40,"2",15,2,30,282,"Long",0.0922096779940007,0.913660558800397,NA,0.484091616221471,"localGP"
"8738",36,37,6,9,52.3137546378813,100,"Rough","Max. Reward Condition",40,"2",15,1,106,282,"Long",0.0922096779940007,0.913660558800397,NA,0.484091616221471,"localGP"
"8739",36,38,10,10,75.4865207153683,100,"Rough","Max. Reward Condition",40,"2",15,2,121,282,"Long",0.0922096779940007,0.913660558800397,NA,0.484091616221471,"localGP"
"8740",36,39,9,10,53.2556028965444,100,"Rough","Max. Reward Condition",40,"2",15,5,120,282,"Long",0.0922096779940007,0.913660558800397,NA,0.484091616221471,"localGP"
"8741",36,40,5,6,48.2722078874415,100,"Rough","Max. Reward Condition",40,"2",15,15,72,282,"Long",0.0922096779940007,0.913660558800397,NA,0.484091616221471,"localGP"
"8742",36,41,5,5,46.1370569424132,100,"Rough","Max. Reward Condition",40,"2",15,3,61,282,"Long",0.0922096779940007,0.913660558800397,NA,0.484091616221471,"localGP"
"8743",36,1,7,7,63.4190187757228,63.4190187757228,"Rough","Max. Reward Condition",20,"3",1,NA,85,283,"Short",0.0790318052733239,1.02014385217271,NA,0.415766096872641,"localGP"
"8744",36,2,8,4,50.5233477520952,63.4190187757228,"Rough","Max. Reward Condition",20,"3",1,1,53,283,"Short",0.0790318052733239,1.02014385217271,NA,0.415766096872641,"localGP"
"8745",36,3,6,3,82.7136870116885,82.7136870116885,"Rough","Max. Reward Condition",20,"3",1,2,40,283,"Short",0.0790318052733239,1.02014385217271,NA,0.415766096872641,"localGP"
"8746",36,4,6,4,96.8351832239486,96.8351832239486,"Rough","Max. Reward Condition",20,"3",1,2,51,283,"Short",0.0790318052733239,1.02014385217271,NA,0.415766096872641,"localGP"
"8747",36,5,6,5,96.622130971634,96.8351832239486,"Rough","Max. Reward Condition",20,"3",1,2,62,283,"Short",0.0790318052733239,1.02014385217271,NA,0.415766096872641,"localGP"
"8748",36,6,6,5,96.622130971634,96.8351832239486,"Rough","Max. Reward Condition",20,"3",1,4,62,283,"Short",0.0790318052733239,1.02014385217271,NA,0.415766096872641,"localGP"
"8749",36,7,7,5,77.3624039749998,96.8351832239486,"Rough","Max. Reward Condition",20,"3",1,1,63,283,"Short",0.0790318052733239,1.02014385217271,NA,0.415766096872641,"localGP"
"8750",36,8,7,3,90.8008789663477,96.8351832239486,"Rough","Max. Reward Condition",20,"3",1,1,41,283,"Short",0.0790318052733239,1.02014385217271,NA,0.415766096872641,"localGP"
"8751",36,9,7,3,90.8008789663477,96.8351832239486,"Rough","Max. Reward Condition",20,"3",1,2,41,283,"Short",0.0790318052733239,1.02014385217271,NA,0.415766096872641,"localGP"
"8752",36,10,7,4,77.4616893062404,96.8351832239486,"Rough","Max. Reward Condition",20,"3",1,3,52,283,"Short",0.0790318052733239,1.02014385217271,NA,0.415766096872641,"localGP"
"8753",36,11,7,3,90.8008789663477,96.8351832239486,"Rough","Max. Reward Condition",20,"3",1,10,41,283,"Short",0.0790318052733239,1.02014385217271,NA,0.415766096872641,"localGP"
"8754",36,12,7,2,87.3844592186431,96.8351832239486,"Rough","Max. Reward Condition",20,"3",1,6,30,283,"Short",0.0790318052733239,1.02014385217271,NA,0.415766096872641,"localGP"
"8755",36,13,8,2,77.798359488466,96.8351832239486,"Rough","Max. Reward Condition",20,"3",1,4,31,283,"Short",0.0790318052733239,1.02014385217271,NA,0.415766096872641,"localGP"
"8756",36,14,9,2,45.6743517242672,96.8351832239486,"Rough","Max. Reward Condition",20,"3",1,3,32,283,"Short",0.0790318052733239,1.02014385217271,NA,0.415766096872641,"localGP"
"8757",36,15,0,2,31.3251454168042,96.8351832239486,"Rough","Max. Reward Condition",20,"3",1,2,23,283,"Short",0.0790318052733239,1.02014385217271,NA,0.415766096872641,"localGP"
"8758",36,16,5,4,93.0511729954542,96.8351832239486,"Rough","Max. Reward Condition",20,"3",1,1,50,283,"Short",0.0790318052733239,1.02014385217271,NA,0.415766096872641,"localGP"
"8759",36,17,5,5,89.574494748802,96.8351832239486,"Rough","Max. Reward Condition",20,"3",1,2,61,283,"Short",0.0790318052733239,1.02014385217271,NA,0.415766096872641,"localGP"
"8760",36,18,1,1,29.8781350301425,96.8351832239486,"Rough","Max. Reward Condition",20,"3",1,2,13,283,"Short",0.0790318052733239,1.02014385217271,NA,0.415766096872641,"localGP"
"8761",36,19,2,3,35.8335033964718,96.8351832239486,"Rough","Max. Reward Condition",20,"3",1,3,36,283,"Short",0.0790318052733239,1.02014385217271,NA,0.415766096872641,"localGP"
"8762",36,20,7,6,77.9627730782378,96.8351832239486,"Rough","Max. Reward Condition",20,"3",1,11,74,283,"Short",0.0790318052733239,1.02014385217271,NA,0.415766096872641,"localGP"
"8763",36,21,5,2,71.346109333768,96.8351832239486,"Rough","Max. Reward Condition",20,"3",1,2,28,283,"Short",0.0790318052733239,1.02014385217271,NA,0.415766096872641,"localGP"
"8764",36,1,0,6,46.0544782889019,46.0544782889019,"Rough","Max. Reward Condition",40,"4",6,NA,67,284,"Long",0.0968861771999231,0.836642004326536,NA,0.477609224790664,"localGP"
"8765",36,2,0,7,56.7102070439247,56.7102070439247,"Rough","Max. Reward Condition",40,"4",6,1,78,284,"Long",0.0968861771999231,0.836642004326536,NA,0.477609224790664,"localGP"
"8766",36,3,6,6,15.4430797014751,56.7102070439247,"Rough","Max. Reward Condition",40,"4",6,8,73,284,"Long",0.0968861771999231,0.836642004326536,NA,0.477609224790664,"localGP"
"8767",36,4,2,0,68.5922918789332,68.5922918789332,"Rough","Max. Reward Condition",40,"4",6,4,3,284,"Long",0.0968861771999231,0.836642004326536,NA,0.477609224790664,"localGP"
"8768",36,5,7,5,62.7685778639352,68.5922918789332,"Rough","Max. Reward Condition",40,"4",6,5,63,284,"Long",0.0968861771999231,0.836642004326536,NA,0.477609224790664,"localGP"
"8769",36,6,8,5,61.1665881936145,68.5922918789332,"Rough","Max. Reward Condition",40,"4",6,1,64,284,"Long",0.0968861771999231,0.836642004326536,NA,0.477609224790664,"localGP"
"8770",36,7,10,5,28.65801545199,68.5922918789332,"Rough","Max. Reward Condition",40,"4",6,2,66,284,"Long",0.0968861771999231,0.836642004326536,NA,0.477609224790664,"localGP"
"8771",36,8,9,1,48.6385669083933,68.5922918789332,"Rough","Max. Reward Condition",40,"4",6,2,21,284,"Long",0.0968861771999231,0.836642004326536,NA,0.477609224790664,"localGP"
"8772",36,9,9,3,30.7578099709399,68.5922918789332,"Rough","Max. Reward Condition",40,"4",6,1,43,284,"Long",0.0968861771999231,0.836642004326536,NA,0.477609224790664,"localGP"
"8773",36,10,5,6,17.4640278220834,68.5922918789332,"Rough","Max. Reward Condition",40,"4",6,2,72,284,"Long",0.0968861771999231,0.836642004326536,NA,0.477609224790664,"localGP"
"8774",36,11,6,8,47.1218833343134,68.5922918789332,"Rough","Max. Reward Condition",40,"4",6,1,95,284,"Long",0.0968861771999231,0.836642004326536,NA,0.477609224790664,"localGP"
"8775",36,12,9,9,83.6268655538995,83.6268655538995,"Rough","Max. Reward Condition",40,"4",6,1,109,284,"Long",0.0968861771999231,0.836642004326536,NA,0.477609224790664,"localGP"
"8776",36,13,10,9,86.1457429128577,86.1457429128577,"Rough","Max. Reward Condition",40,"4",6,1,110,284,"Long",0.0968861771999231,0.836642004326536,NA,0.477609224790664,"localGP"
"8777",36,14,2,8,11.0893535309519,86.1457429128577,"Rough","Max. Reward Condition",40,"4",6,7,91,284,"Long",0.0968861771999231,0.836642004326536,NA,0.477609224790664,"localGP"
"8778",36,15,2,10,50.1552784295293,86.1457429128577,"Rough","Max. Reward Condition",40,"4",6,5,113,284,"Long",0.0968861771999231,0.836642004326536,NA,0.477609224790664,"localGP"
"8779",36,16,4,10,76.3931212257129,86.1457429128577,"Rough","Max. Reward Condition",40,"4",6,7,115,284,"Long",0.0968861771999231,0.836642004326536,NA,0.477609224790664,"localGP"
"8780",36,17,6,10,20.3520060539049,86.1457429128577,"Rough","Max. Reward Condition",40,"4",6,6,117,284,"Long",0.0968861771999231,0.836642004326536,NA,0.477609224790664,"localGP"
"8781",36,18,1,6,54.3370472689451,86.1457429128577,"Rough","Max. Reward Condition",40,"4",6,7,68,284,"Long",0.0968861771999231,0.836642004326536,NA,0.477609224790664,"localGP"
"8782",36,19,9,1,48.6385669083933,86.1457429128577,"Rough","Max. Reward Condition",40,"4",6,12,21,284,"Long",0.0968861771999231,0.836642004326536,NA,0.477609224790664,"localGP"
"8783",36,20,10,2,28.7117658746382,86.1457429128577,"Rough","Max. Reward Condition",40,"4",6,4,33,284,"Long",0.0968861771999231,0.836642004326536,NA,0.477609224790664,"localGP"
"8784",36,21,9,10,34.3418785557881,86.1457429128577,"Rough","Max. Reward Condition",40,"4",6,1,120,284,"Long",0.0968861771999231,0.836642004326536,NA,0.477609224790664,"localGP"
"8785",36,22,7,9,30.1286651387231,86.1457429128577,"Rough","Max. Reward Condition",40,"4",6,2,107,284,"Long",0.0968861771999231,0.836642004326536,NA,0.477609224790664,"localGP"
"8786",36,23,3,9,26.2253245390007,86.1457429128577,"Rough","Max. Reward Condition",40,"4",6,2,103,284,"Long",0.0968861771999231,0.836642004326536,NA,0.477609224790664,"localGP"
"8787",36,24,10,3,32.6350825351917,86.1457429128577,"Rough","Max. Reward Condition",40,"4",6,5,44,284,"Long",0.0968861771999231,0.836642004326536,NA,0.477609224790664,"localGP"
"8788",36,25,2,5,39.0984637940291,86.1457429128577,"Rough","Max. Reward Condition",40,"4",6,4,58,284,"Long",0.0968861771999231,0.836642004326536,NA,0.477609224790664,"localGP"
"8789",36,26,10,10,61.5766654698321,86.1457429128577,"Rough","Max. Reward Condition",40,"4",6,3,121,284,"Long",0.0968861771999231,0.836642004326536,NA,0.477609224790664,"localGP"
"8790",36,27,5,1,54.7135189925466,86.1457429128577,"Rough","Max. Reward Condition",40,"4",6,1,17,284,"Long",0.0968861771999231,0.836642004326536,NA,0.477609224790664,"localGP"
"8791",36,28,6,1,58.9505924012191,86.1457429128577,"Rough","Max. Reward Condition",40,"4",6,2,18,284,"Long",0.0968861771999231,0.836642004326536,NA,0.477609224790664,"localGP"
"8792",36,29,4,1,54.7263505752768,86.1457429128577,"Rough","Max. Reward Condition",40,"4",6,2,16,284,"Long",0.0968861771999231,0.836642004326536,NA,0.477609224790664,"localGP"
"8793",36,30,3,2,33.1157535503822,86.1457429128577,"Rough","Max. Reward Condition",40,"4",6,8,26,284,"Long",0.0968861771999231,0.836642004326536,NA,0.477609224790664,"localGP"
"8794",36,31,3,1,50.2100304142553,86.1457429128577,"Rough","Max. Reward Condition",40,"4",6,1,15,284,"Long",0.0968861771999231,0.836642004326536,NA,0.477609224790664,"localGP"
"8795",36,32,2,2,34.5579265575561,86.1457429128577,"Rough","Max. Reward Condition",40,"4",6,2,25,284,"Long",0.0968861771999231,0.836642004326536,NA,0.477609224790664,"localGP"
"8796",36,33,1,3,70.5820098602199,86.1457429128577,"Rough","Max. Reward Condition",40,"4",6,2,35,284,"Long",0.0968861771999231,0.836642004326536,NA,0.477609224790664,"localGP"
"8797",36,34,6,4,34.0889045478091,86.1457429128577,"Rough","Max. Reward Condition",40,"4",6,1,51,284,"Long",0.0968861771999231,0.836642004326536,NA,0.477609224790664,"localGP"
"8798",36,35,7,4,44.475034820107,86.1457429128577,"Rough","Max. Reward Condition",40,"4",6,2,52,284,"Long",0.0968861771999231,0.836642004326536,NA,0.477609224790664,"localGP"
"8799",36,36,7,4,44.475034820107,86.1457429128577,"Rough","Max. Reward Condition",40,"4",6,3,52,284,"Long",0.0968861771999231,0.836642004326536,NA,0.477609224790664,"localGP"
"8800",36,37,7,1,83.5475141176989,86.1457429128577,"Rough","Max. Reward Condition",40,"4",6,4,19,284,"Long",0.0968861771999231,0.836642004326536,NA,0.477609224790664,"localGP"
"8801",36,38,7,0,94.4174730147353,94.4174730147353,"Rough","Max. Reward Condition",40,"4",6,8,8,284,"Long",0.0968861771999231,0.836642004326536,NA,0.477609224790664,"localGP"
"8802",36,39,7,1,83.5475141176989,94.4174730147353,"Rough","Max. Reward Condition",40,"4",6,5,19,284,"Long",0.0968861771999231,0.836642004326536,NA,0.477609224790664,"localGP"
"8803",36,40,8,1,68.8502438954186,94.4174730147353,"Rough","Max. Reward Condition",40,"4",6,4,20,284,"Long",0.0968861771999231,0.836642004326536,NA,0.477609224790664,"localGP"
"8804",36,41,8,2,56.1209576242771,94.4174730147353,"Rough","Max. Reward Condition",40,"4",6,3,31,284,"Long",0.0968861771999231,0.836642004326536,NA,0.477609224790664,"localGP"
"8805",36,1,5,10,31.2358509644788,31.2358509644788,"Rough","Max. Reward Condition",20,"5",10,NA,116,285,"Short",0.0969252734297627,1.1065720058718,NA,0.434984838392684,"localGP"
"8806",36,2,10,10,45.7586464060383,45.7586464060383,"Rough","Max. Reward Condition",20,"5",10,1,121,285,"Short",0.0969252734297627,1.1065720058718,NA,0.434984838392684,"localGP"
"8807",36,3,1,8,51.8595364200522,51.8595364200522,"Rough","Max. Reward Condition",20,"5",10,2,90,285,"Short",0.0969252734297627,1.1065720058718,NA,0.434984838392684,"localGP"
"8808",36,4,6,4,54.6685625446388,54.6685625446388,"Rough","Max. Reward Condition",20,"5",10,3,51,285,"Short",0.0969252734297627,1.1065720058718,NA,0.434984838392684,"localGP"
"8809",36,5,5,4,50.0192532451503,54.6685625446388,"Rough","Max. Reward Condition",20,"5",10,2,50,285,"Short",0.0969252734297627,1.1065720058718,NA,0.434984838392684,"localGP"
"8810",36,6,5,3,70.0403360623541,70.0403360623541,"Rough","Max. Reward Condition",20,"5",10,1,39,285,"Short",0.0969252734297627,1.1065720058718,NA,0.434984838392684,"localGP"
"8811",36,7,4,3,51.3524506739597,70.0403360623541,"Rough","Max. Reward Condition",20,"5",10,1,38,285,"Short",0.0969252734297627,1.1065720058718,NA,0.434984838392684,"localGP"
"8812",36,8,3,1,42.3496807301259,70.0403360623541,"Rough","Max. Reward Condition",20,"5",10,1,15,285,"Short",0.0969252734297627,1.1065720058718,NA,0.434984838392684,"localGP"
"8813",36,9,5,10,31.2358509644788,70.0403360623541,"Rough","Max. Reward Condition",20,"5",10,4,116,285,"Short",0.0969252734297627,1.1065720058718,NA,0.434984838392684,"localGP"
"8814",36,10,0,10,38.9648498941268,70.0403360623541,"Rough","Max. Reward Condition",20,"5",10,1,111,285,"Short",0.0969252734297627,1.1065720058718,NA,0.434984838392684,"localGP"
"8815",36,11,4,9,0,70.0403360623541,"Rough","Max. Reward Condition",20,"5",10,4,104,285,"Short",0.0969252734297627,1.1065720058718,NA,0.434984838392684,"localGP"
"8816",36,12,10,9,28.3067992353855,70.0403360623541,"Rough","Max. Reward Condition",20,"5",10,4,110,285,"Short",0.0969252734297627,1.1065720058718,NA,0.434984838392684,"localGP"
"8817",36,13,3,1,42.3496807301259,70.0403360623541,"Rough","Max. Reward Condition",20,"5",10,1,15,285,"Short",0.0969252734297627,1.1065720058718,NA,0.434984838392684,"localGP"
"8818",36,14,2,6,66.3176566242465,70.0403360623541,"Rough","Max. Reward Condition",20,"5",10,2,69,285,"Short",0.0969252734297627,1.1065720058718,NA,0.434984838392684,"localGP"
"8819",36,15,1,6,49.8844020365175,70.0403360623541,"Rough","Max. Reward Condition",20,"5",10,5,68,285,"Short",0.0969252734297627,1.1065720058718,NA,0.434984838392684,"localGP"
"8820",36,16,2,7,63.6213705397212,70.0403360623541,"Rough","Max. Reward Condition",20,"5",10,5,80,285,"Short",0.0969252734297627,1.1065720058718,NA,0.434984838392684,"localGP"
"8821",36,17,3,4,73.1932360426665,73.1932360426665,"Rough","Max. Reward Condition",20,"5",10,1,48,285,"Short",0.0969252734297627,1.1065720058718,NA,0.434984838392684,"localGP"
"8822",36,18,3,5,55.1289621064368,73.1932360426665,"Rough","Max. Reward Condition",20,"5",10,1,59,285,"Short",0.0969252734297627,1.1065720058718,NA,0.434984838392684,"localGP"
"8823",36,19,3,1,42.3496807301259,73.1932360426665,"Rough","Max. Reward Condition",20,"5",10,2,15,285,"Short",0.0969252734297627,1.1065720058718,NA,0.434984838392684,"localGP"
"8824",36,20,2,1,47.2554577886934,73.1932360426665,"Rough","Max. Reward Condition",20,"5",10,1,14,285,"Short",0.0969252734297627,1.1065720058718,NA,0.434984838392684,"localGP"
"8825",36,21,1,0,22.8566856126171,73.1932360426665,"Rough","Max. Reward Condition",20,"5",10,1,2,285,"Short",0.0969252734297627,1.1065720058718,NA,0.434984838392684,"localGP"
"8826",36,1,8,3,32.1774726570329,32.1774726570329,"Rough","Max. Reward Condition",40,"6",18,NA,42,286,"Long",0.0963741891781502,0.95562228486349,NA,0.499236340534933,"localGP"
"8827",36,2,8,7,51.6253344127728,51.6253344127728,"Rough","Max. Reward Condition",40,"6",18,5,86,286,"Long",0.0963741891781502,0.95562228486349,NA,0.499236340534933,"localGP"
"8828",36,3,6,2,24.0265388631754,51.6253344127728,"Rough","Max. Reward Condition",40,"6",18,5,29,286,"Long",0.0963741891781502,0.95562228486349,NA,0.499236340534933,"localGP"
"8829",36,4,3,3,53.9768384538052,53.9768384538052,"Rough","Max. Reward Condition",40,"6",18,9,37,286,"Long",0.0963741891781502,0.95562228486349,NA,0.499236340534933,"localGP"
"8830",36,5,3,1,75.1442624365829,75.1442624365829,"Rough","Max. Reward Condition",40,"6",18,6,15,286,"Long",0.0963741891781502,0.95562228486349,NA,0.499236340534933,"localGP"
"8831",36,6,4,1,62.7752571733289,75.1442624365829,"Rough","Max. Reward Condition",40,"6",18,6,16,286,"Long",0.0963741891781502,0.95562228486349,NA,0.499236340534933,"localGP"
"8832",36,7,4,0,48.2728545381987,75.1442624365829,"Rough","Max. Reward Condition",40,"6",18,11,5,286,"Long",0.0963741891781502,0.95562228486349,NA,0.499236340534933,"localGP"
"8833",36,8,3,1,75.1442624365829,75.1442624365829,"Rough","Max. Reward Condition",40,"6",18,1,15,286,"Long",0.0963741891781502,0.95562228486349,NA,0.499236340534933,"localGP"
"8834",36,9,3,2,87.0484650270771,87.0484650270771,"Rough","Max. Reward Condition",40,"6",18,2,26,286,"Long",0.0963741891781502,0.95562228486349,NA,0.499236340534933,"localGP"
"8835",36,10,4,3,63.7013527592454,87.0484650270771,"Rough","Max. Reward Condition",40,"6",18,1,38,286,"Long",0.0963741891781502,0.95562228486349,NA,0.499236340534933,"localGP"
"8836",36,11,4,2,74.4058624133972,87.0484650270771,"Rough","Max. Reward Condition",40,"6",18,1,27,286,"Long",0.0963741891781502,0.95562228486349,NA,0.499236340534933,"localGP"
"8837",36,12,10,0,38.2617250048476,87.0484650270771,"Rough","Max. Reward Condition",40,"6",18,1,11,286,"Long",0.0963741891781502,0.95562228486349,NA,0.499236340534933,"localGP"
"8838",36,13,9,2,46.2486687787869,87.0484650270771,"Rough","Max. Reward Condition",40,"6",18,1,32,286,"Long",0.0963741891781502,0.95562228486349,NA,0.499236340534933,"localGP"
"8839",36,14,9,3,52.6770087163606,87.0484650270771,"Rough","Max. Reward Condition",40,"6",18,1,43,286,"Long",0.0963741891781502,0.95562228486349,NA,0.499236340534933,"localGP"
"8840",36,15,9,4,40.7628674874765,87.0484650270771,"Rough","Max. Reward Condition",40,"6",18,4,54,286,"Long",0.0963741891781502,0.95562228486349,NA,0.499236340534933,"localGP"
"8841",36,16,7,4,21.5751534071113,87.0484650270771,"Rough","Max. Reward Condition",40,"6",18,10,52,286,"Long",0.0963741891781502,0.95562228486349,NA,0.499236340534933,"localGP"
"8842",36,17,5,4,37.8791272787462,87.0484650270771,"Rough","Max. Reward Condition",40,"6",18,2,50,286,"Long",0.0963741891781502,0.95562228486349,NA,0.499236340534933,"localGP"
"8843",36,18,0,1,37.2422418931396,87.0484650270771,"Rough","Max. Reward Condition",40,"6",18,2,12,286,"Long",0.0963741891781502,0.95562228486349,NA,0.499236340534933,"localGP"
"8844",36,19,8,7,51.6253344127728,87.0484650270771,"Rough","Max. Reward Condition",40,"6",18,1,86,286,"Long",0.0963741891781502,0.95562228486349,NA,0.499236340534933,"localGP"
"8845",36,20,6,8,37.9736257778301,87.0484650270771,"Rough","Max. Reward Condition",40,"6",18,2,95,286,"Long",0.0963741891781502,0.95562228486349,NA,0.499236340534933,"localGP"
"8846",36,21,6,9,34.6588515600726,87.0484650270771,"Rough","Max. Reward Condition",40,"6",18,2,106,286,"Long",0.0963741891781502,0.95562228486349,NA,0.499236340534933,"localGP"
"8847",36,22,0,10,44.7774903870151,87.0484650270771,"Rough","Max. Reward Condition",40,"6",18,1,111,286,"Long",0.0963741891781502,0.95562228486349,NA,0.499236340534933,"localGP"
"8848",36,23,2,10,25.2569128061938,87.0484650270771,"Rough","Max. Reward Condition",40,"6",18,2,113,286,"Long",0.0963741891781502,0.95562228486349,NA,0.499236340534933,"localGP"
"8849",36,24,2,5,28.3106281722044,87.0484650270771,"Rough","Max. Reward Condition",40,"6",18,5,58,286,"Long",0.0963741891781502,0.95562228486349,NA,0.499236340534933,"localGP"
"8850",36,25,5,5,61.5391732787472,87.0484650270771,"Rough","Max. Reward Condition",40,"6",18,7,61,286,"Long",0.0963741891781502,0.95562228486349,NA,0.499236340534933,"localGP"
"8851",36,26,4,5,66.1329906623103,87.0484650270771,"Rough","Max. Reward Condition",40,"6",18,3,60,286,"Long",0.0963741891781502,0.95562228486349,NA,0.499236340534933,"localGP"
"8852",36,27,2,6,9.85315561544602,87.0484650270771,"Rough","Max. Reward Condition",40,"6",18,13,69,286,"Long",0.0963741891781502,0.95562228486349,NA,0.499236340534933,"localGP"
"8853",36,28,7,4,21.5751534071113,87.0484650270771,"Rough","Max. Reward Condition",40,"6",18,0,52,286,"Long",0.0963741891781502,0.95562228486349,NA,0.499236340534933,"localGP"
"8854",36,29,4,7,47.8263633972584,87.0484650270771,"Rough","Max. Reward Condition",40,"6",18,8,82,286,"Long",0.0963741891781502,0.95562228486349,NA,0.499236340534933,"localGP"
"8855",36,30,4,6,56.6641694320835,87.0484650270771,"Rough","Max. Reward Condition",40,"6",18,1,71,286,"Long",0.0963741891781502,0.95562228486349,NA,0.499236340534933,"localGP"
"8856",36,31,5,6,67.4717782812046,87.0484650270771,"Rough","Max. Reward Condition",40,"6",18,2,72,286,"Long",0.0963741891781502,0.95562228486349,NA,0.499236340534933,"localGP"
"8857",36,32,3,8,43.809517415815,87.0484650270771,"Rough","Max. Reward Condition",40,"6",18,1,92,286,"Long",0.0963741891781502,0.95562228486349,NA,0.499236340534933,"localGP"
"8858",36,33,3,4,56.8504124991032,87.0484650270771,"Rough","Max. Reward Condition",40,"6",18,2,48,286,"Long",0.0963741891781502,0.95562228486349,NA,0.499236340534933,"localGP"
"8859",36,34,0,2,35.0025842131743,87.0484650270771,"Rough","Max. Reward Condition",40,"6",18,2,23,286,"Long",0.0963741891781502,0.95562228486349,NA,0.499236340534933,"localGP"
"8860",36,35,2,5,28.3106281722044,87.0484650270771,"Rough","Max. Reward Condition",40,"6",18,1,58,286,"Long",0.0963741891781502,0.95562228486349,NA,0.499236340534933,"localGP"
"8861",36,36,2,8,43.6561164584679,87.0484650270771,"Rough","Max. Reward Condition",40,"6",18,2,91,286,"Long",0.0963741891781502,0.95562228486349,NA,0.499236340534933,"localGP"
"8862",36,37,3,7,22.0436802123003,87.0484650270771,"Rough","Max. Reward Condition",40,"6",18,1,81,286,"Long",0.0963741891781502,0.95562228486349,NA,0.499236340534933,"localGP"
"8863",36,38,10,10,40.9300790469513,87.0484650270771,"Rough","Max. Reward Condition",40,"6",18,2,121,286,"Long",0.0963741891781502,0.95562228486349,NA,0.499236340534933,"localGP"
"8864",36,39,3,7,22.0436802123003,87.0484650270771,"Rough","Max. Reward Condition",40,"6",18,3,81,286,"Long",0.0963741891781502,0.95562228486349,NA,0.499236340534933,"localGP"
"8865",36,40,1,9,58.9073420651609,87.0484650270771,"Rough","Max. Reward Condition",40,"6",18,4,101,286,"Long",0.0963741891781502,0.95562228486349,NA,0.499236340534933,"localGP"
"8866",36,41,5,2,52.4052015124445,87.0484650270771,"Rough","Max. Reward Condition",40,"6",18,5,28,286,"Long",0.0963741891781502,0.95562228486349,NA,0.499236340534933,"localGP"
"8867",36,1,5,6,43.2423959719255,43.2423959719255,"Rough","Max. Reward Condition",20,"7",8,NA,72,287,"Short",0.0921838434171173,0.911277787592271,NA,0.45079241695318,"localGP"
"8868",36,2,6,6,27.1030818308683,43.2423959719255,"Rough","Max. Reward Condition",20,"7",8,6,73,287,"Short",0.0921838434171173,0.911277787592271,NA,0.45079241695318,"localGP"
"8869",36,3,1,9,48.6391024853793,48.6391024853793,"Rough","Max. Reward Condition",20,"7",8,4,101,287,"Short",0.0921838434171173,0.911277787592271,NA,0.45079241695318,"localGP"
"8870",36,4,1,10,55.500663546292,55.500663546292,"Rough","Max. Reward Condition",20,"7",8,5,112,287,"Short",0.0921838434171173,0.911277787592271,NA,0.45079241695318,"localGP"
"8871",36,5,0,10,49.1845400953948,55.500663546292,"Rough","Max. Reward Condition",20,"7",8,4,111,287,"Short",0.0921838434171173,0.911277787592271,NA,0.45079241695318,"localGP"
"8872",36,6,7,0,41.9382069240684,55.500663546292,"Rough","Max. Reward Condition",20,"7",8,9,8,287,"Short",0.0921838434171173,0.911277787592271,NA,0.45079241695318,"localGP"
"8873",36,7,3,6,92.3422522413602,92.3422522413602,"Rough","Max. Reward Condition",20,"7",8,5,70,287,"Short",0.0921838434171173,0.911277787592271,NA,0.45079241695318,"localGP"
"8874",36,8,2,6,63.82023009432,92.3422522413602,"Rough","Max. Reward Condition",20,"7",8,5,69,287,"Short",0.0921838434171173,0.911277787592271,NA,0.45079241695318,"localGP"
"8875",36,9,3,6,92.3422522413602,92.3422522413602,"Rough","Max. Reward Condition",20,"7",8,1,70,287,"Short",0.0921838434171173,0.911277787592271,NA,0.45079241695318,"localGP"
"8876",36,10,3,5,100,100,"Rough","Max. Reward Condition",20,"7",8,2,59,287,"Short",0.0921838434171173,0.911277787592271,NA,0.45079241695318,"localGP"
"8877",36,11,4,5,81.9160830308222,100,"Rough","Max. Reward Condition",20,"7",8,2,60,287,"Short",0.0921838434171173,0.911277787592271,NA,0.45079241695318,"localGP"
"8878",36,12,3,5,100,100,"Rough","Max. Reward Condition",20,"7",8,2,59,287,"Short",0.0921838434171173,0.911277787592271,NA,0.45079241695318,"localGP"
"8879",36,13,3,5,100,100,"Rough","Max. Reward Condition",20,"7",8,12,59,287,"Short",0.0921838434171173,0.911277787592271,NA,0.45079241695318,"localGP"
"8880",36,14,3,6,92.3422522413602,100,"Rough","Max. Reward Condition",20,"7",8,1,70,287,"Short",0.0921838434171173,0.911277787592271,NA,0.45079241695318,"localGP"
"8881",36,15,4,8,69.4439461709685,100,"Rough","Max. Reward Condition",20,"7",8,1,93,287,"Short",0.0921838434171173,0.911277787592271,NA,0.45079241695318,"localGP"
"8882",36,16,5,7,35.7264911415369,100,"Rough","Max. Reward Condition",20,"7",8,2,83,287,"Short",0.0921838434171173,0.911277787592271,NA,0.45079241695318,"localGP"
"8883",36,17,4,6,92.5612285235121,100,"Rough","Max. Reward Condition",20,"7",8,2,71,287,"Short",0.0921838434171173,0.911277787592271,NA,0.45079241695318,"localGP"
"8884",36,18,4,6,92.5612285235121,100,"Rough","Max. Reward Condition",20,"7",8,1,71,287,"Short",0.0921838434171173,0.911277787592271,NA,0.45079241695318,"localGP"
"8885",36,19,4,5,81.9160830308222,100,"Rough","Max. Reward Condition",20,"7",8,2,60,287,"Short",0.0921838434171173,0.911277787592271,NA,0.45079241695318,"localGP"
"8886",36,20,3,5,100,100,"Rough","Max. Reward Condition",20,"7",8,2,59,287,"Short",0.0921838434171173,0.911277787592271,NA,0.45079241695318,"localGP"
"8887",36,21,3,4,81.3649995175119,100,"Rough","Max. Reward Condition",20,"7",8,5,48,287,"Short",0.0921838434171173,0.911277787592271,NA,0.45079241695318,"localGP"
"8888",36,1,8,5,0,0,"Rough","Max. Reward Condition",40,"8",9,NA,64,288,"Long",0.0953003896862287,0.949348377139453,NA,0.470774230852765,"localGP"
"8889",36,2,5,2,51.6174788041229,51.6174788041229,"Rough","Max. Reward Condition",40,"8",9,1,28,288,"Long",0.0953003896862287,0.949348377139453,NA,0.470774230852765,"localGP"
"8890",36,3,5,3,31.7363408535339,51.6174788041229,"Rough","Max. Reward Condition",40,"8",9,2,39,288,"Long",0.0953003896862287,0.949348377139453,NA,0.470774230852765,"localGP"
"8891",36,4,6,4,34.6420598160748,51.6174788041229,"Rough","Max. Reward Condition",40,"8",9,3,51,288,"Long",0.0953003896862287,0.949348377139453,NA,0.470774230852765,"localGP"
"8892",36,5,5,5,60.2282366593648,60.2282366593648,"Rough","Max. Reward Condition",40,"8",9,1,61,288,"Long",0.0953003896862287,0.949348377139453,NA,0.470774230852765,"localGP"
"8893",36,6,5,6,33.1152517472353,60.2282366593648,"Rough","Max. Reward Condition",40,"8",9,2,72,288,"Long",0.0953003896862287,0.949348377139453,NA,0.470774230852765,"localGP"
"8894",36,7,6,6,30.335879587278,60.2282366593648,"Rough","Max. Reward Condition",40,"8",9,2,73,288,"Long",0.0953003896862287,0.949348377139453,NA,0.470774230852765,"localGP"
"8895",36,8,1,5,55.4257093623145,60.2282366593648,"Rough","Max. Reward Condition",40,"8",9,1,57,288,"Long",0.0953003896862287,0.949348377139453,NA,0.470774230852765,"localGP"
"8896",36,9,4,5,65.4711627445738,65.4711627445738,"Rough","Max. Reward Condition",40,"8",9,11,60,288,"Long",0.0953003896862287,0.949348377139453,NA,0.470774230852765,"localGP"
"8897",36,10,6,2,57.8143678139961,65.4711627445738,"Rough","Max. Reward Condition",40,"8",9,1,29,288,"Long",0.0953003896862287,0.949348377139453,NA,0.470774230852765,"localGP"
"8898",36,11,9,2,54.6848187444457,65.4711627445738,"Rough","Max. Reward Condition",40,"8",9,2,32,288,"Long",0.0953003896862287,0.949348377139453,NA,0.470774230852765,"localGP"
"8899",36,12,10,3,28.0037204765752,65.4711627445738,"Rough","Max. Reward Condition",40,"8",9,2,44,288,"Long",0.0953003896862287,0.949348377139453,NA,0.470774230852765,"localGP"
"8900",36,13,6,10,59.0349018269821,65.4711627445738,"Rough","Max. Reward Condition",40,"8",9,1,117,288,"Long",0.0953003896862287,0.949348377139453,NA,0.470774230852765,"localGP"
"8901",36,14,6,9,70.5892702957914,70.5892702957914,"Rough","Max. Reward Condition",40,"8",9,2,106,288,"Long",0.0953003896862287,0.949348377139453,NA,0.470774230852765,"localGP"
"8902",36,15,2,10,28.9056526912457,70.5892702957914,"Rough","Max. Reward Condition",40,"8",9,1,113,288,"Long",0.0953003896862287,0.949348377139453,NA,0.470774230852765,"localGP"
"8903",36,16,3,10,39.8581222940404,70.5892702957914,"Rough","Max. Reward Condition",40,"8",9,1,114,288,"Long",0.0953003896862287,0.949348377139453,NA,0.470774230852765,"localGP"
"8904",36,17,3,8,56.9817501368753,70.5892702957914,"Rough","Max. Reward Condition",40,"8",9,1,92,288,"Long",0.0953003896862287,0.949348377139453,NA,0.470774230852765,"localGP"
"8905",36,18,4,8,60.4776805465143,70.5892702957914,"Rough","Max. Reward Condition",40,"8",9,1,93,288,"Long",0.0953003896862287,0.949348377139453,NA,0.470774230852765,"localGP"
"8906",36,19,2,8,43.6838621835881,70.5892702957914,"Rough","Max. Reward Condition",40,"8",9,4,91,288,"Long",0.0953003896862287,0.949348377139453,NA,0.470774230852765,"localGP"
"8907",36,20,10,1,42.9509969441746,70.5892702957914,"Rough","Max. Reward Condition",40,"8",9,5,22,288,"Long",0.0953003896862287,0.949348377139453,NA,0.470774230852765,"localGP"
"8908",36,21,4,4,44.1531168030834,70.5892702957914,"Rough","Max. Reward Condition",40,"8",9,3,49,288,"Long",0.0953003896862287,0.949348377139453,NA,0.470774230852765,"localGP"
"8909",36,22,3,5,65.8441011417539,70.5892702957914,"Rough","Max. Reward Condition",40,"8",9,6,59,288,"Long",0.0953003896862287,0.949348377139453,NA,0.470774230852765,"localGP"
"8910",36,23,3,6,56.4526333659953,70.5892702957914,"Rough","Max. Reward Condition",40,"8",9,1,70,288,"Long",0.0953003896862287,0.949348377139453,NA,0.470774230852765,"localGP"
"8911",36,24,1,6,71.1930582119882,71.1930582119882,"Rough","Max. Reward Condition",40,"8",9,2,68,288,"Long",0.0953003896862287,0.949348377139453,NA,0.470774230852765,"localGP"
"8912",36,25,1,7,60.3654685590386,71.1930582119882,"Rough","Max. Reward Condition",40,"8",9,2,79,288,"Long",0.0953003896862287,0.949348377139453,NA,0.470774230852765,"localGP"
"8913",36,26,4,10,47.1833228393405,71.1930582119882,"Rough","Max. Reward Condition",40,"8",9,2,115,288,"Long",0.0953003896862287,0.949348377139453,NA,0.470774230852765,"localGP"
"8914",36,27,9,10,28.2000882502669,71.1930582119882,"Rough","Max. Reward Condition",40,"8",9,6,120,288,"Long",0.0953003896862287,0.949348377139453,NA,0.470774230852765,"localGP"
"8915",36,28,10,4,62.6723256804465,71.1930582119882,"Rough","Max. Reward Condition",40,"8",9,1,55,288,"Long",0.0953003896862287,0.949348377139453,NA,0.470774230852765,"localGP"
"8916",36,29,5,0,63.7023993468335,71.1930582119882,"Rough","Max. Reward Condition",40,"8",9,2,6,288,"Long",0.0953003896862287,0.949348377139453,NA,0.470774230852765,"localGP"
"8917",36,30,5,1,62.2178044014381,71.1930582119882,"Rough","Max. Reward Condition",40,"8",9,3,17,288,"Long",0.0953003896862287,0.949348377139453,NA,0.470774230852765,"localGP"
"8918",36,31,7,1,45.4129619985676,71.1930582119882,"Rough","Max. Reward Condition",40,"8",9,2,19,288,"Long",0.0953003896862287,0.949348377139453,NA,0.470774230852765,"localGP"
"8919",36,32,3,1,40.3499664940064,71.1930582119882,"Rough","Max. Reward Condition",40,"8",9,3,15,288,"Long",0.0953003896862287,0.949348377139453,NA,0.470774230852765,"localGP"
"8920",36,33,3,0,59.7528798800862,71.1930582119882,"Rough","Max. Reward Condition",40,"8",9,1,4,288,"Long",0.0953003896862287,0.949348377139453,NA,0.470774230852765,"localGP"
"8921",36,34,4,0,79.9431598436755,79.9431598436755,"Rough","Max. Reward Condition",40,"8",9,1,5,288,"Long",0.0953003896862287,0.949348377139453,NA,0.470774230852765,"localGP"
"8922",36,35,1,8,35.1070926300529,79.9431598436755,"Rough","Max. Reward Condition",40,"8",9,2,90,288,"Long",0.0953003896862287,0.949348377139453,NA,0.470774230852765,"localGP"
"8923",36,36,10,0,73.1299582594774,79.9431598436755,"Rough","Max. Reward Condition",40,"8",9,3,11,288,"Long",0.0953003896862287,0.949348377139453,NA,0.470774230852765,"localGP"
"8924",36,37,9,0,18.5206183987232,79.9431598436755,"Rough","Max. Reward Condition",40,"8",9,2,10,288,"Long",0.0953003896862287,0.949348377139453,NA,0.470774230852765,"localGP"
"8925",36,38,9,0,18.5206183987232,79.9431598436755,"Rough","Max. Reward Condition",40,"8",9,2,10,288,"Long",0.0953003896862287,0.949348377139453,NA,0.470774230852765,"localGP"
"8926",36,39,10,7,64.0304826931053,79.9431598436755,"Rough","Max. Reward Condition",40,"8",9,5,88,288,"Long",0.0953003896862287,0.949348377139453,NA,0.470774230852765,"localGP"
"8927",36,40,10,6,41.1599115765723,79.9431598436755,"Rough","Max. Reward Condition",40,"8",9,3,77,288,"Long",0.0953003896862287,0.949348377139453,NA,0.470774230852765,"localGP"
"8928",36,41,10,5,57.8728197854694,79.9431598436755,"Rough","Max. Reward Condition",40,"8",9,8,66,288,"Long",0.0953003896862287,0.949348377139453,NA,0.470774230852765,"localGP"
"8929",37,1,4,9,78.163385341713,78.163385341713,"Rough","Max. Reward Condition",40,"1",11,NA,104,289,"Long",0.0242929490872939,0.32286794660745,NA,0.128903926938994,"localGP"
"8930",37,2,4,9,78.163385341713,78.163385341713,"Rough","Max. Reward Condition",40,"1",11,9,104,289,"Long",0.0242929490872939,0.32286794660745,NA,0.128903926938994,"localGP"
"8931",37,3,4,9,78.163385341713,78.163385341713,"Rough","Max. Reward Condition",40,"1",11,1,104,289,"Long",0.0242929490872939,0.32286794660745,NA,0.128903926938994,"localGP"
"8932",37,4,4,9,78.163385341713,78.163385341713,"Rough","Max. Reward Condition",40,"1",11,4,104,289,"Long",0.0242929490872939,0.32286794660745,NA,0.128903926938994,"localGP"
"8933",37,5,4,9,78.163385341713,78.163385341713,"Rough","Max. Reward Condition",40,"1",11,1,104,289,"Long",0.0242929490872939,0.32286794660745,NA,0.128903926938994,"localGP"
"8934",37,6,4,9,78.163385341713,78.163385341713,"Rough","Max. Reward Condition",40,"1",11,1,104,289,"Long",0.0242929490872939,0.32286794660745,NA,0.128903926938994,"localGP"
"8935",37,7,4,9,78.163385341713,78.163385341713,"Rough","Max. Reward Condition",40,"1",11,4,104,289,"Long",0.0242929490872939,0.32286794660745,NA,0.128903926938994,"localGP"
"8936",37,8,4,9,78.163385341713,78.163385341713,"Rough","Max. Reward Condition",40,"1",11,1,104,289,"Long",0.0242929490872939,0.32286794660745,NA,0.128903926938994,"localGP"
"8937",37,9,4,9,78.163385341713,78.163385341713,"Rough","Max. Reward Condition",40,"1",11,1,104,289,"Long",0.0242929490872939,0.32286794660745,NA,0.128903926938994,"localGP"
"8938",37,10,4,9,78.163385341713,78.163385341713,"Rough","Max. Reward Condition",40,"1",11,1,104,289,"Long",0.0242929490872939,0.32286794660745,NA,0.128903926938994,"localGP"
"8939",37,11,4,9,78.163385341713,78.163385341713,"Rough","Max. Reward Condition",40,"1",11,1,104,289,"Long",0.0242929490872939,0.32286794660745,NA,0.128903926938994,"localGP"
"8940",37,12,4,9,78.163385341713,78.163385341713,"Rough","Max. Reward Condition",40,"1",11,1,104,289,"Long",0.0242929490872939,0.32286794660745,NA,0.128903926938994,"localGP"
"8941",37,13,4,9,78.163385341713,78.163385341713,"Rough","Max. Reward Condition",40,"1",11,3,104,289,"Long",0.0242929490872939,0.32286794660745,NA,0.128903926938994,"localGP"
"8942",37,14,4,9,78.163385341713,78.163385341713,"Rough","Max. Reward Condition",40,"1",11,1,104,289,"Long",0.0242929490872939,0.32286794660745,NA,0.128903926938994,"localGP"
"8943",37,15,4,9,78.163385341713,78.163385341713,"Rough","Max. Reward Condition",40,"1",11,2,104,289,"Long",0.0242929490872939,0.32286794660745,NA,0.128903926938994,"localGP"
"8944",37,16,4,9,78.163385341713,78.163385341713,"Rough","Max. Reward Condition",40,"1",11,0,104,289,"Long",0.0242929490872939,0.32286794660745,NA,0.128903926938994,"localGP"
"8945",37,17,4,9,78.163385341713,78.163385341713,"Rough","Max. Reward Condition",40,"1",11,1,104,289,"Long",0.0242929490872939,0.32286794660745,NA,0.128903926938994,"localGP"
"8946",37,18,4,9,78.163385341713,78.163385341713,"Rough","Max. Reward Condition",40,"1",11,1,104,289,"Long",0.0242929490872939,0.32286794660745,NA,0.128903926938994,"localGP"
"8947",37,19,4,9,78.163385341713,78.163385341713,"Rough","Max. Reward Condition",40,"1",11,1,104,289,"Long",0.0242929490872939,0.32286794660745,NA,0.128903926938994,"localGP"
"8948",37,20,4,9,78.163385341713,78.163385341713,"Rough","Max. Reward Condition",40,"1",11,1,104,289,"Long",0.0242929490872939,0.32286794660745,NA,0.128903926938994,"localGP"
"8949",37,21,4,9,78.163385341713,78.163385341713,"Rough","Max. Reward Condition",40,"1",11,2,104,289,"Long",0.0242929490872939,0.32286794660745,NA,0.128903926938994,"localGP"
"8950",37,22,4,9,78.163385341713,78.163385341713,"Rough","Max. Reward Condition",40,"1",11,1,104,289,"Long",0.0242929490872939,0.32286794660745,NA,0.128903926938994,"localGP"
"8951",37,23,4,9,78.163385341713,78.163385341713,"Rough","Max. Reward Condition",40,"1",11,1,104,289,"Long",0.0242929490872939,0.32286794660745,NA,0.128903926938994,"localGP"
"8952",37,24,4,9,78.163385341713,78.163385341713,"Rough","Max. Reward Condition",40,"1",11,1,104,289,"Long",0.0242929490872939,0.32286794660745,NA,0.128903926938994,"localGP"
"8953",37,25,4,9,78.163385341713,78.163385341713,"Rough","Max. Reward Condition",40,"1",11,1,104,289,"Long",0.0242929490872939,0.32286794660745,NA,0.128903926938994,"localGP"
"8954",37,26,4,9,78.163385341713,78.163385341713,"Rough","Max. Reward Condition",40,"1",11,1,104,289,"Long",0.0242929490872939,0.32286794660745,NA,0.128903926938994,"localGP"
"8955",37,27,4,9,78.163385341713,78.163385341713,"Rough","Max. Reward Condition",40,"1",11,1,104,289,"Long",0.0242929490872939,0.32286794660745,NA,0.128903926938994,"localGP"
"8956",37,28,4,9,78.163385341713,78.163385341713,"Rough","Max. Reward Condition",40,"1",11,3,104,289,"Long",0.0242929490872939,0.32286794660745,NA,0.128903926938994,"localGP"
"8957",37,29,4,9,78.163385341713,78.163385341713,"Rough","Max. Reward Condition",40,"1",11,1,104,289,"Long",0.0242929490872939,0.32286794660745,NA,0.128903926938994,"localGP"
"8958",37,30,4,9,78.163385341713,78.163385341713,"Rough","Max. Reward Condition",40,"1",11,0,104,289,"Long",0.0242929490872939,0.32286794660745,NA,0.128903926938994,"localGP"
"8959",37,31,4,9,78.163385341713,78.163385341713,"Rough","Max. Reward Condition",40,"1",11,0,104,289,"Long",0.0242929490872939,0.32286794660745,NA,0.128903926938994,"localGP"
"8960",37,32,4,9,78.163385341713,78.163385341713,"Rough","Max. Reward Condition",40,"1",11,0,104,289,"Long",0.0242929490872939,0.32286794660745,NA,0.128903926938994,"localGP"
"8961",37,33,4,9,78.163385341713,78.163385341713,"Rough","Max. Reward Condition",40,"1",11,0,104,289,"Long",0.0242929490872939,0.32286794660745,NA,0.128903926938994,"localGP"
"8962",37,34,4,9,78.163385341713,78.163385341713,"Rough","Max. Reward Condition",40,"1",11,0,104,289,"Long",0.0242929490872939,0.32286794660745,NA,0.128903926938994,"localGP"
"8963",37,35,4,9,78.163385341713,78.163385341713,"Rough","Max. Reward Condition",40,"1",11,0,104,289,"Long",0.0242929490872939,0.32286794660745,NA,0.128903926938994,"localGP"
"8964",37,36,4,9,78.163385341713,78.163385341713,"Rough","Max. Reward Condition",40,"1",11,0,104,289,"Long",0.0242929490872939,0.32286794660745,NA,0.128903926938994,"localGP"
"8965",37,37,5,3,37.4787684417098,78.163385341713,"Rough","Max. Reward Condition",40,"1",11,0,39,289,"Long",0.0242929490872939,0.32286794660745,NA,0.128903926938994,"localGP"
"8966",37,38,3,3,18.93685736026,78.163385341713,"Rough","Max. Reward Condition",40,"1",11,0,37,289,"Long",0.0242929490872939,0.32286794660745,NA,0.128903926938994,"localGP"
"8967",37,39,1,7,66.3320145159087,78.163385341713,"Rough","Max. Reward Condition",40,"1",11,0,79,289,"Long",0.0242929490872939,0.32286794660745,NA,0.128903926938994,"localGP"
"8968",37,40,1,8,56.1053689232527,78.163385341713,"Rough","Max. Reward Condition",40,"1",11,0,90,289,"Long",0.0242929490872939,0.32286794660745,NA,0.128903926938994,"localGP"
"8969",37,41,1,7,66.3320145159087,78.163385341713,"Rough","Max. Reward Condition",40,"1",11,0,79,289,"Long",0.0242929490872939,0.32286794660745,NA,0.128903926938994,"localGP"
"8970",37,1,8,1,44.8716015513811,44.8716015513811,"Rough","Max. Reward Condition",20,"2",3,NA,20,290,"Short",0.0343154753196842,0.542785318533757,NA,0.180685579266926,"localGP"
"8971",37,2,7,1,45.1385973531357,45.1385973531357,"Rough","Max. Reward Condition",20,"2",3,1,19,290,"Short",0.0343154753196842,0.542785318533757,NA,0.180685579266926,"localGP"
"8972",37,3,6,1,32.7748600046913,45.1385973531357,"Rough","Max. Reward Condition",20,"2",3,0,18,290,"Short",0.0343154753196842,0.542785318533757,NA,0.180685579266926,"localGP"
"8973",37,4,6,0,17.8640708688048,45.1385973531357,"Rough","Max. Reward Condition",20,"2",3,0,7,290,"Short",0.0343154753196842,0.542785318533757,NA,0.180685579266926,"localGP"
"8974",37,5,5,0,9.64595698214346,45.1385973531357,"Rough","Max. Reward Condition",20,"2",3,0,6,290,"Short",0.0343154753196842,0.542785318533757,NA,0.180685579266926,"localGP"
"8975",37,6,5,1,10.7719922717038,45.1385973531357,"Rough","Max. Reward Condition",20,"2",3,0,17,290,"Short",0.0343154753196842,0.542785318533757,NA,0.180685579266926,"localGP"
"8976",37,7,4,4,49.7580304361875,49.7580304361875,"Rough","Max. Reward Condition",20,"2",3,0,49,290,"Short",0.0343154753196842,0.542785318533757,NA,0.180685579266926,"localGP"
"8977",37,8,3,5,45.7673029552207,49.7580304361875,"Rough","Max. Reward Condition",20,"2",3,0,59,290,"Short",0.0343154753196842,0.542785318533757,NA,0.180685579266926,"localGP"
"8978",37,9,3,4,49.3373531062478,49.7580304361875,"Rough","Max. Reward Condition",20,"2",3,1,48,290,"Short",0.0343154753196842,0.542785318533757,NA,0.180685579266926,"localGP"
"8979",37,10,2,4,30.1067653014681,49.7580304361875,"Rough","Max. Reward Condition",20,"2",3,1,47,290,"Short",0.0343154753196842,0.542785318533757,NA,0.180685579266926,"localGP"
"8980",37,11,5,2,41.5069107029267,49.7580304361875,"Rough","Max. Reward Condition",20,"2",3,2,28,290,"Short",0.0343154753196842,0.542785318533757,NA,0.180685579266926,"localGP"
"8981",37,12,10,3,43.0975597606831,49.7580304361875,"Rough","Max. Reward Condition",20,"2",3,1,44,290,"Short",0.0343154753196842,0.542785318533757,NA,0.180685579266926,"localGP"
"8982",37,13,10,2,54.7529878122934,54.7529878122934,"Rough","Max. Reward Condition",20,"2",3,1,33,290,"Short",0.0343154753196842,0.542785318533757,NA,0.180685579266926,"localGP"
"8983",37,14,10,1,38.6271450157014,54.7529878122934,"Rough","Max. Reward Condition",20,"2",3,4,22,290,"Short",0.0343154753196842,0.542785318533757,NA,0.180685579266926,"localGP"
"8984",37,15,6,4,44.9938943868475,54.7529878122934,"Rough","Max. Reward Condition",20,"2",3,0,51,290,"Short",0.0343154753196842,0.542785318533757,NA,0.180685579266926,"localGP"
"8985",37,16,6,3,72.3648366559739,72.3648366559739,"Rough","Max. Reward Condition",20,"2",3,0,40,290,"Short",0.0343154753196842,0.542785318533757,NA,0.180685579266926,"localGP"
"8986",37,17,7,3,65.2894287443007,72.3648366559739,"Rough","Max. Reward Condition",20,"2",3,0,41,290,"Short",0.0343154753196842,0.542785318533757,NA,0.180685579266926,"localGP"
"8987",37,18,3,3,43.3385418304866,72.3648366559739,"Rough","Max. Reward Condition",20,"2",3,0,37,290,"Short",0.0343154753196842,0.542785318533757,NA,0.180685579266926,"localGP"
"8988",37,19,9,7,49.674641221052,72.3648366559739,"Rough","Max. Reward Condition",20,"2",3,0,87,290,"Short",0.0343154753196842,0.542785318533757,NA,0.180685579266926,"localGP"
"8989",37,20,0,3,46.9181544218078,72.3648366559739,"Rough","Max. Reward Condition",20,"2",3,0,34,290,"Short",0.0343154753196842,0.542785318533757,NA,0.180685579266926,"localGP"
"8990",37,21,0,4,38.4070367108847,72.3648366559739,"Rough","Max. Reward Condition",20,"2",3,0,45,290,"Short",0.0343154753196842,0.542785318533757,NA,0.180685579266926,"localGP"
"8991",37,1,3,8,52.5458075522518,52.5458075522518,"Rough","Max. Reward Condition",40,"3",0,NA,92,291,"Long",0.0289286702985492,0.393143325838167,NA,0.174772818190333,"localGP"
"8992",37,2,3,7,55.5467645036046,55.5467645036046,"Rough","Max. Reward Condition",40,"3",0,0,81,291,"Long",0.0289286702985492,0.393143325838167,NA,0.174772818190333,"localGP"
"8993",37,3,3,9,34.683324357527,55.5467645036046,"Rough","Max. Reward Condition",40,"3",0,0,103,291,"Long",0.0289286702985492,0.393143325838167,NA,0.174772818190333,"localGP"
"8994",37,4,2,9,15.2735933162074,55.5467645036046,"Rough","Max. Reward Condition",40,"3",0,0,102,291,"Long",0.0289286702985492,0.393143325838167,NA,0.174772818190333,"localGP"
"8995",37,5,0,10,14.8843519517488,55.5467645036046,"Rough","Max. Reward Condition",40,"3",0,0,111,291,"Long",0.0289286702985492,0.393143325838167,NA,0.174772818190333,"localGP"
"8996",37,6,1,1,60.5425505864623,60.5425505864623,"Rough","Max. Reward Condition",40,"3",0,0,13,291,"Long",0.0289286702985492,0.393143325838167,NA,0.174772818190333,"localGP"
"8997",37,7,1,0,67.0136291844954,67.0136291844954,"Rough","Max. Reward Condition",40,"3",0,1,2,291,"Long",0.0289286702985492,0.393143325838167,NA,0.174772818190333,"localGP"
"8998",37,8,0,0,35.9067188197196,67.0136291844954,"Rough","Max. Reward Condition",40,"3",0,1,1,291,"Long",0.0289286702985492,0.393143325838167,NA,0.174772818190333,"localGP"
"8999",37,9,4,6,4.57974265293169,67.0136291844954,"Rough","Max. Reward Condition",40,"3",0,1,71,291,"Long",0.0289286702985492,0.393143325838167,NA,0.174772818190333,"localGP"
"9000",37,10,10,7,82.7698657970911,82.7698657970911,"Rough","Max. Reward Condition",40,"3",0,1,88,291,"Long",0.0289286702985492,0.393143325838167,NA,0.174772818190333,"localGP"
"9001",37,11,10,7,82.7698657970911,82.7698657970911,"Rough","Max. Reward Condition",40,"3",0,1,88,291,"Long",0.0289286702985492,0.393143325838167,NA,0.174772818190333,"localGP"
"9002",37,12,10,7,82.7698657970911,82.7698657970911,"Rough","Max. Reward Condition",40,"3",0,1,88,291,"Long",0.0289286702985492,0.393143325838167,NA,0.174772818190333,"localGP"
"9003",37,13,10,7,82.7698657970911,82.7698657970911,"Rough","Max. Reward Condition",40,"3",0,0,88,291,"Long",0.0289286702985492,0.393143325838167,NA,0.174772818190333,"localGP"
"9004",37,14,10,7,82.7698657970911,82.7698657970911,"Rough","Max. Reward Condition",40,"3",0,0,88,291,"Long",0.0289286702985492,0.393143325838167,NA,0.174772818190333,"localGP"
"9005",37,15,10,7,82.7698657970911,82.7698657970911,"Rough","Max. Reward Condition",40,"3",0,0,88,291,"Long",0.0289286702985492,0.393143325838167,NA,0.174772818190333,"localGP"
"9006",37,16,10,7,82.7698657970911,82.7698657970911,"Rough","Max. Reward Condition",40,"3",0,0,88,291,"Long",0.0289286702985492,0.393143325838167,NA,0.174772818190333,"localGP"
"9007",37,17,10,7,82.7698657970911,82.7698657970911,"Rough","Max. Reward Condition",40,"3",0,0,88,291,"Long",0.0289286702985492,0.393143325838167,NA,0.174772818190333,"localGP"
"9008",37,18,10,7,82.7698657970911,82.7698657970911,"Rough","Max. Reward Condition",40,"3",0,0,88,291,"Long",0.0289286702985492,0.393143325838167,NA,0.174772818190333,"localGP"
"9009",37,19,10,7,82.7698657970911,82.7698657970911,"Rough","Max. Reward Condition",40,"3",0,0,88,291,"Long",0.0289286702985492,0.393143325838167,NA,0.174772818190333,"localGP"
"9010",37,20,10,7,82.7698657970911,82.7698657970911,"Rough","Max. Reward Condition",40,"3",0,0,88,291,"Long",0.0289286702985492,0.393143325838167,NA,0.174772818190333,"localGP"
"9011",37,21,10,7,82.7698657970911,82.7698657970911,"Rough","Max. Reward Condition",40,"3",0,0,88,291,"Long",0.0289286702985492,0.393143325838167,NA,0.174772818190333,"localGP"
"9012",37,22,10,7,82.7698657970911,82.7698657970911,"Rough","Max. Reward Condition",40,"3",0,0,88,291,"Long",0.0289286702985492,0.393143325838167,NA,0.174772818190333,"localGP"
"9013",37,23,10,7,82.7698657970911,82.7698657970911,"Rough","Max. Reward Condition",40,"3",0,0,88,291,"Long",0.0289286702985492,0.393143325838167,NA,0.174772818190333,"localGP"
"9014",37,24,10,7,82.7698657970911,82.7698657970911,"Rough","Max. Reward Condition",40,"3",0,0,88,291,"Long",0.0289286702985492,0.393143325838167,NA,0.174772818190333,"localGP"
"9015",37,25,10,7,82.7698657970911,82.7698657970911,"Rough","Max. Reward Condition",40,"3",0,0,88,291,"Long",0.0289286702985492,0.393143325838167,NA,0.174772818190333,"localGP"
"9016",37,26,9,7,93.0900522357202,93.0900522357202,"Rough","Max. Reward Condition",40,"3",0,0,87,291,"Long",0.0289286702985492,0.393143325838167,NA,0.174772818190333,"localGP"
"9017",37,27,9,7,93.0900522357202,93.0900522357202,"Rough","Max. Reward Condition",40,"3",0,0,87,291,"Long",0.0289286702985492,0.393143325838167,NA,0.174772818190333,"localGP"
"9018",37,28,9,7,93.0900522357202,93.0900522357202,"Rough","Max. Reward Condition",40,"3",0,1,87,291,"Long",0.0289286702985492,0.393143325838167,NA,0.174772818190333,"localGP"
"9019",37,29,9,7,93.0900522357202,93.0900522357202,"Rough","Max. Reward Condition",40,"3",0,1,87,291,"Long",0.0289286702985492,0.393143325838167,NA,0.174772818190333,"localGP"
"9020",37,30,9,7,93.0900522357202,93.0900522357202,"Rough","Max. Reward Condition",40,"3",0,1,87,291,"Long",0.0289286702985492,0.393143325838167,NA,0.174772818190333,"localGP"
"9021",37,31,9,7,93.0900522357202,93.0900522357202,"Rough","Max. Reward Condition",40,"3",0,1,87,291,"Long",0.0289286702985492,0.393143325838167,NA,0.174772818190333,"localGP"
"9022",37,32,10,7,82.7698657970911,93.0900522357202,"Rough","Max. Reward Condition",40,"3",0,0,88,291,"Long",0.0289286702985492,0.393143325838167,NA,0.174772818190333,"localGP"
"9023",37,33,9,7,93.0900522357202,93.0900522357202,"Rough","Max. Reward Condition",40,"3",0,0,87,291,"Long",0.0289286702985492,0.393143325838167,NA,0.174772818190333,"localGP"
"9024",37,34,9,7,93.0900522357202,93.0900522357202,"Rough","Max. Reward Condition",40,"3",0,0,87,291,"Long",0.0289286702985492,0.393143325838167,NA,0.174772818190333,"localGP"
"9025",37,35,9,7,93.0900522357202,93.0900522357202,"Rough","Max. Reward Condition",40,"3",0,0,87,291,"Long",0.0289286702985492,0.393143325838167,NA,0.174772818190333,"localGP"
"9026",37,36,9,7,93.0900522357202,93.0900522357202,"Rough","Max. Reward Condition",40,"3",0,0,87,291,"Long",0.0289286702985492,0.393143325838167,NA,0.174772818190333,"localGP"
"9027",37,37,9,7,93.0900522357202,93.0900522357202,"Rough","Max. Reward Condition",40,"3",0,0,87,291,"Long",0.0289286702985492,0.393143325838167,NA,0.174772818190333,"localGP"
"9028",37,38,9,7,93.0900522357202,93.0900522357202,"Rough","Max. Reward Condition",40,"3",0,0,87,291,"Long",0.0289286702985492,0.393143325838167,NA,0.174772818190333,"localGP"
"9029",37,39,9,7,93.0900522357202,93.0900522357202,"Rough","Max. Reward Condition",40,"3",0,0,87,291,"Long",0.0289286702985492,0.393143325838167,NA,0.174772818190333,"localGP"
"9030",37,40,9,7,93.0900522357202,93.0900522357202,"Rough","Max. Reward Condition",40,"3",0,0,87,291,"Long",0.0289286702985492,0.393143325838167,NA,0.174772818190333,"localGP"
"9031",37,41,9,7,93.0900522357202,93.0900522357202,"Rough","Max. Reward Condition",40,"3",0,0,87,291,"Long",0.0289286702985492,0.393143325838167,NA,0.174772818190333,"localGP"
"9032",37,1,7,10,39.5407952471519,39.5407952471519,"Rough","Max. Reward Condition",20,"4",18,NA,118,292,"Short",0.0338205788566714,0.604057671905979,NA,0.15423597601327,"localGP"
"9033",37,2,7,9,43.7178093969653,43.7178093969653,"Rough","Max. Reward Condition",20,"4",18,1,107,292,"Short",0.0338205788566714,0.604057671905979,NA,0.15423597601327,"localGP"
"9034",37,3,9,9,61.1848749174221,61.1848749174221,"Rough","Max. Reward Condition",20,"4",18,3,109,292,"Short",0.0338205788566714,0.604057671905979,NA,0.15423597601327,"localGP"
"9035",37,4,10,9,68.5571263747788,68.5571263747788,"Rough","Max. Reward Condition",20,"4",18,2,110,292,"Short",0.0338205788566714,0.604057671905979,NA,0.15423597601327,"localGP"
"9036",37,5,6,5,39.8371872215826,68.5571263747788,"Rough","Max. Reward Condition",20,"4",18,0,62,292,"Short",0.0338205788566714,0.604057671905979,NA,0.15423597601327,"localGP"
"9037",37,6,3,7,22.0436802123003,68.5571263747788,"Rough","Max. Reward Condition",20,"4",18,2,81,292,"Short",0.0338205788566714,0.604057671905979,NA,0.15423597601327,"localGP"
"9038",37,7,5,6,67.4717782812046,68.5571263747788,"Rough","Max. Reward Condition",20,"4",18,1,72,292,"Short",0.0338205788566714,0.604057671905979,NA,0.15423597601327,"localGP"
"9039",37,8,2,0,34.0203157022651,68.5571263747788,"Rough","Max. Reward Condition",20,"4",18,1,3,292,"Short",0.0338205788566714,0.604057671905979,NA,0.15423597601327,"localGP"
"9040",37,9,2,5,28.3106281722044,68.5571263747788,"Rough","Max. Reward Condition",20,"4",18,1,58,292,"Short",0.0338205788566714,0.604057671905979,NA,0.15423597601327,"localGP"
"9041",37,10,0,5,18.0799924222245,68.5571263747788,"Rough","Max. Reward Condition",20,"4",18,1,56,292,"Short",0.0338205788566714,0.604057671905979,NA,0.15423597601327,"localGP"
"9042",37,11,4,6,56.6641694320835,68.5571263747788,"Rough","Max. Reward Condition",20,"4",18,1,71,292,"Short",0.0338205788566714,0.604057671905979,NA,0.15423597601327,"localGP"
"9043",37,12,5,6,67.4717782812046,68.5571263747788,"Rough","Max. Reward Condition",20,"4",18,1,72,292,"Short",0.0338205788566714,0.604057671905979,NA,0.15423597601327,"localGP"
"9044",37,13,5,6,67.4717782812046,68.5571263747788,"Rough","Max. Reward Condition",20,"4",18,4,72,292,"Short",0.0338205788566714,0.604057671905979,NA,0.15423597601327,"localGP"
"9045",37,14,5,9,24.0405194815787,68.5571263747788,"Rough","Max. Reward Condition",20,"4",18,2,105,292,"Short",0.0338205788566714,0.604057671905979,NA,0.15423597601327,"localGP"
"9046",37,15,5,8,32.0305817810502,68.5571263747788,"Rough","Max. Reward Condition",20,"4",18,1,94,292,"Short",0.0338205788566714,0.604057671905979,NA,0.15423597601327,"localGP"
"9047",37,16,4,2,74.4058624133972,74.4058624133972,"Rough","Max. Reward Condition",20,"4",18,2,27,292,"Short",0.0338205788566714,0.604057671905979,NA,0.15423597601327,"localGP"
"9048",37,17,4,2,74.4058624133972,74.4058624133972,"Rough","Max. Reward Condition",20,"4",18,2,27,292,"Short",0.0338205788566714,0.604057671905979,NA,0.15423597601327,"localGP"
"9049",37,18,4,3,63.7013527592454,74.4058624133972,"Rough","Max. Reward Condition",20,"4",18,3,38,292,"Short",0.0338205788566714,0.604057671905979,NA,0.15423597601327,"localGP"
"9050",37,19,4,2,74.4058624133972,74.4058624133972,"Rough","Max. Reward Condition",20,"4",18,1,27,292,"Short",0.0338205788566714,0.604057671905979,NA,0.15423597601327,"localGP"
"9051",37,20,3,2,87.0484650270771,87.0484650270771,"Rough","Max. Reward Condition",20,"4",18,2,26,292,"Short",0.0338205788566714,0.604057671905979,NA,0.15423597601327,"localGP"
"9052",37,21,3,2,87.0484650270771,87.0484650270771,"Rough","Max. Reward Condition",20,"4",18,1,26,292,"Short",0.0338205788566714,0.604057671905979,NA,0.15423597601327,"localGP"
"9053",37,1,0,1,36.3388197833164,36.3388197833164,"Rough","Max. Reward Condition",40,"5",6,NA,12,293,"Long",0.02799933280615,0.488762148935537,NA,0.16148891004481,"localGP"
"9054",37,2,7,1,83.5475141176989,83.5475141176989,"Rough","Max. Reward Condition",40,"5",6,1,19,293,"Long",0.02799933280615,0.488762148935537,NA,0.16148891004481,"localGP"
"9055",37,3,7,1,83.5475141176989,83.5475141176989,"Rough","Max. Reward Condition",40,"5",6,1,19,293,"Long",0.02799933280615,0.488762148935537,NA,0.16148891004481,"localGP"
"9056",37,4,7,1,83.5475141176989,83.5475141176989,"Rough","Max. Reward Condition",40,"5",6,1,19,293,"Long",0.02799933280615,0.488762148935537,NA,0.16148891004481,"localGP"
"9057",37,5,7,1,83.5475141176989,83.5475141176989,"Rough","Max. Reward Condition",40,"5",6,1,19,293,"Long",0.02799933280615,0.488762148935537,NA,0.16148891004481,"localGP"
"9058",37,6,7,1,83.5475141176989,83.5475141176989,"Rough","Max. Reward Condition",40,"5",6,1,19,293,"Long",0.02799933280615,0.488762148935537,NA,0.16148891004481,"localGP"
"9059",37,7,7,1,83.5475141176989,83.5475141176989,"Rough","Max. Reward Condition",40,"5",6,1,19,293,"Long",0.02799933280615,0.488762148935537,NA,0.16148891004481,"localGP"
"9060",37,8,7,1,83.5475141176989,83.5475141176989,"Rough","Max. Reward Condition",40,"5",6,1,19,293,"Long",0.02799933280615,0.488762148935537,NA,0.16148891004481,"localGP"
"9061",37,9,7,1,83.5475141176989,83.5475141176989,"Rough","Max. Reward Condition",40,"5",6,1,19,293,"Long",0.02799933280615,0.488762148935537,NA,0.16148891004481,"localGP"
"9062",37,10,7,1,83.5475141176989,83.5475141176989,"Rough","Max. Reward Condition",40,"5",6,0,19,293,"Long",0.02799933280615,0.488762148935537,NA,0.16148891004481,"localGP"
"9063",37,11,7,1,83.5475141176989,83.5475141176989,"Rough","Max. Reward Condition",40,"5",6,0,19,293,"Long",0.02799933280615,0.488762148935537,NA,0.16148891004481,"localGP"
"9064",37,12,7,1,83.5475141176989,83.5475141176989,"Rough","Max. Reward Condition",40,"5",6,0,19,293,"Long",0.02799933280615,0.488762148935537,NA,0.16148891004481,"localGP"
"9065",37,13,7,1,83.5475141176989,83.5475141176989,"Rough","Max. Reward Condition",40,"5",6,0,19,293,"Long",0.02799933280615,0.488762148935537,NA,0.16148891004481,"localGP"
"9066",37,14,7,1,83.5475141176989,83.5475141176989,"Rough","Max. Reward Condition",40,"5",6,0,19,293,"Long",0.02799933280615,0.488762148935537,NA,0.16148891004481,"localGP"
"9067",37,15,7,1,83.5475141176989,83.5475141176989,"Rough","Max. Reward Condition",40,"5",6,0,19,293,"Long",0.02799933280615,0.488762148935537,NA,0.16148891004481,"localGP"
"9068",37,16,7,1,83.5475141176989,83.5475141176989,"Rough","Max. Reward Condition",40,"5",6,0,19,293,"Long",0.02799933280615,0.488762148935537,NA,0.16148891004481,"localGP"
"9069",37,17,7,1,83.5475141176989,83.5475141176989,"Rough","Max. Reward Condition",40,"5",6,1,19,293,"Long",0.02799933280615,0.488762148935537,NA,0.16148891004481,"localGP"
"9070",37,18,7,1,83.5475141176989,83.5475141176989,"Rough","Max. Reward Condition",40,"5",6,1,19,293,"Long",0.02799933280615,0.488762148935537,NA,0.16148891004481,"localGP"
"9071",37,19,7,1,83.5475141176989,83.5475141176989,"Rough","Max. Reward Condition",40,"5",6,1,19,293,"Long",0.02799933280615,0.488762148935537,NA,0.16148891004481,"localGP"
"9072",37,20,7,1,83.5475141176989,83.5475141176989,"Rough","Max. Reward Condition",40,"5",6,1,19,293,"Long",0.02799933280615,0.488762148935537,NA,0.16148891004481,"localGP"
"9073",37,21,7,1,83.5475141176989,83.5475141176989,"Rough","Max. Reward Condition",40,"5",6,1,19,293,"Long",0.02799933280615,0.488762148935537,NA,0.16148891004481,"localGP"
"9074",37,22,7,1,83.5475141176989,83.5475141176989,"Rough","Max. Reward Condition",40,"5",6,1,19,293,"Long",0.02799933280615,0.488762148935537,NA,0.16148891004481,"localGP"
"9075",37,23,7,1,83.5475141176989,83.5475141176989,"Rough","Max. Reward Condition",40,"5",6,1,19,293,"Long",0.02799933280615,0.488762148935537,NA,0.16148891004481,"localGP"
"9076",37,24,7,1,83.5475141176989,83.5475141176989,"Rough","Max. Reward Condition",40,"5",6,1,19,293,"Long",0.02799933280615,0.488762148935537,NA,0.16148891004481,"localGP"
"9077",37,25,7,1,83.5475141176989,83.5475141176989,"Rough","Max. Reward Condition",40,"5",6,1,19,293,"Long",0.02799933280615,0.488762148935537,NA,0.16148891004481,"localGP"
"9078",37,26,7,1,83.5475141176989,83.5475141176989,"Rough","Max. Reward Condition",40,"5",6,1,19,293,"Long",0.02799933280615,0.488762148935537,NA,0.16148891004481,"localGP"
"9079",37,27,7,1,83.5475141176989,83.5475141176989,"Rough","Max. Reward Condition",40,"5",6,1,19,293,"Long",0.02799933280615,0.488762148935537,NA,0.16148891004481,"localGP"
"9080",37,28,7,1,83.5475141176989,83.5475141176989,"Rough","Max. Reward Condition",40,"5",6,1,19,293,"Long",0.02799933280615,0.488762148935537,NA,0.16148891004481,"localGP"
"9081",37,29,7,1,83.5475141176989,83.5475141176989,"Rough","Max. Reward Condition",40,"5",6,2,19,293,"Long",0.02799933280615,0.488762148935537,NA,0.16148891004481,"localGP"
"9082",37,30,7,1,83.5475141176989,83.5475141176989,"Rough","Max. Reward Condition",40,"5",6,0,19,293,"Long",0.02799933280615,0.488762148935537,NA,0.16148891004481,"localGP"
"9083",37,31,7,1,83.5475141176989,83.5475141176989,"Rough","Max. Reward Condition",40,"5",6,2,19,293,"Long",0.02799933280615,0.488762148935537,NA,0.16148891004481,"localGP"
"9084",37,32,7,1,83.5475141176989,83.5475141176989,"Rough","Max. Reward Condition",40,"5",6,1,19,293,"Long",0.02799933280615,0.488762148935537,NA,0.16148891004481,"localGP"
"9085",37,33,7,1,83.5475141176989,83.5475141176989,"Rough","Max. Reward Condition",40,"5",6,1,19,293,"Long",0.02799933280615,0.488762148935537,NA,0.16148891004481,"localGP"
"9086",37,34,7,1,83.5475141176989,83.5475141176989,"Rough","Max. Reward Condition",40,"5",6,1,19,293,"Long",0.02799933280615,0.488762148935537,NA,0.16148891004481,"localGP"
"9087",37,35,7,1,83.5475141176989,83.5475141176989,"Rough","Max. Reward Condition",40,"5",6,0,19,293,"Long",0.02799933280615,0.488762148935537,NA,0.16148891004481,"localGP"
"9088",37,36,7,1,83.5475141176989,83.5475141176989,"Rough","Max. Reward Condition",40,"5",6,0,19,293,"Long",0.02799933280615,0.488762148935537,NA,0.16148891004481,"localGP"
"9089",37,37,7,1,83.5475141176989,83.5475141176989,"Rough","Max. Reward Condition",40,"5",6,0,19,293,"Long",0.02799933280615,0.488762148935537,NA,0.16148891004481,"localGP"
"9090",37,38,7,1,83.5475141176989,83.5475141176989,"Rough","Max. Reward Condition",40,"5",6,0,19,293,"Long",0.02799933280615,0.488762148935537,NA,0.16148891004481,"localGP"
"9091",37,39,7,1,83.5475141176989,83.5475141176989,"Rough","Max. Reward Condition",40,"5",6,0,19,293,"Long",0.02799933280615,0.488762148935537,NA,0.16148891004481,"localGP"
"9092",37,40,7,1,83.5475141176989,83.5475141176989,"Rough","Max. Reward Condition",40,"5",6,0,19,293,"Long",0.02799933280615,0.488762148935537,NA,0.16148891004481,"localGP"
"9093",37,41,7,1,83.5475141176989,83.5475141176989,"Rough","Max. Reward Condition",40,"5",6,0,19,293,"Long",0.02799933280615,0.488762148935537,NA,0.16148891004481,"localGP"
"9094",37,1,10,0,84.6666987950257,84.6666987950257,"Rough","Max. Reward Condition",20,"6",10,NA,11,294,"Short",0.115400183764252,147.654010780706,NA,57.9848721698753,"localGP"
"9095",37,2,9,0,60.0001478018408,84.6666987950257,"Rough","Max. Reward Condition",20,"6",10,0,10,294,"Short",0.115400183764252,147.654010780706,NA,57.9848721698753,"localGP"
"9096",37,3,8,0,51.8507217555431,84.6666987950257,"Rough","Max. Reward Condition",20,"6",10,0,9,294,"Short",0.115400183764252,147.654010780706,NA,57.9848721698753,"localGP"
"9097",37,4,7,0,65.3233265309543,84.6666987950257,"Rough","Max. Reward Condition",20,"6",10,2,8,294,"Short",0.115400183764252,147.654010780706,NA,57.9848721698753,"localGP"
"9098",37,5,7,9,41.4991659516561,84.6666987950257,"Rough","Max. Reward Condition",20,"6",10,1,107,294,"Short",0.115400183764252,147.654010780706,NA,57.9848721698753,"localGP"
"9099",37,6,7,9,41.4991659516561,84.6666987950257,"Rough","Max. Reward Condition",20,"6",10,1,107,294,"Short",0.115400183764252,147.654010780706,NA,57.9848721698753,"localGP"
"9100",37,7,8,9,49.5506805256934,84.6666987950257,"Rough","Max. Reward Condition",20,"6",10,2,108,294,"Short",0.115400183764252,147.654010780706,NA,57.9848721698753,"localGP"
"9101",37,8,9,9,50.1504839805643,84.6666987950257,"Rough","Max. Reward Condition",20,"6",10,1,109,294,"Short",0.115400183764252,147.654010780706,NA,57.9848721698753,"localGP"
"9102",37,9,10,9,28.3067992353855,84.6666987950257,"Rough","Max. Reward Condition",20,"6",10,1,110,294,"Short",0.115400183764252,147.654010780706,NA,57.9848721698753,"localGP"
"9103",37,10,2,7,63.6213705397212,84.6666987950257,"Rough","Max. Reward Condition",20,"6",10,1,80,294,"Short",0.115400183764252,147.654010780706,NA,57.9848721698753,"localGP"
"9104",37,11,1,7,37.2168883613835,84.6666987950257,"Rough","Max. Reward Condition",20,"6",10,1,79,294,"Short",0.115400183764252,147.654010780706,NA,57.9848721698753,"localGP"
"9105",37,12,0,7,23.2514294242232,84.6666987950257,"Rough","Max. Reward Condition",20,"6",10,0,78,294,"Short",0.115400183764252,147.654010780706,NA,57.9848721698753,"localGP"
"9106",37,13,1,7,37.2168883613835,84.6666987950257,"Rough","Max. Reward Condition",20,"6",10,0,79,294,"Short",0.115400183764252,147.654010780706,NA,57.9848721698753,"localGP"
"9107",37,14,0,8,27.8068500245275,84.6666987950257,"Rough","Max. Reward Condition",20,"6",10,0,89,294,"Short",0.115400183764252,147.654010780706,NA,57.9848721698753,"localGP"
"9108",37,15,7,10,24.3351898856804,84.6666987950257,"Rough","Max. Reward Condition",20,"6",10,0,118,294,"Short",0.115400183764252,147.654010780706,NA,57.9848721698753,"localGP"
"9109",37,16,5,0,61.2584278059806,84.6666987950257,"Rough","Max. Reward Condition",20,"6",10,0,6,294,"Short",0.115400183764252,147.654010780706,NA,57.9848721698753,"localGP"
"9110",37,17,6,0,68.3343050142511,84.6666987950257,"Rough","Max. Reward Condition",20,"6",10,0,7,294,"Short",0.115400183764252,147.654010780706,NA,57.9848721698753,"localGP"
"9111",37,18,6,0,68.3343050142511,84.6666987950257,"Rough","Max. Reward Condition",20,"6",10,0,7,294,"Short",0.115400183764252,147.654010780706,NA,57.9848721698753,"localGP"
"9112",37,19,7,0,65.3233265309543,84.6666987950257,"Rough","Max. Reward Condition",20,"6",10,0,8,294,"Short",0.115400183764252,147.654010780706,NA,57.9848721698753,"localGP"
"9113",37,20,8,0,51.8507217555431,84.6666987950257,"Rough","Max. Reward Condition",20,"6",10,0,9,294,"Short",0.115400183764252,147.654010780706,NA,57.9848721698753,"localGP"
"9114",37,21,8,0,51.8507217555431,84.6666987950257,"Rough","Max. Reward Condition",20,"6",10,0,9,294,"Short",0.115400183764252,147.654010780706,NA,57.9848721698753,"localGP"
"9115",37,1,7,5,24.0038701954065,24.0038701954065,"Rough","Max. Reward Condition",40,"7",4,NA,63,295,"Long",0.0253848327779508,0.353328651002754,NA,0.135613892310427,"localGP"
"9116",37,2,8,5,68.1580149592583,68.1580149592583,"Rough","Max. Reward Condition",40,"7",4,1,64,295,"Long",0.0253848327779508,0.353328651002754,NA,0.135613892310427,"localGP"
"9117",37,3,9,4,51.3835658310019,68.1580149592583,"Rough","Max. Reward Condition",40,"7",4,0,54,295,"Long",0.0253848327779508,0.353328651002754,NA,0.135613892310427,"localGP"
"9118",37,4,10,4,26.9255221357028,68.1580149592583,"Rough","Max. Reward Condition",40,"7",4,1,55,295,"Long",0.0253848327779508,0.353328651002754,NA,0.135613892310427,"localGP"
"9119",37,5,6,5,27.715879819657,68.1580149592583,"Rough","Max. Reward Condition",40,"7",4,1,62,295,"Long",0.0253848327779508,0.353328651002754,NA,0.135613892310427,"localGP"
"9120",37,6,6,6,49.41154268664,68.1580149592583,"Rough","Max. Reward Condition",40,"7",4,1,73,295,"Long",0.0253848327779508,0.353328651002754,NA,0.135613892310427,"localGP"
"9121",37,7,5,6,67.055437287635,68.1580149592583,"Rough","Max. Reward Condition",40,"7",4,1,72,295,"Long",0.0253848327779508,0.353328651002754,NA,0.135613892310427,"localGP"
"9122",37,8,5,5,32.848866860403,68.1580149592583,"Rough","Max. Reward Condition",40,"7",4,2,61,295,"Long",0.0253848327779508,0.353328651002754,NA,0.135613892310427,"localGP"
"9123",37,9,5,6,67.055437287635,68.1580149592583,"Rough","Max. Reward Condition",40,"7",4,1,72,295,"Long",0.0253848327779508,0.353328651002754,NA,0.135613892310427,"localGP"
"9124",37,10,0,0,43.5642695283009,68.1580149592583,"Rough","Max. Reward Condition",40,"7",4,1,1,295,"Long",0.0253848327779508,0.353328651002754,NA,0.135613892310427,"localGP"
"9125",37,11,0,1,65.3456129286578,68.1580149592583,"Rough","Max. Reward Condition",40,"7",4,1,12,295,"Long",0.0253848327779508,0.353328651002754,NA,0.135613892310427,"localGP"
"9126",37,12,0,1,65.3456129286578,68.1580149592583,"Rough","Max. Reward Condition",40,"7",4,1,12,295,"Long",0.0253848327779508,0.353328651002754,NA,0.135613892310427,"localGP"
"9127",37,13,1,1,71.1759996690276,71.1759996690276,"Rough","Max. Reward Condition",40,"7",4,1,13,295,"Long",0.0253848327779508,0.353328651002754,NA,0.135613892310427,"localGP"
"9128",37,14,1,1,71.1759996690276,71.1759996690276,"Rough","Max. Reward Condition",40,"7",4,0,13,295,"Long",0.0253848327779508,0.353328651002754,NA,0.135613892310427,"localGP"
"9129",37,15,1,1,71.1759996690276,71.1759996690276,"Rough","Max. Reward Condition",40,"7",4,0,13,295,"Long",0.0253848327779508,0.353328651002754,NA,0.135613892310427,"localGP"
"9130",37,16,1,1,71.1759996690276,71.1759996690276,"Rough","Max. Reward Condition",40,"7",4,0,13,295,"Long",0.0253848327779508,0.353328651002754,NA,0.135613892310427,"localGP"
"9131",37,17,0,1,65.3456129286578,71.1759996690276,"Rough","Max. Reward Condition",40,"7",4,0,12,295,"Long",0.0253848327779508,0.353328651002754,NA,0.135613892310427,"localGP"
"9132",37,18,1,1,71.1759996690276,71.1759996690276,"Rough","Max. Reward Condition",40,"7",4,1,13,295,"Long",0.0253848327779508,0.353328651002754,NA,0.135613892310427,"localGP"
"9133",37,19,1,1,71.1759996690276,71.1759996690276,"Rough","Max. Reward Condition",40,"7",4,1,13,295,"Long",0.0253848327779508,0.353328651002754,NA,0.135613892310427,"localGP"
"9134",37,20,1,1,71.1759996690276,71.1759996690276,"Rough","Max. Reward Condition",40,"7",4,2,13,295,"Long",0.0253848327779508,0.353328651002754,NA,0.135613892310427,"localGP"
"9135",37,21,1,1,71.1759996690276,71.1759996690276,"Rough","Max. Reward Condition",40,"7",4,4,13,295,"Long",0.0253848327779508,0.353328651002754,NA,0.135613892310427,"localGP"
"9136",37,22,1,1,71.1759996690276,71.1759996690276,"Rough","Max. Reward Condition",40,"7",4,1,13,295,"Long",0.0253848327779508,0.353328651002754,NA,0.135613892310427,"localGP"
"9137",37,23,1,1,71.1759996690276,71.1759996690276,"Rough","Max. Reward Condition",40,"7",4,4,13,295,"Long",0.0253848327779508,0.353328651002754,NA,0.135613892310427,"localGP"
"9138",37,24,1,1,71.1759996690276,71.1759996690276,"Rough","Max. Reward Condition",40,"7",4,5,13,295,"Long",0.0253848327779508,0.353328651002754,NA,0.135613892310427,"localGP"
"9139",37,25,1,1,71.1759996690276,71.1759996690276,"Rough","Max. Reward Condition",40,"7",4,3,13,295,"Long",0.0253848327779508,0.353328651002754,NA,0.135613892310427,"localGP"
"9140",37,26,1,1,71.1759996690276,71.1759996690276,"Rough","Max. Reward Condition",40,"7",4,1,13,295,"Long",0.0253848327779508,0.353328651002754,NA,0.135613892310427,"localGP"
"9141",37,27,1,1,71.1759996690276,71.1759996690276,"Rough","Max. Reward Condition",40,"7",4,0,13,295,"Long",0.0253848327779508,0.353328651002754,NA,0.135613892310427,"localGP"
"9142",37,28,1,1,71.1759996690276,71.1759996690276,"Rough","Max. Reward Condition",40,"7",4,0,13,295,"Long",0.0253848327779508,0.353328651002754,NA,0.135613892310427,"localGP"
"9143",37,29,1,1,71.1759996690276,71.1759996690276,"Rough","Max. Reward Condition",40,"7",4,0,13,295,"Long",0.0253848327779508,0.353328651002754,NA,0.135613892310427,"localGP"
"9144",37,30,0,1,65.3456129286578,71.1759996690276,"Rough","Max. Reward Condition",40,"7",4,0,12,295,"Long",0.0253848327779508,0.353328651002754,NA,0.135613892310427,"localGP"
"9145",37,31,1,1,71.1759996690276,71.1759996690276,"Rough","Max. Reward Condition",40,"7",4,0,13,295,"Long",0.0253848327779508,0.353328651002754,NA,0.135613892310427,"localGP"
"9146",37,32,0,1,65.3456129286578,71.1759996690276,"Rough","Max. Reward Condition",40,"7",4,0,12,295,"Long",0.0253848327779508,0.353328651002754,NA,0.135613892310427,"localGP"
"9147",37,33,1,1,71.1759996690276,71.1759996690276,"Rough","Max. Reward Condition",40,"7",4,0,13,295,"Long",0.0253848327779508,0.353328651002754,NA,0.135613892310427,"localGP"
"9148",37,34,1,1,71.1759996690276,71.1759996690276,"Rough","Max. Reward Condition",40,"7",4,0,13,295,"Long",0.0253848327779508,0.353328651002754,NA,0.135613892310427,"localGP"
"9149",37,35,1,1,71.1759996690276,71.1759996690276,"Rough","Max. Reward Condition",40,"7",4,0,13,295,"Long",0.0253848327779508,0.353328651002754,NA,0.135613892310427,"localGP"
"9150",37,36,1,1,71.1759996690276,71.1759996690276,"Rough","Max. Reward Condition",40,"7",4,0,13,295,"Long",0.0253848327779508,0.353328651002754,NA,0.135613892310427,"localGP"
"9151",37,37,1,1,71.1759996690276,71.1759996690276,"Rough","Max. Reward Condition",40,"7",4,0,13,295,"Long",0.0253848327779508,0.353328651002754,NA,0.135613892310427,"localGP"
"9152",37,38,1,1,71.1759996690276,71.1759996690276,"Rough","Max. Reward Condition",40,"7",4,0,13,295,"Long",0.0253848327779508,0.353328651002754,NA,0.135613892310427,"localGP"
"9153",37,39,1,1,71.1759996690276,71.1759996690276,"Rough","Max. Reward Condition",40,"7",4,0,13,295,"Long",0.0253848327779508,0.353328651002754,NA,0.135613892310427,"localGP"
"9154",37,40,1,1,71.1759996690276,71.1759996690276,"Rough","Max. Reward Condition",40,"7",4,0,13,295,"Long",0.0253848327779508,0.353328651002754,NA,0.135613892310427,"localGP"
"9155",37,41,1,2,73.4445687616828,73.4445687616828,"Rough","Max. Reward Condition",40,"7",4,0,24,295,"Long",0.0253848327779508,0.353328651002754,NA,0.135613892310427,"localGP"
"9156",37,1,0,2,43.1350947350746,43.1350947350746,"Rough","Max. Reward Condition",20,"8",7,NA,23,296,"Short",0.0290776939342086,0.466079049471443,NA,0.145114848117568,"localGP"
"9157",37,2,1,2,29.6498568268542,43.1350947350746,"Rough","Max. Reward Condition",20,"8",7,0,24,296,"Short",0.0290776939342086,0.466079049471443,NA,0.145114848117568,"localGP"
"9158",37,3,1,1,63.5014861824236,63.5014861824236,"Rough","Max. Reward Condition",20,"8",7,1,13,296,"Short",0.0290776939342086,0.466079049471443,NA,0.145114848117568,"localGP"
"9159",37,4,0,1,60.7247402859948,63.5014861824236,"Rough","Max. Reward Condition",20,"8",7,1,12,296,"Short",0.0290776939342086,0.466079049471443,NA,0.145114848117568,"localGP"
"9160",37,5,0,0,29.3377515264284,63.5014861824236,"Rough","Max. Reward Condition",20,"8",7,1,1,296,"Short",0.0290776939342086,0.466079049471443,NA,0.145114848117568,"localGP"
"9161",37,6,5,7,44.3097388070505,63.5014861824236,"Rough","Max. Reward Condition",20,"8",7,1,83,296,"Short",0.0290776939342086,0.466079049471443,NA,0.145114848117568,"localGP"
"9162",37,7,2,2,50.4691115170586,63.5014861824236,"Rough","Max. Reward Condition",20,"8",7,0,25,296,"Short",0.0290776939342086,0.466079049471443,NA,0.145114848117568,"localGP"
"9163",37,8,10,8,69.2360163709825,69.2360163709825,"Rough","Max. Reward Condition",20,"8",7,1,99,296,"Short",0.0290776939342086,0.466079049471443,NA,0.145114848117568,"localGP"
"9164",37,9,10,7,44.2918220402032,69.2360163709825,"Rough","Max. Reward Condition",20,"8",7,1,88,296,"Short",0.0290776939342086,0.466079049471443,NA,0.145114848117568,"localGP"
"9165",37,10,10,8,69.2360163709825,69.2360163709825,"Rough","Max. Reward Condition",20,"8",7,1,99,296,"Short",0.0290776939342086,0.466079049471443,NA,0.145114848117568,"localGP"
"9166",37,11,9,8,62.1221519136899,69.2360163709825,"Rough","Max. Reward Condition",20,"8",7,1,98,296,"Short",0.0290776939342086,0.466079049471443,NA,0.145114848117568,"localGP"
"9167",37,12,10,8,69.2360163709825,69.2360163709825,"Rough","Max. Reward Condition",20,"8",7,1,99,296,"Short",0.0290776939342086,0.466079049471443,NA,0.145114848117568,"localGP"
"9168",37,13,10,8,69.2360163709825,69.2360163709825,"Rough","Max. Reward Condition",20,"8",7,0,99,296,"Short",0.0290776939342086,0.466079049471443,NA,0.145114848117568,"localGP"
"9169",37,14,10,8,69.2360163709825,69.2360163709825,"Rough","Max. Reward Condition",20,"8",7,1,99,296,"Short",0.0290776939342086,0.466079049471443,NA,0.145114848117568,"localGP"
"9170",37,15,10,9,70.0392210248855,70.0392210248855,"Rough","Max. Reward Condition",20,"8",7,0,110,296,"Short",0.0290776939342086,0.466079049471443,NA,0.145114848117568,"localGP"
"9171",37,16,9,9,65.488052809232,70.0392210248855,"Rough","Max. Reward Condition",20,"8",7,0,109,296,"Short",0.0290776939342086,0.466079049471443,NA,0.145114848117568,"localGP"
"9172",37,17,10,9,70.0392210248855,70.0392210248855,"Rough","Max. Reward Condition",20,"8",7,0,110,296,"Short",0.0290776939342086,0.466079049471443,NA,0.145114848117568,"localGP"
"9173",37,18,10,9,70.0392210248855,70.0392210248855,"Rough","Max. Reward Condition",20,"8",7,1,110,296,"Short",0.0290776939342086,0.466079049471443,NA,0.145114848117568,"localGP"
"9174",37,19,10,9,70.0392210248855,70.0392210248855,"Rough","Max. Reward Condition",20,"8",7,1,110,296,"Short",0.0290776939342086,0.466079049471443,NA,0.145114848117568,"localGP"
"9175",37,20,10,8,69.2360163709825,70.0392210248855,"Rough","Max. Reward Condition",20,"8",7,1,99,296,"Short",0.0290776939342086,0.466079049471443,NA,0.145114848117568,"localGP"
"9176",37,21,10,8,69.2360163709825,70.0392210248855,"Rough","Max. Reward Condition",20,"8",7,1,99,296,"Short",0.0290776939342086,0.466079049471443,NA,0.145114848117568,"localGP"
"9177",38,1,6,3,72.3648366559739,72.3648366559739,"Smooth","Max. Reward Condition",20,"1",3,NA,40,297,"Short",0.0844021744474139,0.598659514506767,NA,0.508827553109721,"localGP"
"9178",38,2,7,3,65.2894287443007,72.3648366559739,"Smooth","Max. Reward Condition",20,"1",3,3,41,297,"Short",0.0844021744474139,0.598659514506767,NA,0.508827553109721,"localGP"
"9179",38,3,8,3,39.0577365841797,72.3648366559739,"Smooth","Max. Reward Condition",20,"1",3,4,42,297,"Short",0.0844021744474139,0.598659514506767,NA,0.508827553109721,"localGP"
"9180",38,4,8,2,41.6905527547663,72.3648366559739,"Smooth","Max. Reward Condition",20,"1",3,1,31,297,"Short",0.0844021744474139,0.598659514506767,NA,0.508827553109721,"localGP"
"9181",38,5,8,1,44.8716015513811,72.3648366559739,"Smooth","Max. Reward Condition",20,"1",3,8,20,297,"Short",0.0844021744474139,0.598659514506767,NA,0.508827553109721,"localGP"
"9182",38,6,7,1,45.1385973531357,72.3648366559739,"Smooth","Max. Reward Condition",20,"1",3,8,19,297,"Short",0.0844021744474139,0.598659514506767,NA,0.508827553109721,"localGP"
"9183",38,7,7,2,63.8501760294012,72.3648366559739,"Smooth","Max. Reward Condition",20,"1",3,1,30,297,"Short",0.0844021744474139,0.598659514506767,NA,0.508827553109721,"localGP"
"9184",38,8,7,3,65.2894287443007,72.3648366559739,"Smooth","Max. Reward Condition",20,"1",3,1,41,297,"Short",0.0844021744474139,0.598659514506767,NA,0.508827553109721,"localGP"
"9185",38,9,6,7,47.0402121528256,72.3648366559739,"Smooth","Max. Reward Condition",20,"1",3,2,84,297,"Short",0.0844021744474139,0.598659514506767,NA,0.508827553109721,"localGP"
"9186",38,10,5,7,56.1612856920817,72.3648366559739,"Smooth","Max. Reward Condition",20,"1",3,2,83,297,"Short",0.0844021744474139,0.598659514506767,NA,0.508827553109721,"localGP"
"9187",38,11,5,6,47.8129336861214,72.3648366559739,"Smooth","Max. Reward Condition",20,"1",3,1,72,297,"Short",0.0844021744474139,0.598659514506767,NA,0.508827553109721,"localGP"
"9188",38,12,5,5,43.9510730907808,72.3648366559739,"Smooth","Max. Reward Condition",20,"1",3,1,61,297,"Short",0.0844021744474139,0.598659514506767,NA,0.508827553109721,"localGP"
"9189",38,13,0,1,65.8842210019146,72.3648366559739,"Smooth","Max. Reward Condition",20,"1",3,3,12,297,"Short",0.0844021744474139,0.598659514506767,NA,0.508827553109721,"localGP"
"9190",38,14,0,0,44.0135944380154,72.3648366559739,"Smooth","Max. Reward Condition",20,"1",3,5,1,297,"Short",0.0844021744474139,0.598659514506767,NA,0.508827553109721,"localGP"
"9191",38,15,5,0,9.64595698214346,72.3648366559739,"Smooth","Max. Reward Condition",20,"1",3,7,6,297,"Short",0.0844021744474139,0.598659514506767,NA,0.508827553109721,"localGP"
"9192",38,16,6,0,17.8640708688048,72.3648366559739,"Smooth","Max. Reward Condition",20,"1",3,4,7,297,"Short",0.0844021744474139,0.598659514506767,NA,0.508827553109721,"localGP"
"9193",38,17,6,1,32.7748600046913,72.3648366559739,"Smooth","Max. Reward Condition",20,"1",3,1,18,297,"Short",0.0844021744474139,0.598659514506767,NA,0.508827553109721,"localGP"
"9194",38,18,9,7,49.674641221052,72.3648366559739,"Smooth","Max. Reward Condition",20,"1",3,1,87,297,"Short",0.0844021744474139,0.598659514506767,NA,0.508827553109721,"localGP"
"9195",38,19,9,8,71.6014432205771,72.3648366559739,"Smooth","Max. Reward Condition",20,"1",3,1,98,297,"Short",0.0844021744474139,0.598659514506767,NA,0.508827553109721,"localGP"
"9196",38,20,9,9,64.5300150123819,72.3648366559739,"Smooth","Max. Reward Condition",20,"1",3,2,109,297,"Short",0.0844021744474139,0.598659514506767,NA,0.508827553109721,"localGP"
"9197",38,21,10,9,83.9309950136253,83.9309950136253,"Smooth","Max. Reward Condition",20,"1",3,1,110,297,"Short",0.0844021744474139,0.598659514506767,NA,0.508827553109721,"localGP"
"9198",38,1,2,1,71.2084102160603,71.2084102160603,"Smooth","Max. Reward Condition",40,"2",12,NA,14,298,"Long",0.092664676229156,0.773378950000109,NA,0.52152930320587,"localGP"
"9199",38,2,2,0,69.5209390611237,71.2084102160603,"Smooth","Max. Reward Condition",40,"2",12,1,3,298,"Long",0.092664676229156,0.773378950000109,NA,0.52152930320587,"localGP"
"9200",38,3,4,1,56.1038322690093,71.2084102160603,"Smooth","Max. Reward Condition",40,"2",12,1,16,298,"Long",0.092664676229156,0.773378950000109,NA,0.52152930320587,"localGP"
"9201",38,4,4,0,44.6746717399541,71.2084102160603,"Smooth","Max. Reward Condition",40,"2",12,1,5,298,"Long",0.092664676229156,0.773378950000109,NA,0.52152930320587,"localGP"
"9202",38,5,4,4,47.4352685864359,71.2084102160603,"Smooth","Max. Reward Condition",40,"2",12,2,49,298,"Long",0.092664676229156,0.773378950000109,NA,0.52152930320587,"localGP"
"9203",38,6,4,5,57.6305415572569,71.2084102160603,"Smooth","Max. Reward Condition",40,"2",12,1,60,298,"Long",0.092664676229156,0.773378950000109,NA,0.52152930320587,"localGP"
"9204",38,7,5,5,67.9178322502487,71.2084102160603,"Smooth","Max. Reward Condition",40,"2",12,1,61,298,"Long",0.092664676229156,0.773378950000109,NA,0.52152930320587,"localGP"
"9205",38,8,5,6,100,100,"Smooth","Max. Reward Condition",40,"2",12,1,72,298,"Long",0.092664676229156,0.773378950000109,NA,0.52152930320587,"localGP"
"9206",38,9,5,7,95.4475396391107,100,"Smooth","Max. Reward Condition",40,"2",12,1,83,298,"Long",0.092664676229156,0.773378950000109,NA,0.52152930320587,"localGP"
"9207",38,10,4,7,71.8109228804708,100,"Smooth","Max. Reward Condition",40,"2",12,1,82,298,"Long",0.092664676229156,0.773378950000109,NA,0.52152930320587,"localGP"
"9208",38,11,4,6,68.9050868774384,100,"Smooth","Max. Reward Condition",40,"2",12,1,71,298,"Long",0.092664676229156,0.773378950000109,NA,0.52152930320587,"localGP"
"9209",38,12,5,6,100,100,"Smooth","Max. Reward Condition",40,"2",12,3,72,298,"Long",0.092664676229156,0.773378950000109,NA,0.52152930320587,"localGP"
"9210",38,13,6,6,97.0143306966023,100,"Smooth","Max. Reward Condition",40,"2",12,1,73,298,"Long",0.092664676229156,0.773378950000109,NA,0.52152930320587,"localGP"
"9211",38,14,7,6,92.2608433233279,100,"Smooth","Max. Reward Condition",40,"2",12,1,74,298,"Long",0.092664676229156,0.773378950000109,NA,0.52152930320587,"localGP"
"9212",38,15,7,6,92.2608433233279,100,"Smooth","Max. Reward Condition",40,"2",12,3,74,298,"Long",0.092664676229156,0.773378950000109,NA,0.52152930320587,"localGP"
"9213",38,16,7,7,63.3946973965317,100,"Smooth","Max. Reward Condition",40,"2",12,2,85,298,"Long",0.092664676229156,0.773378950000109,NA,0.52152930320587,"localGP"
"9214",38,17,7,9,33.6333693402213,100,"Smooth","Max. Reward Condition",40,"2",12,1,107,298,"Long",0.092664676229156,0.773378950000109,NA,0.52152930320587,"localGP"
"9215",38,18,5,0,11.9692756700974,100,"Smooth","Max. Reward Condition",40,"2",12,1,6,298,"Long",0.092664676229156,0.773378950000109,NA,0.52152930320587,"localGP"
"9216",38,19,10,2,40.3253784101298,100,"Smooth","Max. Reward Condition",40,"2",12,1,33,298,"Long",0.092664676229156,0.773378950000109,NA,0.52152930320587,"localGP"
"9217",38,20,5,1,44.2328217511711,100,"Smooth","Max. Reward Condition",40,"2",12,1,17,298,"Long",0.092664676229156,0.773378950000109,NA,0.52152930320587,"localGP"
"9218",38,21,5,2,65.4096686254795,100,"Smooth","Max. Reward Condition",40,"2",12,3,28,298,"Long",0.092664676229156,0.773378950000109,NA,0.52152930320587,"localGP"
"9219",38,22,5,9,58.4786729876124,100,"Smooth","Max. Reward Condition",40,"2",12,5,105,298,"Long",0.092664676229156,0.773378950000109,NA,0.52152930320587,"localGP"
"9220",38,23,8,6,87.8662142990348,100,"Smooth","Max. Reward Condition",40,"2",12,1,75,298,"Long",0.092664676229156,0.773378950000109,NA,0.52152930320587,"localGP"
"9221",38,24,7,3,39.8382948822968,100,"Smooth","Max. Reward Condition",40,"2",12,1,41,298,"Long",0.092664676229156,0.773378950000109,NA,0.52152930320587,"localGP"
"9222",38,25,4,5,57.6305415572569,100,"Smooth","Max. Reward Condition",40,"2",12,1,60,298,"Long",0.092664676229156,0.773378950000109,NA,0.52152930320587,"localGP"
"9223",38,26,8,5,68.8394216351871,100,"Smooth","Max. Reward Condition",40,"2",12,1,64,298,"Long",0.092664676229156,0.773378950000109,NA,0.52152930320587,"localGP"
"9224",38,27,7,5,86.8061250260335,100,"Smooth","Max. Reward Condition",40,"2",12,5,63,298,"Long",0.092664676229156,0.773378950000109,NA,0.52152930320587,"localGP"
"9225",38,28,10,10,82.1633669638576,100,"Smooth","Max. Reward Condition",40,"2",12,1,121,298,"Long",0.092664676229156,0.773378950000109,NA,0.52152930320587,"localGP"
"9226",38,29,0,1,0,100,"Smooth","Max. Reward Condition",40,"2",12,1,12,298,"Long",0.092664676229156,0.773378950000109,NA,0.52152930320587,"localGP"
"9227",38,30,0,0,25.5148442084491,100,"Smooth","Max. Reward Condition",40,"2",12,1,1,298,"Long",0.092664676229156,0.773378950000109,NA,0.52152930320587,"localGP"
"9228",38,31,1,1,21.0804063375276,100,"Smooth","Max. Reward Condition",40,"2",12,1,13,298,"Long",0.092664676229156,0.773378950000109,NA,0.52152930320587,"localGP"
"9229",38,32,1,4,55.4418868810273,100,"Smooth","Max. Reward Condition",40,"2",12,2,46,298,"Long",0.092664676229156,0.773378950000109,NA,0.52152930320587,"localGP"
"9230",38,33,1,5,60.2115433548299,100,"Smooth","Max. Reward Condition",40,"2",12,2,57,298,"Long",0.092664676229156,0.773378950000109,NA,0.52152930320587,"localGP"
"9231",38,34,0,5,77.2112954701878,100,"Smooth","Max. Reward Condition",40,"2",12,1,56,298,"Long",0.092664676229156,0.773378950000109,NA,0.52152930320587,"localGP"
"9232",38,35,0,6,58.8033747549074,100,"Smooth","Max. Reward Condition",40,"2",12,1,67,298,"Long",0.092664676229156,0.773378950000109,NA,0.52152930320587,"localGP"
"9233",38,36,0,9,63.3478366048468,100,"Smooth","Max. Reward Condition",40,"2",12,5,100,298,"Long",0.092664676229156,0.773378950000109,NA,0.52152930320587,"localGP"
"9234",38,37,0,10,57.0348841839944,100,"Smooth","Max. Reward Condition",40,"2",12,6,111,298,"Long",0.092664676229156,0.773378950000109,NA,0.52152930320587,"localGP"
"9235",38,38,6,3,32.6895102887669,100,"Smooth","Max. Reward Condition",40,"2",12,1,40,298,"Long",0.092664676229156,0.773378950000109,NA,0.52152930320587,"localGP"
"9236",38,39,1,2,35.7010889135408,100,"Smooth","Max. Reward Condition",40,"2",12,1,24,298,"Long",0.092664676229156,0.773378950000109,NA,0.52152930320587,"localGP"
"9237",38,40,1,3,52.8430974034595,100,"Smooth","Max. Reward Condition",40,"2",12,1,35,298,"Long",0.092664676229156,0.773378950000109,NA,0.52152930320587,"localGP"
"9238",38,41,2,3,54.2459554545329,100,"Smooth","Max. Reward Condition",40,"2",12,10,36,298,"Long",0.092664676229156,0.773378950000109,NA,0.52152930320587,"localGP"
"9239",38,1,2,9,27.7793506085113,27.7793506085113,"Smooth","Max. Reward Condition",20,"3",13,NA,102,299,"Short",0.0815934885191954,0.701015520824098,NA,0.459834446544251,"localGP"
"9240",38,2,2,7,35.359724006426,35.359724006426,"Smooth","Max. Reward Condition",20,"3",13,7,80,299,"Short",0.0815934885191954,0.701015520824098,NA,0.459834446544251,"localGP"
"9241",38,3,2,6,46.1154151661553,46.1154151661553,"Smooth","Max. Reward Condition",20,"3",13,1,69,299,"Short",0.0815934885191954,0.701015520824098,NA,0.459834446544251,"localGP"
"9242",38,4,3,6,16.3738177121343,46.1154151661553,"Smooth","Max. Reward Condition",20,"3",13,2,70,299,"Short",0.0815934885191954,0.701015520824098,NA,0.459834446544251,"localGP"
"9243",38,5,7,5,38.1427097359156,46.1154151661553,"Smooth","Max. Reward Condition",20,"3",13,1,63,299,"Short",0.0815934885191954,0.701015520824098,NA,0.459834446544251,"localGP"
"9244",38,6,8,5,7.50786844236636,46.1154151661553,"Smooth","Max. Reward Condition",20,"3",13,1,64,299,"Short",0.0815934885191954,0.701015520824098,NA,0.459834446544251,"localGP"
"9245",38,7,10,6,43.7834189744313,46.1154151661553,"Smooth","Max. Reward Condition",20,"3",13,1,77,299,"Short",0.0815934885191954,0.701015520824098,NA,0.459834446544251,"localGP"
"9246",38,8,10,7,43.7318226156506,46.1154151661553,"Smooth","Max. Reward Condition",20,"3",13,1,88,299,"Short",0.0815934885191954,0.701015520824098,NA,0.459834446544251,"localGP"
"9247",38,9,10,8,70.6098250573604,70.6098250573604,"Smooth","Max. Reward Condition",20,"3",13,1,99,299,"Short",0.0815934885191954,0.701015520824098,NA,0.459834446544251,"localGP"
"9248",38,10,9,8,52.3170386231255,70.6098250573604,"Smooth","Max. Reward Condition",20,"3",13,2,98,299,"Short",0.0815934885191954,0.701015520824098,NA,0.459834446544251,"localGP"
"9249",38,11,8,9,45.2150517088665,70.6098250573604,"Smooth","Max. Reward Condition",20,"3",13,3,108,299,"Short",0.0815934885191954,0.701015520824098,NA,0.459834446544251,"localGP"
"9250",38,12,10,8,70.6098250573604,70.6098250573604,"Smooth","Max. Reward Condition",20,"3",13,1,99,299,"Short",0.0815934885191954,0.701015520824098,NA,0.459834446544251,"localGP"
"9251",38,13,10,9,78.2027912905164,78.2027912905164,"Smooth","Max. Reward Condition",20,"3",13,1,110,299,"Short",0.0815934885191954,0.701015520824098,NA,0.459834446544251,"localGP"
"9252",38,14,10,10,64.51081568663,78.2027912905164,"Smooth","Max. Reward Condition",20,"3",13,2,121,299,"Short",0.0815934885191954,0.701015520824098,NA,0.459834446544251,"localGP"
"9253",38,15,9,10,60.7749452676807,78.2027912905164,"Smooth","Max. Reward Condition",20,"3",13,1,120,299,"Short",0.0815934885191954,0.701015520824098,NA,0.459834446544251,"localGP"
"9254",38,16,7,4,32.6827550464112,78.2027912905164,"Smooth","Max. Reward Condition",20,"3",13,1,52,299,"Short",0.0815934885191954,0.701015520824098,NA,0.459834446544251,"localGP"
"9255",38,17,6,4,11.152859969979,78.2027912905164,"Smooth","Max. Reward Condition",20,"3",13,1,51,299,"Short",0.0815934885191954,0.701015520824098,NA,0.459834446544251,"localGP"
"9256",38,18,6,3,26.9117214598772,78.2027912905164,"Smooth","Max. Reward Condition",20,"3",13,11,40,299,"Short",0.0815934885191954,0.701015520824098,NA,0.459834446544251,"localGP"
"9257",38,19,10,6,43.7834189744313,78.2027912905164,"Smooth","Max. Reward Condition",20,"3",13,1,77,299,"Short",0.0815934885191954,0.701015520824098,NA,0.459834446544251,"localGP"
"9258",38,20,10,5,36.4623399771375,78.2027912905164,"Smooth","Max. Reward Condition",20,"3",13,1,66,299,"Short",0.0815934885191954,0.701015520824098,NA,0.459834446544251,"localGP"
"9259",38,21,9,6,20.0963903815858,78.2027912905164,"Smooth","Max. Reward Condition",20,"3",13,1,76,299,"Short",0.0815934885191954,0.701015520824098,NA,0.459834446544251,"localGP"
"9260",38,1,6,4,36.4469567949386,36.4469567949386,"Smooth","Max. Reward Condition",40,"4",8,NA,51,300,"Long",0.0909804632179102,0.713929575315999,NA,0.53289915248131,"localGP"
"9261",38,2,4,5,81.9160830308222,81.9160830308222,"Smooth","Max. Reward Condition",40,"4",8,10,60,300,"Long",0.0909804632179102,0.713929575315999,NA,0.53289915248131,"localGP"
"9262",38,3,5,5,30.4344249743654,81.9160830308222,"Smooth","Max. Reward Condition",40,"4",8,10,61,300,"Long",0.0909804632179102,0.713929575315999,NA,0.53289915248131,"localGP"
"9263",38,4,5,6,43.2423959719255,81.9160830308222,"Smooth","Max. Reward Condition",40,"4",8,1,72,300,"Long",0.0909804632179102,0.713929575315999,NA,0.53289915248131,"localGP"
"9264",38,5,4,6,92.5612285235121,92.5612285235121,"Smooth","Max. Reward Condition",40,"4",8,2,71,300,"Long",0.0909804632179102,0.713929575315999,NA,0.53289915248131,"localGP"
"9265",38,6,3,6,92.3422522413602,92.5612285235121,"Smooth","Max. Reward Condition",40,"4",8,3,70,300,"Long",0.0909804632179102,0.713929575315999,NA,0.53289915248131,"localGP"
"9266",38,7,3,7,79.3800074226317,92.5612285235121,"Smooth","Max. Reward Condition",40,"4",8,7,81,300,"Long",0.0909804632179102,0.713929575315999,NA,0.53289915248131,"localGP"
"9267",38,8,2,7,48.3499832145675,92.5612285235121,"Smooth","Max. Reward Condition",40,"4",8,5,80,300,"Long",0.0909804632179102,0.713929575315999,NA,0.53289915248131,"localGP"
"9268",38,9,1,7,26.9136247200842,92.5612285235121,"Smooth","Max. Reward Condition",40,"4",8,4,79,300,"Long",0.0909804632179102,0.713929575315999,NA,0.53289915248131,"localGP"
"9269",38,10,3,6,92.3422522413602,92.5612285235121,"Smooth","Max. Reward Condition",40,"4",8,1,70,300,"Long",0.0909804632179102,0.713929575315999,NA,0.53289915248131,"localGP"
"9270",38,11,3,5,100,100,"Smooth","Max. Reward Condition",40,"4",8,1,59,300,"Long",0.0909804632179102,0.713929575315999,NA,0.53289915248131,"localGP"
"9271",38,12,4,6,92.5612285235121,100,"Smooth","Max. Reward Condition",40,"4",8,2,71,300,"Long",0.0909804632179102,0.713929575315999,NA,0.53289915248131,"localGP"
"9272",38,13,4,7,87.7929185379322,100,"Smooth","Max. Reward Condition",40,"4",8,1,82,300,"Long",0.0909804632179102,0.713929575315999,NA,0.53289915248131,"localGP"
"9273",38,14,5,7,35.7264911415369,100,"Smooth","Max. Reward Condition",40,"4",8,1,83,300,"Long",0.0909804632179102,0.713929575315999,NA,0.53289915248131,"localGP"
"9274",38,15,5,4,28.6284679767486,100,"Smooth","Max. Reward Condition",40,"4",8,1,50,300,"Long",0.0909804632179102,0.713929575315999,NA,0.53289915248131,"localGP"
"9275",38,16,5,3,43.5148638021869,100,"Smooth","Max. Reward Condition",40,"4",8,1,39,300,"Long",0.0909804632179102,0.713929575315999,NA,0.53289915248131,"localGP"
"9276",38,17,5,2,36.8197276741428,100,"Smooth","Max. Reward Condition",40,"4",8,13,28,300,"Long",0.0909804632179102,0.713929575315999,NA,0.53289915248131,"localGP"
"9277",38,18,4,3,36.7498748726121,100,"Smooth","Max. Reward Condition",40,"4",8,1,38,300,"Long",0.0909804632179102,0.713929575315999,NA,0.53289915248131,"localGP"
"9278",38,19,9,2,75.3584348689062,100,"Smooth","Max. Reward Condition",40,"4",8,1,32,300,"Long",0.0909804632179102,0.713929575315999,NA,0.53289915248131,"localGP"
"9279",38,20,7,2,26.7980711857913,100,"Smooth","Max. Reward Condition",40,"4",8,1,30,300,"Long",0.0909804632179102,0.713929575315999,NA,0.53289915248131,"localGP"
"9280",38,21,1,5,69.9793335818367,100,"Smooth","Max. Reward Condition",40,"4",8,2,57,300,"Long",0.0909804632179102,0.713929575315999,NA,0.53289915248131,"localGP"
"9281",38,22,1,4,55.5969206133783,100,"Smooth","Max. Reward Condition",40,"4",8,1,46,300,"Long",0.0909804632179102,0.713929575315999,NA,0.53289915248131,"localGP"
"9282",38,23,2,10,80.310641709381,100,"Smooth","Max. Reward Condition",40,"4",8,1,113,300,"Long",0.0909804632179102,0.713929575315999,NA,0.53289915248131,"localGP"
"9283",38,24,1,10,55.500663546292,100,"Smooth","Max. Reward Condition",40,"4",8,1,112,300,"Long",0.0909804632179102,0.713929575315999,NA,0.53289915248131,"localGP"
"9284",38,25,1,9,48.6391024853793,100,"Smooth","Max. Reward Condition",40,"4",8,1,101,300,"Long",0.0909804632179102,0.713929575315999,NA,0.53289915248131,"localGP"
"9285",38,26,2,9,45.8472757192181,100,"Smooth","Max. Reward Condition",40,"4",8,9,102,300,"Long",0.0909804632179102,0.713929575315999,NA,0.53289915248131,"localGP"
"9286",38,27,4,6,92.5612285235121,100,"Smooth","Max. Reward Condition",40,"4",8,17,71,300,"Long",0.0909804632179102,0.713929575315999,NA,0.53289915248131,"localGP"
"9287",38,28,3,8,44.1553815422113,100,"Smooth","Max. Reward Condition",40,"4",8,1,92,300,"Long",0.0909804632179102,0.713929575315999,NA,0.53289915248131,"localGP"
"9288",38,29,4,8,69.4439461709685,100,"Smooth","Max. Reward Condition",40,"4",8,1,93,300,"Long",0.0909804632179102,0.713929575315999,NA,0.53289915248131,"localGP"
"9289",38,30,8,7,14.1323595247913,100,"Smooth","Max. Reward Condition",40,"4",8,1,86,300,"Long",0.0909804632179102,0.713929575315999,NA,0.53289915248131,"localGP"
"9290",38,31,9,6,36.3129176389145,100,"Smooth","Max. Reward Condition",40,"4",8,3,76,300,"Long",0.0909804632179102,0.713929575315999,NA,0.53289915248131,"localGP"
"9291",38,32,8,4,60.2211526419582,100,"Smooth","Max. Reward Condition",40,"4",8,1,53,300,"Long",0.0909804632179102,0.713929575315999,NA,0.53289915248131,"localGP"
"9292",38,33,6,9,54.5546785707911,100,"Smooth","Max. Reward Condition",40,"4",8,2,106,300,"Long",0.0909804632179102,0.713929575315999,NA,0.53289915248131,"localGP"
"9293",38,34,5,9,44.3361493266823,100,"Smooth","Max. Reward Condition",40,"4",8,1,105,300,"Long",0.0909804632179102,0.713929575315999,NA,0.53289915248131,"localGP"
"9294",38,35,7,6,46.0927708056765,100,"Smooth","Max. Reward Condition",40,"4",8,1,74,300,"Long",0.0909804632179102,0.713929575315999,NA,0.53289915248131,"localGP"
"9295",38,36,6,6,27.1030818308683,100,"Smooth","Max. Reward Condition",40,"4",8,3,73,300,"Long",0.0909804632179102,0.713929575315999,NA,0.53289915248131,"localGP"
"9296",38,37,8,2,46.8578212721829,100,"Smooth","Max. Reward Condition",40,"4",8,1,31,300,"Long",0.0909804632179102,0.713929575315999,NA,0.53289915248131,"localGP"
"9297",38,38,8,3,54.3441668023564,100,"Smooth","Max. Reward Condition",40,"4",8,9,42,300,"Long",0.0909804632179102,0.713929575315999,NA,0.53289915248131,"localGP"
"9298",38,39,9,3,83.0323065830004,100,"Smooth","Max. Reward Condition",40,"4",8,11,43,300,"Long",0.0909804632179102,0.713929575315999,NA,0.53289915248131,"localGP"
"9299",38,40,4,1,24.2436731620906,100,"Smooth","Max. Reward Condition",40,"4",8,1,16,300,"Long",0.0909804632179102,0.713929575315999,NA,0.53289915248131,"localGP"
"9300",38,41,3,2,5.15807402836249,100,"Smooth","Max. Reward Condition",40,"4",8,1,26,300,"Long",0.0909804632179102,0.713929575315999,NA,0.53289915248131,"localGP"
"9301",38,1,7,0,65.3233265309543,65.3233265309543,"Smooth","Max. Reward Condition",20,"5",10,NA,8,301,"Short",0.0885063796437389,0.587042355131352,NA,0.51342755419593,"localGP"
"9302",38,2,0,10,38.9648498941268,65.3233265309543,"Smooth","Max. Reward Condition",20,"5",10,10,111,301,"Short",0.0885063796437389,0.587042355131352,NA,0.51342755419593,"localGP"
"9303",38,3,5,5,32.9255511589724,65.3233265309543,"Smooth","Max. Reward Condition",20,"5",10,1,61,301,"Short",0.0885063796437389,0.587042355131352,NA,0.51342755419593,"localGP"
"9304",38,4,4,1,57.1643827547163,65.3233265309543,"Smooth","Max. Reward Condition",20,"5",10,2,16,301,"Short",0.0885063796437389,0.587042355131352,NA,0.51342755419593,"localGP"
"9305",38,5,3,1,42.3496807301259,65.3233265309543,"Smooth","Max. Reward Condition",20,"5",10,1,15,301,"Short",0.0885063796437389,0.587042355131352,NA,0.51342755419593,"localGP"
"9306",38,6,3,2,58.9766483666513,65.3233265309543,"Smooth","Max. Reward Condition",20,"5",10,3,26,301,"Short",0.0885063796437389,0.587042355131352,NA,0.51342755419593,"localGP"
"9307",38,7,2,1,47.2554577886934,65.3233265309543,"Smooth","Max. Reward Condition",20,"5",10,1,14,301,"Short",0.0885063796437389,0.587042355131352,NA,0.51342755419593,"localGP"
"9308",38,8,5,4,50.0192532451503,65.3233265309543,"Smooth","Max. Reward Condition",20,"5",10,2,50,301,"Short",0.0885063796437389,0.587042355131352,NA,0.51342755419593,"localGP"
"9309",38,9,4,4,51.1456416516227,65.3233265309543,"Smooth","Max. Reward Condition",20,"5",10,1,49,301,"Short",0.0885063796437389,0.587042355131352,NA,0.51342755419593,"localGP"
"9310",38,10,3,4,73.1932360426665,73.1932360426665,"Smooth","Max. Reward Condition",20,"5",10,2,48,301,"Short",0.0885063796437389,0.587042355131352,NA,0.51342755419593,"localGP"
"9311",38,11,7,3,51.9507469793725,73.1932360426665,"Smooth","Max. Reward Condition",20,"5",10,1,41,301,"Short",0.0885063796437389,0.587042355131352,NA,0.51342755419593,"localGP"
"9312",38,12,8,3,46.1516878548074,73.1932360426665,"Smooth","Max. Reward Condition",20,"5",10,2,42,301,"Short",0.0885063796437389,0.587042355131352,NA,0.51342755419593,"localGP"
"9313",38,13,5,3,70.0403360623541,73.1932360426665,"Smooth","Max. Reward Condition",20,"5",10,3,39,301,"Short",0.0885063796437389,0.587042355131352,NA,0.51342755419593,"localGP"
"9314",38,14,5,2,78.8586431174006,78.8586431174006,"Smooth","Max. Reward Condition",20,"5",10,1,28,301,"Short",0.0885063796437389,0.587042355131352,NA,0.51342755419593,"localGP"
"9315",38,15,5,1,61.2403460186364,78.8586431174006,"Smooth","Max. Reward Condition",20,"5",10,1,17,301,"Short",0.0885063796437389,0.587042355131352,NA,0.51342755419593,"localGP"
"9316",38,16,5,0,61.2584278059806,78.8586431174006,"Smooth","Max. Reward Condition",20,"5",10,1,6,301,"Short",0.0885063796437389,0.587042355131352,NA,0.51342755419593,"localGP"
"9317",38,17,6,0,68.3343050142511,78.8586431174006,"Smooth","Max. Reward Condition",20,"5",10,4,7,301,"Short",0.0885063796437389,0.587042355131352,NA,0.51342755419593,"localGP"
"9318",38,18,1,5,31.2671140536522,78.8586431174006,"Smooth","Max. Reward Condition",20,"5",10,1,57,301,"Short",0.0885063796437389,0.587042355131352,NA,0.51342755419593,"localGP"
"9319",38,19,0,5,36.3121381877456,78.8586431174006,"Smooth","Max. Reward Condition",20,"5",10,9,56,301,"Short",0.0885063796437389,0.587042355131352,NA,0.51342755419593,"localGP"
"9320",38,20,0,6,44.4460602497273,78.8586431174006,"Smooth","Max. Reward Condition",20,"5",10,2,67,301,"Short",0.0885063796437389,0.587042355131352,NA,0.51342755419593,"localGP"
"9321",38,21,0,7,23.2514294242232,78.8586431174006,"Smooth","Max. Reward Condition",20,"5",10,1,78,301,"Short",0.0885063796437389,0.587042355131352,NA,0.51342755419593,"localGP"
"9322",38,1,1,6,71.1930582119882,71.1930582119882,"Smooth","Max. Reward Condition",40,"6",9,NA,68,302,"Long",0.0782183673677287,0.71110359483648,NA,0.452253544785773,"localGP"
"9323",38,2,0,6,96.5524227911389,96.5524227911389,"Smooth","Max. Reward Condition",40,"6",9,7,67,302,"Long",0.0782183673677287,0.71110359483648,NA,0.452253544785773,"localGP"
"9324",38,3,0,5,93.2896159771943,96.5524227911389,"Smooth","Max. Reward Condition",40,"6",9,8,56,302,"Long",0.0782183673677287,0.71110359483648,NA,0.452253544785773,"localGP"
"9325",38,4,0,4,52.8064485464723,96.5524227911389,"Smooth","Max. Reward Condition",40,"6",9,1,45,302,"Long",0.0782183673677287,0.71110359483648,NA,0.452253544785773,"localGP"
"9326",38,5,1,4,24.6705634918407,96.5524227911389,"Smooth","Max. Reward Condition",40,"6",9,1,46,302,"Long",0.0782183673677287,0.71110359483648,NA,0.452253544785773,"localGP"
"9327",38,6,0,5,93.2896159771943,96.5524227911389,"Smooth","Max. Reward Condition",40,"6",9,3,56,302,"Long",0.0782183673677287,0.71110359483648,NA,0.452253544785773,"localGP"
"9328",38,7,1,5,55.4257093623145,96.5524227911389,"Smooth","Max. Reward Condition",40,"6",9,1,57,302,"Long",0.0782183673677287,0.71110359483648,NA,0.452253544785773,"localGP"
"9329",38,8,1,5,55.4257093623145,96.5524227911389,"Smooth","Max. Reward Condition",40,"6",9,1,57,302,"Long",0.0782183673677287,0.71110359483648,NA,0.452253544785773,"localGP"
"9330",38,9,2,5,39.0745307223915,96.5524227911389,"Smooth","Max. Reward Condition",40,"6",9,1,58,302,"Long",0.0782183673677287,0.71110359483648,NA,0.452253544785773,"localGP"
"9331",38,10,1,8,35.1070926300529,96.5524227911389,"Smooth","Max. Reward Condition",40,"6",9,1,90,302,"Long",0.0782183673677287,0.71110359483648,NA,0.452253544785773,"localGP"
"9332",38,11,1,7,60.3654685590386,96.5524227911389,"Smooth","Max. Reward Condition",40,"6",9,1,79,302,"Long",0.0782183673677287,0.71110359483648,NA,0.452253544785773,"localGP"
"9333",38,12,0,7,63.762860531431,96.5524227911389,"Smooth","Max. Reward Condition",40,"6",9,6,78,302,"Long",0.0782183673677287,0.71110359483648,NA,0.452253544785773,"localGP"
"9334",38,13,0,7,63.762860531431,96.5524227911389,"Smooth","Max. Reward Condition",40,"6",9,1,78,302,"Long",0.0782183673677287,0.71110359483648,NA,0.452253544785773,"localGP"
"9335",38,14,0,6,96.5524227911389,96.5524227911389,"Smooth","Max. Reward Condition",40,"6",9,1,67,302,"Long",0.0782183673677287,0.71110359483648,NA,0.452253544785773,"localGP"
"9336",38,15,6,9,70.5892702957914,96.5524227911389,"Smooth","Max. Reward Condition",40,"6",9,1,106,302,"Long",0.0782183673677287,0.71110359483648,NA,0.452253544785773,"localGP"
"9337",38,16,6,8,47.3250412535165,96.5524227911389,"Smooth","Max. Reward Condition",40,"6",9,2,95,302,"Long",0.0782183673677287,0.71110359483648,NA,0.452253544785773,"localGP"
"9338",38,17,6,7,31.2453009050804,96.5524227911389,"Smooth","Max. Reward Condition",40,"6",9,1,84,302,"Long",0.0782183673677287,0.71110359483648,NA,0.452253544785773,"localGP"
"9339",38,18,10,6,41.1599115765723,96.5524227911389,"Smooth","Max. Reward Condition",40,"6",9,2,77,302,"Long",0.0782183673677287,0.71110359483648,NA,0.452253544785773,"localGP"
"9340",38,19,6,4,34.6420598160748,96.5524227911389,"Smooth","Max. Reward Condition",40,"6",9,1,51,302,"Long",0.0782183673677287,0.71110359483648,NA,0.452253544785773,"localGP"
"9341",38,20,7,4,7.61116353320149,96.5524227911389,"Smooth","Max. Reward Condition",40,"6",9,2,52,302,"Long",0.0782183673677287,0.71110359483648,NA,0.452253544785773,"localGP"
"9342",38,21,5,4,31.7569987981429,96.5524227911389,"Smooth","Max. Reward Condition",40,"6",9,2,50,302,"Long",0.0782183673677287,0.71110359483648,NA,0.452253544785773,"localGP"
"9343",38,22,4,8,60.4776805465143,96.5524227911389,"Smooth","Max. Reward Condition",40,"6",9,3,93,302,"Long",0.0782183673677287,0.71110359483648,NA,0.452253544785773,"localGP"
"9344",38,23,4,7,31.2245968865116,96.5524227911389,"Smooth","Max. Reward Condition",40,"6",9,3,82,302,"Long",0.0782183673677287,0.71110359483648,NA,0.452253544785773,"localGP"
"9345",38,24,9,9,56.1300557046755,96.5524227911389,"Smooth","Max. Reward Condition",40,"6",9,1,109,302,"Long",0.0782183673677287,0.71110359483648,NA,0.452253544785773,"localGP"
"9346",38,25,4,5,65.4711627445738,96.5524227911389,"Smooth","Max. Reward Condition",40,"6",9,1,60,302,"Long",0.0782183673677287,0.71110359483648,NA,0.452253544785773,"localGP"
"9347",38,26,5,5,60.2282366593648,96.5524227911389,"Smooth","Max. Reward Condition",40,"6",9,1,61,302,"Long",0.0782183673677287,0.71110359483648,NA,0.452253544785773,"localGP"
"9348",38,27,5,6,33.1152517472353,96.5524227911389,"Smooth","Max. Reward Condition",40,"6",9,4,72,302,"Long",0.0782183673677287,0.71110359483648,NA,0.452253544785773,"localGP"
"9349",38,28,10,1,42.9509969441746,96.5524227911389,"Smooth","Max. Reward Condition",40,"6",9,1,22,302,"Long",0.0782183673677287,0.71110359483648,NA,0.452253544785773,"localGP"
"9350",38,29,10,2,30.5516555716526,96.5524227911389,"Smooth","Max. Reward Condition",40,"6",9,9,33,302,"Long",0.0782183673677287,0.71110359483648,NA,0.452253544785773,"localGP"
"9351",38,30,9,2,54.6848187444457,96.5524227911389,"Smooth","Max. Reward Condition",40,"6",9,5,32,302,"Long",0.0782183673677287,0.71110359483648,NA,0.452253544785773,"localGP"
"9352",38,31,8,2,56.8753633027435,96.5524227911389,"Smooth","Max. Reward Condition",40,"6",9,1,31,302,"Long",0.0782183673677287,0.71110359483648,NA,0.452253544785773,"localGP"
"9353",38,32,8,1,48.5054292480758,96.5524227911389,"Smooth","Max. Reward Condition",40,"6",9,3,20,302,"Long",0.0782183673677287,0.71110359483648,NA,0.452253544785773,"localGP"
"9354",38,33,2,10,28.9056526912457,96.5524227911389,"Smooth","Max. Reward Condition",40,"6",9,9,113,302,"Long",0.0782183673677287,0.71110359483648,NA,0.452253544785773,"localGP"
"9355",38,34,9,3,52.5751779693642,96.5524227911389,"Smooth","Max. Reward Condition",40,"6",9,1,43,302,"Long",0.0782183673677287,0.71110359483648,NA,0.452253544785773,"localGP"
"9356",38,35,9,4,66.4162368396028,96.5524227911389,"Smooth","Max. Reward Condition",40,"6",9,1,54,302,"Long",0.0782183673677287,0.71110359483648,NA,0.452253544785773,"localGP"
"9357",38,36,3,9,63.3340745487714,96.5524227911389,"Smooth","Max. Reward Condition",40,"6",9,1,103,302,"Long",0.0782183673677287,0.71110359483648,NA,0.452253544785773,"localGP"
"9358",38,37,4,9,76.5336766063453,96.5524227911389,"Smooth","Max. Reward Condition",40,"6",9,1,104,302,"Long",0.0782183673677287,0.71110359483648,NA,0.452253544785773,"localGP"
"9359",38,38,5,9,75.2199907218667,96.5524227911389,"Smooth","Max. Reward Condition",40,"6",9,1,105,302,"Long",0.0782183673677287,0.71110359483648,NA,0.452253544785773,"localGP"
"9360",38,39,5,10,51.4501450041282,96.5524227911389,"Smooth","Max. Reward Condition",40,"6",9,1,116,302,"Long",0.0782183673677287,0.71110359483648,NA,0.452253544785773,"localGP"
"9361",38,40,4,10,47.1833228393405,96.5524227911389,"Smooth","Max. Reward Condition",40,"6",9,2,115,302,"Long",0.0782183673677287,0.71110359483648,NA,0.452253544785773,"localGP"
"9362",38,41,2,4,13.5403872252535,96.5524227911389,"Smooth","Max. Reward Condition",40,"6",9,1,47,302,"Long",0.0782183673677287,0.71110359483648,NA,0.452253544785773,"localGP"
"9363",38,1,4,2,17.4226376876341,17.4226376876341,"Smooth","Max. Reward Condition",20,"7",2,NA,27,303,"Short",0.0932238573020313,0.600076606548166,NA,0.512051732178847,"localGP"
"9364",38,2,9,10,39.8149202593405,39.8149202593405,"Smooth","Max. Reward Condition",20,"7",2,6,120,303,"Short",0.0932238573020313,0.600076606548166,NA,0.512051732178847,"localGP"
"9365",38,3,9,9,13.4815428060423,39.8149202593405,"Smooth","Max. Reward Condition",20,"7",2,1,109,303,"Short",0.0932238573020313,0.600076606548166,NA,0.512051732178847,"localGP"
"9366",38,4,8,8,15.0484706034592,39.8149202593405,"Smooth","Max. Reward Condition",20,"7",2,1,97,303,"Short",0.0932238573020313,0.600076606548166,NA,0.512051732178847,"localGP"
"9367",38,5,5,6,69.4199837896596,69.4199837896596,"Smooth","Max. Reward Condition",20,"7",2,1,72,303,"Short",0.0932238573020313,0.600076606548166,NA,0.512051732178847,"localGP"
"9368",38,6,6,6,56.4950247425191,69.4199837896596,"Smooth","Max. Reward Condition",20,"7",2,1,73,303,"Short",0.0932238573020313,0.600076606548166,NA,0.512051732178847,"localGP"
"9369",38,7,6,5,58.989470043494,69.4199837896596,"Smooth","Max. Reward Condition",20,"7",2,1,62,303,"Short",0.0932238573020313,0.600076606548166,NA,0.512051732178847,"localGP"
"9370",38,8,5,5,64.465937362096,69.4199837896596,"Smooth","Max. Reward Condition",20,"7",2,1,61,303,"Short",0.0932238573020313,0.600076606548166,NA,0.512051732178847,"localGP"
"9371",38,9,5,4,53.7953839453932,69.4199837896596,"Smooth","Max. Reward Condition",20,"7",2,1,50,303,"Short",0.0932238573020313,0.600076606548166,NA,0.512051732178847,"localGP"
"9372",38,10,6,8,43.1819250906555,69.4199837896596,"Smooth","Max. Reward Condition",20,"7",2,1,95,303,"Short",0.0932238573020313,0.600076606548166,NA,0.512051732178847,"localGP"
"9373",38,11,6,7,38.7212084303539,69.4199837896596,"Smooth","Max. Reward Condition",20,"7",2,1,84,303,"Short",0.0932238573020313,0.600076606548166,NA,0.512051732178847,"localGP"
"9374",38,12,7,7,26.5059569400407,69.4199837896596,"Smooth","Max. Reward Condition",20,"7",2,2,85,303,"Short",0.0932238573020313,0.600076606548166,NA,0.512051732178847,"localGP"
"9375",38,13,7,8,46.9748184032228,69.4199837896596,"Smooth","Max. Reward Condition",20,"7",2,1,96,303,"Short",0.0932238573020313,0.600076606548166,NA,0.512051732178847,"localGP"
"9376",38,14,9,6,60.9966324493762,69.4199837896596,"Smooth","Max. Reward Condition",20,"7",2,1,76,303,"Short",0.0932238573020313,0.600076606548166,NA,0.512051732178847,"localGP"
"9377",38,15,5,10,41.8818995503889,69.4199837896596,"Smooth","Max. Reward Condition",20,"7",2,1,116,303,"Short",0.0932238573020313,0.600076606548166,NA,0.512051732178847,"localGP"
"9378",38,16,4,10,46.120681685965,69.4199837896596,"Smooth","Max. Reward Condition",20,"7",2,6,115,303,"Short",0.0932238573020313,0.600076606548166,NA,0.512051732178847,"localGP"
"9379",38,17,3,6,11.9639341167165,69.4199837896596,"Smooth","Max. Reward Condition",20,"7",2,9,70,303,"Short",0.0932238573020313,0.600076606548166,NA,0.512051732178847,"localGP"
"9380",38,18,5,6,69.4199837896596,69.4199837896596,"Smooth","Max. Reward Condition",20,"7",2,1,72,303,"Short",0.0932238573020313,0.600076606548166,NA,0.512051732178847,"localGP"
"9381",38,19,4,6,42.855932628209,69.4199837896596,"Smooth","Max. Reward Condition",20,"7",2,3,71,303,"Short",0.0932238573020313,0.600076606548166,NA,0.512051732178847,"localGP"
"9382",38,20,1,1,53.5541131096444,69.4199837896596,"Smooth","Max. Reward Condition",20,"7",2,1,13,303,"Short",0.0932238573020313,0.600076606548166,NA,0.512051732178847,"localGP"
"9383",38,21,3,1,42.8034972716549,69.4199837896596,"Smooth","Max. Reward Condition",20,"7",2,1,15,303,"Short",0.0932238573020313,0.600076606548166,NA,0.512051732178847,"localGP"
"9384",38,1,1,3,74.4820518548536,74.4820518548536,"Smooth","Max. Reward Condition",40,"8",17,NA,35,304,"Long",17.4012868428577,0.305590940078005,NA,99.8905380910341,"localGP"
"9385",38,2,1,2,37.0468880357367,74.4820518548536,"Smooth","Max. Reward Condition",40,"8",17,7,24,304,"Long",17.4012868428577,0.305590940078005,NA,99.8905380910341,"localGP"
"9386",38,3,1,1,33.7566886392353,74.4820518548536,"Smooth","Max. Reward Condition",40,"8",17,1,13,304,"Long",17.4012868428577,0.305590940078005,NA,99.8905380910341,"localGP"
"9387",38,4,2,1,38.0642763953082,74.4820518548536,"Smooth","Max. Reward Condition",40,"8",17,2,14,304,"Long",17.4012868428577,0.305590940078005,NA,99.8905380910341,"localGP"
"9388",38,5,0,1,40.8666314399302,74.4820518548536,"Smooth","Max. Reward Condition",40,"8",17,1,12,304,"Long",17.4012868428577,0.305590940078005,NA,99.8905380910341,"localGP"
"9389",38,6,0,0,62.377113880281,74.4820518548536,"Smooth","Max. Reward Condition",40,"8",17,9,1,304,"Long",17.4012868428577,0.305590940078005,NA,99.8905380910341,"localGP"
"9390",38,7,0,5,32.850086686041,74.4820518548536,"Smooth","Max. Reward Condition",40,"8",17,1,56,304,"Long",17.4012868428577,0.305590940078005,NA,99.8905380910341,"localGP"
"9391",38,8,0,6,45.728251505355,74.4820518548536,"Smooth","Max. Reward Condition",40,"8",17,9,67,304,"Long",17.4012868428577,0.305590940078005,NA,99.8905380910341,"localGP"
"9392",38,9,9,6,69.0496352033319,74.4820518548536,"Smooth","Max. Reward Condition",40,"8",17,7,76,304,"Long",17.4012868428577,0.305590940078005,NA,99.8905380910341,"localGP"
"9393",38,10,9,5,49.3600787974706,74.4820518548536,"Smooth","Max. Reward Condition",40,"8",17,1,65,304,"Long",17.4012868428577,0.305590940078005,NA,99.8905380910341,"localGP"
"9394",38,11,10,5,66.9387480102746,74.4820518548536,"Smooth","Max. Reward Condition",40,"8",17,1,66,304,"Long",17.4012868428577,0.305590940078005,NA,99.8905380910341,"localGP"
"9395",38,12,10,6,67.2792889568495,74.4820518548536,"Smooth","Max. Reward Condition",40,"8",17,1,77,304,"Long",17.4012868428577,0.305590940078005,NA,99.8905380910341,"localGP"
"9396",38,13,4,8,28.2798800164457,74.4820518548536,"Smooth","Max. Reward Condition",40,"8",17,1,93,304,"Long",17.4012868428577,0.305590940078005,NA,99.8905380910341,"localGP"
"9397",38,14,5,2,42.0898431676423,74.4820518548536,"Smooth","Max. Reward Condition",40,"8",17,1,28,304,"Long",17.4012868428577,0.305590940078005,NA,99.8905380910341,"localGP"
"9398",38,15,4,2,41.5181075048439,74.4820518548536,"Smooth","Max. Reward Condition",40,"8",17,2,27,304,"Long",17.4012868428577,0.305590940078005,NA,99.8905380910341,"localGP"
"9399",38,16,5,1,47.5998208868707,74.4820518548536,"Smooth","Max. Reward Condition",40,"8",17,1,17,304,"Long",17.4012868428577,0.305590940078005,NA,99.8905380910341,"localGP"
"9400",38,17,5,10,36.7071587772784,74.4820518548536,"Smooth","Max. Reward Condition",40,"8",17,1,116,304,"Long",17.4012868428577,0.305590940078005,NA,99.8905380910341,"localGP"
"9401",38,18,6,10,42.2521571557116,74.4820518548536,"Smooth","Max. Reward Condition",40,"8",17,4,117,304,"Long",17.4012868428577,0.305590940078005,NA,99.8905380910341,"localGP"
"9402",38,19,10,7,52.8033208285955,74.4820518548536,"Smooth","Max. Reward Condition",40,"8",17,1,88,304,"Long",17.4012868428577,0.305590940078005,NA,99.8905380910341,"localGP"
"9403",38,20,10,8,52.8164121364867,74.4820518548536,"Smooth","Max. Reward Condition",40,"8",17,1,99,304,"Long",17.4012868428577,0.305590940078005,NA,99.8905380910341,"localGP"
"9404",38,21,9,8,75.2770769943809,75.2770769943809,"Smooth","Max. Reward Condition",40,"8",17,1,98,304,"Long",17.4012868428577,0.305590940078005,NA,99.8905380910341,"localGP"
"9405",38,22,9,7,72.9342168010689,75.2770769943809,"Smooth","Max. Reward Condition",40,"8",17,11,87,304,"Long",17.4012868428577,0.305590940078005,NA,99.8905380910341,"localGP"
"9406",38,23,10,5,66.9387480102746,75.2770769943809,"Smooth","Max. Reward Condition",40,"8",17,4,66,304,"Long",17.4012868428577,0.305590940078005,NA,99.8905380910341,"localGP"
"9407",38,24,10,4,60.9323536427728,75.2770769943809,"Smooth","Max. Reward Condition",40,"8",17,11,55,304,"Long",17.4012868428577,0.305590940078005,NA,99.8905380910341,"localGP"
"9408",38,25,9,4,37.4189636336299,75.2770769943809,"Smooth","Max. Reward Condition",40,"8",17,3,54,304,"Long",17.4012868428577,0.305590940078005,NA,99.8905380910341,"localGP"
"9409",38,26,9,3,46.6566969511363,75.2770769943809,"Smooth","Max. Reward Condition",40,"8",17,5,43,304,"Long",17.4012868428577,0.305590940078005,NA,99.8905380910341,"localGP"
"9410",38,27,9,2,61.2328313853332,75.2770769943809,"Smooth","Max. Reward Condition",40,"8",17,11,32,304,"Long",17.4012868428577,0.305590940078005,NA,99.8905380910341,"localGP"
"9411",38,28,9,1,65.5803721307234,75.2770769943809,"Smooth","Max. Reward Condition",40,"8",17,5,21,304,"Long",17.4012868428577,0.305590940078005,NA,99.8905380910341,"localGP"
"9412",38,29,9,0,56.3100913856246,75.2770769943809,"Smooth","Max. Reward Condition",40,"8",17,1,10,304,"Long",17.4012868428577,0.305590940078005,NA,99.8905380910341,"localGP"
"9413",38,30,8,0,64.6506684788646,75.2770769943809,"Smooth","Max. Reward Condition",40,"8",17,1,9,304,"Long",17.4012868428577,0.305590940078005,NA,99.8905380910341,"localGP"
"9414",38,31,7,0,58.3371739610509,75.2770769943809,"Smooth","Max. Reward Condition",40,"8",17,1,8,304,"Long",17.4012868428577,0.305590940078005,NA,99.8905380910341,"localGP"
"9415",38,32,7,1,68.4445451989571,75.2770769943809,"Smooth","Max. Reward Condition",40,"8",17,2,19,304,"Long",17.4012868428577,0.305590940078005,NA,99.8905380910341,"localGP"
"9416",38,33,7,2,75.4767861169897,75.4767861169897,"Smooth","Max. Reward Condition",40,"8",17,1,30,304,"Long",17.4012868428577,0.305590940078005,NA,99.8905380910341,"localGP"
"9417",38,34,6,2,61.2748558274339,75.4767861169897,"Smooth","Max. Reward Condition",40,"8",17,1,29,304,"Long",17.4012868428577,0.305590940078005,NA,99.8905380910341,"localGP"
"9418",38,35,6,1,68.7866414207953,75.4767861169897,"Smooth","Max. Reward Condition",40,"8",17,5,18,304,"Long",17.4012868428577,0.305590940078005,NA,99.8905380910341,"localGP"
"9419",38,36,3,2,23.6908296972781,75.4767861169897,"Smooth","Max. Reward Condition",40,"8",17,1,26,304,"Long",17.4012868428577,0.305590940078005,NA,99.8905380910341,"localGP"
"9420",38,37,2,1,38.0642763953082,75.4767861169897,"Smooth","Max. Reward Condition",40,"8",17,1,14,304,"Long",17.4012868428577,0.305590940078005,NA,99.8905380910341,"localGP"
"9421",38,38,3,7,48.1203452766967,75.4767861169897,"Smooth","Max. Reward Condition",40,"8",17,5,81,304,"Long",17.4012868428577,0.305590940078005,NA,99.8905380910341,"localGP"
"9422",38,39,4,7,36.7346397615748,75.4767861169897,"Smooth","Max. Reward Condition",40,"8",17,3,82,304,"Long",17.4012868428577,0.305590940078005,NA,99.8905380910341,"localGP"
"9423",38,40,3,4,81.7432518785976,81.7432518785976,"Smooth","Max. Reward Condition",40,"8",17,3,48,304,"Long",17.4012868428577,0.305590940078005,NA,99.8905380910341,"localGP"
"9424",38,41,3,3,36.5733542977154,81.7432518785976,"Smooth","Max. Reward Condition",40,"8",17,1,37,304,"Long",17.4012868428577,0.305590940078005,NA,99.8905380910341,"localGP"
"9425",39,1,9,8,70.9435815561283,70.9435815561283,"Smooth","Max. Reward Condition",40,"1",16,NA,98,305,"Long",0.0795183842106594,0.605123858147672,NA,0.455563074039298,"localGP"
"9426",39,2,9,9,48.2469413431705,70.9435815561283,"Smooth","Max. Reward Condition",40,"1",16,15,109,305,"Long",0.0795183842106594,0.605123858147672,NA,0.455563074039298,"localGP"
"9427",39,3,3,2,83.8378126303431,83.8378126303431,"Smooth","Max. Reward Condition",40,"1",16,1,26,305,"Long",0.0795183842106594,0.605123858147672,NA,0.455563074039298,"localGP"
"9428",39,4,4,2,29.6795865237045,83.8378126303431,"Smooth","Max. Reward Condition",40,"1",16,2,27,305,"Long",0.0795183842106594,0.605123858147672,NA,0.455563074039298,"localGP"
"9429",39,5,5,2,15.5566285414622,83.8378126303431,"Smooth","Max. Reward Condition",40,"1",16,1,28,305,"Long",0.0795183842106594,0.605123858147672,NA,0.455563074039298,"localGP"
"9430",39,6,0,4,9.44675850929692,83.8378126303431,"Smooth","Max. Reward Condition",40,"1",16,2,45,305,"Long",0.0795183842106594,0.605123858147672,NA,0.455563074039298,"localGP"
"9431",39,7,0,2,44.6802852658924,83.8378126303431,"Smooth","Max. Reward Condition",40,"1",16,4,23,305,"Long",0.0795183842106594,0.605123858147672,NA,0.455563074039298,"localGP"
"9432",39,8,10,5,61.4885690232436,83.8378126303431,"Smooth","Max. Reward Condition",40,"1",16,2,66,305,"Long",0.0795183842106594,0.605123858147672,NA,0.455563074039298,"localGP"
"9433",39,9,10,4,47.4832881916052,83.8378126303431,"Smooth","Max. Reward Condition",40,"1",16,0,55,305,"Long",0.0795183842106594,0.605123858147672,NA,0.455563074039298,"localGP"
"9434",39,10,10,3,46.319630109496,83.8378126303431,"Smooth","Max. Reward Condition",40,"1",16,2,44,305,"Long",0.0795183842106594,0.605123858147672,NA,0.455563074039298,"localGP"
"9435",39,11,9,7,82.1507669313946,83.8378126303431,"Smooth","Max. Reward Condition",40,"1",16,1,87,305,"Long",0.0795183842106594,0.605123858147672,NA,0.455563074039298,"localGP"
"9436",39,12,9,6,72.6451286930569,83.8378126303431,"Smooth","Max. Reward Condition",40,"1",16,2,76,305,"Long",0.0795183842106594,0.605123858147672,NA,0.455563074039298,"localGP"
"9437",39,13,10,6,87.869042125599,87.869042125599,"Smooth","Max. Reward Condition",40,"1",16,1,77,305,"Long",0.0795183842106594,0.605123858147672,NA,0.455563074039298,"localGP"
"9438",39,14,10,7,85.439763813076,87.869042125599,"Smooth","Max. Reward Condition",40,"1",16,1,88,305,"Long",0.0795183842106594,0.605123858147672,NA,0.455563074039298,"localGP"
"9439",39,15,10,8,76.157753608192,87.869042125599,"Smooth","Max. Reward Condition",40,"1",16,1,99,305,"Long",0.0795183842106594,0.605123858147672,NA,0.455563074039298,"localGP"
"9440",39,16,10,9,72.5110425569696,87.869042125599,"Smooth","Max. Reward Condition",40,"1",16,4,110,305,"Long",0.0795183842106594,0.605123858147672,NA,0.455563074039298,"localGP"
"9441",39,17,9,4,32.5386103866141,87.869042125599,"Smooth","Max. Reward Condition",40,"1",16,1,54,305,"Long",0.0795183842106594,0.605123858147672,NA,0.455563074039298,"localGP"
"9442",39,18,9,5,54.5094189956315,87.869042125599,"Smooth","Max. Reward Condition",40,"1",16,4,65,305,"Long",0.0795183842106594,0.605123858147672,NA,0.455563074039298,"localGP"
"9443",39,19,8,5,55.4827017867846,87.869042125599,"Smooth","Max. Reward Condition",40,"1",16,1,64,305,"Long",0.0795183842106594,0.605123858147672,NA,0.455563074039298,"localGP"
"9444",39,20,7,1,57.8916852099034,87.869042125599,"Smooth","Max. Reward Condition",40,"1",16,1,19,305,"Long",0.0795183842106594,0.605123858147672,NA,0.455563074039298,"localGP"
"9445",39,21,7,2,50.3250287772855,87.869042125599,"Smooth","Max. Reward Condition",40,"1",16,1,30,305,"Long",0.0795183842106594,0.605123858147672,NA,0.455563074039298,"localGP"
"9446",39,22,7,3,32.8647798695032,87.869042125599,"Smooth","Max. Reward Condition",40,"1",16,1,41,305,"Long",0.0795183842106594,0.605123858147672,NA,0.455563074039298,"localGP"
"9447",39,23,2,10,27.4676161449989,87.869042125599,"Smooth","Max. Reward Condition",40,"1",16,3,113,305,"Long",0.0795183842106594,0.605123858147672,NA,0.455563074039298,"localGP"
"9448",39,24,2,9,67.2457029271411,87.869042125599,"Smooth","Max. Reward Condition",40,"1",16,1,102,305,"Long",0.0795183842106594,0.605123858147672,NA,0.455563074039298,"localGP"
"9449",39,25,3,9,73.328444338372,87.869042125599,"Smooth","Max. Reward Condition",40,"1",16,2,103,305,"Long",0.0795183842106594,0.605123858147672,NA,0.455563074039298,"localGP"
"9450",39,26,4,8,36.8102979545033,87.869042125599,"Smooth","Max. Reward Condition",40,"1",16,1,93,305,"Long",0.0795183842106594,0.605123858147672,NA,0.455563074039298,"localGP"
"9451",39,27,3,8,58.2164648696967,87.869042125599,"Smooth","Max. Reward Condition",40,"1",16,1,92,305,"Long",0.0795183842106594,0.605123858147672,NA,0.455563074039298,"localGP"
"9452",39,28,2,7,20.8380154740656,87.869042125599,"Smooth","Max. Reward Condition",40,"1",16,9,80,305,"Long",0.0795183842106594,0.605123858147672,NA,0.455563074039298,"localGP"
"9453",39,29,2,8,47.6806943266492,87.869042125599,"Smooth","Max. Reward Condition",40,"1",16,1,91,305,"Long",0.0795183842106594,0.605123858147672,NA,0.455563074039298,"localGP"
"9454",39,30,1,8,47.6114909591659,87.869042125599,"Smooth","Max. Reward Condition",40,"1",16,4,90,305,"Long",0.0795183842106594,0.605123858147672,NA,0.455563074039298,"localGP"
"9455",39,31,2,3,44.0669303004105,87.869042125599,"Smooth","Max. Reward Condition",40,"1",16,12,36,305,"Long",0.0795183842106594,0.605123858147672,NA,0.455563074039298,"localGP"
"9456",39,32,2,2,33.6778376971896,87.869042125599,"Smooth","Max. Reward Condition",40,"1",16,12,25,305,"Long",0.0795183842106594,0.605123858147672,NA,0.455563074039298,"localGP"
"9457",39,33,2,3,44.0669303004105,87.869042125599,"Smooth","Max. Reward Condition",40,"1",16,17,36,305,"Long",0.0795183842106594,0.605123858147672,NA,0.455563074039298,"localGP"
"9458",39,34,3,3,100,100,"Smooth","Max. Reward Condition",40,"1",16,10,37,305,"Long",0.0795183842106594,0.605123858147672,NA,0.455563074039298,"localGP"
"9459",39,35,3,4,78.314172567177,100,"Smooth","Max. Reward Condition",40,"1",16,9,48,305,"Long",0.0795183842106594,0.605123858147672,NA,0.455563074039298,"localGP"
"9460",39,36,2,4,51.6785957888899,100,"Smooth","Max. Reward Condition",40,"1",16,1,47,305,"Long",0.0795183842106594,0.605123858147672,NA,0.455563074039298,"localGP"
"9461",39,37,2,5,41.71018551704,100,"Smooth","Max. Reward Condition",40,"1",16,8,58,305,"Long",0.0795183842106594,0.605123858147672,NA,0.455563074039298,"localGP"
"9462",39,38,1,5,4.1424885441266,100,"Smooth","Max. Reward Condition",40,"1",16,2,57,305,"Long",0.0795183842106594,0.605123858147672,NA,0.455563074039298,"localGP"
"9463",39,39,1,6,12.6436681000289,100,"Smooth","Max. Reward Condition",40,"1",16,4,68,305,"Long",0.0795183842106594,0.605123858147672,NA,0.455563074039298,"localGP"
"9464",39,40,3,1,15.9471132222675,100,"Smooth","Max. Reward Condition",40,"1",16,3,15,305,"Long",0.0795183842106594,0.605123858147672,NA,0.455563074039298,"localGP"
"9465",39,41,1,1,62.6840921632326,100,"Smooth","Max. Reward Condition",40,"1",16,1,13,305,"Long",0.0795183842106594,0.605123858147672,NA,0.455563074039298,"localGP"
"9466",39,1,1,7,41.3820434825426,41.3820434825426,"Smooth","Max. Reward Condition",20,"2",12,NA,79,306,"Short",0.0817720762415176,0.637974242986963,NA,0.47408592578214,"localGP"
"9467",39,2,0,8,55.1046465604385,55.1046465604385,"Smooth","Max. Reward Condition",20,"2",12,1,89,306,"Short",0.0817720762415176,0.637974242986963,NA,0.47408592578214,"localGP"
"9468",39,3,0,9,63.3478366048468,63.3478366048468,"Smooth","Max. Reward Condition",20,"2",12,1,100,306,"Short",0.0817720762415176,0.637974242986963,NA,0.47408592578214,"localGP"
"9469",39,4,1,4,55.4418868810273,63.3478366048468,"Smooth","Max. Reward Condition",20,"2",12,1,46,306,"Short",0.0817720762415176,0.637974242986963,NA,0.47408592578214,"localGP"
"9470",39,5,0,4,73.4344016997412,73.4344016997412,"Smooth","Max. Reward Condition",20,"2",12,1,45,306,"Short",0.0817720762415176,0.637974242986963,NA,0.47408592578214,"localGP"
"9471",39,6,0,5,77.2112954701878,77.2112954701878,"Smooth","Max. Reward Condition",20,"2",12,1,56,306,"Short",0.0817720762415176,0.637974242986963,NA,0.47408592578214,"localGP"
"9472",39,7,1,2,35.7010889135408,77.2112954701878,"Smooth","Max. Reward Condition",20,"2",12,1,24,306,"Short",0.0817720762415176,0.637974242986963,NA,0.47408592578214,"localGP"
"9473",39,8,7,5,86.8061250260335,86.8061250260335,"Smooth","Max. Reward Condition",20,"2",12,2,63,306,"Short",0.0817720762415176,0.637974242986963,NA,0.47408592578214,"localGP"
"9474",39,9,8,5,68.8394216351871,86.8061250260335,"Smooth","Max. Reward Condition",20,"2",12,1,64,306,"Short",0.0817720762415176,0.637974242986963,NA,0.47408592578214,"localGP"
"9475",39,10,3,8,33.3403735872843,86.8061250260335,"Smooth","Max. Reward Condition",20,"2",12,3,92,306,"Short",0.0817720762415176,0.637974242986963,NA,0.47408592578214,"localGP"
"9476",39,11,6,7,79.1421963160271,86.8061250260335,"Smooth","Max. Reward Condition",20,"2",12,1,84,306,"Short",0.0817720762415176,0.637974242986963,NA,0.47408592578214,"localGP"
"9477",39,12,7,7,63.3946973965317,86.8061250260335,"Smooth","Max. Reward Condition",20,"2",12,1,85,306,"Short",0.0817720762415176,0.637974242986963,NA,0.47408592578214,"localGP"
"9478",39,13,5,3,27.1172437554855,86.8061250260335,"Smooth","Max. Reward Condition",20,"2",12,3,39,306,"Short",0.0817720762415176,0.637974242986963,NA,0.47408592578214,"localGP"
"9479",39,14,6,9,44.7235531380428,86.8061250260335,"Smooth","Max. Reward Condition",20,"2",12,8,106,306,"Short",0.0817720762415176,0.637974242986963,NA,0.47408592578214,"localGP"
"9480",39,15,7,9,33.6333693402213,86.8061250260335,"Smooth","Max. Reward Condition",20,"2",12,2,107,306,"Short",0.0817720762415176,0.637974242986963,NA,0.47408592578214,"localGP"
"9481",39,16,9,8,85.7573935505375,86.8061250260335,"Smooth","Max. Reward Condition",20,"2",12,1,98,306,"Short",0.0817720762415176,0.637974242986963,NA,0.47408592578214,"localGP"
"9482",39,17,10,8,81.5439013979377,86.8061250260335,"Smooth","Max. Reward Condition",20,"2",12,1,99,306,"Short",0.0817720762415176,0.637974242986963,NA,0.47408592578214,"localGP"
"9483",39,18,10,8,81.5439013979377,86.8061250260335,"Smooth","Max. Reward Condition",20,"2",12,4,99,306,"Short",0.0817720762415176,0.637974242986963,NA,0.47408592578214,"localGP"
"9484",39,19,9,5,58.7716718822745,86.8061250260335,"Smooth","Max. Reward Condition",20,"2",12,1,65,306,"Short",0.0817720762415176,0.637974242986963,NA,0.47408592578214,"localGP"
"9485",39,20,0,9,63.3478366048468,86.8061250260335,"Smooth","Max. Reward Condition",20,"2",12,1,100,306,"Short",0.0817720762415176,0.637974242986963,NA,0.47408592578214,"localGP"
"9486",39,21,0,10,57.0348841839944,86.8061250260335,"Smooth","Max. Reward Condition",20,"2",12,1,111,306,"Short",0.0817720762415176,0.637974242986963,NA,0.47408592578214,"localGP"
"9487",39,1,1,6,4.45883887214333,4.45883887214333,"Smooth","Max. Reward Condition",40,"3",19,NA,68,307,"Long",0.0998195857352358,0.605371359223005,NA,0.513239388040132,"localGP"
"9488",39,2,4,10,30.0936973223413,30.0936973223413,"Smooth","Max. Reward Condition",40,"3",19,1,115,307,"Long",0.0998195857352358,0.605371359223005,NA,0.513239388040132,"localGP"
"9489",39,3,4,4,9.99263596424557,30.0936973223413,"Smooth","Max. Reward Condition",40,"3",19,2,49,307,"Long",0.0998195857352358,0.605371359223005,NA,0.513239388040132,"localGP"
"9490",39,4,9,1,60.8910168599768,60.8910168599768,"Smooth","Max. Reward Condition",40,"3",19,2,21,307,"Long",0.0998195857352358,0.605371359223005,NA,0.513239388040132,"localGP"
"9491",39,5,10,1,72.8353068382427,72.8353068382427,"Smooth","Max. Reward Condition",40,"3",19,1,22,307,"Long",0.0998195857352358,0.605371359223005,NA,0.513239388040132,"localGP"
"9492",39,6,10,2,77.6423295803119,77.6423295803119,"Smooth","Max. Reward Condition",40,"3",19,1,33,307,"Long",0.0998195857352358,0.605371359223005,NA,0.513239388040132,"localGP"
"9493",39,7,9,2,72.7930930430247,77.6423295803119,"Smooth","Max. Reward Condition",40,"3",19,1,32,307,"Long",0.0998195857352358,0.605371359223005,NA,0.513239388040132,"localGP"
"9494",39,8,1,4,19.6728619437607,77.6423295803119,"Smooth","Max. Reward Condition",40,"3",19,1,46,307,"Long",0.0998195857352358,0.605371359223005,NA,0.513239388040132,"localGP"
"9495",39,9,0,0,17.04487034963,77.6423295803119,"Smooth","Max. Reward Condition",40,"3",19,1,1,307,"Long",0.0998195857352358,0.605371359223005,NA,0.513239388040132,"localGP"
"9496",39,10,0,0,17.04487034963,77.6423295803119,"Smooth","Max. Reward Condition",40,"3",19,1,1,307,"Long",0.0998195857352358,0.605371359223005,NA,0.513239388040132,"localGP"
"9497",39,11,1,1,44.7148827500089,77.6423295803119,"Smooth","Max. Reward Condition",40,"3",19,1,13,307,"Long",0.0998195857352358,0.605371359223005,NA,0.513239388040132,"localGP"
"9498",39,12,1,2,57.7851669507592,77.6423295803119,"Smooth","Max. Reward Condition",40,"3",19,2,24,307,"Long",0.0998195857352358,0.605371359223005,NA,0.513239388040132,"localGP"
"9499",39,13,5,3,50.6291385823162,77.6423295803119,"Smooth","Max. Reward Condition",40,"3",19,1,39,307,"Long",0.0998195857352358,0.605371359223005,NA,0.513239388040132,"localGP"
"9500",39,14,5,4,59.2776068858534,77.6423295803119,"Smooth","Max. Reward Condition",40,"3",19,1,50,307,"Long",0.0998195857352358,0.605371359223005,NA,0.513239388040132,"localGP"
"9501",39,15,5,5,69.1135856267553,77.6423295803119,"Smooth","Max. Reward Condition",40,"3",19,1,61,307,"Long",0.0998195857352358,0.605371359223005,NA,0.513239388040132,"localGP"
"9502",39,16,1,3,45.9782806867717,77.6423295803119,"Smooth","Max. Reward Condition",40,"3",19,1,35,307,"Long",0.0998195857352358,0.605371359223005,NA,0.513239388040132,"localGP"
"9503",39,17,2,2,85.7983244921108,85.7983244921108,"Smooth","Max. Reward Condition",40,"3",19,1,25,307,"Long",0.0998195857352358,0.605371359223005,NA,0.513239388040132,"localGP"
"9504",39,18,4,2,6.18277273554001,85.7983244921108,"Smooth","Max. Reward Condition",40,"3",19,1,27,307,"Long",0.0998195857352358,0.605371359223005,NA,0.513239388040132,"localGP"
"9505",39,19,3,2,41.5227672023987,85.7983244921108,"Smooth","Max. Reward Condition",40,"3",19,2,26,307,"Long",0.0998195857352358,0.605371359223005,NA,0.513239388040132,"localGP"
"9506",39,20,7,0,32.5263699322904,85.7983244921108,"Smooth","Max. Reward Condition",40,"3",19,3,8,307,"Long",0.0998195857352358,0.605371359223005,NA,0.513239388040132,"localGP"
"9507",39,21,7,3,80.7703625318279,85.7983244921108,"Smooth","Max. Reward Condition",40,"3",19,1,41,307,"Long",0.0998195857352358,0.605371359223005,NA,0.513239388040132,"localGP"
"9508",39,22,7,2,56.0878866148788,85.7983244921108,"Smooth","Max. Reward Condition",40,"3",19,1,30,307,"Long",0.0998195857352358,0.605371359223005,NA,0.513239388040132,"localGP"
"9509",39,23,9,4,63.2727485984867,85.7983244921108,"Smooth","Max. Reward Condition",40,"3",19,1,54,307,"Long",0.0998195857352358,0.605371359223005,NA,0.513239388040132,"localGP"
"9510",39,24,9,5,25.1177423961982,85.7983244921108,"Smooth","Max. Reward Condition",40,"3",19,1,65,307,"Long",0.0998195857352358,0.605371359223005,NA,0.513239388040132,"localGP"
"9511",39,25,9,3,70.6956959323297,85.7983244921108,"Smooth","Max. Reward Condition",40,"3",19,5,43,307,"Long",0.0998195857352358,0.605371359223005,NA,0.513239388040132,"localGP"
"9512",39,26,10,3,69.2905062907233,85.7983244921108,"Smooth","Max. Reward Condition",40,"3",19,1,44,307,"Long",0.0998195857352358,0.605371359223005,NA,0.513239388040132,"localGP"
"9513",39,27,0,3,39.9926393261546,85.7983244921108,"Smooth","Max. Reward Condition",40,"3",19,1,34,307,"Long",0.0998195857352358,0.605371359223005,NA,0.513239388040132,"localGP"
"9514",39,28,8,8,81.8046970917315,85.7983244921108,"Smooth","Max. Reward Condition",40,"3",19,1,97,307,"Long",0.0998195857352358,0.605371359223005,NA,0.513239388040132,"localGP"
"9515",39,29,9,3,70.6956959323297,85.7983244921108,"Smooth","Max. Reward Condition",40,"3",19,2,43,307,"Long",0.0998195857352358,0.605371359223005,NA,0.513239388040132,"localGP"
"9516",39,30,8,3,65.6372493724856,85.7983244921108,"Smooth","Max. Reward Condition",40,"3",19,1,42,307,"Long",0.0998195857352358,0.605371359223005,NA,0.513239388040132,"localGP"
"9517",39,31,8,4,65.4001551521178,85.7983244921108,"Smooth","Max. Reward Condition",40,"3",19,3,53,307,"Long",0.0998195857352358,0.605371359223005,NA,0.513239388040132,"localGP"
"9518",39,32,6,0,27.3009941701534,85.7983244921108,"Smooth","Max. Reward Condition",40,"3",19,6,7,307,"Long",0.0998195857352358,0.605371359223005,NA,0.513239388040132,"localGP"
"9519",39,33,8,0,54.8770550942249,85.7983244921108,"Smooth","Max. Reward Condition",40,"3",19,1,9,307,"Long",0.0998195857352358,0.605371359223005,NA,0.513239388040132,"localGP"
"9520",39,34,9,0,57.2100931574182,85.7983244921108,"Smooth","Max. Reward Condition",40,"3",19,1,10,307,"Long",0.0998195857352358,0.605371359223005,NA,0.513239388040132,"localGP"
"9521",39,35,4,7,70.1082193743666,85.7983244921108,"Smooth","Max. Reward Condition",40,"3",19,2,82,307,"Long",0.0998195857352358,0.605371359223005,NA,0.513239388040132,"localGP"
"9522",39,36,5,7,44.1405788952292,85.7983244921108,"Smooth","Max. Reward Condition",40,"3",19,1,83,307,"Long",0.0998195857352358,0.605371359223005,NA,0.513239388040132,"localGP"
"9523",39,37,5,9,35.5439910651726,85.7983244921108,"Smooth","Max. Reward Condition",40,"3",19,2,105,307,"Long",0.0998195857352358,0.605371359223005,NA,0.513239388040132,"localGP"
"9524",39,38,9,8,78.8036694153572,85.7983244921108,"Smooth","Max. Reward Condition",40,"3",19,7,98,307,"Long",0.0998195857352358,0.605371359223005,NA,0.513239388040132,"localGP"
"9525",39,39,8,8,81.8046970917315,85.7983244921108,"Smooth","Max. Reward Condition",40,"3",19,1,97,307,"Long",0.0998195857352358,0.605371359223005,NA,0.513239388040132,"localGP"
"9526",39,40,8,7,93.2880256740387,93.2880256740387,"Smooth","Max. Reward Condition",40,"3",19,1,86,307,"Long",0.0998195857352358,0.605371359223005,NA,0.513239388040132,"localGP"
"9527",39,41,8,8,81.8046970917315,93.2880256740387,"Smooth","Max. Reward Condition",40,"3",19,1,97,307,"Long",0.0998195857352358,0.605371359223005,NA,0.513239388040132,"localGP"
"9528",39,1,2,10,57.5696420564348,57.5696420564348,"Smooth","Max. Reward Condition",20,"4",14,NA,113,308,"Short",0.0669522821034887,0.674348501154982,NA,0.417374151813527,"localGP"
"9529",39,2,7,6,23.0283508760921,57.5696420564348,"Smooth","Max. Reward Condition",20,"4",14,1,74,308,"Short",0.0669522821034887,0.674348501154982,NA,0.417374151813527,"localGP"
"9530",39,3,10,4,17.8264500337638,57.5696420564348,"Smooth","Max. Reward Condition",20,"4",14,1,55,308,"Short",0.0669522821034887,0.674348501154982,NA,0.417374151813527,"localGP"
"9531",39,4,10,3,7.59268692097443,57.5696420564348,"Smooth","Max. Reward Condition",20,"4",14,3,44,308,"Short",0.0669522821034887,0.674348501154982,NA,0.417374151813527,"localGP"
"9532",39,5,1,7,41.2794472519756,57.5696420564348,"Smooth","Max. Reward Condition",20,"4",14,1,79,308,"Short",0.0669522821034887,0.674348501154982,NA,0.417374151813527,"localGP"
"9533",39,6,1,8,31.7848586206524,57.5696420564348,"Smooth","Max. Reward Condition",20,"4",14,1,90,308,"Short",0.0669522821034887,0.674348501154982,NA,0.417374151813527,"localGP"
"9534",39,7,0,6,76.4733892351915,76.4733892351915,"Smooth","Max. Reward Condition",20,"4",14,4,67,308,"Short",0.0669522821034887,0.674348501154982,NA,0.417374151813527,"localGP"
"9535",39,8,0,5,69.5175079321684,76.4733892351915,"Smooth","Max. Reward Condition",20,"4",14,2,56,308,"Short",0.0669522821034887,0.674348501154982,NA,0.417374151813527,"localGP"
"9536",39,9,1,5,56.5450425488561,76.4733892351915,"Smooth","Max. Reward Condition",20,"4",14,1,57,308,"Short",0.0669522821034887,0.674348501154982,NA,0.417374151813527,"localGP"
"9537",39,10,2,5,54.5749797854144,76.4733892351915,"Smooth","Max. Reward Condition",20,"4",14,2,58,308,"Short",0.0669522821034887,0.674348501154982,NA,0.417374151813527,"localGP"
"9538",39,11,3,5,32.3660103282064,76.4733892351915,"Smooth","Max. Reward Condition",20,"4",14,1,59,308,"Short",0.0669522821034887,0.674348501154982,NA,0.417374151813527,"localGP"
"9539",39,12,3,4,32.7929271553822,76.4733892351915,"Smooth","Max. Reward Condition",20,"4",14,2,48,308,"Short",0.0669522821034887,0.674348501154982,NA,0.417374151813527,"localGP"
"9540",39,13,3,3,70.0835209190621,76.4733892351915,"Smooth","Max. Reward Condition",20,"4",14,1,37,308,"Short",0.0669522821034887,0.674348501154982,NA,0.417374151813527,"localGP"
"9541",39,14,3,2,76.7507190028061,76.7507190028061,"Smooth","Max. Reward Condition",20,"4",14,4,26,308,"Short",0.0669522821034887,0.674348501154982,NA,0.417374151813527,"localGP"
"9542",39,15,2,2,74.8205512494422,76.7507190028061,"Smooth","Max. Reward Condition",20,"4",14,1,25,308,"Short",0.0669522821034887,0.674348501154982,NA,0.417374151813527,"localGP"
"9543",39,16,2,3,58.8050378445356,76.7507190028061,"Smooth","Max. Reward Condition",20,"4",14,5,36,308,"Short",0.0669522821034887,0.674348501154982,NA,0.417374151813527,"localGP"
"9544",39,17,1,3,79.9836672889353,79.9836672889353,"Smooth","Max. Reward Condition",20,"4",14,1,35,308,"Short",0.0669522821034887,0.674348501154982,NA,0.417374151813527,"localGP"
"9545",39,18,1,4,50.1159622354863,79.9836672889353,"Smooth","Max. Reward Condition",20,"4",14,6,46,308,"Short",0.0669522821034887,0.674348501154982,NA,0.417374151813527,"localGP"
"9546",39,19,0,4,77.3776317669719,79.9836672889353,"Smooth","Max. Reward Condition",20,"4",14,2,45,308,"Short",0.0669522821034887,0.674348501154982,NA,0.417374151813527,"localGP"
"9547",39,20,0,3,91.5355338017791,91.5355338017791,"Smooth","Max. Reward Condition",20,"4",14,2,34,308,"Short",0.0669522821034887,0.674348501154982,NA,0.417374151813527,"localGP"
"9548",39,21,0,2,76.8659090537279,91.5355338017791,"Smooth","Max. Reward Condition",20,"4",14,2,23,308,"Short",0.0669522821034887,0.674348501154982,NA,0.417374151813527,"localGP"
"9549",39,1,9,1,48.6385669083933,48.6385669083933,"Smooth","Max. Reward Condition",40,"5",6,NA,21,309,"Long",0.0892394237308576,0.653873625836043,NA,0.476034956553085,"localGP"
"9550",39,2,9,0,42.7227287180246,48.6385669083933,"Smooth","Max. Reward Condition",40,"5",6,1,10,309,"Long",0.0892394237308576,0.653873625836043,NA,0.476034956553085,"localGP"
"9551",39,3,8,3,35.8284389219026,48.6385669083933,"Smooth","Max. Reward Condition",40,"5",6,2,42,309,"Long",0.0892394237308576,0.653873625836043,NA,0.476034956553085,"localGP"
"9552",39,4,5,9,24.8190311871749,48.6385669083933,"Smooth","Max. Reward Condition",40,"5",6,1,105,309,"Long",0.0892394237308576,0.653873625836043,NA,0.476034956553085,"localGP"
"9553",39,5,5,10,51.4215648628106,51.4215648628106,"Smooth","Max. Reward Condition",40,"5",6,1,116,309,"Long",0.0892394237308576,0.653873625836043,NA,0.476034956553085,"localGP"
"9554",39,6,6,10,20.3520060539049,51.4215648628106,"Smooth","Max. Reward Condition",40,"5",6,1,117,309,"Long",0.0892394237308576,0.653873625836043,NA,0.476034956553085,"localGP"
"9555",39,7,6,2,37.1794683639589,51.4215648628106,"Smooth","Max. Reward Condition",40,"5",6,1,29,309,"Long",0.0892394237308576,0.653873625836043,NA,0.476034956553085,"localGP"
"9556",39,8,6,3,37.4132597632544,51.4215648628106,"Smooth","Max. Reward Condition",40,"5",6,6,40,309,"Long",0.0892394237308576,0.653873625836043,NA,0.476034956553085,"localGP"
"9557",39,9,6,4,34.0889045478091,51.4215648628106,"Smooth","Max. Reward Condition",40,"5",6,2,51,309,"Long",0.0892394237308576,0.653873625836043,NA,0.476034956553085,"localGP"
"9558",39,10,4,7,63.6433329496781,63.6433329496781,"Smooth","Max. Reward Condition",40,"5",6,1,82,309,"Long",0.0892394237308576,0.653873625836043,NA,0.476034956553085,"localGP"
"9559",39,11,3,7,37.0565054700231,63.6433329496781,"Smooth","Max. Reward Condition",40,"5",6,1,81,309,"Long",0.0892394237308576,0.653873625836043,NA,0.476034956553085,"localGP"
"9560",39,12,6,0,94.4963050018738,94.4963050018738,"Smooth","Max. Reward Condition",40,"5",6,1,7,309,"Long",0.0892394237308576,0.653873625836043,NA,0.476034956553085,"localGP"
"9561",39,13,5,0,91.7432297732024,94.4963050018738,"Smooth","Max. Reward Condition",40,"5",6,1,6,309,"Long",0.0892394237308576,0.653873625836043,NA,0.476034956553085,"localGP"
"9562",39,14,6,0,94.4963050018738,94.4963050018738,"Smooth","Max. Reward Condition",40,"5",6,1,7,309,"Long",0.0892394237308576,0.653873625836043,NA,0.476034956553085,"localGP"
"9563",39,15,6,0,94.4963050018738,94.4963050018738,"Smooth","Max. Reward Condition",40,"5",6,1,7,309,"Long",0.0892394237308576,0.653873625836043,NA,0.476034956553085,"localGP"
"9564",39,16,7,2,60.5825002841952,94.4963050018738,"Smooth","Max. Reward Condition",40,"5",6,7,30,309,"Long",0.0892394237308576,0.653873625836043,NA,0.476034956553085,"localGP"
"9565",39,17,7,1,83.5475141176989,94.4963050018738,"Smooth","Max. Reward Condition",40,"5",6,4,19,309,"Long",0.0892394237308576,0.653873625836043,NA,0.476034956553085,"localGP"
"9566",39,18,7,0,94.4174730147353,94.4963050018738,"Smooth","Max. Reward Condition",40,"5",6,5,8,309,"Long",0.0892394237308576,0.653873625836043,NA,0.476034956553085,"localGP"
"9567",39,19,7,0,94.4174730147353,94.4963050018738,"Smooth","Max. Reward Condition",40,"5",6,4,8,309,"Long",0.0892394237308576,0.653873625836043,NA,0.476034956553085,"localGP"
"9568",39,20,8,0,72.9354979095338,94.4963050018738,"Smooth","Max. Reward Condition",40,"5",6,4,9,309,"Long",0.0892394237308576,0.653873625836043,NA,0.476034956553085,"localGP"
"9569",39,21,8,1,68.8502438954186,94.4963050018738,"Smooth","Max. Reward Condition",40,"5",6,7,20,309,"Long",0.0892394237308576,0.653873625836043,NA,0.476034956553085,"localGP"
"9570",39,22,10,3,32.6350825351917,94.4963050018738,"Smooth","Max. Reward Condition",40,"5",6,2,44,309,"Long",0.0892394237308576,0.653873625836043,NA,0.476034956553085,"localGP"
"9571",39,23,10,4,30.3789218972409,94.4963050018738,"Smooth","Max. Reward Condition",40,"5",6,7,55,309,"Long",0.0892394237308576,0.653873625836043,NA,0.476034956553085,"localGP"
"9572",39,24,4,2,29.5493469848231,94.4963050018738,"Smooth","Max. Reward Condition",40,"5",6,1,27,309,"Long",0.0892394237308576,0.653873625836043,NA,0.476034956553085,"localGP"
"9573",39,25,5,4,30.2017705880364,94.4963050018738,"Smooth","Max. Reward Condition",40,"5",6,2,50,309,"Long",0.0892394237308576,0.653873625836043,NA,0.476034956553085,"localGP"
"9574",39,26,3,2,33.1157535503822,94.4963050018738,"Smooth","Max. Reward Condition",40,"5",6,4,26,309,"Long",0.0892394237308576,0.653873625836043,NA,0.476034956553085,"localGP"
"9575",39,27,1,1,22.2975838808084,94.4963050018738,"Smooth","Max. Reward Condition",40,"5",6,2,13,309,"Long",0.0892394237308576,0.653873625836043,NA,0.476034956553085,"localGP"
"9576",39,28,6,1,58.9505924012191,94.4963050018738,"Smooth","Max. Reward Condition",40,"5",6,4,18,309,"Long",0.0892394237308576,0.653873625836043,NA,0.476034956553085,"localGP"
"9577",39,29,7,1,83.5475141176989,94.4963050018738,"Smooth","Max. Reward Condition",40,"5",6,1,19,309,"Long",0.0892394237308576,0.653873625836043,NA,0.476034956553085,"localGP"
"9578",39,30,7,0,94.4174730147353,94.4963050018738,"Smooth","Max. Reward Condition",40,"5",6,4,8,309,"Long",0.0892394237308576,0.653873625836043,NA,0.476034956553085,"localGP"
"9579",39,31,6,0,94.4963050018738,94.4963050018738,"Smooth","Max. Reward Condition",40,"5",6,1,7,309,"Long",0.0892394237308576,0.653873625836043,NA,0.476034956553085,"localGP"
"9580",39,32,6,0,94.4963050018738,94.4963050018738,"Smooth","Max. Reward Condition",40,"5",6,3,7,309,"Long",0.0892394237308576,0.653873625836043,NA,0.476034956553085,"localGP"
"9581",39,33,6,0,94.4963050018738,94.4963050018738,"Smooth","Max. Reward Condition",40,"5",6,1,7,309,"Long",0.0892394237308576,0.653873625836043,NA,0.476034956553085,"localGP"
"9582",39,34,6,0,94.4963050018738,94.4963050018738,"Smooth","Max. Reward Condition",40,"5",6,1,7,309,"Long",0.0892394237308576,0.653873625836043,NA,0.476034956553085,"localGP"
"9583",39,35,6,0,94.4963050018738,94.4963050018738,"Smooth","Max. Reward Condition",40,"5",6,1,7,309,"Long",0.0892394237308576,0.653873625836043,NA,0.476034956553085,"localGP"
"9584",39,36,3,1,50.2100304142553,94.4963050018738,"Smooth","Max. Reward Condition",40,"5",6,1,15,309,"Long",0.0892394237308576,0.653873625836043,NA,0.476034956553085,"localGP"
"9585",39,37,7,10,34.0754913036813,94.4963050018738,"Smooth","Max. Reward Condition",40,"5",6,1,118,309,"Long",0.0892394237308576,0.653873625836043,NA,0.476034956553085,"localGP"
"9586",39,38,8,10,32.093395262208,94.4963050018738,"Smooth","Max. Reward Condition",40,"5",6,1,119,309,"Long",0.0892394237308576,0.653873625836043,NA,0.476034956553085,"localGP"
"9587",39,39,7,3,29.6760895076296,94.4963050018738,"Smooth","Max. Reward Condition",40,"5",6,1,41,309,"Long",0.0892394237308576,0.653873625836043,NA,0.476034956553085,"localGP"
"9588",39,40,7,9,30.1286651387231,94.4963050018738,"Smooth","Max. Reward Condition",40,"5",6,4,107,309,"Long",0.0892394237308576,0.653873625836043,NA,0.476034956553085,"localGP"
"9589",39,41,5,7,40.6549349788525,94.4963050018738,"Smooth","Max. Reward Condition",40,"5",6,1,83,309,"Long",0.0892394237308576,0.653873625836043,NA,0.476034956553085,"localGP"
"9590",39,1,2,8,55.818663051774,55.818663051774,"Smooth","Max. Reward Condition",20,"6",15,NA,91,310,"Short",16.6501852136944,0.293204161849144,NA,99.9761430059574,"localGP"
"9591",39,2,3,8,15.8090932567427,55.818663051774,"Smooth","Max. Reward Condition",20,"6",15,1,92,310,"Short",16.6501852136944,0.293204161849144,NA,99.9761430059574,"localGP"
"9592",39,3,2,7,47.9284101510965,55.818663051774,"Smooth","Max. Reward Condition",20,"6",15,4,80,310,"Short",16.6501852136944,0.293204161849144,NA,99.9761430059574,"localGP"
"9593",39,4,1,10,69.8575262469171,69.8575262469171,"Smooth","Max. Reward Condition",20,"6",15,1,112,310,"Short",16.6501852136944,0.293204161849144,NA,99.9761430059574,"localGP"
"9594",39,5,5,8,12.3881850292677,69.8575262469171,"Smooth","Max. Reward Condition",20,"6",15,1,94,310,"Short",16.6501852136944,0.293204161849144,NA,99.9761430059574,"localGP"
"9595",39,6,6,8,37.9895676228476,69.8575262469171,"Smooth","Max. Reward Condition",20,"6",15,1,95,310,"Short",16.6501852136944,0.293204161849144,NA,99.9761430059574,"localGP"
"9596",39,7,7,8,69.8476397875391,69.8575262469171,"Smooth","Max. Reward Condition",20,"6",15,2,96,310,"Short",16.6501852136944,0.293204161849144,NA,99.9761430059574,"localGP"
"9597",39,8,7,7,44.6037963682007,69.8575262469171,"Smooth","Max. Reward Condition",20,"6",15,1,85,310,"Short",16.6501852136944,0.293204161849144,NA,99.9761430059574,"localGP"
"9598",39,9,7,6,24.6279411450351,69.8575262469171,"Smooth","Max. Reward Condition",20,"6",15,1,74,310,"Short",16.6501852136944,0.293204161849144,NA,99.9761430059574,"localGP"
"9599",39,10,7,9,49.4458088899389,69.8575262469171,"Smooth","Max. Reward Condition",20,"6",15,1,107,310,"Short",16.6501852136944,0.293204161849144,NA,99.9761430059574,"localGP"
"9600",39,11,6,9,52.3137546378813,69.8575262469171,"Smooth","Max. Reward Condition",20,"6",15,4,106,310,"Short",16.6501852136944,0.293204161849144,NA,99.9761430059574,"localGP"
"9601",39,12,6,10,60.2558059319283,69.8575262469171,"Smooth","Max. Reward Condition",20,"6",15,1,117,310,"Short",16.6501852136944,0.293204161849144,NA,99.9761430059574,"localGP"
"9602",39,13,3,1,45.7237040394925,69.8575262469171,"Smooth","Max. Reward Condition",20,"6",15,1,15,310,"Short",16.6501852136944,0.293204161849144,NA,99.9761430059574,"localGP"
"9603",39,14,3,6,54.3433653304578,69.8575262469171,"Smooth","Max. Reward Condition",20,"6",15,0,70,310,"Short",16.6501852136944,0.293204161849144,NA,99.9761430059574,"localGP"
"9604",39,15,10,2,72.5729702325588,72.5729702325588,"Smooth","Max. Reward Condition",20,"6",15,2,33,310,"Short",16.6501852136944,0.293204161849144,NA,99.9761430059574,"localGP"
"9605",39,16,10,1,61.1492414265159,72.5729702325588,"Smooth","Max. Reward Condition",20,"6",15,1,22,310,"Short",16.6501852136944,0.293204161849144,NA,99.9761430059574,"localGP"
"9606",39,17,9,3,76.9729164746691,76.9729164746691,"Smooth","Max. Reward Condition",20,"6",15,1,43,310,"Short",16.6501852136944,0.293204161849144,NA,99.9761430059574,"localGP"
"9607",39,18,9,4,67.8025720803485,76.9729164746691,"Smooth","Max. Reward Condition",20,"6",15,1,54,310,"Short",16.6501852136944,0.293204161849144,NA,99.9761430059574,"localGP"
"9608",39,19,9,5,52.1566401436535,76.9729164746691,"Smooth","Max. Reward Condition",20,"6",15,4,65,310,"Short",16.6501852136944,0.293204161849144,NA,99.9761430059574,"localGP"
"9609",39,20,8,5,56.6654035866027,76.9729164746691,"Smooth","Max. Reward Condition",20,"6",15,1,64,310,"Short",16.6501852136944,0.293204161849144,NA,99.9761430059574,"localGP"
"9610",39,21,6,0,48.4461489024529,76.9729164746691,"Smooth","Max. Reward Condition",20,"6",15,2,7,310,"Short",16.6501852136944,0.293204161849144,NA,99.9761430059574,"localGP"
"9611",39,1,10,4,60.9323536427728,60.9323536427728,"Smooth","Max. Reward Condition",40,"7",17,NA,55,311,"Long",0.0835904237335495,0.614091215907817,NA,0.460897461054603,"localGP"
"9612",39,2,10,3,62.1105704229087,62.1105704229087,"Smooth","Max. Reward Condition",40,"7",17,5,44,311,"Long",0.0835904237335495,0.614091215907817,NA,0.460897461054603,"localGP"
"9613",39,3,9,4,37.4189636336299,62.1105704229087,"Smooth","Max. Reward Condition",40,"7",17,5,54,311,"Long",0.0835904237335495,0.614091215907817,NA,0.460897461054603,"localGP"
"9614",39,4,6,9,16.1161494292061,62.1105704229087,"Smooth","Max. Reward Condition",40,"7",17,4,106,311,"Long",0.0835904237335495,0.614091215907817,NA,0.460897461054603,"localGP"
"9615",39,5,7,8,22.0278987459419,62.1105704229087,"Smooth","Max. Reward Condition",40,"7",17,10,96,311,"Long",0.0835904237335495,0.614091215907817,NA,0.460897461054603,"localGP"
"9616",39,6,7,9,30.9576770826755,62.1105704229087,"Smooth","Max. Reward Condition",40,"7",17,15,107,311,"Long",0.0835904237335495,0.614091215907817,NA,0.460897461054603,"localGP"
"9617",39,7,5,9,17.2900510483539,62.1105704229087,"Smooth","Max. Reward Condition",40,"7",17,0,105,311,"Long",0.0835904237335495,0.614091215907817,NA,0.460897461054603,"localGP"
"9618",39,8,2,9,69.3281763432378,69.3281763432378,"Smooth","Max. Reward Condition",40,"7",17,12,102,311,"Long",0.0835904237335495,0.614091215907817,NA,0.460897461054603,"localGP"
"9619",39,9,2,8,56.749621146005,69.3281763432378,"Smooth","Max. Reward Condition",40,"7",17,10,91,311,"Long",0.0835904237335495,0.614091215907817,NA,0.460897461054603,"localGP"
"9620",39,10,1,8,61.4248560336744,69.3281763432378,"Smooth","Max. Reward Condition",40,"7",17,6,90,311,"Long",0.0835904237335495,0.614091215907817,NA,0.460897461054603,"localGP"
"9621",39,11,1,7,56.599176854759,69.3281763432378,"Smooth","Max. Reward Condition",40,"7",17,9,79,311,"Long",0.0835904237335495,0.614091215907817,NA,0.460897461054603,"localGP"
"9622",39,12,2,7,55.9761738528466,69.3281763432378,"Smooth","Max. Reward Condition",40,"7",17,1,80,311,"Long",0.0835904237335495,0.614091215907817,NA,0.460897461054603,"localGP"
"9623",39,13,2,6,67.9735102315088,69.3281763432378,"Smooth","Max. Reward Condition",40,"7",17,2,69,311,"Long",0.0835904237335495,0.614091215907817,NA,0.460897461054603,"localGP"
"9624",39,14,3,6,61.6521718992743,69.3281763432378,"Smooth","Max. Reward Condition",40,"7",17,1,70,311,"Long",0.0835904237335495,0.614091215907817,NA,0.460897461054603,"localGP"
"9625",39,15,3,7,48.1203452766967,69.3281763432378,"Smooth","Max. Reward Condition",40,"7",17,3,81,311,"Long",0.0835904237335495,0.614091215907817,NA,0.460897461054603,"localGP"
"9626",39,16,4,7,36.7346397615748,69.3281763432378,"Smooth","Max. Reward Condition",40,"7",17,1,82,311,"Long",0.0835904237335495,0.614091215907817,NA,0.460897461054603,"localGP"
"9627",39,17,1,2,37.0468880357367,69.3281763432378,"Smooth","Max. Reward Condition",40,"7",17,1,24,311,"Long",0.0835904237335495,0.614091215907817,NA,0.460897461054603,"localGP"
"9628",39,18,0,2,36.3094858806942,69.3281763432378,"Smooth","Max. Reward Condition",40,"7",17,2,23,311,"Long",0.0835904237335495,0.614091215907817,NA,0.460897461054603,"localGP"
"9629",39,19,0,1,40.8666314399302,69.3281763432378,"Smooth","Max. Reward Condition",40,"7",17,1,12,311,"Long",0.0835904237335495,0.614091215907817,NA,0.460897461054603,"localGP"
"9630",39,20,0,3,53.5211844117636,69.3281763432378,"Smooth","Max. Reward Condition",40,"7",17,1,34,311,"Long",0.0835904237335495,0.614091215907817,NA,0.460897461054603,"localGP"
"9631",39,21,1,3,74.4820518548536,74.4820518548536,"Smooth","Max. Reward Condition",40,"7",17,1,35,311,"Long",0.0835904237335495,0.614091215907817,NA,0.460897461054603,"localGP"
"9632",39,22,2,3,51.4694994418352,74.4820518548536,"Smooth","Max. Reward Condition",40,"7",17,2,36,311,"Long",0.0835904237335495,0.614091215907817,NA,0.460897461054603,"localGP"
"9633",39,23,2,4,78.1145537046303,78.1145537046303,"Smooth","Max. Reward Condition",40,"7",17,1,47,311,"Long",0.0835904237335495,0.614091215907817,NA,0.460897461054603,"localGP"
"9634",39,24,1,4,59.7275307327632,78.1145537046303,"Smooth","Max. Reward Condition",40,"7",17,1,46,311,"Long",0.0835904237335495,0.614091215907817,NA,0.460897461054603,"localGP"
"9635",39,25,1,5,55.0007890272568,78.1145537046303,"Smooth","Max. Reward Condition",40,"7",17,1,57,311,"Long",0.0835904237335495,0.614091215907817,NA,0.460897461054603,"localGP"
"9636",39,26,2,5,96.5712701527156,96.5712701527156,"Smooth","Max. Reward Condition",40,"7",17,1,58,311,"Long",0.0835904237335495,0.614091215907817,NA,0.460897461054603,"localGP"
"9637",39,27,3,5,100,100,"Smooth","Max. Reward Condition",40,"7",17,1,59,311,"Long",0.0835904237335495,0.614091215907817,NA,0.460897461054603,"localGP"
"9638",39,28,3,4,81.7432518785976,100,"Smooth","Max. Reward Condition",40,"7",17,4,48,311,"Long",0.0835904237335495,0.614091215907817,NA,0.460897461054603,"localGP"
"9639",39,29,4,4,91.0453666765183,100,"Smooth","Max. Reward Condition",40,"7",17,1,49,311,"Long",0.0835904237335495,0.614091215907817,NA,0.460897461054603,"localGP"
"9640",39,30,4,5,82.6609311486781,100,"Smooth","Max. Reward Condition",40,"7",17,1,60,311,"Long",0.0835904237335495,0.614091215907817,NA,0.460897461054603,"localGP"
"9641",39,31,5,5,42.2377203459465,100,"Smooth","Max. Reward Condition",40,"7",17,3,61,311,"Long",0.0835904237335495,0.614091215907817,NA,0.460897461054603,"localGP"
"9642",39,32,6,5,17.9186730443507,100,"Smooth","Max. Reward Condition",40,"7",17,1,62,311,"Long",0.0835904237335495,0.614091215907817,NA,0.460897461054603,"localGP"
"9643",39,33,5,6,42.0069236019537,100,"Smooth","Max. Reward Condition",40,"7",17,6,72,311,"Long",0.0835904237335495,0.614091215907817,NA,0.460897461054603,"localGP"
"9644",39,34,5,4,61.0193303568798,100,"Smooth","Max. Reward Condition",40,"7",17,2,50,311,"Long",0.0835904237335495,0.614091215907817,NA,0.460897461054603,"localGP"
"9645",39,35,5,3,56.3851805160455,100,"Smooth","Max. Reward Condition",40,"7",17,1,39,311,"Long",0.0835904237335495,0.614091215907817,NA,0.460897461054603,"localGP"
"9646",39,36,5,2,42.0898431676423,100,"Smooth","Max. Reward Condition",40,"7",17,2,28,311,"Long",0.0835904237335495,0.614091215907817,NA,0.460897461054603,"localGP"
"9647",39,37,6,1,68.7866414207953,100,"Smooth","Max. Reward Condition",40,"7",17,8,18,311,"Long",0.0835904237335495,0.614091215907817,NA,0.460897461054603,"localGP"
"9648",39,38,7,1,68.4445451989571,100,"Smooth","Max. Reward Condition",40,"7",17,2,19,311,"Long",0.0835904237335495,0.614091215907817,NA,0.460897461054603,"localGP"
"9649",39,39,7,2,75.4767861169897,100,"Smooth","Max. Reward Condition",40,"7",17,1,30,311,"Long",0.0835904237335495,0.614091215907817,NA,0.460897461054603,"localGP"
"9650",39,40,8,2,58.6698020983596,100,"Smooth","Max. Reward Condition",40,"7",17,4,31,311,"Long",0.0835904237335495,0.614091215907817,NA,0.460897461054603,"localGP"
"9651",39,41,5,2,42.0898431676423,100,"Smooth","Max. Reward Condition",40,"7",17,1,28,311,"Long",0.0835904237335495,0.614091215907817,NA,0.460897461054603,"localGP"
"9652",39,1,4,2,11.0922296635643,11.0922296635643,"Smooth","Max. Reward Condition",20,"8",8,NA,27,312,"Short",0.0950719746839849,0.648563753164311,NA,0.535657949738849,"localGP"
"9653",39,2,5,2,36.8197276741428,36.8197276741428,"Smooth","Max. Reward Condition",20,"8",8,1,28,312,"Short",0.0950719746839849,0.648563753164311,NA,0.535657949738849,"localGP"
"9654",39,3,0,5,72.1267915674782,72.1267915674782,"Smooth","Max. Reward Condition",20,"8",8,1,56,312,"Short",0.0950719746839849,0.648563753164311,NA,0.535657949738849,"localGP"
"9655",39,4,4,0,60.8338866583658,72.1267915674782,"Smooth","Max. Reward Condition",20,"8",8,1,5,312,"Short",0.0950719746839849,0.648563753164311,NA,0.535657949738849,"localGP"
"9656",39,5,5,0,59.2644023851676,72.1267915674782,"Smooth","Max. Reward Condition",20,"8",8,2,6,312,"Short",0.0950719746839849,0.648563753164311,NA,0.535657949738849,"localGP"
"9657",39,6,4,6,92.5612285235121,92.5612285235121,"Smooth","Max. Reward Condition",20,"8",8,1,71,312,"Short",0.0950719746839849,0.648563753164311,NA,0.535657949738849,"localGP"
"9658",39,7,3,8,44.1553815422113,92.5612285235121,"Smooth","Max. Reward Condition",20,"8",8,5,92,312,"Short",0.0950719746839849,0.648563753164311,NA,0.535657949738849,"localGP"
"9659",39,8,3,9,40.8521738054873,92.5612285235121,"Smooth","Max. Reward Condition",20,"8",8,1,103,312,"Short",0.0950719746839849,0.648563753164311,NA,0.535657949738849,"localGP"
"9660",39,9,4,9,45.6417969596103,92.5612285235121,"Smooth","Max. Reward Condition",20,"8",8,1,104,312,"Short",0.0950719746839849,0.648563753164311,NA,0.535657949738849,"localGP"
"9661",39,10,4,10,41.3626992316202,92.5612285235121,"Smooth","Max. Reward Condition",20,"8",8,1,115,312,"Short",0.0950719746839849,0.648563753164311,NA,0.535657949738849,"localGP"
"9662",39,11,10,9,65.2100813195769,92.5612285235121,"Smooth","Max. Reward Condition",20,"8",8,1,110,312,"Short",0.0950719746839849,0.648563753164311,NA,0.535657949738849,"localGP"
"9663",39,12,10,8,76.4183100211284,92.5612285235121,"Smooth","Max. Reward Condition",20,"8",8,1,99,312,"Short",0.0950719746839849,0.648563753164311,NA,0.535657949738849,"localGP"
"9664",39,13,10,7,59.5768375787062,92.5612285235121,"Smooth","Max. Reward Condition",20,"8",8,5,88,312,"Short",0.0950719746839849,0.648563753164311,NA,0.535657949738849,"localGP"
"9665",39,14,8,9,24.6189505790848,92.5612285235121,"Smooth","Max. Reward Condition",20,"8",8,1,108,312,"Short",0.0950719746839849,0.648563753164311,NA,0.535657949738849,"localGP"
"9666",39,15,7,9,36.7741668006705,92.5612285235121,"Smooth","Max. Reward Condition",20,"8",8,1,107,312,"Short",0.0950719746839849,0.648563753164311,NA,0.535657949738849,"localGP"
"9667",39,16,6,9,54.5546785707911,92.5612285235121,"Smooth","Max. Reward Condition",20,"8",8,1,106,312,"Short",0.0950719746839849,0.648563753164311,NA,0.535657949738849,"localGP"
"9668",39,17,0,9,69.7292299048647,92.5612285235121,"Smooth","Max. Reward Condition",20,"8",8,1,100,312,"Short",0.0950719746839849,0.648563753164311,NA,0.535657949738849,"localGP"
"9669",39,18,7,6,46.0927708056765,92.5612285235121,"Smooth","Max. Reward Condition",20,"8",8,1,74,312,"Short",0.0950719746839849,0.648563753164311,NA,0.535657949738849,"localGP"
"9670",39,19,8,9,24.6189505790848,92.5612285235121,"Smooth","Max. Reward Condition",20,"8",8,4,108,312,"Short",0.0950719746839849,0.648563753164311,NA,0.535657949738849,"localGP"
"9671",39,20,8,8,0,92.5612285235121,"Smooth","Max. Reward Condition",20,"8",8,1,97,312,"Short",0.0950719746839849,0.648563753164311,NA,0.535657949738849,"localGP"
"9672",39,21,9,9,49.9056902969143,92.5612285235121,"Smooth","Max. Reward Condition",20,"8",8,1,109,312,"Short",0.0950719746839849,0.648563753164311,NA,0.535657949738849,"localGP"
"9673",40,1,3,6,52.211813623065,52.211813623065,"Rough","Avg. Reward Condition",20,"1",19,NA,70,313,"Short",0.0821002011896983,0.822520338242884,NA,0.522996134676608,"localGP"
"9674",40,2,3,7,48.0160668403537,52.211813623065,"Rough","Avg. Reward Condition",20,"1",19,1,81,313,"Short",0.0821002011896983,0.822520338242884,NA,0.522996134676608,"localGP"
"9675",40,3,3,8,28.3036834129197,52.211813623065,"Rough","Avg. Reward Condition",20,"1",19,2,92,313,"Short",0.0821002011896983,0.822520338242884,NA,0.522996134676608,"localGP"
"9676",40,4,5,8,39.5482346751681,52.211813623065,"Rough","Avg. Reward Condition",20,"1",19,2,94,313,"Short",0.0821002011896983,0.822520338242884,NA,0.522996134676608,"localGP"
"9677",40,5,6,7,40.7675652395294,52.211813623065,"Rough","Avg. Reward Condition",20,"1",19,12,84,313,"Short",0.0821002011896983,0.822520338242884,NA,0.522996134676608,"localGP"
"9678",40,6,6,3,86.4985901727727,86.4985901727727,"Rough","Avg. Reward Condition",20,"1",19,1,40,313,"Short",0.0821002011896983,0.822520338242884,NA,0.522996134676608,"localGP"
"9679",40,7,6,2,40.0662726855817,86.4985901727727,"Rough","Avg. Reward Condition",20,"1",19,1,29,313,"Short",0.0821002011896983,0.822520338242884,NA,0.522996134676608,"localGP"
"9680",40,8,5,2,33.1124573467648,86.4985901727727,"Rough","Avg. Reward Condition",20,"1",19,3,28,313,"Short",0.0821002011896983,0.822520338242884,NA,0.522996134676608,"localGP"
"9681",40,9,6,4,77.7374692379335,86.4985901727727,"Rough","Avg. Reward Condition",20,"1",19,2,51,313,"Short",0.0821002011896983,0.822520338242884,NA,0.522996134676608,"localGP"
"9682",40,10,7,5,82.9053550398923,86.4985901727727,"Rough","Avg. Reward Condition",20,"1",19,1,63,313,"Short",0.0821002011896983,0.822520338242884,NA,0.522996134676608,"localGP"
"9683",40,11,7,4,73.3248485001287,86.4985901727727,"Rough","Avg. Reward Condition",20,"1",19,2,52,313,"Short",0.0821002011896983,0.822520338242884,NA,0.522996134676608,"localGP"
"9684",40,12,7,3,80.7703625318279,86.4985901727727,"Rough","Avg. Reward Condition",20,"1",19,1,41,313,"Short",0.0821002011896983,0.822520338242884,NA,0.522996134676608,"localGP"
"9685",40,13,7,3,80.7703625318279,86.4985901727727,"Rough","Avg. Reward Condition",20,"1",19,9,41,313,"Short",0.0821002011896983,0.822520338242884,NA,0.522996134676608,"localGP"
"9686",40,14,8,3,65.6372493724856,86.4985901727727,"Rough","Avg. Reward Condition",20,"1",19,1,42,313,"Short",0.0821002011896983,0.822520338242884,NA,0.522996134676608,"localGP"
"9687",40,15,8,4,65.4001551521178,86.4985901727727,"Rough","Avg. Reward Condition",20,"1",19,2,53,313,"Short",0.0821002011896983,0.822520338242884,NA,0.522996134676608,"localGP"
"9688",40,16,8,5,62.1217741531308,86.4985901727727,"Rough","Avg. Reward Condition",20,"1",19,3,64,313,"Short",0.0821002011896983,0.822520338242884,NA,0.522996134676608,"localGP"
"9689",40,17,6,5,64.8120312113293,86.4985901727727,"Rough","Avg. Reward Condition",20,"1",19,2,62,313,"Short",0.0821002011896983,0.822520338242884,NA,0.522996134676608,"localGP"
"9690",40,18,4,3,10.1017888022861,86.4985901727727,"Rough","Avg. Reward Condition",20,"1",19,1,38,313,"Short",0.0821002011896983,0.822520338242884,NA,0.522996134676608,"localGP"
"9691",40,19,2,3,64.1450860861758,86.4985901727727,"Rough","Avg. Reward Condition",20,"1",19,2,36,313,"Short",0.0821002011896983,0.822520338242884,NA,0.522996134676608,"localGP"
"9692",40,20,2,4,21.3736470887722,86.4985901727727,"Rough","Avg. Reward Condition",20,"1",19,3,47,313,"Short",0.0821002011896983,0.822520338242884,NA,0.522996134676608,"localGP"
"9693",40,21,2,2,85.7983244921108,86.4985901727727,"Rough","Avg. Reward Condition",20,"1",19,1,25,313,"Short",0.0821002011896983,0.822520338242884,NA,0.522996134676608,"localGP"
"9694",40,1,7,3,50.3085292278085,50.3085292278085,"Rough","Avg. Reward Condition",40,"2",2,NA,41,314,"Long",0.0795539322852909,0.699978235905327,NA,0.464121391170205,"localGP"
"9695",40,2,7,4,44.3010414414356,50.3085292278085,"Rough","Avg. Reward Condition",40,"2",2,9,52,314,"Long",0.0795539322852909,0.699978235905327,NA,0.464121391170205,"localGP"
"9696",40,3,6,4,48.9201172957826,50.3085292278085,"Rough","Avg. Reward Condition",40,"2",2,1,51,314,"Long",0.0795539322852909,0.699978235905327,NA,0.464121391170205,"localGP"
"9697",40,4,5,3,32.4134397153988,50.3085292278085,"Rough","Avg. Reward Condition",40,"2",2,1,39,314,"Long",0.0795539322852909,0.699978235905327,NA,0.464121391170205,"localGP"
"9698",40,5,10,2,42.6956940217487,50.3085292278085,"Rough","Avg. Reward Condition",40,"2",2,3,33,314,"Long",0.0795539322852909,0.699978235905327,NA,0.464121391170205,"localGP"
"9699",40,6,8,6,74.3893540286675,74.3893540286675,"Rough","Avg. Reward Condition",40,"2",2,2,75,314,"Long",0.0795539322852909,0.699978235905327,NA,0.464121391170205,"localGP"
"9700",40,7,9,1,57.6609660514136,74.3893540286675,"Rough","Avg. Reward Condition",40,"2",2,1,21,314,"Long",0.0795539322852909,0.699978235905327,NA,0.464121391170205,"localGP"
"9701",40,8,0,3,43.0590958702636,74.3893540286675,"Rough","Avg. Reward Condition",40,"2",2,2,34,314,"Long",0.0795539322852909,0.699978235905327,NA,0.464121391170205,"localGP"
"9702",40,9,0,1,65.1431397571806,74.3893540286675,"Rough","Avg. Reward Condition",40,"2",2,3,12,314,"Long",0.0795539322852909,0.699978235905327,NA,0.464121391170205,"localGP"
"9703",40,10,0,0,59.752754852951,74.3893540286675,"Rough","Avg. Reward Condition",40,"2",2,1,1,314,"Long",0.0795539322852909,0.699978235905327,NA,0.464121391170205,"localGP"
"9704",40,11,6,6,56.4950247425191,74.3893540286675,"Rough","Avg. Reward Condition",40,"2",2,7,73,314,"Long",0.0795539322852909,0.699978235905327,NA,0.464121391170205,"localGP"
"9705",40,12,8,7,27.4177147480502,74.3893540286675,"Rough","Avg. Reward Condition",40,"2",2,6,86,314,"Long",0.0795539322852909,0.699978235905327,NA,0.464121391170205,"localGP"
"9706",40,13,10,6,72.5002768176028,74.3893540286675,"Rough","Avg. Reward Condition",40,"2",2,2,77,314,"Long",0.0795539322852909,0.699978235905327,NA,0.464121391170205,"localGP"
"9707",40,14,3,0,45.8336686523861,74.3893540286675,"Rough","Avg. Reward Condition",40,"2",2,3,4,314,"Long",0.0795539322852909,0.699978235905327,NA,0.464121391170205,"localGP"
"9708",40,15,2,0,27.6666761639388,74.3893540286675,"Rough","Avg. Reward Condition",40,"2",2,3,3,314,"Long",0.0795539322852909,0.699978235905327,NA,0.464121391170205,"localGP"
"9709",40,16,2,3,39.2617782530789,74.3893540286675,"Rough","Avg. Reward Condition",40,"2",2,1,36,314,"Long",0.0795539322852909,0.699978235905327,NA,0.464121391170205,"localGP"
"9710",40,17,3,5,7.23441579303476,74.3893540286675,"Rough","Avg. Reward Condition",40,"2",2,1,59,314,"Long",0.0795539322852909,0.699978235905327,NA,0.464121391170205,"localGP"
"9711",40,18,10,7,56.407307630686,74.3893540286675,"Rough","Avg. Reward Condition",40,"2",2,2,88,314,"Long",0.0795539322852909,0.699978235905327,NA,0.464121391170205,"localGP"
"9712",40,19,6,0,43.9679034067022,74.3893540286675,"Rough","Avg. Reward Condition",40,"2",2,1,7,314,"Long",0.0795539322852909,0.699978235905327,NA,0.464121391170205,"localGP"
"9713",40,20,7,0,60.7510737906873,74.3893540286675,"Rough","Avg. Reward Condition",40,"2",2,7,8,314,"Long",0.0795539322852909,0.699978235905327,NA,0.464121391170205,"localGP"
"9714",40,21,8,0,48.9039411316688,74.3893540286675,"Rough","Avg. Reward Condition",40,"2",2,6,9,314,"Long",0.0795539322852909,0.699978235905327,NA,0.464121391170205,"localGP"
"9715",40,22,9,0,39.4161310997979,74.3893540286675,"Rough","Avg. Reward Condition",40,"2",2,4,10,314,"Long",0.0795539322852909,0.699978235905327,NA,0.464121391170205,"localGP"
"9716",40,23,9,2,19.7845577092185,74.3893540286675,"Rough","Avg. Reward Condition",40,"2",2,13,32,314,"Long",0.0795539322852909,0.699978235905327,NA,0.464121391170205,"localGP"
"9717",40,24,5,2,15.5993196852058,74.3893540286675,"Rough","Avg. Reward Condition",40,"2",2,2,28,314,"Long",0.0795539322852909,0.699978235905327,NA,0.464121391170205,"localGP"
"9718",40,25,2,2,34.4224100731259,74.3893540286675,"Rough","Avg. Reward Condition",40,"2",2,4,25,314,"Long",0.0795539322852909,0.699978235905327,NA,0.464121391170205,"localGP"
"9719",40,26,5,5,64.465937362096,74.3893540286675,"Rough","Avg. Reward Condition",40,"2",2,6,61,314,"Long",0.0795539322852909,0.699978235905327,NA,0.464121391170205,"localGP"
"9720",40,27,6,5,58.989470043494,74.3893540286675,"Rough","Avg. Reward Condition",40,"2",2,1,62,314,"Long",0.0795539322852909,0.699978235905327,NA,0.464121391170205,"localGP"
"9721",40,28,7,5,65.2858713745774,74.3893540286675,"Rough","Avg. Reward Condition",40,"2",2,2,63,314,"Long",0.0795539322852909,0.699978235905327,NA,0.464121391170205,"localGP"
"9722",40,29,8,5,82.1154481139937,82.1154481139937,"Rough","Avg. Reward Condition",40,"2",2,8,64,314,"Long",0.0795539322852909,0.699978235905327,NA,0.464121391170205,"localGP"
"9723",40,30,9,4,34.0962732882197,82.1154481139937,"Rough","Avg. Reward Condition",40,"2",2,2,54,314,"Long",0.0795539322852909,0.699978235905327,NA,0.464121391170205,"localGP"
"9724",40,31,1,8,53.0522742783677,82.1154481139937,"Rough","Avg. Reward Condition",40,"2",2,5,90,314,"Long",0.0795539322852909,0.699978235905327,NA,0.464121391170205,"localGP"
"9725",40,32,1,6,25.7521416904729,82.1154481139937,"Rough","Avg. Reward Condition",40,"2",2,2,68,314,"Long",0.0795539322852909,0.699978235905327,NA,0.464121391170205,"localGP"
"9726",40,33,9,7,24.6631121599105,82.1154481139937,"Rough","Avg. Reward Condition",40,"2",2,5,87,314,"Long",0.0795539322852909,0.699978235905327,NA,0.464121391170205,"localGP"
"9727",40,34,9,6,60.9966324493762,82.1154481139937,"Rough","Avg. Reward Condition",40,"2",2,1,76,314,"Long",0.0795539322852909,0.699978235905327,NA,0.464121391170205,"localGP"
"9728",40,35,10,6,72.5002768176028,82.1154481139937,"Rough","Avg. Reward Condition",40,"2",2,7,77,314,"Long",0.0795539322852909,0.699978235905327,NA,0.464121391170205,"localGP"
"9729",40,36,1,2,35.3675070791492,82.1154481139937,"Rough","Avg. Reward Condition",40,"2",2,1,24,314,"Long",0.0795539322852909,0.699978235905327,NA,0.464121391170205,"localGP"
"9730",40,37,0,2,52.0793629083007,82.1154481139937,"Rough","Avg. Reward Condition",40,"2",2,1,23,314,"Long",0.0795539322852909,0.699978235905327,NA,0.464121391170205,"localGP"
"9731",40,38,7,0,60.7510737906873,82.1154481139937,"Rough","Avg. Reward Condition",40,"2",2,3,8,314,"Long",0.0795539322852909,0.699978235905327,NA,0.464121391170205,"localGP"
"9732",40,39,7,1,46.9542697073233,82.1154481139937,"Rough","Avg. Reward Condition",40,"2",2,3,19,314,"Long",0.0795539322852909,0.699978235905327,NA,0.464121391170205,"localGP"
"9733",40,40,6,2,42.0874642193021,82.1154481139937,"Rough","Avg. Reward Condition",40,"2",2,1,29,314,"Long",0.0795539322852909,0.699978235905327,NA,0.464121391170205,"localGP"
"9734",40,41,6,8,43.1819250906555,82.1154481139937,"Rough","Avg. Reward Condition",40,"2",2,1,95,314,"Long",0.0795539322852909,0.699978235905327,NA,0.464121391170205,"localGP"
"9735",40,1,2,4,50.1349691465134,50.1349691465134,"Rough","Avg. Reward Condition",20,"3",6,NA,47,315,"Short",0.0762232266411527,0.860139971896354,NA,0.462394775094356,"localGP"
"9736",40,2,3,3,53.304494443318,53.304494443318,"Rough","Avg. Reward Condition",20,"3",6,2,37,315,"Short",0.0762232266411527,0.860139971896354,NA,0.462394775094356,"localGP"
"9737",40,3,3,4,19.5910841909591,53.304494443318,"Rough","Avg. Reward Condition",20,"3",6,1,48,315,"Short",0.0762232266411527,0.860139971896354,NA,0.462394775094356,"localGP"
"9738",40,4,9,6,38.8361127963237,53.304494443318,"Rough","Avg. Reward Condition",20,"3",6,2,76,315,"Short",0.0762232266411527,0.860139971896354,NA,0.462394775094356,"localGP"
"9739",40,5,1,2,44.6789211207644,53.304494443318,"Rough","Avg. Reward Condition",20,"3",6,1,24,315,"Short",0.0762232266411527,0.860139971896354,NA,0.462394775094356,"localGP"
"9740",40,6,2,2,34.5579265575561,53.304494443318,"Rough","Avg. Reward Condition",20,"3",6,2,25,315,"Short",0.0762232266411527,0.860139971896354,NA,0.462394775094356,"localGP"
"9741",40,7,3,2,33.1157535503822,53.304494443318,"Rough","Avg. Reward Condition",20,"3",6,1,26,315,"Short",0.0762232266411527,0.860139971896354,NA,0.462394775094356,"localGP"
"9742",40,8,1,0,52.332367066322,53.304494443318,"Rough","Avg. Reward Condition",20,"3",6,2,2,315,"Short",0.0762232266411527,0.860139971896354,NA,0.462394775094356,"localGP"
"9743",40,9,2,0,68.5922918789332,68.5922918789332,"Rough","Avg. Reward Condition",20,"3",6,1,3,315,"Short",0.0762232266411527,0.860139971896354,NA,0.462394775094356,"localGP"
"9744",40,10,3,0,63.3554027374264,68.5922918789332,"Rough","Avg. Reward Condition",20,"3",6,16,4,315,"Short",0.0762232266411527,0.860139971896354,NA,0.462394775094356,"localGP"
"9745",40,11,0,2,64.4680936879448,68.5922918789332,"Rough","Avg. Reward Condition",20,"3",6,2,23,315,"Short",0.0762232266411527,0.860139971896354,NA,0.462394775094356,"localGP"
"9746",40,12,9,2,38.9021292283964,68.5922918789332,"Rough","Avg. Reward Condition",20,"3",6,5,32,315,"Short",0.0762232266411527,0.860139971896354,NA,0.462394775094356,"localGP"
"9747",40,13,10,10,61.5766654698321,68.5922918789332,"Rough","Avg. Reward Condition",20,"3",6,1,121,315,"Short",0.0762232266411527,0.860139971896354,NA,0.462394775094356,"localGP"
"9748",40,14,9,10,34.3418785557881,68.5922918789332,"Rough","Avg. Reward Condition",20,"3",6,1,120,315,"Short",0.0762232266411527,0.860139971896354,NA,0.462394775094356,"localGP"
"9749",40,15,6,1,58.9505924012191,68.5922918789332,"Rough","Avg. Reward Condition",20,"3",6,1,18,315,"Short",0.0762232266411527,0.860139971896354,NA,0.462394775094356,"localGP"
"9750",40,16,6,0,94.4963050018738,94.4963050018738,"Rough","Avg. Reward Condition",20,"3",6,2,7,315,"Short",0.0762232266411527,0.860139971896354,NA,0.462394775094356,"localGP"
"9751",40,17,5,0,91.7432297732024,94.4963050018738,"Rough","Avg. Reward Condition",20,"3",6,1,6,315,"Short",0.0762232266411527,0.860139971896354,NA,0.462394775094356,"localGP"
"9752",40,18,5,1,54.7135189925466,94.4963050018738,"Rough","Avg. Reward Condition",20,"3",6,1,17,315,"Short",0.0762232266411527,0.860139971896354,NA,0.462394775094356,"localGP"
"9753",40,19,10,8,49.0427197755467,94.4963050018738,"Rough","Avg. Reward Condition",20,"3",6,1,99,315,"Short",0.0762232266411527,0.860139971896354,NA,0.462394775094356,"localGP"
"9754",40,20,9,8,81.6907585501877,94.4963050018738,"Rough","Avg. Reward Condition",20,"3",6,1,98,315,"Short",0.0762232266411527,0.860139971896354,NA,0.462394775094356,"localGP"
"9755",40,21,8,8,59.0034109397581,94.4963050018738,"Rough","Avg. Reward Condition",20,"3",6,2,97,315,"Short",0.0762232266411527,0.860139971896354,NA,0.462394775094356,"localGP"
"9756",40,1,7,2,55.9275751413252,55.9275751413252,"Rough","Avg. Reward Condition",40,"4",4,NA,30,316,"Long",0.0893584290692399,0.744415548051471,NA,0.51204998559554,"localGP"
"9757",40,2,6,2,47.7797456303013,55.9275751413252,"Rough","Avg. Reward Condition",40,"4",4,1,29,316,"Long",0.0893584290692399,0.744415548051471,NA,0.51204998559554,"localGP"
"9758",40,3,6,3,49.7582235748205,55.9275751413252,"Rough","Avg. Reward Condition",40,"4",4,2,40,316,"Long",0.0893584290692399,0.744415548051471,NA,0.51204998559554,"localGP"
"9759",40,4,6,4,15.4794174054474,55.9275751413252,"Rough","Avg. Reward Condition",40,"4",4,1,51,316,"Long",0.0893584290692399,0.744415548051471,NA,0.51204998559554,"localGP"
"9760",40,5,2,9,75.1501969131058,75.1501969131058,"Rough","Avg. Reward Condition",40,"4",4,2,102,316,"Long",0.0893584290692399,0.744415548051471,NA,0.51204998559554,"localGP"
"9761",40,6,2,10,54.5646114683312,75.1501969131058,"Rough","Avg. Reward Condition",40,"4",4,2,113,316,"Long",0.0893584290692399,0.744415548051471,NA,0.51204998559554,"localGP"
"9762",40,7,1,10,30.8155263252467,75.1501969131058,"Rough","Avg. Reward Condition",40,"4",4,11,112,316,"Long",0.0893584290692399,0.744415548051471,NA,0.51204998559554,"localGP"
"9763",40,8,0,10,18.0477374151467,75.1501969131058,"Rough","Avg. Reward Condition",40,"4",4,7,111,316,"Long",0.0893584290692399,0.744415548051471,NA,0.51204998559554,"localGP"
"9764",40,9,0,9,36.6552465782619,75.1501969131058,"Rough","Avg. Reward Condition",40,"4",4,1,100,316,"Long",0.0893584290692399,0.744415548051471,NA,0.51204998559554,"localGP"
"9765",40,10,3,10,56.7304025391651,75.1501969131058,"Rough","Avg. Reward Condition",40,"4",4,2,114,316,"Long",0.0893584290692399,0.744415548051471,NA,0.51204998559554,"localGP"
"9766",40,11,3,9,71.5447698498277,75.1501969131058,"Rough","Avg. Reward Condition",40,"4",4,2,103,316,"Long",0.0893584290692399,0.744415548051471,NA,0.51204998559554,"localGP"
"9767",40,12,4,9,45.2552162388682,75.1501969131058,"Rough","Avg. Reward Condition",40,"4",4,1,104,316,"Long",0.0893584290692399,0.744415548051471,NA,0.51204998559554,"localGP"
"9768",40,13,4,8,61.3580746780693,75.1501969131058,"Rough","Avg. Reward Condition",40,"4",4,1,93,316,"Long",0.0893584290692399,0.744415548051471,NA,0.51204998559554,"localGP"
"9769",40,14,0,4,3.98967104504308,75.1501969131058,"Rough","Avg. Reward Condition",40,"4",4,0,45,316,"Long",0.0893584290692399,0.744415548051471,NA,0.51204998559554,"localGP"
"9770",40,15,1,7,1.24285436035292,75.1501969131058,"Rough","Avg. Reward Condition",40,"4",4,1,79,316,"Long",0.0893584290692399,0.744415548051471,NA,0.51204998559554,"localGP"
"9771",40,16,1,3,33.9598820273487,75.1501969131058,"Rough","Avg. Reward Condition",40,"4",4,1,35,316,"Long",0.0893584290692399,0.744415548051471,NA,0.51204998559554,"localGP"
"9772",40,17,1,2,73.4445687616828,75.1501969131058,"Rough","Avg. Reward Condition",40,"4",4,0,24,316,"Long",0.0893584290692399,0.744415548051471,NA,0.51204998559554,"localGP"
"9773",40,18,1,7,1.24285436035292,75.1501969131058,"Rough","Avg. Reward Condition",40,"4",4,1,79,316,"Long",0.0893584290692399,0.744415548051471,NA,0.51204998559554,"localGP"
"9774",40,19,9,4,51.3835658310019,75.1501969131058,"Rough","Avg. Reward Condition",40,"4",4,3,54,316,"Long",0.0893584290692399,0.744415548051471,NA,0.51204998559554,"localGP"
"9775",40,20,10,4,26.9255221357028,75.1501969131058,"Rough","Avg. Reward Condition",40,"4",4,17,55,316,"Long",0.0893584290692399,0.744415548051471,NA,0.51204998559554,"localGP"
"9776",40,21,10,3,29.4064021858765,75.1501969131058,"Rough","Avg. Reward Condition",40,"4",4,1,44,316,"Long",0.0893584290692399,0.744415548051471,NA,0.51204998559554,"localGP"
"9777",40,22,10,2,51.2894760836585,75.1501969131058,"Rough","Avg. Reward Condition",40,"4",4,2,33,316,"Long",0.0893584290692399,0.744415548051471,NA,0.51204998559554,"localGP"
"9778",40,23,8,1,47.0627415324652,75.1501969131058,"Rough","Avg. Reward Condition",40,"4",4,2,20,316,"Long",0.0893584290692399,0.744415548051471,NA,0.51204998559554,"localGP"
"9779",40,24,7,1,40.8192453000824,75.1501969131058,"Rough","Avg. Reward Condition",40,"4",4,3,19,316,"Long",0.0893584290692399,0.744415548051471,NA,0.51204998559554,"localGP"
"9780",40,25,0,6,25.7438670840663,75.1501969131058,"Rough","Avg. Reward Condition",40,"4",4,2,67,316,"Long",0.0893584290692399,0.744415548051471,NA,0.51204998559554,"localGP"
"9781",40,26,4,6,62.1617444201005,75.1501969131058,"Rough","Avg. Reward Condition",40,"4",4,1,71,316,"Long",0.0893584290692399,0.744415548051471,NA,0.51204998559554,"localGP"
"9782",40,27,5,6,67.055437287635,75.1501969131058,"Rough","Avg. Reward Condition",40,"4",4,1,72,316,"Long",0.0893584290692399,0.744415548051471,NA,0.51204998559554,"localGP"
"9783",40,28,5,5,32.848866860403,75.1501969131058,"Rough","Avg. Reward Condition",40,"4",4,1,61,316,"Long",0.0893584290692399,0.744415548051471,NA,0.51204998559554,"localGP"
"9784",40,29,5,6,67.055437287635,75.1501969131058,"Rough","Avg. Reward Condition",40,"4",4,1,72,316,"Long",0.0893584290692399,0.744415548051471,NA,0.51204998559554,"localGP"
"9785",40,30,5,9,23.8348743374816,75.1501969131058,"Rough","Avg. Reward Condition",40,"4",4,4,105,316,"Long",0.0893584290692399,0.744415548051471,NA,0.51204998559554,"localGP"
"9786",40,31,7,9,44.9040563122342,75.1501969131058,"Rough","Avg. Reward Condition",40,"4",4,1,107,316,"Long",0.0893584290692399,0.744415548051471,NA,0.51204998559554,"localGP"
"9787",40,32,9,5,68.6489850017742,75.1501969131058,"Rough","Avg. Reward Condition",40,"4",4,2,65,316,"Long",0.0893584290692399,0.744415548051471,NA,0.51204998559554,"localGP"
"9788",40,33,10,5,13.5240325022362,75.1501969131058,"Rough","Avg. Reward Condition",40,"4",4,7,66,316,"Long",0.0893584290692399,0.744415548051471,NA,0.51204998559554,"localGP"
"9789",40,34,0,5,22.8294473469867,75.1501969131058,"Rough","Avg. Reward Condition",40,"4",4,9,56,316,"Long",0.0893584290692399,0.744415548051471,NA,0.51204998559554,"localGP"
"9790",40,35,7,4,41.2492240825344,75.1501969131058,"Rough","Avg. Reward Condition",40,"4",4,1,52,316,"Long",0.0893584290692399,0.744415548051471,NA,0.51204998559554,"localGP"
"9791",40,36,8,4,73.0063845921063,75.1501969131058,"Rough","Avg. Reward Condition",40,"4",4,1,53,316,"Long",0.0893584290692399,0.744415548051471,NA,0.51204998559554,"localGP"
"9792",40,37,8,3,59.0490578971639,75.1501969131058,"Rough","Avg. Reward Condition",40,"4",4,2,42,316,"Long",0.0893584290692399,0.744415548051471,NA,0.51204998559554,"localGP"
"9793",40,38,7,3,65.7956842559425,75.1501969131058,"Rough","Avg. Reward Condition",40,"4",4,1,41,316,"Long",0.0893584290692399,0.744415548051471,NA,0.51204998559554,"localGP"
"9794",40,39,8,0,39.2746651521329,75.1501969131058,"Rough","Avg. Reward Condition",40,"4",4,1,9,316,"Long",0.0893584290692399,0.744415548051471,NA,0.51204998559554,"localGP"
"9795",40,40,7,2,55.9275751413252,75.1501969131058,"Rough","Avg. Reward Condition",40,"4",4,3,30,316,"Long",0.0893584290692399,0.744415548051471,NA,0.51204998559554,"localGP"
"9796",40,41,2,1,51.6085825276977,75.1501969131058,"Rough","Avg. Reward Condition",40,"4",4,2,14,316,"Long",0.0893584290692399,0.744415548051471,NA,0.51204998559554,"localGP"
"9797",40,1,8,2,57.307222927851,57.307222927851,"Rough","Avg. Reward Condition",20,"5",10,NA,31,317,"Short",0.0720591562972742,0.917160237614411,NA,0.4952642357329,"localGP"
"9798",40,2,8,4,41.0480159470735,57.307222927851,"Rough","Avg. Reward Condition",20,"5",10,1,53,317,"Short",0.0720591562972742,0.917160237614411,NA,0.4952642357329,"localGP"
"9799",40,3,8,1,54.5000391285094,57.307222927851,"Rough","Avg. Reward Condition",20,"5",10,0,20,317,"Short",0.0720591562972742,0.917160237614411,NA,0.4952642357329,"localGP"
"9800",40,4,4,9,0,57.307222927851,"Rough","Avg. Reward Condition",20,"5",10,2,104,317,"Short",0.0720591562972742,0.917160237614411,NA,0.4952642357329,"localGP"
"9801",40,5,5,1,61.2403460186364,61.2403460186364,"Rough","Avg. Reward Condition",20,"5",10,2,17,317,"Short",0.0720591562972742,0.917160237614411,NA,0.4952642357329,"localGP"
"9802",40,6,5,2,78.8586431174006,78.8586431174006,"Rough","Avg. Reward Condition",20,"5",10,16,28,317,"Short",0.0720591562972742,0.917160237614411,NA,0.4952642357329,"localGP"
"9803",40,7,9,3,43.0768959430653,78.8586431174006,"Rough","Avg. Reward Condition",20,"5",10,1,43,317,"Short",0.0720591562972742,0.917160237614411,NA,0.4952642357329,"localGP"
"9804",40,8,4,1,57.1643827547163,78.8586431174006,"Rough","Avg. Reward Condition",20,"5",10,2,16,317,"Short",0.0720591562972742,0.917160237614411,NA,0.4952642357329,"localGP"
"9805",40,9,4,2,49.5824885929655,78.8586431174006,"Rough","Avg. Reward Condition",20,"5",10,1,27,317,"Short",0.0720591562972742,0.917160237614411,NA,0.4952642357329,"localGP"
"9806",40,10,9,0,60.0001478018408,78.8586431174006,"Rough","Avg. Reward Condition",20,"5",10,2,10,317,"Short",0.0720591562972742,0.917160237614411,NA,0.4952642357329,"localGP"
"9807",40,11,10,0,84.6666987950257,84.6666987950257,"Rough","Avg. Reward Condition",20,"5",10,3,11,317,"Short",0.0720591562972742,0.917160237614411,NA,0.4952642357329,"localGP"
"9808",40,12,10,1,53.7965897663895,84.6666987950257,"Rough","Avg. Reward Condition",20,"5",10,1,22,317,"Short",0.0720591562972742,0.917160237614411,NA,0.4952642357329,"localGP"
"9809",40,13,10,0,84.6666987950257,84.6666987950257,"Rough","Avg. Reward Condition",20,"5",10,2,11,317,"Short",0.0720591562972742,0.917160237614411,NA,0.4952642357329,"localGP"
"9810",40,14,8,0,51.8507217555431,84.6666987950257,"Rough","Avg. Reward Condition",20,"5",10,1,9,317,"Short",0.0720591562972742,0.917160237614411,NA,0.4952642357329,"localGP"
"9811",40,15,7,3,51.9507469793725,84.6666987950257,"Rough","Avg. Reward Condition",20,"5",10,2,41,317,"Short",0.0720591562972742,0.917160237614411,NA,0.4952642357329,"localGP"
"9812",40,16,6,3,73.4359730531231,84.6666987950257,"Rough","Avg. Reward Condition",20,"5",10,1,40,317,"Short",0.0720591562972742,0.917160237614411,NA,0.4952642357329,"localGP"
"9813",40,17,0,6,44.4460602497273,84.6666987950257,"Rough","Avg. Reward Condition",20,"5",10,3,67,317,"Short",0.0720591562972742,0.917160237614411,NA,0.4952642357329,"localGP"
"9814",40,18,6,6,43.5674810058941,84.6666987950257,"Rough","Avg. Reward Condition",20,"5",10,3,73,317,"Short",0.0720591562972742,0.917160237614411,NA,0.4952642357329,"localGP"
"9815",40,19,6,5,50.4304471190936,84.6666987950257,"Rough","Avg. Reward Condition",20,"5",10,4,62,317,"Short",0.0720591562972742,0.917160237614411,NA,0.4952642357329,"localGP"
"9816",40,20,4,0,53.850860567956,84.6666987950257,"Rough","Avg. Reward Condition",20,"5",10,4,5,317,"Short",0.0720591562972742,0.917160237614411,NA,0.4952642357329,"localGP"
"9817",40,21,2,1,47.2554577886934,84.6666987950257,"Rough","Avg. Reward Condition",20,"5",10,1,14,317,"Short",0.0720591562972742,0.917160237614411,NA,0.4952642357329,"localGP"
"9818",40,1,8,9,60.550993033302,60.550993033302,"Rough","Avg. Reward Condition",40,"6",11,NA,108,318,"Long",0.0852961475710351,0.717104823569498,NA,0.514604862814956,"localGP"
"9819",40,2,7,9,39.2512889710385,60.550993033302,"Rough","Avg. Reward Condition",40,"6",11,1,107,318,"Long",0.0852961475710351,0.717104823569498,NA,0.514604862814956,"localGP"
"9820",40,3,6,9,46.6920205360619,60.550993033302,"Rough","Avg. Reward Condition",40,"6",11,9,106,318,"Long",0.0852961475710351,0.717104823569498,NA,0.514604862814956,"localGP"
"9821",40,4,6,10,64.4156192445451,64.4156192445451,"Rough","Avg. Reward Condition",40,"6",11,1,117,318,"Long",0.0852961475710351,0.717104823569498,NA,0.514604862814956,"localGP"
"9822",40,5,5,10,87.2658829250153,87.2658829250153,"Rough","Avg. Reward Condition",40,"6",11,7,116,318,"Long",0.0852961475710351,0.717104823569498,NA,0.514604862814956,"localGP"
"9823",40,6,4,10,100,100,"Rough","Avg. Reward Condition",40,"6",11,2,115,318,"Long",0.0852961475710351,0.717104823569498,NA,0.514604862814956,"localGP"
"9824",40,7,3,10,47.1514098553432,100,"Rough","Avg. Reward Condition",40,"6",11,2,114,318,"Long",0.0852961475710351,0.717104823569498,NA,0.514604862814956,"localGP"
"9825",40,8,4,10,100,100,"Rough","Avg. Reward Condition",40,"6",11,8,115,318,"Long",0.0852961475710351,0.717104823569498,NA,0.514604862814956,"localGP"
"9826",40,9,7,0,40.544681620344,100,"Rough","Avg. Reward Condition",40,"6",11,1,8,318,"Long",0.0852961475710351,0.717104823569498,NA,0.514604862814956,"localGP"
"9827",40,10,3,5,0,100,"Rough","Avg. Reward Condition",40,"6",11,2,59,318,"Long",0.0852961475710351,0.717104823569498,NA,0.514604862814956,"localGP"
"9828",40,11,3,6,2.87635542151745,100,"Rough","Avg. Reward Condition",40,"6",11,0,70,318,"Long",0.0852961475710351,0.717104823569498,NA,0.514604862814956,"localGP"
"9829",40,12,10,4,30.4922270378704,100,"Rough","Avg. Reward Condition",40,"6",11,1,55,318,"Long",0.0852961475710351,0.717104823569498,NA,0.514604862814956,"localGP"
"9830",40,13,10,5,24.0277528362219,100,"Rough","Avg. Reward Condition",40,"6",11,3,66,318,"Long",0.0852961475710351,0.717104823569498,NA,0.514604862814956,"localGP"
"9831",40,14,10,9,24.963535638827,100,"Rough","Avg. Reward Condition",40,"6",11,10,110,318,"Long",0.0852961475710351,0.717104823569498,NA,0.514604862814956,"localGP"
"9832",40,15,7,10,44.763338085442,100,"Rough","Avg. Reward Condition",40,"6",11,3,118,318,"Long",0.0852961475710351,0.717104823569498,NA,0.514604862814956,"localGP"
"9833",40,16,6,7,34.4381373712981,100,"Rough","Avg. Reward Condition",40,"6",11,0,84,318,"Long",0.0852961475710351,0.717104823569498,NA,0.514604862814956,"localGP"
"9834",40,17,6,6,71.604411900564,100,"Rough","Avg. Reward Condition",40,"6",11,8,73,318,"Long",0.0852961475710351,0.717104823569498,NA,0.514604862814956,"localGP"
"9835",40,18,5,6,49.4392607625957,100,"Rough","Avg. Reward Condition",40,"6",11,3,72,318,"Long",0.0852961475710351,0.717104823569498,NA,0.514604862814956,"localGP"
"9836",40,19,4,8,79.4784884383396,100,"Rough","Avg. Reward Condition",40,"6",11,1,93,318,"Long",0.0852961475710351,0.717104823569498,NA,0.514604862814956,"localGP"
"9837",40,20,4,9,78.163385341713,100,"Rough","Avg. Reward Condition",40,"6",11,1,104,318,"Long",0.0852961475710351,0.717104823569498,NA,0.514604862814956,"localGP"
"9838",40,21,5,9,67.3684283417963,100,"Rough","Avg. Reward Condition",40,"6",11,2,105,318,"Long",0.0852961475710351,0.717104823569498,NA,0.514604862814956,"localGP"
"9839",40,22,5,8,54.8387102771574,100,"Rough","Avg. Reward Condition",40,"6",11,1,94,318,"Long",0.0852961475710351,0.717104823569498,NA,0.514604862814956,"localGP"
"9840",40,23,5,7,51.7565921683248,100,"Rough","Avg. Reward Condition",40,"6",11,2,83,318,"Long",0.0852961475710351,0.717104823569498,NA,0.514604862814956,"localGP"
"9841",40,24,4,7,65.5617086800568,100,"Rough","Avg. Reward Condition",40,"6",11,1,82,318,"Long",0.0852961475710351,0.717104823569498,NA,0.514604862814956,"localGP"
"9842",40,25,10,1,6.63857271825725,100,"Rough","Avg. Reward Condition",40,"6",11,1,22,318,"Long",0.0852961475710351,0.717104823569498,NA,0.514604862814956,"localGP"
"9843",40,26,7,3,55.8044866187351,100,"Rough","Avg. Reward Condition",40,"6",11,1,41,318,"Long",0.0852961475710351,0.717104823569498,NA,0.514604862814956,"localGP"
"9844",40,27,8,3,49.8615329660386,100,"Rough","Avg. Reward Condition",40,"6",11,2,42,318,"Long",0.0852961475710351,0.717104823569498,NA,0.514604862814956,"localGP"
"9845",40,28,8,4,42.7763415301342,100,"Rough","Avg. Reward Condition",40,"6",11,1,53,318,"Long",0.0852961475710351,0.717104823569498,NA,0.514604862814956,"localGP"
"9846",40,29,1,5,17.0308109764636,100,"Rough","Avg. Reward Condition",40,"6",11,10,57,318,"Long",0.0852961475710351,0.717104823569498,NA,0.514604862814956,"localGP"
"9847",40,30,1,4,21.9699335445303,100,"Rough","Avg. Reward Condition",40,"6",11,1,46,318,"Long",0.0852961475710351,0.717104823569498,NA,0.514604862814956,"localGP"
"9848",40,31,2,4,24.879382735305,100,"Rough","Avg. Reward Condition",40,"6",11,0,47,318,"Long",0.0852961475710351,0.717104823569498,NA,0.514604862814956,"localGP"
"9849",40,32,2,2,56.4101435079015,100,"Rough","Avg. Reward Condition",40,"6",11,2,25,318,"Long",0.0852961475710351,0.717104823569498,NA,0.514604862814956,"localGP"
"9850",40,33,3,2,46.913663419152,100,"Rough","Avg. Reward Condition",40,"6",11,4,26,318,"Long",0.0852961475710351,0.717104823569498,NA,0.514604862814956,"localGP"
"9851",40,34,7,2,35.7041281850423,100,"Rough","Avg. Reward Condition",40,"6",11,1,30,318,"Long",0.0852961475710351,0.717104823569498,NA,0.514604862814956,"localGP"
"9852",40,35,8,2,27.9169058810438,100,"Rough","Avg. Reward Condition",40,"6",11,3,31,318,"Long",0.0852961475710351,0.717104823569498,NA,0.514604862814956,"localGP"
"9853",40,36,9,2,22.5222349190201,100,"Rough","Avg. Reward Condition",40,"6",11,11,32,318,"Long",0.0852961475710351,0.717104823569498,NA,0.514604862814956,"localGP"
"9854",40,37,9,8,43.5318799562685,100,"Rough","Avg. Reward Condition",40,"6",11,5,98,318,"Long",0.0852961475710351,0.717104823569498,NA,0.514604862814956,"localGP"
"9855",40,38,9,5,4.84185863158433,100,"Rough","Avg. Reward Condition",40,"6",11,1,65,318,"Long",0.0852961475710351,0.717104823569498,NA,0.514604862814956,"localGP"
"9856",40,39,9,6,44.0877983401219,100,"Rough","Avg. Reward Condition",40,"6",11,2,76,318,"Long",0.0852961475710351,0.717104823569498,NA,0.514604862814956,"localGP"
"9857",40,40,10,6,33.4645988807569,100,"Rough","Avg. Reward Condition",40,"6",11,1,77,318,"Long",0.0852961475710351,0.717104823569498,NA,0.514604862814956,"localGP"
"9858",40,41,0,7,87.1881878039336,100,"Rough","Avg. Reward Condition",40,"6",11,2,78,318,"Long",0.0852961475710351,0.717104823569498,NA,0.514604862814956,"localGP"
"9859",40,1,1,4,55.5969206133783,55.5969206133783,"Rough","Avg. Reward Condition",20,"7",8,NA,46,319,"Short",0.0816074213404462,0.844104033854963,NA,0.490290483469047,"localGP"
"9860",40,2,2,4,66.8505188208105,66.8505188208105,"Rough","Avg. Reward Condition",20,"7",8,1,47,319,"Short",0.0816074213404462,0.844104033854963,NA,0.490290483469047,"localGP"
"9861",40,3,2,3,53.3062519651342,66.8505188208105,"Rough","Avg. Reward Condition",20,"7",8,1,36,319,"Short",0.0816074213404462,0.844104033854963,NA,0.490290483469047,"localGP"
"9862",40,4,2,2,48.0793702112335,66.8505188208105,"Rough","Avg. Reward Condition",20,"7",8,3,25,319,"Short",0.0816074213404462,0.844104033854963,NA,0.490290483469047,"localGP"
"9863",40,5,6,4,36.4469567949386,66.8505188208105,"Rough","Avg. Reward Condition",20,"7",8,1,51,319,"Short",0.0816074213404462,0.844104033854963,NA,0.490290483469047,"localGP"
"9864",40,6,6,3,42.0646455997222,66.8505188208105,"Rough","Avg. Reward Condition",20,"7",8,3,40,319,"Short",0.0816074213404462,0.844104033854963,NA,0.490290483469047,"localGP"
"9865",40,7,6,2,38.3671913678501,66.8505188208105,"Rough","Avg. Reward Condition",20,"7",8,4,29,319,"Short",0.0816074213404462,0.844104033854963,NA,0.490290483469047,"localGP"
"9866",40,8,7,3,34.6479005726558,66.8505188208105,"Rough","Avg. Reward Condition",20,"7",8,16,41,319,"Short",0.0816074213404462,0.844104033854963,NA,0.490290483469047,"localGP"
"9867",40,9,4,8,69.4439461709685,69.4439461709685,"Rough","Avg. Reward Condition",20,"7",8,1,93,319,"Short",0.0816074213404462,0.844104033854963,NA,0.490290483469047,"localGP"
"9868",40,10,3,8,44.1553815422113,69.4439461709685,"Rough","Avg. Reward Condition",20,"7",8,2,92,319,"Short",0.0816074213404462,0.844104033854963,NA,0.490290483469047,"localGP"
"9869",40,11,3,7,79.3800074226317,79.3800074226317,"Rough","Avg. Reward Condition",20,"7",8,1,81,319,"Short",0.0816074213404462,0.844104033854963,NA,0.490290483469047,"localGP"
"9870",40,12,4,7,87.7929185379322,87.7929185379322,"Rough","Avg. Reward Condition",20,"7",8,1,82,319,"Short",0.0816074213404462,0.844104033854963,NA,0.490290483469047,"localGP"
"9871",40,13,3,6,92.3422522413602,92.3422522413602,"Rough","Avg. Reward Condition",20,"7",8,1,70,319,"Short",0.0816074213404462,0.844104033854963,NA,0.490290483469047,"localGP"
"9872",40,14,4,6,92.5612285235121,92.5612285235121,"Rough","Avg. Reward Condition",20,"7",8,2,71,319,"Short",0.0816074213404462,0.844104033854963,NA,0.490290483469047,"localGP"
"9873",40,15,4,5,81.9160830308222,92.5612285235121,"Rough","Avg. Reward Condition",20,"7",8,1,60,319,"Short",0.0816074213404462,0.844104033854963,NA,0.490290483469047,"localGP"
"9874",40,16,5,5,30.4344249743654,92.5612285235121,"Rough","Avg. Reward Condition",20,"7",8,1,61,319,"Short",0.0816074213404462,0.844104033854963,NA,0.490290483469047,"localGP"
"9875",40,17,5,6,43.2423959719255,92.5612285235121,"Rough","Avg. Reward Condition",20,"7",8,3,72,319,"Short",0.0816074213404462,0.844104033854963,NA,0.490290483469047,"localGP"
"9876",40,18,4,4,51.2326654593487,92.5612285235121,"Rough","Avg. Reward Condition",20,"7",8,1,49,319,"Short",0.0816074213404462,0.844104033854963,NA,0.490290483469047,"localGP"
"9877",40,19,3,4,81.3649995175119,92.5612285235121,"Rough","Avg. Reward Condition",20,"7",8,1,48,319,"Short",0.0816074213404462,0.844104033854963,NA,0.490290483469047,"localGP"
"9878",40,20,3,5,100,100,"Rough","Avg. Reward Condition",20,"7",8,1,59,319,"Short",0.0816074213404462,0.844104033854963,NA,0.490290483469047,"localGP"
"9879",40,21,2,5,73.2302297303204,100,"Rough","Avg. Reward Condition",20,"7",8,1,58,319,"Short",0.0816074213404462,0.844104033854963,NA,0.490290483469047,"localGP"
"9880",40,1,3,6,54.3433653304578,54.3433653304578,"Rough","Avg. Reward Condition",40,"8",15,NA,70,320,"Long",0.0826826174701333,0.744493648459334,NA,0.458353601269971,"localGP"
"9881",40,2,4,6,37.3241203107058,54.3433653304578,"Rough","Avg. Reward Condition",40,"8",15,1,71,320,"Long",0.0826826174701333,0.744493648459334,NA,0.458353601269971,"localGP"
"9882",40,3,10,8,45.4103222140062,54.3433653304578,"Rough","Avg. Reward Condition",40,"8",15,1,99,320,"Long",0.0826826174701333,0.744493648459334,NA,0.458353601269971,"localGP"
"9883",40,4,9,8,42.7391657259998,54.3433653304578,"Rough","Avg. Reward Condition",40,"8",15,1,98,320,"Long",0.0826826174701333,0.744493648459334,NA,0.458353601269971,"localGP"
"9884",40,5,9,3,76.9729164746691,76.9729164746691,"Rough","Avg. Reward Condition",40,"8",15,2,43,320,"Long",0.0826826174701333,0.744493648459334,NA,0.458353601269971,"localGP"
"9885",40,6,8,3,71.8089338593077,76.9729164746691,"Rough","Avg. Reward Condition",40,"8",15,1,42,320,"Long",0.0826826174701333,0.744493648459334,NA,0.458353601269971,"localGP"
"9886",40,7,8,2,70.4382048809147,76.9729164746691,"Rough","Avg. Reward Condition",40,"8",15,2,31,320,"Long",0.0826826174701333,0.744493648459334,NA,0.458353601269971,"localGP"
"9887",40,8,7,2,69.9700174342543,76.9729164746691,"Rough","Avg. Reward Condition",40,"8",15,1,30,320,"Long",0.0826826174701333,0.744493648459334,NA,0.458353601269971,"localGP"
"9888",40,9,7,1,69.5543869014774,76.9729164746691,"Rough","Avg. Reward Condition",40,"8",15,1,19,320,"Long",0.0826826174701333,0.744493648459334,NA,0.458353601269971,"localGP"
"9889",40,10,9,2,80.7274963103288,80.7274963103288,"Rough","Avg. Reward Condition",40,"8",15,2,32,320,"Long",0.0826826174701333,0.744493648459334,NA,0.458353601269971,"localGP"
"9890",40,11,9,1,71.6538266812366,80.7274963103288,"Rough","Avg. Reward Condition",40,"8",15,1,21,320,"Long",0.0826826174701333,0.744493648459334,NA,0.458353601269971,"localGP"
"9891",40,12,8,2,70.4382048809147,80.7274963103288,"Rough","Avg. Reward Condition",40,"8",15,2,31,320,"Long",0.0826826174701333,0.744493648459334,NA,0.458353601269971,"localGP"
"9892",40,13,7,9,49.4458088899389,80.7274963103288,"Rough","Avg. Reward Condition",40,"8",15,1,107,320,"Long",0.0826826174701333,0.744493648459334,NA,0.458353601269971,"localGP"
"9893",40,14,7,8,69.8476397875391,80.7274963103288,"Rough","Avg. Reward Condition",40,"8",15,1,96,320,"Long",0.0826826174701333,0.744493648459334,NA,0.458353601269971,"localGP"
"9894",40,15,6,8,37.9895676228476,80.7274963103288,"Rough","Avg. Reward Condition",40,"8",15,1,95,320,"Long",0.0826826174701333,0.744493648459334,NA,0.458353601269971,"localGP"
"9895",40,16,6,7,41.6142577670901,80.7274963103288,"Rough","Avg. Reward Condition",40,"8",15,2,84,320,"Long",0.0826826174701333,0.744493648459334,NA,0.458353601269971,"localGP"
"9896",40,17,8,7,53.4490280982268,80.7274963103288,"Rough","Avg. Reward Condition",40,"8",15,1,86,320,"Long",0.0826826174701333,0.744493648459334,NA,0.458353601269971,"localGP"
"9897",40,18,8,1,63.1293377459291,80.7274963103288,"Rough","Avg. Reward Condition",40,"8",15,1,20,320,"Long",0.0826826174701333,0.744493648459334,NA,0.458353601269971,"localGP"
"9898",40,19,0,9,24.6902821477312,80.7274963103288,"Rough","Avg. Reward Condition",40,"8",15,1,100,320,"Long",0.0826826174701333,0.744493648459334,NA,0.458353601269971,"localGP"
"9899",40,20,1,0,75.5614168340443,80.7274963103288,"Rough","Avg. Reward Condition",40,"8",15,1,2,320,"Long",0.0826826174701333,0.744493648459334,NA,0.458353601269971,"localGP"
"9900",40,21,1,1,90.7781848524799,90.7781848524799,"Rough","Avg. Reward Condition",40,"8",15,1,13,320,"Long",0.0826826174701333,0.744493648459334,NA,0.458353601269971,"localGP"
"9901",40,22,0,1,88.0859970924016,90.7781848524799,"Rough","Avg. Reward Condition",40,"8",15,2,12,320,"Long",0.0826826174701333,0.744493648459334,NA,0.458353601269971,"localGP"
"9902",40,23,0,0,83.5335880810113,90.7781848524799,"Rough","Avg. Reward Condition",40,"8",15,1,1,320,"Long",0.0826826174701333,0.744493648459334,NA,0.458353601269971,"localGP"
"9903",40,24,2,6,90.2125642232632,90.7781848524799,"Rough","Avg. Reward Condition",40,"8",15,1,69,320,"Long",0.0826826174701333,0.744493648459334,NA,0.458353601269971,"localGP"
"9904",40,25,1,6,89.9274342754243,90.7781848524799,"Rough","Avg. Reward Condition",40,"8",15,3,68,320,"Long",0.0826826174701333,0.744493648459334,NA,0.458353601269971,"localGP"
"9905",40,26,0,6,57.3114594367428,90.7781848524799,"Rough","Avg. Reward Condition",40,"8",15,1,67,320,"Long",0.0826826174701333,0.744493648459334,NA,0.458353601269971,"localGP"
"9906",40,27,3,0,54.228682490005,90.7781848524799,"Rough","Avg. Reward Condition",40,"8",15,8,4,320,"Long",0.0826826174701333,0.744493648459334,NA,0.458353601269971,"localGP"
"9907",40,28,2,0,58.2249517542055,90.7781848524799,"Rough","Avg. Reward Condition",40,"8",15,1,3,320,"Long",0.0826826174701333,0.744493648459334,NA,0.458353601269971,"localGP"
"9908",40,29,2,1,64.9541194011158,90.7781848524799,"Rough","Avg. Reward Condition",40,"8",15,2,14,320,"Long",0.0826826174701333,0.744493648459334,NA,0.458353601269971,"localGP"
"9909",40,30,1,1,90.7781848524799,90.7781848524799,"Rough","Avg. Reward Condition",40,"8",15,3,13,320,"Long",0.0826826174701333,0.744493648459334,NA,0.458353601269971,"localGP"
"9910",40,31,6,10,60.2558059319283,90.7781848524799,"Rough","Avg. Reward Condition",40,"8",15,6,117,320,"Long",0.0826826174701333,0.744493648459334,NA,0.458353601269971,"localGP"
"9911",40,32,7,10,38.0724380449569,90.7781848524799,"Rough","Avg. Reward Condition",40,"8",15,1,118,320,"Long",0.0826826174701333,0.744493648459334,NA,0.458353601269971,"localGP"
"9912",40,33,2,1,64.9541194011158,90.7781848524799,"Rough","Avg. Reward Condition",40,"8",15,1,14,320,"Long",0.0826826174701333,0.744493648459334,NA,0.458353601269971,"localGP"
"9913",40,34,2,2,71.3818966101037,90.7781848524799,"Rough","Avg. Reward Condition",40,"8",15,1,25,320,"Long",0.0826826174701333,0.744493648459334,NA,0.458353601269971,"localGP"
"9914",40,35,1,2,100,100,"Rough","Avg. Reward Condition",40,"8",15,0,24,320,"Long",0.0826826174701333,0.744493648459334,NA,0.458353601269971,"localGP"
"9915",40,36,1,1,90.7781848524799,100,"Rough","Avg. Reward Condition",40,"8",15,1,13,320,"Long",0.0826826174701333,0.744493648459334,NA,0.458353601269971,"localGP"
"9916",40,37,1,2,100,100,"Rough","Avg. Reward Condition",40,"8",15,1,24,320,"Long",0.0826826174701333,0.744493648459334,NA,0.458353601269971,"localGP"
"9917",40,38,0,2,95.1832335243152,100,"Rough","Avg. Reward Condition",40,"8",15,1,23,320,"Long",0.0826826174701333,0.744493648459334,NA,0.458353601269971,"localGP"
"9918",40,39,3,9,50.0571872715257,100,"Rough","Avg. Reward Condition",40,"8",15,1,103,320,"Long",0.0826826174701333,0.744493648459334,NA,0.458353601269971,"localGP"
"9919",40,40,2,9,67.3791409225705,100,"Rough","Avg. Reward Condition",40,"8",15,1,102,320,"Long",0.0826826174701333,0.744493648459334,NA,0.458353601269971,"localGP"
"9920",40,41,2,10,36.5421304439871,100,"Rough","Avg. Reward Condition",40,"8",15,3,113,320,"Long",0.0826826174701333,0.744493648459334,NA,0.458353601269971,"localGP"
"9921",41,1,6,6,48.4419076535345,48.4419076535345,"Rough","Avg. Reward Condition",40,"1",16,NA,73,321,"Long",0.0824639747210417,0.635891305398394,NA,0.49356881118817,"localGP"
"9922",41,2,6,5,62.1197165528081,62.1197165528081,"Rough","Avg. Reward Condition",40,"1",16,4,62,321,"Long",0.0824639747210417,0.635891305398394,NA,0.49356881118817,"localGP"
"9923",41,3,6,7,11.109165355926,62.1197165528081,"Rough","Avg. Reward Condition",40,"1",16,8,84,321,"Long",0.0824639747210417,0.635891305398394,NA,0.49356881118817,"localGP"
"9924",41,4,0,2,44.6802852658924,62.1197165528081,"Rough","Avg. Reward Condition",40,"1",16,1,23,321,"Long",0.0824639747210417,0.635891305398394,NA,0.49356881118817,"localGP"
"9925",41,5,0,1,45.6400924104609,62.1197165528081,"Rough","Avg. Reward Condition",40,"1",16,1,12,321,"Long",0.0824639747210417,0.635891305398394,NA,0.49356881118817,"localGP"
"9926",41,6,1,1,62.6840921632326,62.6840921632326,"Rough","Avg. Reward Condition",40,"1",16,1,13,321,"Long",0.0824639747210417,0.635891305398394,NA,0.49356881118817,"localGP"
"9927",41,7,2,1,37.8294983546141,62.6840921632326,"Rough","Avg. Reward Condition",40,"1",16,1,14,321,"Long",0.0824639747210417,0.635891305398394,NA,0.49356881118817,"localGP"
"9928",41,8,1,0,96.0543328963373,96.0543328963373,"Rough","Avg. Reward Condition",40,"1",16,2,2,321,"Long",0.0824639747210417,0.635891305398394,NA,0.49356881118817,"localGP"
"9929",41,9,2,0,58.0037440903614,96.0543328963373,"Rough","Avg. Reward Condition",40,"1",16,1,3,321,"Long",0.0824639747210417,0.635891305398394,NA,0.49356881118817,"localGP"
"9930",41,10,2,7,20.8380154740656,96.0543328963373,"Rough","Avg. Reward Condition",40,"1",16,2,80,321,"Long",0.0824639747210417,0.635891305398394,NA,0.49356881118817,"localGP"
"9931",41,11,1,7,30.6098170794807,96.0543328963373,"Rough","Avg. Reward Condition",40,"1",16,1,79,321,"Long",0.0824639747210417,0.635891305398394,NA,0.49356881118817,"localGP"
"9932",41,12,1,6,12.6436681000289,96.0543328963373,"Rough","Avg. Reward Condition",40,"1",16,2,68,321,"Long",0.0824639747210417,0.635891305398394,NA,0.49356881118817,"localGP"
"9933",41,13,4,1,0,96.0543328963373,"Rough","Avg. Reward Condition",40,"1",16,1,16,321,"Long",0.0824639747210417,0.635891305398394,NA,0.49356881118817,"localGP"
"9934",41,14,6,2,37.2945484739635,96.0543328963373,"Rough","Avg. Reward Condition",40,"1",16,4,29,321,"Long",0.0824639747210417,0.635891305398394,NA,0.49356881118817,"localGP"
"9935",41,15,7,5,45.3166315681639,96.0543328963373,"Rough","Avg. Reward Condition",40,"1",16,1,63,321,"Long",0.0824639747210417,0.635891305398394,NA,0.49356881118817,"localGP"
"9936",41,16,7,6,29.9313498285692,96.0543328963373,"Rough","Avg. Reward Condition",40,"1",16,1,74,321,"Long",0.0824639747210417,0.635891305398394,NA,0.49356881118817,"localGP"
"9937",41,17,7,4,33.4912199403317,96.0543328963373,"Rough","Avg. Reward Condition",40,"1",16,2,52,321,"Long",0.0824639747210417,0.635891305398394,NA,0.49356881118817,"localGP"
"9938",41,18,10,4,47.4832881916052,96.0543328963373,"Rough","Avg. Reward Condition",40,"1",16,3,55,321,"Long",0.0824639747210417,0.635891305398394,NA,0.49356881118817,"localGP"
"9939",41,19,9,3,6.15546941628624,96.0543328963373,"Rough","Avg. Reward Condition",40,"1",16,5,43,321,"Long",0.0824639747210417,0.635891305398394,NA,0.49356881118817,"localGP"
"9940",41,20,9,4,32.5386103866141,96.0543328963373,"Rough","Avg. Reward Condition",40,"1",16,1,54,321,"Long",0.0824639747210417,0.635891305398394,NA,0.49356881118817,"localGP"
"9941",41,21,3,9,73.328444338372,96.0543328963373,"Rough","Avg. Reward Condition",40,"1",16,2,103,321,"Long",0.0824639747210417,0.635891305398394,NA,0.49356881118817,"localGP"
"9942",41,22,4,9,52.7069887453694,96.0543328963373,"Rough","Avg. Reward Condition",40,"1",16,1,104,321,"Long",0.0824639747210417,0.635891305398394,NA,0.49356881118817,"localGP"
"9943",41,23,0,5,14.7037346704813,96.0543328963373,"Rough","Avg. Reward Condition",40,"1",16,1,56,321,"Long",0.0824639747210417,0.635891305398394,NA,0.49356881118817,"localGP"
"9944",41,24,0,8,23.1725085445236,96.0543328963373,"Rough","Avg. Reward Condition",40,"1",16,2,89,321,"Long",0.0824639747210417,0.635891305398394,NA,0.49356881118817,"localGP"
"9945",41,25,0,9,12.3134748029018,96.0543328963373,"Rough","Avg. Reward Condition",40,"1",16,2,100,321,"Long",0.0824639747210417,0.635891305398394,NA,0.49356881118817,"localGP"
"9946",41,26,0,10,17.1695572843535,96.0543328963373,"Rough","Avg. Reward Condition",40,"1",16,1,111,321,"Long",0.0824639747210417,0.635891305398394,NA,0.49356881118817,"localGP"
"9947",41,27,1,10,7.96151042196204,96.0543328963373,"Rough","Avg. Reward Condition",40,"1",16,2,112,321,"Long",0.0824639747210417,0.635891305398394,NA,0.49356881118817,"localGP"
"9948",41,28,7,0,35.3153428371359,96.0543328963373,"Rough","Avg. Reward Condition",40,"1",16,4,8,321,"Long",0.0824639747210417,0.635891305398394,NA,0.49356881118817,"localGP"
"9949",41,29,6,0,47.7737474629067,96.0543328963373,"Rough","Avg. Reward Condition",40,"1",16,8,7,321,"Long",0.0824639747210417,0.635891305398394,NA,0.49356881118817,"localGP"
"9950",41,30,4,6,48.5193217731592,96.0543328963373,"Rough","Avg. Reward Condition",40,"1",16,8,71,321,"Long",0.0824639747210417,0.635891305398394,NA,0.49356881118817,"localGP"
"9951",41,31,8,6,52.7896581347128,96.0543328963373,"Rough","Avg. Reward Condition",40,"1",16,4,75,321,"Long",0.0824639747210417,0.635891305398394,NA,0.49356881118817,"localGP"
"9952",41,32,8,7,52.5353402462406,96.0543328963373,"Rough","Avg. Reward Condition",40,"1",16,1,86,321,"Long",0.0824639747210417,0.635891305398394,NA,0.49356881118817,"localGP"
"9953",41,33,9,7,82.1507669313946,96.0543328963373,"Rough","Avg. Reward Condition",40,"1",16,2,87,321,"Long",0.0824639747210417,0.635891305398394,NA,0.49356881118817,"localGP"
"9954",41,34,10,7,85.439763813076,96.0543328963373,"Rough","Avg. Reward Condition",40,"1",16,2,88,321,"Long",0.0824639747210417,0.635891305398394,NA,0.49356881118817,"localGP"
"9955",41,35,10,6,87.869042125599,96.0543328963373,"Rough","Avg. Reward Condition",40,"1",16,2,77,321,"Long",0.0824639747210417,0.635891305398394,NA,0.49356881118817,"localGP"
"9956",41,36,10,6,87.869042125599,96.0543328963373,"Rough","Avg. Reward Condition",40,"1",16,1,77,321,"Long",0.0824639747210417,0.635891305398394,NA,0.49356881118817,"localGP"
"9957",41,37,9,6,72.6451286930569,96.0543328963373,"Rough","Avg. Reward Condition",40,"1",16,2,76,321,"Long",0.0824639747210417,0.635891305398394,NA,0.49356881118817,"localGP"
"9958",41,38,4,4,37.2247549071549,96.0543328963373,"Rough","Avg. Reward Condition",40,"1",16,3,49,321,"Long",0.0824639747210417,0.635891305398394,NA,0.49356881118817,"localGP"
"9959",41,39,5,6,65.7919203460871,96.0543328963373,"Rough","Avg. Reward Condition",40,"1",16,1,72,321,"Long",0.0824639747210417,0.635891305398394,NA,0.49356881118817,"localGP"
"9960",41,40,4,5,56.5702647427263,96.0543328963373,"Rough","Avg. Reward Condition",40,"1",16,2,60,321,"Long",0.0824639747210417,0.635891305398394,NA,0.49356881118817,"localGP"
"9961",41,41,5,5,69.5623666177624,96.0543328963373,"Rough","Avg. Reward Condition",40,"1",16,3,61,321,"Long",0.0824639747210417,0.635891305398394,NA,0.49356881118817,"localGP"
"9962",41,1,4,3,60.3338826341623,60.3338826341623,"Rough","Avg. Reward Condition",20,"2",0,NA,38,322,"Short",0.0749801432280418,0.746606695067829,NA,0.437787493922866,"localGP"
"9963",41,2,0,1,25.2534967724465,60.3338826341623,"Rough","Avg. Reward Condition",20,"2",0,3,12,322,"Short",0.0749801432280418,0.746606695067829,NA,0.437787493922866,"localGP"
"9964",41,3,5,2,21.0941848731246,60.3338826341623,"Rough","Avg. Reward Condition",20,"2",0,6,28,322,"Short",0.0749801432280418,0.746606695067829,NA,0.437787493922866,"localGP"
"9965",41,4,2,3,65.4652426884159,65.4652426884159,"Rough","Avg. Reward Condition",20,"2",0,6,36,322,"Short",0.0749801432280418,0.746606695067829,NA,0.437787493922866,"localGP"
"9966",41,5,2,2,65.3400315275743,65.4652426884159,"Rough","Avg. Reward Condition",20,"2",0,1,25,322,"Short",0.0749801432280418,0.746606695067829,NA,0.437787493922866,"localGP"
"9967",41,6,4,9,40.5959555269918,65.4652426884159,"Rough","Avg. Reward Condition",20,"2",0,1,104,322,"Short",0.0749801432280418,0.746606695067829,NA,0.437787493922866,"localGP"
"9968",41,7,4,8,67.9616061763023,67.9616061763023,"Rough","Avg. Reward Condition",20,"2",0,1,93,322,"Short",0.0749801432280418,0.746606695067829,NA,0.437787493922866,"localGP"
"9969",41,8,4,7,56.8581816389781,67.9616061763023,"Rough","Avg. Reward Condition",20,"2",0,1,82,322,"Short",0.0749801432280418,0.746606695067829,NA,0.437787493922866,"localGP"
"9970",41,9,5,7,46.7426538325774,67.9616061763023,"Rough","Avg. Reward Condition",20,"2",0,1,83,322,"Short",0.0749801432280418,0.746606695067829,NA,0.437787493922866,"localGP"
"9971",41,10,5,8,68.8909705274262,68.8909705274262,"Rough","Avg. Reward Condition",20,"2",0,1,94,322,"Short",0.0749801432280418,0.746606695067829,NA,0.437787493922866,"localGP"
"9972",41,11,6,8,69.9411761225891,69.9411761225891,"Rough","Avg. Reward Condition",20,"2",0,1,95,322,"Short",0.0749801432280418,0.746606695067829,NA,0.437787493922866,"localGP"
"9973",41,12,6,9,38.5462096801416,69.9411761225891,"Rough","Avg. Reward Condition",20,"2",0,1,106,322,"Short",0.0749801432280418,0.746606695067829,NA,0.437787493922866,"localGP"
"9974",41,13,8,9,62.5269000754681,69.9411761225891,"Rough","Avg. Reward Condition",20,"2",0,4,108,322,"Short",0.0749801432280418,0.746606695067829,NA,0.437787493922866,"localGP"
"9975",41,14,8,10,35.964674339905,69.9411761225891,"Rough","Avg. Reward Condition",20,"2",0,4,119,322,"Short",0.0749801432280418,0.746606695067829,NA,0.437787493922866,"localGP"
"9976",41,15,9,10,64.79218841543,69.9411761225891,"Rough","Avg. Reward Condition",20,"2",0,1,120,322,"Short",0.0749801432280418,0.746606695067829,NA,0.437787493922866,"localGP"
"9977",41,16,9,9,79.2865457179187,79.2865457179187,"Rough","Avg. Reward Condition",20,"2",0,1,109,322,"Short",0.0749801432280418,0.746606695067829,NA,0.437787493922866,"localGP"
"9978",41,17,9,8,92.8491332342499,92.8491332342499,"Rough","Avg. Reward Condition",20,"2",0,1,98,322,"Short",0.0749801432280418,0.746606695067829,NA,0.437787493922866,"localGP"
"9979",41,18,8,8,88.0084195550964,92.8491332342499,"Rough","Avg. Reward Condition",20,"2",0,1,97,322,"Short",0.0749801432280418,0.746606695067829,NA,0.437787493922866,"localGP"
"9980",41,19,8,7,98.0758057854271,98.0758057854271,"Rough","Avg. Reward Condition",20,"2",0,1,86,322,"Short",0.0749801432280418,0.746606695067829,NA,0.437787493922866,"localGP"
"9981",41,20,9,7,93.0900522357202,98.0758057854271,"Rough","Avg. Reward Condition",20,"2",0,1,87,322,"Short",0.0749801432280418,0.746606695067829,NA,0.437787493922866,"localGP"
"9982",41,21,9,6,52.7533090833761,98.0758057854271,"Rough","Avg. Reward Condition",20,"2",0,2,76,322,"Short",0.0749801432280418,0.746606695067829,NA,0.437787493922866,"localGP"
"9983",41,1,4,4,51.1456416516227,51.1456416516227,"Rough","Avg. Reward Condition",40,"3",10,NA,49,323,"Long",0.0877933585320133,0.67892583038518,NA,0.50517594163757,"localGP"
"9984",41,2,4,3,51.3524506739597,51.3524506739597,"Rough","Avg. Reward Condition",40,"3",10,1,38,323,"Long",0.0877933585320133,0.67892583038518,NA,0.50517594163757,"localGP"
"9985",41,3,4,2,49.5824885929655,51.3524506739597,"Rough","Avg. Reward Condition",40,"3",10,0,27,323,"Long",0.0877933585320133,0.67892583038518,NA,0.50517594163757,"localGP"
"9986",41,4,3,1,42.3496807301259,51.3524506739597,"Rough","Avg. Reward Condition",40,"3",10,1,15,323,"Long",0.0877933585320133,0.67892583038518,NA,0.50517594163757,"localGP"
"9987",41,5,2,1,47.2554577886934,51.3524506739597,"Rough","Avg. Reward Condition",40,"3",10,1,14,323,"Long",0.0877933585320133,0.67892583038518,NA,0.50517594163757,"localGP"
"9988",41,6,9,9,50.1504839805643,51.3524506739597,"Rough","Avg. Reward Condition",40,"3",10,1,109,323,"Long",0.0877933585320133,0.67892583038518,NA,0.50517594163757,"localGP"
"9989",41,7,0,5,36.3121381877456,51.3524506739597,"Rough","Avg. Reward Condition",40,"3",10,1,56,323,"Long",0.0877933585320133,0.67892583038518,NA,0.50517594163757,"localGP"
"9990",41,8,0,7,23.2514294242232,51.3524506739597,"Rough","Avg. Reward Condition",40,"3",10,1,78,323,"Long",0.0877933585320133,0.67892583038518,NA,0.50517594163757,"localGP"
"9991",41,9,10,0,84.6666987950257,84.6666987950257,"Rough","Avg. Reward Condition",40,"3",10,1,11,323,"Long",0.0877933585320133,0.67892583038518,NA,0.50517594163757,"localGP"
"9992",41,10,10,7,43.8260552442827,84.6666987950257,"Rough","Avg. Reward Condition",40,"3",10,1,88,323,"Long",0.0877933585320133,0.67892583038518,NA,0.50517594163757,"localGP"
"9993",41,11,10,6,47.8273989223107,84.6666987950257,"Rough","Avg. Reward Condition",40,"3",10,2,77,323,"Long",0.0877933585320133,0.67892583038518,NA,0.50517594163757,"localGP"
"9994",41,12,10,5,57.9008365209864,84.6666987950257,"Rough","Avg. Reward Condition",40,"3",10,1,66,323,"Long",0.0877933585320133,0.67892583038518,NA,0.50517594163757,"localGP"
"9995",41,13,10,4,38.6013750106334,84.6666987950257,"Rough","Avg. Reward Condition",40,"3",10,1,55,323,"Long",0.0877933585320133,0.67892583038518,NA,0.50517594163757,"localGP"
"9996",41,14,10,3,42.1645192614556,84.6666987950257,"Rough","Avg. Reward Condition",40,"3",10,1,44,323,"Long",0.0877933585320133,0.67892583038518,NA,0.50517594163757,"localGP"
"9997",41,15,9,3,43.0768959430653,84.6666987950257,"Rough","Avg. Reward Condition",40,"3",10,1,43,323,"Long",0.0877933585320133,0.67892583038518,NA,0.50517594163757,"localGP"
"9998",41,16,9,2,45.2192972308501,84.6666987950257,"Rough","Avg. Reward Condition",40,"3",10,6,32,323,"Long",0.0877933585320133,0.67892583038518,NA,0.50517594163757,"localGP"
"9999",41,17,10,6,47.8273989223107,84.6666987950257,"Rough","Avg. Reward Condition",40,"3",10,1,77,323,"Long",0.0877933585320133,0.67892583038518,NA,0.50517594163757,"localGP"
"10000",41,18,4,5,26.1313491177931,84.6666987950257,"Rough","Avg. Reward Condition",40,"3",10,2,60,323,"Long",0.0877933585320133,0.67892583038518,NA,0.50517594163757,"localGP"
"10001",41,19,8,5,42.0096919098843,84.6666987950257,"Rough","Avg. Reward Condition",40,"3",10,1,64,323,"Long",0.0877933585320133,0.67892583038518,NA,0.50517594163757,"localGP"
"10002",41,20,7,5,66.0456136537345,84.6666987950257,"Rough","Avg. Reward Condition",40,"3",10,1,63,323,"Long",0.0877933585320133,0.67892583038518,NA,0.50517594163757,"localGP"
"10003",41,21,6,5,50.4304471190936,84.6666987950257,"Rough","Avg. Reward Condition",40,"3",10,2,62,323,"Long",0.0877933585320133,0.67892583038518,NA,0.50517594163757,"localGP"
"10004",41,22,6,4,54.6685625446388,84.6666987950257,"Rough","Avg. Reward Condition",40,"3",10,1,51,323,"Long",0.0877933585320133,0.67892583038518,NA,0.50517594163757,"localGP"
"10005",41,23,7,4,67.8088166465802,84.6666987950257,"Rough","Avg. Reward Condition",40,"3",10,1,52,323,"Long",0.0877933585320133,0.67892583038518,NA,0.50517594163757,"localGP"
"10006",41,24,9,2,45.2192972308501,84.6666987950257,"Rough","Avg. Reward Condition",40,"3",10,1,32,323,"Long",0.0877933585320133,0.67892583038518,NA,0.50517594163757,"localGP"
"10007",41,25,8,1,54.5000391285094,84.6666987950257,"Rough","Avg. Reward Condition",40,"3",10,1,20,323,"Long",0.0877933585320133,0.67892583038518,NA,0.50517594163757,"localGP"
"10008",41,26,7,1,56.8679391760185,84.6666987950257,"Rough","Avg. Reward Condition",40,"3",10,1,19,323,"Long",0.0877933585320133,0.67892583038518,NA,0.50517594163757,"localGP"
"10009",41,27,7,0,65.3233265309543,84.6666987950257,"Rough","Avg. Reward Condition",40,"3",10,3,8,323,"Long",0.0877933585320133,0.67892583038518,NA,0.50517594163757,"localGP"
"10010",41,28,8,0,51.8507217555431,84.6666987950257,"Rough","Avg. Reward Condition",40,"3",10,1,9,323,"Long",0.0877933585320133,0.67892583038518,NA,0.50517594163757,"localGP"
"10011",41,29,9,0,60.0001478018408,84.6666987950257,"Rough","Avg. Reward Condition",40,"3",10,2,10,323,"Long",0.0877933585320133,0.67892583038518,NA,0.50517594163757,"localGP"
"10012",41,30,7,3,51.9507469793725,84.6666987950257,"Rough","Avg. Reward Condition",40,"3",10,4,41,323,"Long",0.0877933585320133,0.67892583038518,NA,0.50517594163757,"localGP"
"10013",41,31,7,2,56.4176187347025,84.6666987950257,"Rough","Avg. Reward Condition",40,"3",10,1,30,323,"Long",0.0877933585320133,0.67892583038518,NA,0.50517594163757,"localGP"
"10014",41,32,8,2,57.307222927851,84.6666987950257,"Rough","Avg. Reward Condition",40,"3",10,4,31,323,"Long",0.0877933585320133,0.67892583038518,NA,0.50517594163757,"localGP"
"10015",41,33,6,2,77.623663955121,84.6666987950257,"Rough","Avg. Reward Condition",40,"3",10,1,29,323,"Long",0.0877933585320133,0.67892583038518,NA,0.50517594163757,"localGP"
"10016",41,34,6,3,73.4359730531231,84.6666987950257,"Rough","Avg. Reward Condition",40,"3",10,8,40,323,"Long",0.0877933585320133,0.67892583038518,NA,0.50517594163757,"localGP"
"10017",41,35,5,3,70.0403360623541,84.6666987950257,"Rough","Avg. Reward Condition",40,"3",10,1,39,323,"Long",0.0877933585320133,0.67892583038518,NA,0.50517594163757,"localGP"
"10018",41,36,5,2,78.8586431174006,84.6666987950257,"Rough","Avg. Reward Condition",40,"3",10,2,28,323,"Long",0.0877933585320133,0.67892583038518,NA,0.50517594163757,"localGP"
"10019",41,37,5,1,61.2403460186364,84.6666987950257,"Rough","Avg. Reward Condition",40,"3",10,1,17,323,"Long",0.0877933585320133,0.67892583038518,NA,0.50517594163757,"localGP"
"10020",41,38,6,1,59.0938949398231,84.6666987950257,"Rough","Avg. Reward Condition",40,"3",10,2,18,323,"Long",0.0877933585320133,0.67892583038518,NA,0.50517594163757,"localGP"
"10021",41,39,6,0,68.3343050142511,84.6666987950257,"Rough","Avg. Reward Condition",40,"3",10,1,7,323,"Long",0.0877933585320133,0.67892583038518,NA,0.50517594163757,"localGP"
"10022",41,40,5,0,61.2584278059806,84.6666987950257,"Rough","Avg. Reward Condition",40,"3",10,2,6,323,"Long",0.0877933585320133,0.67892583038518,NA,0.50517594163757,"localGP"
"10023",41,41,6,10,22.6054443345279,84.6666987950257,"Rough","Avg. Reward Condition",40,"3",10,1,117,323,"Long",0.0877933585320133,0.67892583038518,NA,0.50517594163757,"localGP"
"10024",41,1,8,3,73.1545333653025,73.1545333653025,"Rough","Avg. Reward Condition",20,"4",1,NA,42,324,"Short",0.0716899297965822,0.786390388748168,NA,0.433112210091054,"localGP"
"10025",41,2,7,3,90.8008789663477,90.8008789663477,"Rough","Avg. Reward Condition",20,"4",1,5,41,324,"Short",0.0716899297965822,0.786390388748168,NA,0.433112210091054,"localGP"
"10026",41,3,7,2,87.3844592186431,90.8008789663477,"Rough","Avg. Reward Condition",20,"4",1,10,30,324,"Short",0.0716899297965822,0.786390388748168,NA,0.433112210091054,"localGP"
"10027",41,4,6,2,72.3100865487056,90.8008789663477,"Rough","Avg. Reward Condition",20,"4",1,1,29,324,"Short",0.0716899297965822,0.786390388748168,NA,0.433112210091054,"localGP"
"10028",41,5,6,3,82.7136870116885,90.8008789663477,"Rough","Avg. Reward Condition",20,"4",1,2,40,324,"Short",0.0716899297965822,0.786390388748168,NA,0.433112210091054,"localGP"
"10029",41,6,6,4,96.8351832239486,96.8351832239486,"Rough","Avg. Reward Condition",20,"4",1,1,51,324,"Short",0.0716899297965822,0.786390388748168,NA,0.433112210091054,"localGP"
"10030",41,7,5,4,93.0511729954542,96.8351832239486,"Rough","Avg. Reward Condition",20,"4",1,1,50,324,"Short",0.0716899297965822,0.786390388748168,NA,0.433112210091054,"localGP"
"10031",41,8,4,5,50.9861643343635,96.8351832239486,"Rough","Avg. Reward Condition",20,"4",1,2,60,324,"Short",0.0716899297965822,0.786390388748168,NA,0.433112210091054,"localGP"
"10032",41,9,4,4,58.9084220518728,96.8351832239486,"Rough","Avg. Reward Condition",20,"4",1,1,49,324,"Short",0.0716899297965822,0.786390388748168,NA,0.433112210091054,"localGP"
"10033",41,10,1,3,10.2009483490212,96.8351832239486,"Rough","Avg. Reward Condition",20,"4",1,3,35,324,"Short",0.0716899297965822,0.786390388748168,NA,0.433112210091054,"localGP"
"10034",41,11,1,7,64.2118511787295,96.8351832239486,"Rough","Avg. Reward Condition",20,"4",1,1,79,324,"Short",0.0716899297965822,0.786390388748168,NA,0.433112210091054,"localGP"
"10035",41,12,1,8,67.4295625369789,96.8351832239486,"Rough","Avg. Reward Condition",20,"4",1,1,90,324,"Short",0.0716899297965822,0.786390388748168,NA,0.433112210091054,"localGP"
"10036",41,13,0,8,74.6091743351065,96.8351832239486,"Rough","Avg. Reward Condition",20,"4",1,11,89,324,"Short",0.0716899297965822,0.786390388748168,NA,0.433112210091054,"localGP"
"10037",41,14,0,7,66.7767330115422,96.8351832239486,"Rough","Avg. Reward Condition",20,"4",1,1,78,324,"Short",0.0716899297965822,0.786390388748168,NA,0.433112210091054,"localGP"
"10038",41,15,0,6,34.4954147677116,96.8351832239486,"Rough","Avg. Reward Condition",20,"4",1,1,67,324,"Short",0.0716899297965822,0.786390388748168,NA,0.433112210091054,"localGP"
"10039",41,16,6,1,70.4800541800228,96.8351832239486,"Rough","Avg. Reward Condition",20,"4",1,1,18,324,"Short",0.0716899297965822,0.786390388748168,NA,0.433112210091054,"localGP"
"10040",41,17,7,1,78.9605492405504,96.8351832239486,"Rough","Avg. Reward Condition",20,"4",1,1,19,324,"Short",0.0716899297965822,0.786390388748168,NA,0.433112210091054,"localGP"
"10041",41,18,8,1,53.2226407105471,96.8351832239486,"Rough","Avg. Reward Condition",20,"4",1,1,20,324,"Short",0.0716899297965822,0.786390388748168,NA,0.433112210091054,"localGP"
"10042",41,19,8,2,77.798359488466,96.8351832239486,"Rough","Avg. Reward Condition",20,"4",1,1,31,324,"Short",0.0716899297965822,0.786390388748168,NA,0.433112210091054,"localGP"
"10043",41,20,9,2,45.6743517242672,96.8351832239486,"Rough","Avg. Reward Condition",20,"4",1,1,32,324,"Short",0.0716899297965822,0.786390388748168,NA,0.433112210091054,"localGP"
"10044",41,21,8,2,77.798359488466,96.8351832239486,"Rough","Avg. Reward Condition",20,"4",1,1,31,324,"Short",0.0716899297965822,0.786390388748168,NA,0.433112210091054,"localGP"
"10045",41,1,7,6,33.7698034361065,33.7698034361065,"Rough","Avg. Reward Condition",40,"5",4,NA,74,325,"Long",0.0812205638205357,0.658130248074323,NA,0.482011498922227,"localGP"
"10046",41,2,7,7,31.8600199928014,33.7698034361065,"Rough","Avg. Reward Condition",40,"5",4,1,85,325,"Long",0.0812205638205357,0.658130248074323,NA,0.482011498922227,"localGP"
"10047",41,3,8,7,25.3941044554776,33.7698034361065,"Rough","Avg. Reward Condition",40,"5",4,3,86,325,"Long",0.0812205638205357,0.658130248074323,NA,0.482011498922227,"localGP"
"10048",41,4,5,1,45.7416086837136,45.7416086837136,"Rough","Avg. Reward Condition",40,"5",4,1,17,325,"Long",0.0812205638205357,0.658130248074323,NA,0.482011498922227,"localGP"
"10049",41,5,9,3,44.908976431908,45.7416086837136,"Rough","Avg. Reward Condition",40,"5",4,2,43,325,"Long",0.0812205638205357,0.658130248074323,NA,0.482011498922227,"localGP"
"10050",41,6,2,4,48.1844951677525,48.1844951677525,"Rough","Avg. Reward Condition",40,"5",4,1,47,325,"Long",0.0812205638205357,0.658130248074323,NA,0.482011498922227,"localGP"
"10051",41,7,3,4,52.4074938084039,52.4074938084039,"Rough","Avg. Reward Condition",40,"5",4,3,48,325,"Long",0.0812205638205357,0.658130248074323,NA,0.482011498922227,"localGP"
"10052",41,8,3,5,42.7959120158228,52.4074938084039,"Rough","Avg. Reward Condition",40,"5",4,1,59,325,"Long",0.0812205638205357,0.658130248074323,NA,0.482011498922227,"localGP"
"10053",41,9,1,6,18.0731253832357,52.4074938084039,"Rough","Avg. Reward Condition",40,"5",4,1,68,325,"Long",0.0812205638205357,0.658130248074323,NA,0.482011498922227,"localGP"
"10054",41,10,0,6,25.7438670840663,52.4074938084039,"Rough","Avg. Reward Condition",40,"5",4,1,67,325,"Long",0.0812205638205357,0.658130248074323,NA,0.482011498922227,"localGP"
"10055",41,11,8,0,39.2746651521329,52.4074938084039,"Rough","Avg. Reward Condition",40,"5",4,1,9,325,"Long",0.0812205638205357,0.658130248074323,NA,0.482011498922227,"localGP"
"10056",41,12,7,0,47.3215439823763,52.4074938084039,"Rough","Avg. Reward Condition",40,"5",4,1,8,325,"Long",0.0812205638205357,0.658130248074323,NA,0.482011498922227,"localGP"
"10057",41,13,6,0,33.2351530302692,52.4074938084039,"Rough","Avg. Reward Condition",40,"5",4,1,7,325,"Long",0.0812205638205357,0.658130248074323,NA,0.482011498922227,"localGP"
"10058",41,14,4,0,27.757926963594,52.4074938084039,"Rough","Avg. Reward Condition",40,"5",4,1,5,325,"Long",0.0812205638205357,0.658130248074323,NA,0.482011498922227,"localGP"
"10059",41,15,5,9,23.8348743374816,52.4074938084039,"Rough","Avg. Reward Condition",40,"5",4,4,105,325,"Long",0.0812205638205357,0.658130248074323,NA,0.482011498922227,"localGP"
"10060",41,16,5,7,68.7904053516684,68.7904053516684,"Rough","Avg. Reward Condition",40,"5",4,1,83,325,"Long",0.0812205638205357,0.658130248074323,NA,0.482011498922227,"localGP"
"10061",41,17,4,7,64.0825409576954,68.7904053516684,"Rough","Avg. Reward Condition",40,"5",4,1,82,325,"Long",0.0812205638205357,0.658130248074323,NA,0.482011498922227,"localGP"
"10062",41,18,4,6,62.1617444201005,68.7904053516684,"Rough","Avg. Reward Condition",40,"5",4,2,71,325,"Long",0.0812205638205357,0.658130248074323,NA,0.482011498922227,"localGP"
"10063",41,19,5,6,67.055437287635,68.7904053516684,"Rough","Avg. Reward Condition",40,"5",4,1,72,325,"Long",0.0812205638205357,0.658130248074323,NA,0.482011498922227,"localGP"
"10064",41,20,6,6,49.41154268664,68.7904053516684,"Rough","Avg. Reward Condition",40,"5",4,5,73,325,"Long",0.0812205638205357,0.658130248074323,NA,0.482011498922227,"localGP"
"10065",41,21,6,5,27.715879819657,68.7904053516684,"Rough","Avg. Reward Condition",40,"5",4,8,62,325,"Long",0.0812205638205357,0.658130248074323,NA,0.482011498922227,"localGP"
"10066",41,22,10,10,44.6083143024855,68.7904053516684,"Rough","Avg. Reward Condition",40,"5",4,6,121,325,"Long",0.0812205638205357,0.658130248074323,NA,0.482011498922227,"localGP"
"10067",41,23,9,10,49.7040626782217,68.7904053516684,"Rough","Avg. Reward Condition",40,"5",4,1,120,325,"Long",0.0812205638205357,0.658130248074323,NA,0.482011498922227,"localGP"
"10068",41,24,8,10,54.2844228905611,68.7904053516684,"Rough","Avg. Reward Condition",40,"5",4,2,119,325,"Long",0.0812205638205357,0.658130248074323,NA,0.482011498922227,"localGP"
"10069",41,25,7,10,50.1452665258359,68.7904053516684,"Rough","Avg. Reward Condition",40,"5",4,2,118,325,"Long",0.0812205638205357,0.658130248074323,NA,0.482011498922227,"localGP"
"10070",41,26,2,8,76.6612270941655,76.6612270941655,"Rough","Avg. Reward Condition",40,"5",4,1,91,325,"Long",0.0812205638205357,0.658130248074323,NA,0.482011498922227,"localGP"
"10071",41,27,2,9,75.1501969131058,76.6612270941655,"Rough","Avg. Reward Condition",40,"5",4,2,102,325,"Long",0.0812205638205357,0.658130248074323,NA,0.482011498922227,"localGP"
"10072",41,28,0,9,36.6552465782619,76.6612270941655,"Rough","Avg. Reward Condition",40,"5",4,3,100,325,"Long",0.0812205638205357,0.658130248074323,NA,0.482011498922227,"localGP"
"10073",41,29,1,9,44.6574479048921,76.6612270941655,"Rough","Avg. Reward Condition",40,"5",4,5,101,325,"Long",0.0812205638205357,0.658130248074323,NA,0.482011498922227,"localGP"
"10074",41,30,6,9,52.8376225982162,76.6612270941655,"Rough","Avg. Reward Condition",40,"5",4,1,106,325,"Long",0.0812205638205357,0.658130248074323,NA,0.482011498922227,"localGP"
"10075",41,31,7,9,44.9040563122342,76.6612270941655,"Rough","Avg. Reward Condition",40,"5",4,2,107,325,"Long",0.0812205638205357,0.658130248074323,NA,0.482011498922227,"localGP"
"10076",41,32,8,9,44.028878775324,76.6612270941655,"Rough","Avg. Reward Condition",40,"5",4,1,108,325,"Long",0.0812205638205357,0.658130248074323,NA,0.482011498922227,"localGP"
"10077",41,33,9,9,55.0944127232389,76.6612270941655,"Rough","Avg. Reward Condition",40,"5",4,3,109,325,"Long",0.0812205638205357,0.658130248074323,NA,0.482011498922227,"localGP"
"10078",41,34,10,9,53.8163100012315,76.6612270941655,"Rough","Avg. Reward Condition",40,"5",4,1,110,325,"Long",0.0812205638205357,0.658130248074323,NA,0.482011498922227,"localGP"
"10079",41,35,10,8,16.5930440253731,76.6612270941655,"Rough","Avg. Reward Condition",40,"5",4,2,99,325,"Long",0.0812205638205357,0.658130248074323,NA,0.482011498922227,"localGP"
"10080",41,36,9,7,50.1010574572642,76.6612270941655,"Rough","Avg. Reward Condition",40,"5",4,1,87,325,"Long",0.0812205638205357,0.658130248074323,NA,0.482011498922227,"localGP"
"10081",41,37,9,6,37.8754043106106,76.6612270941655,"Rough","Avg. Reward Condition",40,"5",4,1,76,325,"Long",0.0812205638205357,0.658130248074323,NA,0.482011498922227,"localGP"
"10082",41,38,9,5,68.6489850017742,76.6612270941655,"Rough","Avg. Reward Condition",40,"5",4,2,65,325,"Long",0.0812205638205357,0.658130248074323,NA,0.482011498922227,"localGP"
"10083",41,39,6,7,58.9424744854528,76.6612270941655,"Rough","Avg. Reward Condition",40,"5",4,1,84,325,"Long",0.0812205638205357,0.658130248074323,NA,0.482011498922227,"localGP"
"10084",41,40,6,8,40.2396617091543,76.6612270941655,"Rough","Avg. Reward Condition",40,"5",4,6,95,325,"Long",0.0812205638205357,0.658130248074323,NA,0.482011498922227,"localGP"
"10085",41,41,9,8,49.0474995122184,76.6612270941655,"Rough","Avg. Reward Condition",40,"5",4,4,98,325,"Long",0.0812205638205357,0.658130248074323,NA,0.482011498922227,"localGP"
"10086",41,1,1,0,14.462063322547,14.462063322547,"Rough","Avg. Reward Condition",20,"6",3,NA,2,326,"Short",0.0621165138583812,0.81749239561182,NA,0.416631596693995,"localGP"
"10087",41,2,5,0,9.64595698214346,14.462063322547,"Rough","Avg. Reward Condition",20,"6",3,1,6,326,"Short",0.0621165138583812,0.81749239561182,NA,0.416631596693995,"localGP"
"10088",41,3,8,3,39.0577365841797,39.0577365841797,"Rough","Avg. Reward Condition",20,"6",3,2,42,326,"Short",0.0621165138583812,0.81749239561182,NA,0.416631596693995,"localGP"
"10089",41,4,9,3,32.6557513762686,39.0577365841797,"Rough","Avg. Reward Condition",20,"6",3,2,43,326,"Short",0.0621165138583812,0.81749239561182,NA,0.416631596693995,"localGP"
"10090",41,5,9,2,37.0588416723866,39.0577365841797,"Rough","Avg. Reward Condition",20,"6",3,1,32,326,"Short",0.0621165138583812,0.81749239561182,NA,0.416631596693995,"localGP"
"10091",41,6,8,0,15.9935523633461,39.0577365841797,"Rough","Avg. Reward Condition",20,"6",3,1,9,326,"Short",0.0621165138583812,0.81749239561182,NA,0.416631596693995,"localGP"
"10092",41,7,3,7,41.1726557910907,41.1726557910907,"Rough","Avg. Reward Condition",20,"6",3,1,81,326,"Short",0.0621165138583812,0.81749239561182,NA,0.416631596693995,"localGP"
"10093",41,8,0,6,64.8740030976897,64.8740030976897,"Rough","Avg. Reward Condition",20,"6",3,1,67,326,"Short",0.0621165138583812,0.81749239561182,NA,0.416631596693995,"localGP"
"10094",41,9,2,6,23.2904809961193,64.8740030976897,"Rough","Avg. Reward Condition",20,"6",3,1,69,326,"Short",0.0621165138583812,0.81749239561182,NA,0.416631596693995,"localGP"
"10095",41,10,10,7,74.302046558664,74.302046558664,"Rough","Avg. Reward Condition",20,"6",3,2,88,326,"Short",0.0621165138583812,0.81749239561182,NA,0.416631596693995,"localGP"
"10096",41,11,10,8,89.8653397577546,89.8653397577546,"Rough","Avg. Reward Condition",20,"6",3,1,99,326,"Short",0.0621165138583812,0.81749239561182,NA,0.416631596693995,"localGP"
"10097",41,12,10,9,83.9309950136253,89.8653397577546,"Rough","Avg. Reward Condition",20,"6",3,3,110,326,"Short",0.0621165138583812,0.81749239561182,NA,0.416631596693995,"localGP"
"10098",41,13,9,8,71.6014432205771,89.8653397577546,"Rough","Avg. Reward Condition",20,"6",3,2,98,326,"Short",0.0621165138583812,0.81749239561182,NA,0.416631596693995,"localGP"
"10099",41,14,9,7,49.674641221052,89.8653397577546,"Rough","Avg. Reward Condition",20,"6",3,3,87,326,"Short",0.0621165138583812,0.81749239561182,NA,0.416631596693995,"localGP"
"10100",41,15,7,6,45.7319528653263,89.8653397577546,"Rough","Avg. Reward Condition",20,"6",3,5,74,326,"Short",0.0621165138583812,0.81749239561182,NA,0.416631596693995,"localGP"
"10101",41,16,7,7,84.838078337325,89.8653397577546,"Rough","Avg. Reward Condition",20,"6",3,2,85,326,"Short",0.0621165138583812,0.81749239561182,NA,0.416631596693995,"localGP"
"10102",41,17,8,7,70.5152140178525,89.8653397577546,"Rough","Avg. Reward Condition",20,"6",3,1,86,326,"Short",0.0621165138583812,0.81749239561182,NA,0.416631596693995,"localGP"
"10103",41,18,8,6,39.3548348521366,89.8653397577546,"Rough","Avg. Reward Condition",20,"6",3,1,75,326,"Short",0.0621165138583812,0.81749239561182,NA,0.416631596693995,"localGP"
"10104",41,19,6,6,43.2008505736077,89.8653397577546,"Rough","Avg. Reward Condition",20,"6",3,1,73,326,"Short",0.0621165138583812,0.81749239561182,NA,0.416631596693995,"localGP"
"10105",41,20,5,8,64.8105739200729,89.8653397577546,"Rough","Avg. Reward Condition",20,"6",3,2,94,326,"Short",0.0621165138583812,0.81749239561182,NA,0.416631596693995,"localGP"
"10106",41,21,5,9,48.3044171595969,89.8653397577546,"Rough","Avg. Reward Condition",20,"6",3,4,105,326,"Short",0.0621165138583812,0.81749239561182,NA,0.416631596693995,"localGP"
"10107",41,1,9,6,23.898636191768,23.898636191768,"Rough","Avg. Reward Condition",40,"7",15,NA,76,327,"Long",0.0826986182393364,0.655684393025521,NA,0.500825563953877,"localGP"
"10108",41,2,5,2,59.1350535655929,59.1350535655929,"Rough","Avg. Reward Condition",40,"7",15,1,28,327,"Long",0.0826986182393364,0.655684393025521,NA,0.500825563953877,"localGP"
"10109",41,3,6,2,70.2102889372843,70.2102889372843,"Rough","Avg. Reward Condition",40,"7",15,2,29,327,"Long",0.0826986182393364,0.655684393025521,NA,0.500825563953877,"localGP"
"10110",41,4,6,3,78.683438969698,78.683438969698,"Rough","Avg. Reward Condition",40,"7",15,1,40,327,"Long",0.0826986182393364,0.655684393025521,NA,0.500825563953877,"localGP"
"10111",41,5,7,3,80.8182816244535,80.8182816244535,"Rough","Avg. Reward Condition",40,"7",15,1,41,327,"Long",0.0826986182393364,0.655684393025521,NA,0.500825563953877,"localGP"
"10112",41,6,8,3,71.8089338593077,80.8182816244535,"Rough","Avg. Reward Condition",40,"7",15,1,42,327,"Long",0.0826986182393364,0.655684393025521,NA,0.500825563953877,"localGP"
"10113",41,7,5,3,74.9439554440197,80.8182816244535,"Rough","Avg. Reward Condition",40,"7",15,1,39,327,"Long",0.0826986182393364,0.655684393025521,NA,0.500825563953877,"localGP"
"10114",41,8,5,4,66.0342467267579,80.8182816244535,"Rough","Avg. Reward Condition",40,"7",15,3,50,327,"Long",0.0826986182393364,0.655684393025521,NA,0.500825563953877,"localGP"
"10115",41,9,6,4,54.0696372029281,80.8182816244535,"Rough","Avg. Reward Condition",40,"7",15,1,51,327,"Long",0.0826986182393364,0.655684393025521,NA,0.500825563953877,"localGP"
"10116",41,10,7,2,69.9700174342543,80.8182816244535,"Rough","Avg. Reward Condition",40,"7",15,2,30,327,"Long",0.0826986182393364,0.655684393025521,NA,0.500825563953877,"localGP"
"10117",41,11,7,1,69.5543869014774,80.8182816244535,"Rough","Avg. Reward Condition",40,"7",15,1,19,327,"Long",0.0826986182393364,0.655684393025521,NA,0.500825563953877,"localGP"
"10118",41,12,6,1,47.8003239133114,80.8182816244535,"Rough","Avg. Reward Condition",40,"7",15,4,18,327,"Long",0.0826986182393364,0.655684393025521,NA,0.500825563953877,"localGP"
"10119",41,13,0,3,77.1083741262543,80.8182816244535,"Rough","Avg. Reward Condition",40,"7",15,2,34,327,"Long",0.0826986182393364,0.655684393025521,NA,0.500825563953877,"localGP"
"10120",41,14,0,4,66.4445637917368,80.8182816244535,"Rough","Avg. Reward Condition",40,"7",15,3,45,327,"Long",0.0826986182393364,0.655684393025521,NA,0.500825563953877,"localGP"
"10121",41,15,10,3,68.1676938664988,80.8182816244535,"Rough","Avg. Reward Condition",40,"7",15,2,44,327,"Long",0.0826986182393364,0.655684393025521,NA,0.500825563953877,"localGP"
"10122",41,16,9,3,76.9729164746691,80.8182816244535,"Rough","Avg. Reward Condition",40,"7",15,6,43,327,"Long",0.0826986182393364,0.655684393025521,NA,0.500825563953877,"localGP"
"10123",41,17,9,2,80.7274963103288,80.8182816244535,"Rough","Avg. Reward Condition",40,"7",15,1,32,327,"Long",0.0826986182393364,0.655684393025521,NA,0.500825563953877,"localGP"
"10124",41,18,10,2,72.5729702325588,80.8182816244535,"Rough","Avg. Reward Condition",40,"7",15,1,33,327,"Long",0.0826986182393364,0.655684393025521,NA,0.500825563953877,"localGP"
"10125",41,19,9,2,80.7274963103288,80.8182816244535,"Rough","Avg. Reward Condition",40,"7",15,3,32,327,"Long",0.0826986182393364,0.655684393025521,NA,0.500825563953877,"localGP"
"10126",41,20,8,2,70.4382048809147,80.8182816244535,"Rough","Avg. Reward Condition",40,"7",15,1,31,327,"Long",0.0826986182393364,0.655684393025521,NA,0.500825563953877,"localGP"
"10127",41,21,9,1,71.6538266812366,80.8182816244535,"Rough","Avg. Reward Condition",40,"7",15,2,21,327,"Long",0.0826986182393364,0.655684393025521,NA,0.500825563953877,"localGP"
"10128",41,22,10,0,40.8689661512174,80.8182816244535,"Rough","Avg. Reward Condition",40,"7",15,1,11,327,"Long",0.0826986182393364,0.655684393025521,NA,0.500825563953877,"localGP"
"10129",41,23,9,0,56.7976440911413,80.8182816244535,"Rough","Avg. Reward Condition",40,"7",15,3,10,327,"Long",0.0826986182393364,0.655684393025521,NA,0.500825563953877,"localGP"
"10130",41,24,8,0,50.7188657068744,80.8182816244535,"Rough","Avg. Reward Condition",40,"7",15,1,9,327,"Long",0.0826986182393364,0.655684393025521,NA,0.500825563953877,"localGP"
"10131",41,25,2,6,90.2125642232632,90.2125642232632,"Rough","Avg. Reward Condition",40,"7",15,0,69,327,"Long",0.0826986182393364,0.655684393025521,NA,0.500825563953877,"localGP"
"10132",41,26,2,5,87.9015805668821,90.2125642232632,"Rough","Avg. Reward Condition",40,"7",15,1,58,327,"Long",0.0826986182393364,0.655684393025521,NA,0.500825563953877,"localGP"
"10133",41,27,1,5,94.5829546424011,94.5829546424011,"Rough","Avg. Reward Condition",40,"7",15,2,57,327,"Long",0.0826986182393364,0.655684393025521,NA,0.500825563953877,"localGP"
"10134",41,28,1,6,89.9274342754243,94.5829546424011,"Rough","Avg. Reward Condition",40,"7",15,1,68,327,"Long",0.0826986182393364,0.655684393025521,NA,0.500825563953877,"localGP"
"10135",41,29,0,6,57.3114594367428,94.5829546424011,"Rough","Avg. Reward Condition",40,"7",15,1,67,327,"Long",0.0826986182393364,0.655684393025521,NA,0.500825563953877,"localGP"
"10136",41,30,0,5,81.07604936737,94.5829546424011,"Rough","Avg. Reward Condition",40,"7",15,1,56,327,"Long",0.0826986182393364,0.655684393025521,NA,0.500825563953877,"localGP"
"10137",41,31,0,6,57.3114594367428,94.5829546424011,"Rough","Avg. Reward Condition",40,"7",15,2,67,327,"Long",0.0826986182393364,0.655684393025521,NA,0.500825563953877,"localGP"
"10138",41,32,0,7,33.8332215321882,94.5829546424011,"Rough","Avg. Reward Condition",40,"7",15,1,78,327,"Long",0.0826986182393364,0.655684393025521,NA,0.500825563953877,"localGP"
"10139",41,33,0,8,20.0037967376033,94.5829546424011,"Rough","Avg. Reward Condition",40,"7",15,4,89,327,"Long",0.0826986182393364,0.655684393025521,NA,0.500825563953877,"localGP"
"10140",41,34,3,0,54.228682490005,94.5829546424011,"Rough","Avg. Reward Condition",40,"7",15,1,4,327,"Long",0.0826986182393364,0.655684393025521,NA,0.500825563953877,"localGP"
"10141",41,35,4,0,68.1149801380177,94.5829546424011,"Rough","Avg. Reward Condition",40,"7",15,2,5,327,"Long",0.0826986182393364,0.655684393025521,NA,0.500825563953877,"localGP"
"10142",41,36,4,0,68.1149801380177,94.5829546424011,"Rough","Avg. Reward Condition",40,"7",15,2,5,327,"Long",0.0826986182393364,0.655684393025521,NA,0.500825563953877,"localGP"
"10143",41,37,3,1,45.7237040394925,94.5829546424011,"Rough","Avg. Reward Condition",40,"7",15,3,15,327,"Long",0.0826986182393364,0.655684393025521,NA,0.500825563953877,"localGP"
"10144",41,38,4,1,33.8608437670612,94.5829546424011,"Rough","Avg. Reward Condition",40,"7",15,1,16,327,"Long",0.0826986182393364,0.655684393025521,NA,0.500825563953877,"localGP"
"10145",41,39,8,9,59.3788752580905,94.5829546424011,"Rough","Avg. Reward Condition",40,"7",15,2,108,327,"Long",0.0826986182393364,0.655684393025521,NA,0.500825563953877,"localGP"
"10146",41,40,8,10,40.4645686196442,94.5829546424011,"Rough","Avg. Reward Condition",40,"7",15,2,119,327,"Long",0.0826986182393364,0.655684393025521,NA,0.500825563953877,"localGP"
"10147",41,41,7,10,38.0724380449569,94.5829546424011,"Rough","Avg. Reward Condition",40,"7",15,1,118,327,"Long",0.0826986182393364,0.655684393025521,NA,0.500825563953877,"localGP"
"10148",41,1,10,4,46.4286824642032,46.4286824642032,"Rough","Avg. Reward Condition",20,"8",13,NA,55,328,"Short",0.0700474326010445,0.745313429164131,NA,0.457304736964898,"localGP"
"10149",41,2,10,3,44.4882911977957,46.4286824642032,"Rough","Avg. Reward Condition",20,"8",13,1,44,328,"Short",0.0700474326010445,0.745313429164131,NA,0.457304736964898,"localGP"
"10150",41,3,1,2,38.3504915671492,46.4286824642032,"Rough","Avg. Reward Condition",20,"8",13,2,24,328,"Short",0.0700474326010445,0.745313429164131,NA,0.457304736964898,"localGP"
"10151",41,4,7,10,6.16027342838367,46.4286824642032,"Rough","Avg. Reward Condition",20,"8",13,0,118,328,"Short",0.0700474326010445,0.745313429164131,NA,0.457304736964898,"localGP"
"10152",41,5,7,8,30.3880367689593,46.4286824642032,"Rough","Avg. Reward Condition",20,"8",13,1,96,328,"Short",0.0700474326010445,0.745313429164131,NA,0.457304736964898,"localGP"
"10153",41,6,8,8,57.8542961251915,57.8542961251915,"Rough","Avg. Reward Condition",20,"8",13,1,97,328,"Short",0.0700474326010445,0.745313429164131,NA,0.457304736964898,"localGP"
"10154",41,7,8,7,57.7313818278047,57.8542961251915,"Rough","Avg. Reward Condition",20,"8",13,1,86,328,"Short",0.0700474326010445,0.745313429164131,NA,0.457304736964898,"localGP"
"10155",41,8,7,7,65.4024008297737,65.4024008297737,"Rough","Avg. Reward Condition",20,"8",13,2,85,328,"Short",0.0700474326010445,0.745313429164131,NA,0.457304736964898,"localGP"
"10156",41,9,6,7,61.746746813945,65.4024008297737,"Rough","Avg. Reward Condition",20,"8",13,1,84,328,"Short",0.0700474326010445,0.745313429164131,NA,0.457304736964898,"localGP"
"10157",41,10,5,7,44.9495290274255,65.4024008297737,"Rough","Avg. Reward Condition",20,"8",13,2,83,328,"Short",0.0700474326010445,0.745313429164131,NA,0.457304736964898,"localGP"
"10158",41,11,5,8,17.7476651044899,65.4024008297737,"Rough","Avg. Reward Condition",20,"8",13,1,94,328,"Short",0.0700474326010445,0.745313429164131,NA,0.457304736964898,"localGP"
"10159",41,12,4,7,25.3361076780515,65.4024008297737,"Rough","Avg. Reward Condition",20,"8",13,2,82,328,"Short",0.0700474326010445,0.745313429164131,NA,0.457304736964898,"localGP"
"10160",41,13,3,10,49.5315069450251,65.4024008297737,"Rough","Avg. Reward Condition",20,"8",13,1,114,328,"Short",0.0700474326010445,0.745313429164131,NA,0.457304736964898,"localGP"
"10161",41,14,2,10,46.7671401163618,65.4024008297737,"Rough","Avg. Reward Condition",20,"8",13,2,113,328,"Short",0.0700474326010445,0.745313429164131,NA,0.457304736964898,"localGP"
"10162",41,15,1,3,24.1058601457034,65.4024008297737,"Rough","Avg. Reward Condition",20,"8",13,5,35,328,"Short",0.0700474326010445,0.745313429164131,NA,0.457304736964898,"localGP"
"10163",41,16,3,5,54.7363822558009,65.4024008297737,"Rough","Avg. Reward Condition",20,"8",13,6,59,328,"Short",0.0700474326010445,0.745313429164131,NA,0.457304736964898,"localGP"
"10164",41,17,3,4,69.0645761763699,69.0645761763699,"Rough","Avg. Reward Condition",20,"8",13,7,48,328,"Short",0.0700474326010445,0.745313429164131,NA,0.457304736964898,"localGP"
"10165",41,18,2,4,86.7630388184153,86.7630388184153,"Rough","Avg. Reward Condition",20,"8",13,3,47,328,"Short",0.0700474326010445,0.745313429164131,NA,0.457304736964898,"localGP"
"10166",41,19,2,5,73.5182942872348,86.7630388184153,"Rough","Avg. Reward Condition",20,"8",13,4,58,328,"Short",0.0700474326010445,0.745313429164131,NA,0.457304736964898,"localGP"
"10167",41,20,2,6,46.1154151661553,86.7630388184153,"Rough","Avg. Reward Condition",20,"8",13,1,69,328,"Short",0.0700474326010445,0.745313429164131,NA,0.457304736964898,"localGP"
"10168",41,21,1,6,39.9812394486691,86.7630388184153,"Rough","Avg. Reward Condition",20,"8",13,3,68,328,"Short",0.0700474326010445,0.745313429164131,NA,0.457304736964898,"localGP"
"10169",42,1,5,8,12.3881850292677,12.3881850292677,"Smooth","Avg. Reward Condition",20,"1",15,NA,94,329,"Short",0.0694279244793544,4.46304342964783,NA,0.0472937068693518,"localGP"
"10170",42,2,1,3,78.9236623533558,78.9236623533558,"Smooth","Avg. Reward Condition",20,"1",15,9,35,329,"Short",0.0694279244793544,4.46304342964783,NA,0.0472937068693518,"localGP"
"10171",42,3,1,2,100,100,"Smooth","Avg. Reward Condition",20,"1",15,1,24,329,"Short",0.0694279244793544,4.46304342964783,NA,0.0472937068693518,"localGP"
"10172",42,4,1,1,90.7781848524799,100,"Smooth","Avg. Reward Condition",20,"1",15,1,13,329,"Short",0.0694279244793544,4.46304342964783,NA,0.0472937068693518,"localGP"
"10173",42,5,1,2,100,100,"Smooth","Avg. Reward Condition",20,"1",15,2,24,329,"Short",0.0694279244793544,4.46304342964783,NA,0.0472937068693518,"localGP"
"10174",42,6,2,2,71.3818966101037,100,"Smooth","Avg. Reward Condition",20,"1",15,2,25,329,"Short",0.0694279244793544,4.46304342964783,NA,0.0472937068693518,"localGP"
"10175",42,7,1,2,100,100,"Smooth","Avg. Reward Condition",20,"1",15,1,24,329,"Short",0.0694279244793544,4.46304342964783,NA,0.0472937068693518,"localGP"
"10176",42,8,0,2,95.1832335243152,100,"Smooth","Avg. Reward Condition",20,"1",15,0,23,329,"Short",0.0694279244793544,4.46304342964783,NA,0.0472937068693518,"localGP"
"10177",42,9,0,1,88.0859970924016,100,"Smooth","Avg. Reward Condition",20,"1",15,0,12,329,"Short",0.0694279244793544,4.46304342964783,NA,0.0472937068693518,"localGP"
"10178",42,10,0,2,95.1832335243152,100,"Smooth","Avg. Reward Condition",20,"1",15,0,23,329,"Short",0.0694279244793544,4.46304342964783,NA,0.0472937068693518,"localGP"
"10179",42,11,0,2,95.1832335243152,100,"Smooth","Avg. Reward Condition",20,"1",15,0,23,329,"Short",0.0694279244793544,4.46304342964783,NA,0.0472937068693518,"localGP"
"10180",42,12,0,2,95.1832335243152,100,"Smooth","Avg. Reward Condition",20,"1",15,0,23,329,"Short",0.0694279244793544,4.46304342964783,NA,0.0472937068693518,"localGP"
"10181",42,13,2,2,71.3818966101037,100,"Smooth","Avg. Reward Condition",20,"1",15,0,25,329,"Short",0.0694279244793544,4.46304342964783,NA,0.0472937068693518,"localGP"
"10182",42,14,1,2,100,100,"Smooth","Avg. Reward Condition",20,"1",15,0,24,329,"Short",0.0694279244793544,4.46304342964783,NA,0.0472937068693518,"localGP"
"10183",42,15,1,1,90.7781848524799,100,"Smooth","Avg. Reward Condition",20,"1",15,0,13,329,"Short",0.0694279244793544,4.46304342964783,NA,0.0472937068693518,"localGP"
"10184",42,16,1,2,100,100,"Smooth","Avg. Reward Condition",20,"1",15,0,24,329,"Short",0.0694279244793544,4.46304342964783,NA,0.0472937068693518,"localGP"
"10185",42,17,0,2,95.1832335243152,100,"Smooth","Avg. Reward Condition",20,"1",15,0,23,329,"Short",0.0694279244793544,4.46304342964783,NA,0.0472937068693518,"localGP"
"10186",42,18,1,2,100,100,"Smooth","Avg. Reward Condition",20,"1",15,0,24,329,"Short",0.0694279244793544,4.46304342964783,NA,0.0472937068693518,"localGP"
"10187",42,19,1,2,100,100,"Smooth","Avg. Reward Condition",20,"1",15,0,24,329,"Short",0.0694279244793544,4.46304342964783,NA,0.0472937068693518,"localGP"
"10188",42,20,4,2,50.1084005844682,100,"Smooth","Avg. Reward Condition",20,"1",15,0,27,329,"Short",0.0694279244793544,4.46304342964783,NA,0.0472937068693518,"localGP"
"10189",42,21,9,3,76.9729164746691,100,"Smooth","Avg. Reward Condition",20,"1",15,0,43,329,"Short",0.0694279244793544,4.46304342964783,NA,0.0472937068693518,"localGP"
"10190",42,1,7,3,55.1490469076326,55.1490469076326,"Smooth","Avg. Reward Condition",40,"2",17,NA,41,330,"Long",0.0626175732064231,0.615407138758128,NA,0.237819429948839,"localGP"
"10191",42,2,7,2,75.4767861169897,75.4767861169897,"Smooth","Avg. Reward Condition",40,"2",17,5,30,330,"Long",0.0626175732064231,0.615407138758128,NA,0.237819429948839,"localGP"
"10192",42,3,6,2,61.2748558274339,75.4767861169897,"Smooth","Avg. Reward Condition",40,"2",17,1,29,330,"Long",0.0626175732064231,0.615407138758128,NA,0.237819429948839,"localGP"
"10193",42,4,10,5,66.9387480102746,75.4767861169897,"Smooth","Avg. Reward Condition",40,"2",17,2,66,330,"Long",0.0626175732064231,0.615407138758128,NA,0.237819429948839,"localGP"
"10194",42,5,10,5,66.9387480102746,75.4767861169897,"Smooth","Avg. Reward Condition",40,"2",17,2,66,330,"Long",0.0626175732064231,0.615407138758128,NA,0.237819429948839,"localGP"
"10195",42,6,8,5,20.7172540891827,75.4767861169897,"Smooth","Avg. Reward Condition",40,"2",17,2,64,330,"Long",0.0626175732064231,0.615407138758128,NA,0.237819429948839,"localGP"
"10196",42,7,10,4,60.9323536427728,75.4767861169897,"Smooth","Avg. Reward Condition",40,"2",17,1,55,330,"Long",0.0626175732064231,0.615407138758128,NA,0.237819429948839,"localGP"
"10197",42,8,6,7,9.51682316943717,75.4767861169897,"Smooth","Avg. Reward Condition",40,"2",17,0,84,330,"Long",0.0626175732064231,0.615407138758128,NA,0.237819429948839,"localGP"
"10198",42,9,6,8,0,75.4767861169897,"Smooth","Avg. Reward Condition",40,"2",17,0,95,330,"Long",0.0626175732064231,0.615407138758128,NA,0.237819429948839,"localGP"
"10199",42,10,6,10,42.2521571557116,75.4767861169897,"Smooth","Avg. Reward Condition",40,"2",17,0,117,330,"Long",0.0626175732064231,0.615407138758128,NA,0.237819429948839,"localGP"
"10200",42,11,5,10,36.7071587772784,75.4767861169897,"Smooth","Avg. Reward Condition",40,"2",17,0,116,330,"Long",0.0626175732064231,0.615407138758128,NA,0.237819429948839,"localGP"
"10201",42,12,3,10,66.9843682918031,75.4767861169897,"Smooth","Avg. Reward Condition",40,"2",17,0,114,330,"Long",0.0626175732064231,0.615407138758128,NA,0.237819429948839,"localGP"
"10202",42,13,4,0,41.9364610570647,75.4767861169897,"Smooth","Avg. Reward Condition",40,"2",17,0,5,330,"Long",0.0626175732064231,0.615407138758128,NA,0.237819429948839,"localGP"
"10203",42,14,8,9,55.5010385970611,75.4767861169897,"Smooth","Avg. Reward Condition",40,"2",17,0,108,330,"Long",0.0626175732064231,0.615407138758128,NA,0.237819429948839,"localGP"
"10204",42,15,9,9,82.3610633531152,82.3610633531152,"Smooth","Avg. Reward Condition",40,"2",17,0,109,330,"Long",0.0626175732064231,0.615407138758128,NA,0.237819429948839,"localGP"
"10205",42,16,9,9,82.3610633531152,82.3610633531152,"Smooth","Avg. Reward Condition",40,"2",17,0,109,330,"Long",0.0626175732064231,0.615407138758128,NA,0.237819429948839,"localGP"
"10206",42,17,9,10,51.9374709842096,82.3610633531152,"Smooth","Avg. Reward Condition",40,"2",17,0,120,330,"Long",0.0626175732064231,0.615407138758128,NA,0.237819429948839,"localGP"
"10207",42,18,10,8,52.8164121364867,82.3610633531152,"Smooth","Avg. Reward Condition",40,"2",17,0,99,330,"Long",0.0626175732064231,0.615407138758128,NA,0.237819429948839,"localGP"
"10208",42,19,4,8,28.2798800164457,82.3610633531152,"Smooth","Avg. Reward Condition",40,"2",17,0,93,330,"Long",0.0626175732064231,0.615407138758128,NA,0.237819429948839,"localGP"
"10209",42,20,3,4,81.7432518785976,82.3610633531152,"Smooth","Avg. Reward Condition",40,"2",17,0,48,330,"Long",0.0626175732064231,0.615407138758128,NA,0.237819429948839,"localGP"
"10210",42,21,3,3,36.5733542977154,82.3610633531152,"Smooth","Avg. Reward Condition",40,"2",17,0,37,330,"Long",0.0626175732064231,0.615407138758128,NA,0.237819429948839,"localGP"
"10211",42,22,5,3,56.3851805160455,82.3610633531152,"Smooth","Avg. Reward Condition",40,"2",17,0,39,330,"Long",0.0626175732064231,0.615407138758128,NA,0.237819429948839,"localGP"
"10212",42,23,6,3,42.4608725278466,82.3610633531152,"Smooth","Avg. Reward Condition",40,"2",17,0,40,330,"Long",0.0626175732064231,0.615407138758128,NA,0.237819429948839,"localGP"
"10213",42,24,1,9,43.2151205194365,82.3610633531152,"Smooth","Avg. Reward Condition",40,"2",17,0,101,330,"Long",0.0626175732064231,0.615407138758128,NA,0.237819429948839,"localGP"
"10214",42,25,9,6,69.0496352033319,82.3610633531152,"Smooth","Avg. Reward Condition",40,"2",17,0,76,330,"Long",0.0626175732064231,0.615407138758128,NA,0.237819429948839,"localGP"
"10215",42,26,10,6,67.2792889568495,82.3610633531152,"Smooth","Avg. Reward Condition",40,"2",17,0,77,330,"Long",0.0626175732064231,0.615407138758128,NA,0.237819429948839,"localGP"
"10216",42,27,1,10,38.833322433852,82.3610633531152,"Smooth","Avg. Reward Condition",40,"2",17,0,112,330,"Long",0.0626175732064231,0.615407138758128,NA,0.237819429948839,"localGP"
"10217",42,28,1,3,74.4820518548536,82.3610633531152,"Smooth","Avg. Reward Condition",40,"2",17,0,35,330,"Long",0.0626175732064231,0.615407138758128,NA,0.237819429948839,"localGP"
"10218",42,29,7,2,75.4767861169897,82.3610633531152,"Smooth","Avg. Reward Condition",40,"2",17,0,30,330,"Long",0.0626175732064231,0.615407138758128,NA,0.237819429948839,"localGP"
"10219",42,30,7,1,68.4445451989571,82.3610633531152,"Smooth","Avg. Reward Condition",40,"2",17,0,19,330,"Long",0.0626175732064231,0.615407138758128,NA,0.237819429948839,"localGP"
"10220",42,31,9,2,61.2328313853332,82.3610633531152,"Smooth","Avg. Reward Condition",40,"2",17,0,32,330,"Long",0.0626175732064231,0.615407138758128,NA,0.237819429948839,"localGP"
"10221",42,32,10,2,51.1126681284634,82.3610633531152,"Smooth","Avg. Reward Condition",40,"2",17,0,33,330,"Long",0.0626175732064231,0.615407138758128,NA,0.237819429948839,"localGP"
"10222",42,33,10,1,22.4632600371913,82.3610633531152,"Smooth","Avg. Reward Condition",40,"2",17,0,22,330,"Long",0.0626175732064231,0.615407138758128,NA,0.237819429948839,"localGP"
"10223",42,34,6,6,17.8573252505419,82.3610633531152,"Smooth","Avg. Reward Condition",40,"2",17,0,73,330,"Long",0.0626175732064231,0.615407138758128,NA,0.237819429948839,"localGP"
"10224",42,35,7,4,42.6028889590444,82.3610633531152,"Smooth","Avg. Reward Condition",40,"2",17,0,52,330,"Long",0.0626175732064231,0.615407138758128,NA,0.237819429948839,"localGP"
"10225",42,36,1,6,46.8743954250285,82.3610633531152,"Smooth","Avg. Reward Condition",40,"2",17,0,68,330,"Long",0.0626175732064231,0.615407138758128,NA,0.237819429948839,"localGP"
"10226",42,37,2,0,54.8642131935896,82.3610633531152,"Smooth","Avg. Reward Condition",40,"2",17,0,3,330,"Long",0.0626175732064231,0.615407138758128,NA,0.237819429948839,"localGP"
"10227",42,38,2,1,38.0642763953082,82.3610633531152,"Smooth","Avg. Reward Condition",40,"2",17,0,14,330,"Long",0.0626175732064231,0.615407138758128,NA,0.237819429948839,"localGP"
"10228",42,39,10,8,52.8164121364867,82.3610633531152,"Smooth","Avg. Reward Condition",40,"2",17,0,99,330,"Long",0.0626175732064231,0.615407138758128,NA,0.237819429948839,"localGP"
"10229",42,40,10,9,62.3531210252204,82.3610633531152,"Smooth","Avg. Reward Condition",40,"2",17,0,110,330,"Long",0.0626175732064231,0.615407138758128,NA,0.237819429948839,"localGP"
"10230",42,41,9,9,82.3610633531152,82.3610633531152,"Smooth","Avg. Reward Condition",40,"2",17,0,109,330,"Long",0.0626175732064231,0.615407138758128,NA,0.237819429948839,"localGP"
"10231",42,1,0,7,30.0086994835873,30.0086994835873,"Smooth","Avg. Reward Condition",20,"3",3,NA,78,331,"Short",0.0566364351985065,3.30712184004312,NA,0.223868628658382,"localGP"
"10232",42,2,10,3,43.0975597606831,43.0975597606831,"Smooth","Avg. Reward Condition",20,"3",3,7,44,331,"Short",0.0566364351985065,3.30712184004312,NA,0.223868628658382,"localGP"
"10233",42,3,6,4,44.9938943868475,44.9938943868475,"Smooth","Avg. Reward Condition",20,"3",3,4,51,331,"Short",0.0566364351985065,3.30712184004312,NA,0.223868628658382,"localGP"
"10234",42,4,7,8,100,100,"Smooth","Avg. Reward Condition",20,"3",3,3,96,331,"Short",0.0566364351985065,3.30712184004312,NA,0.223868628658382,"localGP"
"10235",42,5,8,8,86.9112548531245,100,"Smooth","Avg. Reward Condition",20,"3",3,12,97,331,"Short",0.0566364351985065,3.30712184004312,NA,0.223868628658382,"localGP"
"10236",42,6,7,8,100,100,"Smooth","Avg. Reward Condition",20,"3",3,8,96,331,"Short",0.0566364351985065,3.30712184004312,NA,0.223868628658382,"localGP"
"10237",42,7,7,8,100,100,"Smooth","Avg. Reward Condition",20,"3",3,16,96,331,"Short",0.0566364351985065,3.30712184004312,NA,0.223868628658382,"localGP"
"10238",42,8,6,8,72.494296563532,100,"Smooth","Avg. Reward Condition",20,"3",3,2,95,331,"Short",0.0566364351985065,3.30712184004312,NA,0.223868628658382,"localGP"
"10239",42,9,7,8,100,100,"Smooth","Avg. Reward Condition",20,"3",3,3,96,331,"Short",0.0566364351985065,3.30712184004312,NA,0.223868628658382,"localGP"
"10240",42,10,10,4,55.8295029198289,100,"Smooth","Avg. Reward Condition",20,"3",3,4,55,331,"Short",0.0566364351985065,3.30712184004312,NA,0.223868628658382,"localGP"
"10241",42,11,10,1,38.6271450157014,100,"Smooth","Avg. Reward Condition",20,"3",3,1,22,331,"Short",0.0566364351985065,3.30712184004312,NA,0.223868628658382,"localGP"
"10242",42,12,9,3,32.6557513762686,100,"Smooth","Avg. Reward Condition",20,"3",3,1,43,331,"Short",0.0566364351985065,3.30712184004312,NA,0.223868628658382,"localGP"
"10243",42,13,7,2,63.8501760294012,100,"Smooth","Avg. Reward Condition",20,"3",3,2,30,331,"Short",0.0566364351985065,3.30712184004312,NA,0.223868628658382,"localGP"
"10244",42,14,6,2,71.6274675486182,100,"Smooth","Avg. Reward Condition",20,"3",3,1,29,331,"Short",0.0566364351985065,3.30712184004312,NA,0.223868628658382,"localGP"
"10245",42,15,6,1,32.7748600046913,100,"Smooth","Avg. Reward Condition",20,"3",3,1,18,331,"Short",0.0566364351985065,3.30712184004312,NA,0.223868628658382,"localGP"
"10246",42,16,3,2,42.1944020034096,100,"Smooth","Avg. Reward Condition",20,"3",3,1,26,331,"Short",0.0566364351985065,3.30712184004312,NA,0.223868628658382,"localGP"
"10247",42,17,1,1,55.6104424370959,100,"Smooth","Avg. Reward Condition",20,"3",3,1,13,331,"Short",0.0566364351985065,3.30712184004312,NA,0.223868628658382,"localGP"
"10248",42,18,0,2,79.3285213093921,100,"Smooth","Avg. Reward Condition",20,"3",3,3,23,331,"Short",0.0566364351985065,3.30712184004312,NA,0.223868628658382,"localGP"
"10249",42,19,0,3,46.9181544218078,100,"Smooth","Avg. Reward Condition",20,"3",3,2,34,331,"Short",0.0566364351985065,3.30712184004312,NA,0.223868628658382,"localGP"
"10250",42,20,0,2,79.3285213093921,100,"Smooth","Avg. Reward Condition",20,"3",3,0,23,331,"Short",0.0566364351985065,3.30712184004312,NA,0.223868628658382,"localGP"
"10251",42,21,0,1,65.8842210019146,100,"Smooth","Avg. Reward Condition",20,"3",3,0,12,331,"Short",0.0566364351985065,3.30712184004312,NA,0.223868628658382,"localGP"
"10252",42,1,4,5,36.1447579478145,36.1447579478145,"Smooth","Avg. Reward Condition",40,"4",4,NA,60,332,"Long",0.0594643677602094,3.59632379543643,NA,0.00673794714457823,"localGP"
"10253",42,2,7,7,31.8600199928014,36.1447579478145,"Smooth","Avg. Reward Condition",40,"4",4,15,85,332,"Long",0.0594643677602094,3.59632379543643,NA,0.00673794714457823,"localGP"
"10254",42,3,6,1,31.833699427692,36.1447579478145,"Smooth","Avg. Reward Condition",40,"4",4,8,18,332,"Long",0.0594643677602094,3.59632379543643,NA,0.00673794714457823,"localGP"
"10255",42,4,4,1,36.6948932499117,36.6948932499117,"Smooth","Avg. Reward Condition",40,"4",4,16,16,332,"Long",0.0594643677602094,3.59632379543643,NA,0.00673794714457823,"localGP"
"10256",42,5,3,8,66.9283199969529,66.9283199969529,"Smooth","Avg. Reward Condition",40,"4",4,8,92,332,"Long",0.0594643677602094,3.59632379543643,NA,0.00673794714457823,"localGP"
"10257",42,6,2,8,76.6612270941655,76.6612270941655,"Smooth","Avg. Reward Condition",40,"4",4,6,91,332,"Long",0.0594643677602094,3.59632379543643,NA,0.00673794714457823,"localGP"
"10258",42,7,2,9,75.1501969131058,76.6612270941655,"Smooth","Avg. Reward Condition",40,"4",4,2,102,332,"Long",0.0594643677602094,3.59632379543643,NA,0.00673794714457823,"localGP"
"10259",42,8,2,8,76.6612270941655,76.6612270941655,"Smooth","Avg. Reward Condition",40,"4",4,1,91,332,"Long",0.0594643677602094,3.59632379543643,NA,0.00673794714457823,"localGP"
"10260",42,9,1,8,27.6316672751783,76.6612270941655,"Smooth","Avg. Reward Condition",40,"4",4,1,90,332,"Long",0.0594643677602094,3.59632379543643,NA,0.00673794714457823,"localGP"
"10261",42,10,2,10,54.5646114683312,76.6612270941655,"Smooth","Avg. Reward Condition",40,"4",4,2,113,332,"Long",0.0594643677602094,3.59632379543643,NA,0.00673794714457823,"localGP"
"10262",42,11,8,7,25.3941044554776,76.6612270941655,"Smooth","Avg. Reward Condition",40,"4",4,1,86,332,"Long",0.0594643677602094,3.59632379543643,NA,0.00673794714457823,"localGP"
"10263",42,12,0,3,33.2695809306562,76.6612270941655,"Smooth","Avg. Reward Condition",40,"4",4,2,34,332,"Long",0.0594643677602094,3.59632379543643,NA,0.00673794714457823,"localGP"
"10264",42,13,0,2,64.4409661109689,76.6612270941655,"Smooth","Avg. Reward Condition",40,"4",4,2,23,332,"Long",0.0594643677602094,3.59632379543643,NA,0.00673794714457823,"localGP"
"10265",42,14,5,0,37.1740995963249,76.6612270941655,"Smooth","Avg. Reward Condition",40,"4",4,3,6,332,"Long",0.0594643677602094,3.59632379543643,NA,0.00673794714457823,"localGP"
"10266",42,15,8,3,59.0490578971639,76.6612270941655,"Smooth","Avg. Reward Condition",40,"4",4,1,42,332,"Long",0.0594643677602094,3.59632379543643,NA,0.00673794714457823,"localGP"
"10267",42,16,3,1,24.1019825166846,76.6612270941655,"Smooth","Avg. Reward Condition",40,"4",4,2,15,332,"Long",0.0594643677602094,3.59632379543643,NA,0.00673794714457823,"localGP"
"10268",42,17,1,10,30.8155263252467,76.6612270941655,"Smooth","Avg. Reward Condition",40,"4",4,1,112,332,"Long",0.0594643677602094,3.59632379543643,NA,0.00673794714457823,"localGP"
"10269",42,18,9,6,37.8754043106106,76.6612270941655,"Smooth","Avg. Reward Condition",40,"4",4,2,76,332,"Long",0.0594643677602094,3.59632379543643,NA,0.00673794714457823,"localGP"
"10270",42,19,10,10,44.6083143024855,76.6612270941655,"Smooth","Avg. Reward Condition",40,"4",4,1,121,332,"Long",0.0594643677602094,3.59632379543643,NA,0.00673794714457823,"localGP"
"10271",42,20,2,1,51.6085825276977,76.6612270941655,"Smooth","Avg. Reward Condition",40,"4",4,3,14,332,"Long",0.0594643677602094,3.59632379543643,NA,0.00673794714457823,"localGP"
"10272",42,21,2,0,60.1885036644996,76.6612270941655,"Smooth","Avg. Reward Condition",40,"4",4,1,3,332,"Long",0.0594643677602094,3.59632379543643,NA,0.00673794714457823,"localGP"
"10273",42,22,1,0,44.1381856766965,76.6612270941655,"Smooth","Avg. Reward Condition",40,"4",4,1,2,332,"Long",0.0594643677602094,3.59632379543643,NA,0.00673794714457823,"localGP"
"10274",42,23,1,1,71.1759996690276,76.6612270941655,"Smooth","Avg. Reward Condition",40,"4",4,0,13,332,"Long",0.0594643677602094,3.59632379543643,NA,0.00673794714457823,"localGP"
"10275",42,24,0,1,65.3456129286578,76.6612270941655,"Smooth","Avg. Reward Condition",40,"4",4,0,12,332,"Long",0.0594643677602094,3.59632379543643,NA,0.00673794714457823,"localGP"
"10276",42,25,3,3,61.9515693449088,76.6612270941655,"Smooth","Avg. Reward Condition",40,"4",4,0,37,332,"Long",0.0594643677602094,3.59632379543643,NA,0.00673794714457823,"localGP"
"10277",42,26,4,9,45.2552162388682,76.6612270941655,"Smooth","Avg. Reward Condition",40,"4",4,0,104,332,"Long",0.0594643677602094,3.59632379543643,NA,0.00673794714457823,"localGP"
"10278",42,27,5,8,42.4332277403281,76.6612270941655,"Smooth","Avg. Reward Condition",40,"4",4,0,94,332,"Long",0.0594643677602094,3.59632379543643,NA,0.00673794714457823,"localGP"
"10279",42,28,9,0,11.8774072924795,76.6612270941655,"Smooth","Avg. Reward Condition",40,"4",4,0,10,332,"Long",0.0594643677602094,3.59632379543643,NA,0.00673794714457823,"localGP"
"10280",42,29,10,1,61.8531296162429,76.6612270941655,"Smooth","Avg. Reward Condition",40,"4",4,0,22,332,"Long",0.0594643677602094,3.59632379543643,NA,0.00673794714457823,"localGP"
"10281",42,30,10,2,51.2894760836585,76.6612270941655,"Smooth","Avg. Reward Condition",40,"4",4,0,33,332,"Long",0.0594643677602094,3.59632379543643,NA,0.00673794714457823,"localGP"
"10282",42,31,3,5,42.7959120158228,76.6612270941655,"Smooth","Avg. Reward Condition",40,"4",4,0,59,332,"Long",0.0594643677602094,3.59632379543643,NA,0.00673794714457823,"localGP"
"10283",42,32,1,2,73.4445687616828,76.6612270941655,"Smooth","Avg. Reward Condition",40,"4",4,0,24,332,"Long",0.0594643677602094,3.59632379543643,NA,0.00673794714457823,"localGP"
"10284",42,33,4,3,94.794324286051,94.794324286051,"Smooth","Avg. Reward Condition",40,"4",4,0,38,332,"Long",0.0594643677602094,3.59632379543643,NA,0.00673794714457823,"localGP"
"10285",42,34,5,3,80.7551191777029,94.794324286051,"Smooth","Avg. Reward Condition",40,"4",4,0,39,332,"Long",0.0594643677602094,3.59632379543643,NA,0.00673794714457823,"localGP"
"10286",42,35,5,3,80.7551191777029,94.794324286051,"Smooth","Avg. Reward Condition",40,"4",4,0,39,332,"Long",0.0594643677602094,3.59632379543643,NA,0.00673794714457823,"localGP"
"10287",42,36,5,3,80.7551191777029,94.794324286051,"Smooth","Avg. Reward Condition",40,"4",4,0,39,332,"Long",0.0594643677602094,3.59632379543643,NA,0.00673794714457823,"localGP"
"10288",42,37,6,3,49.7582235748205,94.794324286051,"Smooth","Avg. Reward Condition",40,"4",4,0,40,332,"Long",0.0594643677602094,3.59632379543643,NA,0.00673794714457823,"localGP"
"10289",42,38,3,2,48.6711536627271,94.794324286051,"Smooth","Avg. Reward Condition",40,"4",4,0,26,332,"Long",0.0594643677602094,3.59632379543643,NA,0.00673794714457823,"localGP"
"10290",42,39,4,3,94.794324286051,94.794324286051,"Smooth","Avg. Reward Condition",40,"4",4,0,38,332,"Long",0.0594643677602094,3.59632379543643,NA,0.00673794714457823,"localGP"
"10291",42,40,6,10,48.7082287749255,94.794324286051,"Smooth","Avg. Reward Condition",40,"4",4,0,117,332,"Long",0.0594643677602094,3.59632379543643,NA,0.00673794714457823,"localGP"
"10292",42,41,10,10,44.6083143024855,94.794324286051,"Smooth","Avg. Reward Condition",40,"4",4,0,121,332,"Long",0.0594643677602094,3.59632379543643,NA,0.00673794714457823,"localGP"
"10293",42,1,1,9,48.3624472959168,48.3624472959168,"Smooth","Avg. Reward Condition",20,"5",12,NA,101,333,"Short",0.0625037933299333,3.90759309447213,NA,0.0101161001290413,"localGP"
"10294",42,2,5,9,58.4786729876124,58.4786729876124,"Smooth","Avg. Reward Condition",20,"5",12,1,105,333,"Short",0.0625037933299333,3.90759309447213,NA,0.0101161001290413,"localGP"
"10295",42,3,3,6,20.8670491008818,58.4786729876124,"Smooth","Avg. Reward Condition",20,"5",12,2,70,333,"Short",0.0625037933299333,3.90759309447213,NA,0.0101161001290413,"localGP"
"10296",42,4,9,6,67.9862039342171,67.9862039342171,"Smooth","Avg. Reward Condition",20,"5",12,1,76,333,"Short",0.0625037933299333,3.90759309447213,NA,0.0101161001290413,"localGP"
"10297",42,5,8,3,42.1360242670956,67.9862039342171,"Smooth","Avg. Reward Condition",20,"5",12,1,42,333,"Short",0.0625037933299333,3.90759309447213,NA,0.0101161001290413,"localGP"
"10298",42,6,10,10,82.1633669638576,82.1633669638576,"Smooth","Avg. Reward Condition",20,"5",12,2,121,333,"Short",0.0625037933299333,3.90759309447213,NA,0.0101161001290413,"localGP"
"10299",42,7,9,10,67.4802551534836,82.1633669638576,"Smooth","Avg. Reward Condition",20,"5",12,1,120,333,"Short",0.0625037933299333,3.90759309447213,NA,0.0101161001290413,"localGP"
"10300",42,8,6,4,26.6495557204541,82.1633669638576,"Smooth","Avg. Reward Condition",20,"5",12,2,51,333,"Short",0.0625037933299333,3.90759309447213,NA,0.0101161001290413,"localGP"
"10301",42,9,8,9,62.8606043078969,82.1633669638576,"Smooth","Avg. Reward Condition",20,"5",12,2,108,333,"Short",0.0625037933299333,3.90759309447213,NA,0.0101161001290413,"localGP"
"10302",42,10,9,5,58.7716718822745,82.1633669638576,"Smooth","Avg. Reward Condition",20,"5",12,1,65,333,"Short",0.0625037933299333,3.90759309447213,NA,0.0101161001290413,"localGP"
"10303",42,11,10,5,62.8520083349877,82.1633669638576,"Smooth","Avg. Reward Condition",20,"5",12,0,66,333,"Short",0.0625037933299333,3.90759309447213,NA,0.0101161001290413,"localGP"
"10304",42,12,9,6,67.9862039342171,82.1633669638576,"Smooth","Avg. Reward Condition",20,"5",12,0,76,333,"Short",0.0625037933299333,3.90759309447213,NA,0.0101161001290413,"localGP"
"10305",42,13,9,7,78.9152227809253,82.1633669638576,"Smooth","Avg. Reward Condition",20,"5",12,0,87,333,"Short",0.0625037933299333,3.90759309447213,NA,0.0101161001290413,"localGP"
"10306",42,14,9,6,67.9862039342171,82.1633669638576,"Smooth","Avg. Reward Condition",20,"5",12,0,76,333,"Short",0.0625037933299333,3.90759309447213,NA,0.0101161001290413,"localGP"
"10307",42,15,10,6,45.8452635270677,82.1633669638576,"Smooth","Avg. Reward Condition",20,"5",12,0,77,333,"Short",0.0625037933299333,3.90759309447213,NA,0.0101161001290413,"localGP"
"10308",42,16,6,7,79.1421963160271,82.1633669638576,"Smooth","Avg. Reward Condition",20,"5",12,0,84,333,"Short",0.0625037933299333,3.90759309447213,NA,0.0101161001290413,"localGP"
"10309",42,17,7,7,63.3946973965317,82.1633669638576,"Smooth","Avg. Reward Condition",20,"5",12,0,85,333,"Short",0.0625037933299333,3.90759309447213,NA,0.0101161001290413,"localGP"
"10310",42,18,6,7,79.1421963160271,82.1633669638576,"Smooth","Avg. Reward Condition",20,"5",12,0,84,333,"Short",0.0625037933299333,3.90759309447213,NA,0.0101161001290413,"localGP"
"10311",42,19,5,7,95.4475396391107,95.4475396391107,"Smooth","Avg. Reward Condition",20,"5",12,0,83,333,"Short",0.0625037933299333,3.90759309447213,NA,0.0101161001290413,"localGP"
"10312",42,20,5,8,82.0331276528132,95.4475396391107,"Smooth","Avg. Reward Condition",20,"5",12,0,94,333,"Short",0.0625037933299333,3.90759309447213,NA,0.0101161001290413,"localGP"
"10313",42,21,5,8,82.0331276528132,95.4475396391107,"Smooth","Avg. Reward Condition",20,"5",12,0,94,333,"Short",0.0625037933299333,3.90759309447213,NA,0.0101161001290413,"localGP"
"10314",42,1,3,5,60.9956565134491,60.9956565134491,"Smooth","Avg. Reward Condition",40,"6",18,NA,59,334,"Long",0.0534977770453318,0.60757683192337,NA,0.233354598056368,"localGP"
"10315",42,2,2,5,28.3106281722044,60.9956565134491,"Smooth","Avg. Reward Condition",40,"6",18,11,58,334,"Long",0.0534977770453318,0.60757683192337,NA,0.233354598056368,"localGP"
"10316",42,3,2,3,53.5961483472986,60.9956565134491,"Smooth","Avg. Reward Condition",40,"6",18,0,36,334,"Long",0.0534977770453318,0.60757683192337,NA,0.233354598056368,"localGP"
"10317",42,4,3,3,53.9768384538052,60.9956565134491,"Smooth","Avg. Reward Condition",40,"6",18,8,37,334,"Long",0.0534977770453318,0.60757683192337,NA,0.233354598056368,"localGP"
"10318",42,5,4,4,52.24416387013,60.9956565134491,"Smooth","Avg. Reward Condition",40,"6",18,2,49,334,"Long",0.0534977770453318,0.60757683192337,NA,0.233354598056368,"localGP"
"10319",42,6,7,4,21.5751534071113,60.9956565134491,"Smooth","Avg. Reward Condition",40,"6",18,2,52,334,"Long",0.0534977770453318,0.60757683192337,NA,0.233354598056368,"localGP"
"10320",42,7,6,4,24.0248838436953,60.9956565134491,"Smooth","Avg. Reward Condition",40,"6",18,3,51,334,"Long",0.0534977770453318,0.60757683192337,NA,0.233354598056368,"localGP"
"10321",42,8,4,5,66.1329906623103,66.1329906623103,"Smooth","Avg. Reward Condition",40,"6",18,2,60,334,"Long",0.0534977770453318,0.60757683192337,NA,0.233354598056368,"localGP"
"10322",42,9,2,6,9.85315561544602,66.1329906623103,"Smooth","Avg. Reward Condition",40,"6",18,2,69,334,"Long",0.0534977770453318,0.60757683192337,NA,0.233354598056368,"localGP"
"10323",42,10,9,8,80.6519418863633,80.6519418863633,"Smooth","Avg. Reward Condition",40,"6",18,2,98,334,"Long",0.0534977770453318,0.60757683192337,NA,0.233354598056368,"localGP"
"10324",42,11,10,8,59.2407992793453,80.6519418863633,"Smooth","Avg. Reward Condition",40,"6",18,1,99,334,"Long",0.0534977770453318,0.60757683192337,NA,0.233354598056368,"localGP"
"10325",42,12,10,9,68.5571263747788,80.6519418863633,"Smooth","Avg. Reward Condition",40,"6",18,2,110,334,"Long",0.0534977770453318,0.60757683192337,NA,0.233354598056368,"localGP"
"10326",42,13,8,9,44.1981806048447,80.6519418863633,"Smooth","Avg. Reward Condition",40,"6",18,1,108,334,"Long",0.0534977770453318,0.60757683192337,NA,0.233354598056368,"localGP"
"10327",42,14,2,6,9.85315561544602,80.6519418863633,"Smooth","Avg. Reward Condition",40,"6",18,2,69,334,"Long",0.0534977770453318,0.60757683192337,NA,0.233354598056368,"localGP"
"10328",42,15,2,7,5.78700600623116,80.6519418863633,"Smooth","Avg. Reward Condition",40,"6",18,1,80,334,"Long",0.0534977770453318,0.60757683192337,NA,0.233354598056368,"localGP"
"10329",42,16,1,8,43.9523199496518,80.6519418863633,"Smooth","Avg. Reward Condition",40,"6",18,2,90,334,"Long",0.0534977770453318,0.60757683192337,NA,0.233354598056368,"localGP"
"10330",42,17,1,9,58.9073420651609,80.6519418863633,"Smooth","Avg. Reward Condition",40,"6",18,2,101,334,"Long",0.0534977770453318,0.60757683192337,NA,0.233354598056368,"localGP"
"10331",42,18,2,9,54.5359599883725,80.6519418863633,"Smooth","Avg. Reward Condition",40,"6",18,0,102,334,"Long",0.0534977770453318,0.60757683192337,NA,0.233354598056368,"localGP"
"10332",42,19,7,9,43.7178093969653,80.6519418863633,"Smooth","Avg. Reward Condition",40,"6",18,0,107,334,"Long",0.0534977770453318,0.60757683192337,NA,0.233354598056368,"localGP"
"10333",42,20,6,9,34.6588515600726,80.6519418863633,"Smooth","Avg. Reward Condition",40,"6",18,0,106,334,"Long",0.0534977770453318,0.60757683192337,NA,0.233354598056368,"localGP"
"10334",42,21,4,5,66.1329906623103,80.6519418863633,"Smooth","Avg. Reward Condition",40,"6",18,0,60,334,"Long",0.0534977770453318,0.60757683192337,NA,0.233354598056368,"localGP"
"10335",42,22,4,6,56.6641694320835,80.6519418863633,"Smooth","Avg. Reward Condition",40,"6",18,0,71,334,"Long",0.0534977770453318,0.60757683192337,NA,0.233354598056368,"localGP"
"10336",42,23,6,6,45.1082294847669,80.6519418863633,"Smooth","Avg. Reward Condition",40,"6",18,0,73,334,"Long",0.0534977770453318,0.60757683192337,NA,0.233354598056368,"localGP"
"10337",42,24,6,7,45.7922377623339,80.6519418863633,"Smooth","Avg. Reward Condition",40,"6",18,0,84,334,"Long",0.0534977770453318,0.60757683192337,NA,0.233354598056368,"localGP"
"10338",42,25,5,7,60.8656482156471,80.6519418863633,"Smooth","Avg. Reward Condition",40,"6",18,0,83,334,"Long",0.0534977770453318,0.60757683192337,NA,0.233354598056368,"localGP"
"10339",42,26,5,0,43.1589496872262,80.6519418863633,"Smooth","Avg. Reward Condition",40,"6",18,0,6,334,"Long",0.0534977770453318,0.60757683192337,NA,0.233354598056368,"localGP"
"10340",42,27,4,0,48.2728545381987,80.6519418863633,"Smooth","Avg. Reward Condition",40,"6",18,0,5,334,"Long",0.0534977770453318,0.60757683192337,NA,0.233354598056368,"localGP"
"10341",42,28,3,0,28.442618018304,80.6519418863633,"Smooth","Avg. Reward Condition",40,"6",18,0,4,334,"Long",0.0534977770453318,0.60757683192337,NA,0.233354598056368,"localGP"
"10342",42,29,6,9,34.6588515600726,80.6519418863633,"Smooth","Avg. Reward Condition",40,"6",18,0,106,334,"Long",0.0534977770453318,0.60757683192337,NA,0.233354598056368,"localGP"
"10343",42,30,6,8,37.9736257778301,80.6519418863633,"Smooth","Avg. Reward Condition",40,"6",18,0,95,334,"Long",0.0534977770453318,0.60757683192337,NA,0.233354598056368,"localGP"
"10344",42,31,8,8,58.8343770395875,80.6519418863633,"Smooth","Avg. Reward Condition",40,"6",18,0,97,334,"Long",0.0534977770453318,0.60757683192337,NA,0.233354598056368,"localGP"
"10345",42,32,9,8,80.6519418863633,80.6519418863633,"Smooth","Avg. Reward Condition",40,"6",18,0,98,334,"Long",0.0534977770453318,0.60757683192337,NA,0.233354598056368,"localGP"
"10346",42,33,9,9,61.1848749174221,80.6519418863633,"Smooth","Avg. Reward Condition",40,"6",18,0,109,334,"Long",0.0534977770453318,0.60757683192337,NA,0.233354598056368,"localGP"
"10347",42,34,3,3,53.9768384538052,80.6519418863633,"Smooth","Avg. Reward Condition",40,"6",18,0,37,334,"Long",0.0534977770453318,0.60757683192337,NA,0.233354598056368,"localGP"
"10348",42,35,6,5,39.8371872215826,80.6519418863633,"Smooth","Avg. Reward Condition",40,"6",18,0,62,334,"Long",0.0534977770453318,0.60757683192337,NA,0.233354598056368,"localGP"
"10349",42,36,10,5,37.8302996702739,80.6519418863633,"Smooth","Avg. Reward Condition",40,"6",18,0,66,334,"Long",0.0534977770453318,0.60757683192337,NA,0.233354598056368,"localGP"
"10350",42,37,10,2,47.0470762762012,80.6519418863633,"Smooth","Avg. Reward Condition",40,"6",18,0,33,334,"Long",0.0534977770453318,0.60757683192337,NA,0.233354598056368,"localGP"
"10351",42,38,10,1,51.8458396113601,80.6519418863633,"Smooth","Avg. Reward Condition",40,"6",18,0,22,334,"Long",0.0534977770453318,0.60757683192337,NA,0.233354598056368,"localGP"
"10352",42,39,9,1,36.0277373757591,80.6519418863633,"Smooth","Avg. Reward Condition",40,"6",18,0,21,334,"Long",0.0534977770453318,0.60757683192337,NA,0.233354598056368,"localGP"
"10353",42,40,9,8,80.6519418863633,80.6519418863633,"Smooth","Avg. Reward Condition",40,"6",18,0,98,334,"Long",0.0534977770453318,0.60757683192337,NA,0.233354598056368,"localGP"
"10354",42,41,9,8,80.6519418863633,80.6519418863633,"Smooth","Avg. Reward Condition",40,"6",18,0,98,334,"Long",0.0534977770453318,0.60757683192337,NA,0.233354598056368,"localGP"
"10355",42,1,6,1,38.5929151137272,38.5929151137272,"Smooth","Avg. Reward Condition",20,"7",14,NA,18,335,"Short",0.0570924804506628,4.33653098164085,NA,0.0411086558374001,"localGP"
"10356",42,2,10,4,17.8264500337638,38.5929151137272,"Smooth","Avg. Reward Condition",20,"7",14,17,55,335,"Short",0.0570924804506628,4.33653098164085,NA,0.0411086558374001,"localGP"
"10357",42,3,9,4,13.8089864682808,38.5929151137272,"Smooth","Avg. Reward Condition",20,"7",14,2,54,335,"Short",0.0570924804506628,4.33653098164085,NA,0.0411086558374001,"localGP"
"10358",42,4,4,5,31.8484137393175,38.5929151137272,"Smooth","Avg. Reward Condition",20,"7",14,2,60,335,"Short",0.0570924804506628,4.33653098164085,NA,0.0411086558374001,"localGP"
"10359",42,5,8,0,0,38.5929151137272,"Smooth","Avg. Reward Condition",20,"7",14,2,9,335,"Short",0.0570924804506628,4.33653098164085,NA,0.0411086558374001,"localGP"
"10360",42,6,5,2,56.3291955901051,56.3291955901051,"Smooth","Avg. Reward Condition",20,"7",14,2,28,335,"Short",0.0570924804506628,4.33653098164085,NA,0.0411086558374001,"localGP"
"10361",42,7,8,10,56.0539932412239,56.3291955901051,"Smooth","Avg. Reward Condition",20,"7",14,1,119,335,"Short",0.0570924804506628,4.33653098164085,NA,0.0411086558374001,"localGP"
"10362",42,8,9,10,28.085231327396,56.3291955901051,"Smooth","Avg. Reward Condition",20,"7",14,2,120,335,"Short",0.0570924804506628,4.33653098164085,NA,0.0411086558374001,"localGP"
"10363",42,9,3,1,57.3323437114298,57.3323437114298,"Smooth","Avg. Reward Condition",20,"7",14,3,15,335,"Short",0.0570924804506628,4.33653098164085,NA,0.0411086558374001,"localGP"
"10364",42,10,3,2,76.7507190028061,76.7507190028061,"Smooth","Avg. Reward Condition",20,"7",14,2,26,335,"Short",0.0570924804506628,4.33653098164085,NA,0.0411086558374001,"localGP"
"10365",42,11,2,2,74.8205512494422,76.7507190028061,"Smooth","Avg. Reward Condition",20,"7",14,1,25,335,"Short",0.0570924804506628,4.33653098164085,NA,0.0411086558374001,"localGP"
"10366",42,12,5,5,19.3481905334313,76.7507190028061,"Smooth","Avg. Reward Condition",20,"7",14,1,61,335,"Short",0.0570924804506628,4.33653098164085,NA,0.0411086558374001,"localGP"
"10367",42,13,7,6,23.0283508760921,76.7507190028061,"Smooth","Avg. Reward Condition",20,"7",14,0,74,335,"Short",0.0570924804506628,4.33653098164085,NA,0.0411086558374001,"localGP"
"10368",42,14,8,8,71.5418011701731,76.7507190028061,"Smooth","Avg. Reward Condition",20,"7",14,0,97,335,"Short",0.0570924804506628,4.33653098164085,NA,0.0411086558374001,"localGP"
"10369",42,15,8,9,77.111237702123,77.111237702123,"Smooth","Avg. Reward Condition",20,"7",14,0,108,335,"Short",0.0570924804506628,4.33653098164085,NA,0.0411086558374001,"localGP"
"10370",42,16,7,9,60.2315250004543,77.111237702123,"Smooth","Avg. Reward Condition",20,"7",14,0,107,335,"Short",0.0570924804506628,4.33653098164085,NA,0.0411086558374001,"localGP"
"10371",42,17,1,1,79.8594953579445,79.8594953579445,"Smooth","Avg. Reward Condition",20,"7",14,0,13,335,"Short",0.0570924804506628,4.33653098164085,NA,0.0411086558374001,"localGP"
"10372",42,18,0,1,65.8004801351009,79.8594953579445,"Smooth","Avg. Reward Condition",20,"7",14,0,12,335,"Short",0.0570924804506628,4.33653098164085,NA,0.0411086558374001,"localGP"
"10373",42,19,0,0,57.4172856426881,79.8594953579445,"Smooth","Avg. Reward Condition",20,"7",14,0,1,335,"Short",0.0570924804506628,4.33653098164085,NA,0.0411086558374001,"localGP"
"10374",42,20,2,3,58.8050378445356,79.8594953579445,"Smooth","Avg. Reward Condition",20,"7",14,0,36,335,"Short",0.0570924804506628,4.33653098164085,NA,0.0411086558374001,"localGP"
"10375",42,21,4,8,61.073766397803,79.8594953579445,"Smooth","Avg. Reward Condition",20,"7",14,0,93,335,"Short",0.0570924804506628,4.33653098164085,NA,0.0411086558374001,"localGP"
"10376",42,1,7,10,14.8633331080282,14.8633331080282,"Smooth","Avg. Reward Condition",40,"8",8,NA,118,336,"Long",0.0629875768993668,1.16210614723422,NA,0.267177547012078,"localGP"
"10377",42,2,6,1,48.2263547700318,48.2263547700318,"Smooth","Avg. Reward Condition",40,"8",8,8,18,336,"Long",0.0629875768993668,1.16210614723422,NA,0.267177547012078,"localGP"
"10378",42,3,10,9,65.2100813195769,65.2100813195769,"Smooth","Avg. Reward Condition",40,"8",8,1,110,336,"Long",0.0629875768993668,1.16210614723422,NA,0.267177547012078,"localGP"
"10379",42,4,0,2,36.0637010663972,65.2100813195769,"Smooth","Avg. Reward Condition",40,"8",8,2,23,336,"Long",0.0629875768993668,1.16210614723422,NA,0.267177547012078,"localGP"
"10380",42,5,10,8,76.4183100211284,76.4183100211284,"Smooth","Avg. Reward Condition",40,"8",8,1,99,336,"Long",0.0629875768993668,1.16210614723422,NA,0.267177547012078,"localGP"
"10381",42,6,10,7,59.5768375787062,76.4183100211284,"Smooth","Avg. Reward Condition",40,"8",8,0,88,336,"Long",0.0629875768993668,1.16210614723422,NA,0.267177547012078,"localGP"
"10382",42,7,6,7,17.5184001750244,76.4183100211284,"Smooth","Avg. Reward Condition",40,"8",8,0,84,336,"Long",0.0629875768993668,1.16210614723422,NA,0.267177547012078,"localGP"
"10383",42,8,2,8,33.284084895173,76.4183100211284,"Smooth","Avg. Reward Condition",40,"8",8,0,91,336,"Long",0.0629875768993668,1.16210614723422,NA,0.267177547012078,"localGP"
"10384",42,9,6,4,36.4469567949386,76.4183100211284,"Smooth","Avg. Reward Condition",40,"8",8,0,51,336,"Long",0.0629875768993668,1.16210614723422,NA,0.267177547012078,"localGP"
"10385",42,10,5,5,30.4344249743654,76.4183100211284,"Smooth","Avg. Reward Condition",40,"8",8,0,61,336,"Long",0.0629875768993668,1.16210614723422,NA,0.267177547012078,"localGP"
"10386",42,11,7,6,46.0927708056765,76.4183100211284,"Smooth","Avg. Reward Condition",40,"8",8,0,74,336,"Long",0.0629875768993668,1.16210614723422,NA,0.267177547012078,"localGP"
"10387",42,12,3,7,79.3800074226317,79.3800074226317,"Smooth","Avg. Reward Condition",40,"8",8,0,81,336,"Long",0.0629875768993668,1.16210614723422,NA,0.267177547012078,"localGP"
"10388",42,13,2,4,66.8505188208105,79.3800074226317,"Smooth","Avg. Reward Condition",40,"8",8,0,47,336,"Long",0.0629875768993668,1.16210614723422,NA,0.267177547012078,"localGP"
"10389",42,14,1,3,30.8979610069097,79.3800074226317,"Smooth","Avg. Reward Condition",40,"8",8,0,35,336,"Long",0.0629875768993668,1.16210614723422,NA,0.267177547012078,"localGP"
"10390",42,15,1,0,27.8861757237678,79.3800074226317,"Smooth","Avg. Reward Condition",40,"8",8,0,2,336,"Long",0.0629875768993668,1.16210614723422,NA,0.267177547012078,"localGP"
"10391",42,16,5,5,30.4344249743654,79.3800074226317,"Smooth","Avg. Reward Condition",40,"8",8,0,61,336,"Long",0.0629875768993668,1.16210614723422,NA,0.267177547012078,"localGP"
"10392",42,17,3,7,79.3800074226317,79.3800074226317,"Smooth","Avg. Reward Condition",40,"8",8,0,81,336,"Long",0.0629875768993668,1.16210614723422,NA,0.267177547012078,"localGP"
"10393",42,18,3,6,92.3422522413602,92.3422522413602,"Smooth","Avg. Reward Condition",40,"8",8,0,70,336,"Long",0.0629875768993668,1.16210614723422,NA,0.267177547012078,"localGP"
"10394",42,19,3,5,100,100,"Smooth","Avg. Reward Condition",40,"8",8,0,59,336,"Long",0.0629875768993668,1.16210614723422,NA,0.267177547012078,"localGP"
"10395",42,20,3,6,92.3422522413602,100,"Smooth","Avg. Reward Condition",40,"8",8,0,70,336,"Long",0.0629875768993668,1.16210614723422,NA,0.267177547012078,"localGP"
"10396",42,21,3,5,100,100,"Smooth","Avg. Reward Condition",40,"8",8,0,59,336,"Long",0.0629875768993668,1.16210614723422,NA,0.267177547012078,"localGP"
"10397",42,22,2,5,73.2302297303204,100,"Smooth","Avg. Reward Condition",40,"8",8,0,58,336,"Long",0.0629875768993668,1.16210614723422,NA,0.267177547012078,"localGP"
"10398",42,23,3,5,100,100,"Smooth","Avg. Reward Condition",40,"8",8,0,59,336,"Long",0.0629875768993668,1.16210614723422,NA,0.267177547012078,"localGP"
"10399",42,24,3,5,100,100,"Smooth","Avg. Reward Condition",40,"8",8,0,59,336,"Long",0.0629875768993668,1.16210614723422,NA,0.267177547012078,"localGP"
"10400",42,25,3,6,92.3422522413602,100,"Smooth","Avg. Reward Condition",40,"8",8,0,70,336,"Long",0.0629875768993668,1.16210614723422,NA,0.267177547012078,"localGP"
"10401",42,26,3,5,100,100,"Smooth","Avg. Reward Condition",40,"8",8,0,59,336,"Long",0.0629875768993668,1.16210614723422,NA,0.267177547012078,"localGP"
"10402",42,27,3,6,92.3422522413602,100,"Smooth","Avg. Reward Condition",40,"8",8,0,70,336,"Long",0.0629875768993668,1.16210614723422,NA,0.267177547012078,"localGP"
"10403",42,28,3,6,92.3422522413602,100,"Smooth","Avg. Reward Condition",40,"8",8,0,70,336,"Long",0.0629875768993668,1.16210614723422,NA,0.267177547012078,"localGP"
"10404",42,29,2,4,66.8505188208105,100,"Smooth","Avg. Reward Condition",40,"8",8,0,47,336,"Long",0.0629875768993668,1.16210614723422,NA,0.267177547012078,"localGP"
"10405",42,30,3,4,81.3649995175119,100,"Smooth","Avg. Reward Condition",40,"8",8,0,48,336,"Long",0.0629875768993668,1.16210614723422,NA,0.267177547012078,"localGP"
"10406",42,31,3,5,100,100,"Smooth","Avg. Reward Condition",40,"8",8,0,59,336,"Long",0.0629875768993668,1.16210614723422,NA,0.267177547012078,"localGP"
"10407",42,32,3,5,100,100,"Smooth","Avg. Reward Condition",40,"8",8,0,59,336,"Long",0.0629875768993668,1.16210614723422,NA,0.267177547012078,"localGP"
"10408",42,33,2,2,48.0793702112335,100,"Smooth","Avg. Reward Condition",40,"8",8,0,25,336,"Long",0.0629875768993668,1.16210614723422,NA,0.267177547012078,"localGP"
"10409",42,34,4,2,11.0922296635643,100,"Smooth","Avg. Reward Condition",40,"8",8,0,27,336,"Long",0.0629875768993668,1.16210614723422,NA,0.267177547012078,"localGP"
"10410",42,35,8,4,60.2211526419582,100,"Smooth","Avg. Reward Condition",40,"8",8,0,53,336,"Long",0.0629875768993668,1.16210614723422,NA,0.267177547012078,"localGP"
"10411",42,36,3,4,81.3649995175119,100,"Smooth","Avg. Reward Condition",40,"8",8,0,48,336,"Long",0.0629875768993668,1.16210614723422,NA,0.267177547012078,"localGP"
"10412",42,37,4,5,81.9160830308222,100,"Smooth","Avg. Reward Condition",40,"8",8,0,60,336,"Long",0.0629875768993668,1.16210614723422,NA,0.267177547012078,"localGP"
"10413",42,38,3,5,100,100,"Smooth","Avg. Reward Condition",40,"8",8,0,59,336,"Long",0.0629875768993668,1.16210614723422,NA,0.267177547012078,"localGP"
"10414",42,39,3,6,92.3422522413602,100,"Smooth","Avg. Reward Condition",40,"8",8,0,70,336,"Long",0.0629875768993668,1.16210614723422,NA,0.267177547012078,"localGP"
"10415",42,40,3,5,100,100,"Smooth","Avg. Reward Condition",40,"8",8,0,59,336,"Long",0.0629875768993668,1.16210614723422,NA,0.267177547012078,"localGP"
"10416",42,41,3,5,100,100,"Smooth","Avg. Reward Condition",40,"8",8,0,59,336,"Long",0.0629875768993668,1.16210614723422,NA,0.267177547012078,"localGP"
"10417",43,1,2,10,52.565154764264,52.565154764264,"Smooth","Avg. Reward Condition",40,"1",1,NA,113,337,"Long",0.101295079763138,0.806778624980727,NA,0.489365916464581,"localGP"
"10418",43,2,0,9,85.6539294273783,85.6539294273783,"Smooth","Avg. Reward Condition",40,"1",1,1,100,337,"Long",0.101295079763138,0.806778624980727,NA,0.489365916464581,"localGP"
"10419",43,3,1,9,100,100,"Smooth","Avg. Reward Condition",40,"1",1,7,101,337,"Long",0.101295079763138,0.806778624980727,NA,0.489365916464581,"localGP"
"10420",43,4,1,8,67.4295625369789,100,"Smooth","Avg. Reward Condition",40,"1",1,1,90,337,"Long",0.101295079763138,0.806778624980727,NA,0.489365916464581,"localGP"
"10421",43,5,1,9,100,100,"Smooth","Avg. Reward Condition",40,"1",1,1,101,337,"Long",0.101295079763138,0.806778624980727,NA,0.489365916464581,"localGP"
"10422",43,6,1,9,100,100,"Smooth","Avg. Reward Condition",40,"1",1,2,101,337,"Long",0.101295079763138,0.806778624980727,NA,0.489365916464581,"localGP"
"10423",43,7,2,9,72.3557087257552,100,"Smooth","Avg. Reward Condition",40,"1",1,1,102,337,"Long",0.101295079763138,0.806778624980727,NA,0.489365916464581,"localGP"
"10424",43,8,0,8,74.6091743351065,100,"Smooth","Avg. Reward Condition",40,"1",1,1,89,337,"Long",0.101295079763138,0.806778624980727,NA,0.489365916464581,"localGP"
"10425",43,9,0,7,66.7767330115422,100,"Smooth","Avg. Reward Condition",40,"1",1,2,78,337,"Long",0.101295079763138,0.806778624980727,NA,0.489365916464581,"localGP"
"10426",43,10,1,7,64.2118511787295,100,"Smooth","Avg. Reward Condition",40,"1",1,1,79,337,"Long",0.101295079763138,0.806778624980727,NA,0.489365916464581,"localGP"
"10427",43,11,2,4,44.0628638879187,100,"Smooth","Avg. Reward Condition",40,"1",1,1,47,337,"Long",0.101295079763138,0.806778624980727,NA,0.489365916464581,"localGP"
"10428",43,12,3,5,41.3738955859387,100,"Smooth","Avg. Reward Condition",40,"1",1,1,59,337,"Long",0.101295079763138,0.806778624980727,NA,0.489365916464581,"localGP"
"10429",43,13,6,4,96.8351832239486,100,"Smooth","Avg. Reward Condition",40,"1",1,2,51,337,"Long",0.101295079763138,0.806778624980727,NA,0.489365916464581,"localGP"
"10430",43,14,5,5,89.574494748802,100,"Smooth","Avg. Reward Condition",40,"1",1,1,61,337,"Long",0.101295079763138,0.806778624980727,NA,0.489365916464581,"localGP"
"10431",43,15,5,4,93.0511729954542,100,"Smooth","Avg. Reward Condition",40,"1",1,10,50,337,"Long",0.101295079763138,0.806778624980727,NA,0.489365916464581,"localGP"
"10432",43,16,5,3,69.3021428353684,100,"Smooth","Avg. Reward Condition",40,"1",1,1,39,337,"Long",0.101295079763138,0.806778624980727,NA,0.489365916464581,"localGP"
"10433",43,17,5,1,66.7584273273,100,"Smooth","Avg. Reward Condition",40,"1",1,2,17,337,"Long",0.101295079763138,0.806778624980727,NA,0.489365916464581,"localGP"
"10434",43,18,4,1,21.3952704288319,100,"Smooth","Avg. Reward Condition",40,"1",1,1,16,337,"Long",0.101295079763138,0.806778624980727,NA,0.489365916464581,"localGP"
"10435",43,19,2,1,66.6031345622885,100,"Smooth","Avg. Reward Condition",40,"1",1,1,14,337,"Long",0.101295079763138,0.806778624980727,NA,0.489365916464581,"localGP"
"10436",43,20,2,0,70.8875298246222,100,"Smooth","Avg. Reward Condition",40,"1",1,2,3,337,"Long",0.101295079763138,0.806778624980727,NA,0.489365916464581,"localGP"
"10437",43,21,3,0,22.5301208321615,100,"Smooth","Avg. Reward Condition",40,"1",1,1,4,337,"Long",0.101295079763138,0.806778624980727,NA,0.489365916464581,"localGP"
"10438",43,22,7,9,43.2219300321384,100,"Smooth","Avg. Reward Condition",40,"1",1,1,107,337,"Long",0.101295079763138,0.806778624980727,NA,0.489365916464581,"localGP"
"10439",43,23,6,10,30.4281577841895,100,"Smooth","Avg. Reward Condition",40,"1",1,1,117,337,"Long",0.101295079763138,0.806778624980727,NA,0.489365916464581,"localGP"
"10440",43,24,5,10,48.9263538903063,100,"Smooth","Avg. Reward Condition",40,"1",1,3,116,337,"Long",0.101295079763138,0.806778624980727,NA,0.489365916464581,"localGP"
"10441",43,25,5,9,28.502036366953,100,"Smooth","Avg. Reward Condition",40,"1",1,11,105,337,"Long",0.101295079763138,0.806778624980727,NA,0.489365916464581,"localGP"
"10442",43,26,10,10,43.1852507215821,100,"Smooth","Avg. Reward Condition",40,"1",1,1,121,337,"Long",0.101295079763138,0.806778624980727,NA,0.489365916464581,"localGP"
"10443",43,27,0,3,48.8719334165686,100,"Smooth","Avg. Reward Condition",40,"1",1,2,34,337,"Long",0.101295079763138,0.806778624980727,NA,0.489365916464581,"localGP"
"10444",43,28,10,4,48.9608257222968,100,"Smooth","Avg. Reward Condition",40,"1",1,1,55,337,"Long",0.101295079763138,0.806778624980727,NA,0.489365916464581,"localGP"
"10445",43,29,10,3,52.5263702700094,100,"Smooth","Avg. Reward Condition",40,"1",1,2,44,337,"Long",0.101295079763138,0.806778624980727,NA,0.489365916464581,"localGP"
"10446",43,30,9,7,59.249331592367,100,"Smooth","Avg. Reward Condition",40,"1",1,1,87,337,"Long",0.101295079763138,0.806778624980727,NA,0.489365916464581,"localGP"
"10447",43,31,1,8,67.4295625369789,100,"Smooth","Avg. Reward Condition",40,"1",1,1,90,337,"Long",0.101295079763138,0.806778624980727,NA,0.489365916464581,"localGP"
"10448",43,32,1,9,100,100,"Smooth","Avg. Reward Condition",40,"1",1,1,101,337,"Long",0.101295079763138,0.806778624980727,NA,0.489365916464581,"localGP"
"10449",43,33,1,10,77.0882484878786,100,"Smooth","Avg. Reward Condition",40,"1",1,1,112,337,"Long",0.101295079763138,0.806778624980727,NA,0.489365916464581,"localGP"
"10450",43,34,2,6,33.299457976919,100,"Smooth","Avg. Reward Condition",40,"1",1,1,69,337,"Long",0.101295079763138,0.806778624980727,NA,0.489365916464581,"localGP"
"10451",43,35,2,4,44.0628638879187,100,"Smooth","Avg. Reward Condition",40,"1",1,4,47,337,"Long",0.101295079763138,0.806778624980727,NA,0.489365916464581,"localGP"
"10452",43,36,4,7,41.0206081591078,100,"Smooth","Avg. Reward Condition",40,"1",1,1,82,337,"Long",0.101295079763138,0.806778624980727,NA,0.489365916464581,"localGP"
"10453",43,37,3,5,41.3738955859387,100,"Smooth","Avg. Reward Condition",40,"1",1,4,59,337,"Long",0.101295079763138,0.806778624980727,NA,0.489365916464581,"localGP"
"10454",43,38,0,5,38.1968021459426,100,"Smooth","Avg. Reward Condition",40,"1",1,1,56,337,"Long",0.101295079763138,0.806778624980727,NA,0.489365916464581,"localGP"
"10455",43,39,0,4,53.2133546704332,100,"Smooth","Avg. Reward Condition",40,"1",1,1,45,337,"Long",0.101295079763138,0.806778624980727,NA,0.489365916464581,"localGP"
"10456",43,40,8,10,52.0181459798519,100,"Smooth","Avg. Reward Condition",40,"1",1,3,119,337,"Long",0.101295079763138,0.806778624980727,NA,0.489365916464581,"localGP"
"10457",43,41,6,8,41.6897572985855,100,"Smooth","Avg. Reward Condition",40,"1",1,3,95,337,"Long",0.101295079763138,0.806778624980727,NA,0.489365916464581,"localGP"
"10458",43,1,8,5,39.6478380945369,39.6478380945369,"Smooth","Avg. Reward Condition",20,"2",3,NA,64,338,"Short",0.10213828320399,0.793248930202514,NA,0.53938305365143,"localGP"
"10459",43,2,8,4,40.0633709552843,40.0633709552843,"Smooth","Avg. Reward Condition",20,"2",3,1,53,338,"Short",0.10213828320399,0.793248930202514,NA,0.53938305365143,"localGP"
"10460",43,3,8,3,39.0577365841797,40.0633709552843,"Smooth","Avg. Reward Condition",20,"2",3,1,42,338,"Short",0.10213828320399,0.793248930202514,NA,0.53938305365143,"localGP"
"10461",43,4,8,2,41.6905527547663,41.6905527547663,"Smooth","Avg. Reward Condition",20,"2",3,1,31,338,"Short",0.10213828320399,0.793248930202514,NA,0.53938305365143,"localGP"
"10462",43,5,8,0,15.9935523633461,41.6905527547663,"Smooth","Avg. Reward Condition",20,"2",3,2,9,338,"Short",0.10213828320399,0.793248930202514,NA,0.53938305365143,"localGP"
"10463",43,6,10,2,54.7529878122934,54.7529878122934,"Smooth","Avg. Reward Condition",20,"2",3,2,33,338,"Short",0.10213828320399,0.793248930202514,NA,0.53938305365143,"localGP"
"10464",43,7,2,8,20.9507228019085,54.7529878122934,"Smooth","Avg. Reward Condition",20,"2",3,1,91,338,"Short",0.10213828320399,0.793248930202514,NA,0.53938305365143,"localGP"
"10465",43,8,1,7,36.7922771302289,54.7529878122934,"Smooth","Avg. Reward Condition",20,"2",3,1,79,338,"Short",0.10213828320399,0.793248930202514,NA,0.53938305365143,"localGP"
"10466",43,9,2,4,30.1067653014681,54.7529878122934,"Smooth","Avg. Reward Condition",20,"2",3,1,47,338,"Short",0.10213828320399,0.793248930202514,NA,0.53938305365143,"localGP"
"10467",43,10,5,4,50.7453556763626,54.7529878122934,"Smooth","Avg. Reward Condition",20,"2",3,1,50,338,"Short",0.10213828320399,0.793248930202514,NA,0.53938305365143,"localGP"
"10468",43,11,5,5,43.9510730907808,54.7529878122934,"Smooth","Avg. Reward Condition",20,"2",3,1,61,338,"Short",0.10213828320399,0.793248930202514,NA,0.53938305365143,"localGP"
"10469",43,12,6,5,34.8312473198158,54.7529878122934,"Smooth","Avg. Reward Condition",20,"2",3,1,62,338,"Short",0.10213828320399,0.793248930202514,NA,0.53938305365143,"localGP"
"10470",43,13,9,7,49.674641221052,54.7529878122934,"Smooth","Avg. Reward Condition",20,"2",3,1,87,338,"Short",0.10213828320399,0.793248930202514,NA,0.53938305365143,"localGP"
"10471",43,14,9,6,44.7930308508045,54.7529878122934,"Smooth","Avg. Reward Condition",20,"2",3,2,76,338,"Short",0.10213828320399,0.793248930202514,NA,0.53938305365143,"localGP"
"10472",43,15,9,10,56.585007074553,56.585007074553,"Smooth","Avg. Reward Condition",20,"2",3,1,120,338,"Short",0.10213828320399,0.793248930202514,NA,0.53938305365143,"localGP"
"10473",43,16,8,10,41.0809609626061,56.585007074553,"Smooth","Avg. Reward Condition",20,"2",3,2,119,338,"Short",0.10213828320399,0.793248930202514,NA,0.53938305365143,"localGP"
"10474",43,17,2,0,30.4119730955053,56.585007074553,"Smooth","Avg. Reward Condition",20,"2",3,1,3,338,"Short",0.10213828320399,0.793248930202514,NA,0.53938305365143,"localGP"
"10475",43,18,3,0,54.3215308277362,56.585007074553,"Smooth","Avg. Reward Condition",20,"2",3,2,4,338,"Short",0.10213828320399,0.793248930202514,NA,0.53938305365143,"localGP"
"10476",43,19,4,0,28.6800847238269,56.585007074553,"Smooth","Avg. Reward Condition",20,"2",3,1,5,338,"Short",0.10213828320399,0.793248930202514,NA,0.53938305365143,"localGP"
"10477",43,20,6,0,17.8640708688048,56.585007074553,"Smooth","Avg. Reward Condition",20,"2",3,3,7,338,"Short",0.10213828320399,0.793248930202514,NA,0.53938305365143,"localGP"
"10478",43,21,3,1,50.2535839853103,56.585007074553,"Smooth","Avg. Reward Condition",20,"2",3,1,15,338,"Short",0.10213828320399,0.793248930202514,NA,0.53938305365143,"localGP"
"10479",43,1,4,8,47.2350737016185,47.2350737016185,"Smooth","Avg. Reward Condition",40,"3",2,NA,93,339,"Long",0.108296951710085,0.677335002110642,NA,0.568078735151794,"localGP"
"10480",43,2,8,1,43.3216867242377,47.2350737016185,"Smooth","Avg. Reward Condition",40,"3",2,1,20,339,"Long",0.108296951710085,0.677335002110642,NA,0.568078735151794,"localGP"
"10481",43,3,9,4,34.0962732882197,47.2350737016185,"Smooth","Avg. Reward Condition",40,"3",2,9,54,339,"Long",0.108296951710085,0.677335002110642,NA,0.568078735151794,"localGP"
"10482",43,4,10,0,37.7307124403184,47.2350737016185,"Smooth","Avg. Reward Condition",40,"3",2,1,11,339,"Long",0.108296951710085,0.677335002110642,NA,0.568078735151794,"localGP"
"10483",43,5,8,0,48.9039411316688,48.9039411316688,"Smooth","Avg. Reward Condition",40,"3",2,2,9,339,"Long",0.108296951710085,0.677335002110642,NA,0.568078735151794,"localGP"
"10484",43,6,3,0,45.8336686523861,48.9039411316688,"Smooth","Avg. Reward Condition",40,"3",2,1,4,339,"Long",0.108296951710085,0.677335002110642,NA,0.568078735151794,"localGP"
"10485",43,7,3,10,55.7632671935158,55.7632671935158,"Smooth","Avg. Reward Condition",40,"3",2,2,114,339,"Long",0.108296951710085,0.677335002110642,NA,0.568078735151794,"localGP"
"10486",43,8,3,9,100,100,"Smooth","Avg. Reward Condition",40,"3",2,1,103,339,"Long",0.108296951710085,0.677335002110642,NA,0.568078735151794,"localGP"
"10487",43,9,4,9,50.5750945891225,100,"Smooth","Avg. Reward Condition",40,"3",2,1,104,339,"Long",0.108296951710085,0.677335002110642,NA,0.568078735151794,"localGP"
"10488",43,10,3,9,100,100,"Smooth","Avg. Reward Condition",40,"3",2,2,103,339,"Long",0.108296951710085,0.677335002110642,NA,0.568078735151794,"localGP"
"10489",43,11,1,9,45.0686328655171,100,"Smooth","Avg. Reward Condition",40,"3",2,2,101,339,"Long",0.108296951710085,0.677335002110642,NA,0.568078735151794,"localGP"
"10490",43,12,0,9,29.897358776593,100,"Smooth","Avg. Reward Condition",40,"3",2,3,100,339,"Long",0.108296951710085,0.677335002110642,NA,0.568078735151794,"localGP"
"10491",43,13,1,10,33.6796759387102,100,"Smooth","Avg. Reward Condition",40,"3",2,2,112,339,"Long",0.108296951710085,0.677335002110642,NA,0.568078735151794,"localGP"
"10492",43,14,1,5,10.1171315586826,100,"Smooth","Avg. Reward Condition",40,"3",2,2,57,339,"Long",0.108296951710085,0.677335002110642,NA,0.568078735151794,"localGP"
"10493",43,15,4,6,42.855932628209,100,"Smooth","Avg. Reward Condition",40,"3",2,10,71,339,"Long",0.108296951710085,0.677335002110642,NA,0.568078735151794,"localGP"
"10494",43,16,4,7,40.1763342885389,100,"Smooth","Avg. Reward Condition",40,"3",2,5,82,339,"Long",0.108296951710085,0.677335002110642,NA,0.568078735151794,"localGP"
"10495",43,17,3,7,29.4414947856435,100,"Smooth","Avg. Reward Condition",40,"3",2,6,81,339,"Long",0.108296951710085,0.677335002110642,NA,0.568078735151794,"localGP"
"10496",43,18,2,7,36.5665227563517,100,"Smooth","Avg. Reward Condition",40,"3",2,2,80,339,"Long",0.108296951710085,0.677335002110642,NA,0.568078735151794,"localGP"
"10497",43,19,2,6,31.0882445544401,100,"Smooth","Avg. Reward Condition",40,"3",2,3,69,339,"Long",0.108296951710085,0.677335002110642,NA,0.568078735151794,"localGP"
"10498",43,20,7,2,36.6509044186879,100,"Smooth","Avg. Reward Condition",40,"3",2,2,30,339,"Long",0.108296951710085,0.677335002110642,NA,0.568078735151794,"localGP"
"10499",43,21,5,3,32.4134397153988,100,"Smooth","Avg. Reward Condition",40,"3",2,2,39,339,"Long",0.108296951710085,0.677335002110642,NA,0.568078735151794,"localGP"
"10500",43,22,6,2,42.0874642193021,100,"Smooth","Avg. Reward Condition",40,"3",2,1,29,339,"Long",0.108296951710085,0.677335002110642,NA,0.568078735151794,"localGP"
"10501",43,23,8,8,15.0484706034592,100,"Smooth","Avg. Reward Condition",40,"3",2,1,97,339,"Long",0.108296951710085,0.677335002110642,NA,0.568078735151794,"localGP"
"10502",43,24,9,8,30.4917162873029,100,"Smooth","Avg. Reward Condition",40,"3",2,2,98,339,"Long",0.108296951710085,0.677335002110642,NA,0.568078735151794,"localGP"
"10503",43,25,9,8,30.4917162873029,100,"Smooth","Avg. Reward Condition",40,"3",2,1,98,339,"Long",0.108296951710085,0.677335002110642,NA,0.568078735151794,"localGP"
"10504",43,26,9,9,13.4815428060423,100,"Smooth","Avg. Reward Condition",40,"3",2,2,109,339,"Long",0.108296951710085,0.677335002110642,NA,0.568078735151794,"localGP"
"10505",43,27,4,3,49.0806625951853,100,"Smooth","Avg. Reward Condition",40,"3",2,1,38,339,"Long",0.108296951710085,0.677335002110642,NA,0.568078735151794,"localGP"
"10506",43,28,4,4,50.4349667237655,100,"Smooth","Avg. Reward Condition",40,"3",2,2,49,339,"Long",0.108296951710085,0.677335002110642,NA,0.568078735151794,"localGP"
"10507",43,29,6,4,48.9201172957826,100,"Smooth","Avg. Reward Condition",40,"3",2,2,51,339,"Long",0.108296951710085,0.677335002110642,NA,0.568078735151794,"localGP"
"10508",43,30,6,5,58.989470043494,100,"Smooth","Avg. Reward Condition",40,"3",2,4,62,339,"Long",0.108296951710085,0.677335002110642,NA,0.568078735151794,"localGP"
"10509",43,31,4,2,17.4226376876341,100,"Smooth","Avg. Reward Condition",40,"3",2,13,27,339,"Long",0.108296951710085,0.677335002110642,NA,0.568078735151794,"localGP"
"10510",43,32,6,10,52.4204868482691,100,"Smooth","Avg. Reward Condition",40,"3",2,1,117,339,"Long",0.108296951710085,0.677335002110642,NA,0.568078735151794,"localGP"
"10511",43,33,7,10,82.2172279121399,100,"Smooth","Avg. Reward Condition",40,"3",2,1,118,339,"Long",0.108296951710085,0.677335002110642,NA,0.568078735151794,"localGP"
"10512",43,34,1,6,25.7521416904729,100,"Smooth","Avg. Reward Condition",40,"3",2,2,68,339,"Long",0.108296951710085,0.677335002110642,NA,0.568078735151794,"localGP"
"10513",43,35,0,7,39.2104381953876,100,"Smooth","Avg. Reward Condition",40,"3",2,2,78,339,"Long",0.108296951710085,0.677335002110642,NA,0.568078735151794,"localGP"
"10514",43,36,6,0,43.9679034067022,100,"Smooth","Avg. Reward Condition",40,"3",2,1,7,339,"Long",0.108296951710085,0.677335002110642,NA,0.568078735151794,"localGP"
"10515",43,37,0,9,29.897358776593,100,"Smooth","Avg. Reward Condition",40,"3",2,2,100,339,"Long",0.108296951710085,0.677335002110642,NA,0.568078735151794,"localGP"
"10516",43,38,0,2,52.0793629083007,100,"Smooth","Avg. Reward Condition",40,"3",2,2,23,339,"Long",0.108296951710085,0.677335002110642,NA,0.568078735151794,"localGP"
"10517",43,39,0,3,43.0590958702636,100,"Smooth","Avg. Reward Condition",40,"3",2,5,34,339,"Long",0.108296951710085,0.677335002110642,NA,0.568078735151794,"localGP"
"10518",43,40,1,3,37.158323481837,100,"Smooth","Avg. Reward Condition",40,"3",2,1,35,339,"Long",0.108296951710085,0.677335002110642,NA,0.568078735151794,"localGP"
"10519",43,41,3,6,11.9639341167165,100,"Smooth","Avg. Reward Condition",40,"3",2,1,70,339,"Long",0.108296951710085,0.677335002110642,NA,0.568078735151794,"localGP"
"10520",43,1,7,9,41.4991659516561,41.4991659516561,"Smooth","Avg. Reward Condition",20,"4",10,NA,107,340,"Short",0.0854244466284689,0.719049682074431,NA,0.505033646080143,"localGP"
"10521",43,2,7,6,43.2962098422066,43.2962098422066,"Smooth","Avg. Reward Condition",20,"4",10,7,74,340,"Short",0.0854244466284689,0.719049682074431,NA,0.505033646080143,"localGP"
"10522",43,3,8,3,46.1516878548074,46.1516878548074,"Smooth","Avg. Reward Condition",20,"4",10,1,42,340,"Short",0.0854244466284689,0.719049682074431,NA,0.505033646080143,"localGP"
"10523",43,4,8,2,57.307222927851,57.307222927851,"Smooth","Avg. Reward Condition",20,"4",10,2,31,340,"Short",0.0854244466284689,0.719049682074431,NA,0.505033646080143,"localGP"
"10524",43,5,7,3,51.9507469793725,57.307222927851,"Smooth","Avg. Reward Condition",20,"4",10,2,41,340,"Short",0.0854244466284689,0.719049682074431,NA,0.505033646080143,"localGP"
"10525",43,6,7,2,56.4176187347025,57.307222927851,"Smooth","Avg. Reward Condition",20,"4",10,1,30,340,"Short",0.0854244466284689,0.719049682074431,NA,0.505033646080143,"localGP"
"10526",43,7,7,1,56.8679391760185,57.307222927851,"Smooth","Avg. Reward Condition",20,"4",10,2,19,340,"Short",0.0854244466284689,0.719049682074431,NA,0.505033646080143,"localGP"
"10527",43,8,6,1,59.0938949398231,59.0938949398231,"Smooth","Avg. Reward Condition",20,"4",10,2,18,340,"Short",0.0854244466284689,0.719049682074431,NA,0.505033646080143,"localGP"
"10528",43,9,5,1,61.2403460186364,61.2403460186364,"Smooth","Avg. Reward Condition",20,"4",10,3,17,340,"Short",0.0854244466284689,0.719049682074431,NA,0.505033646080143,"localGP"
"10529",43,10,5,0,61.2584278059806,61.2584278059806,"Smooth","Avg. Reward Condition",20,"4",10,2,6,340,"Short",0.0854244466284689,0.719049682074431,NA,0.505033646080143,"localGP"
"10530",43,11,6,0,68.3343050142511,68.3343050142511,"Smooth","Avg. Reward Condition",20,"4",10,1,7,340,"Short",0.0854244466284689,0.719049682074431,NA,0.505033646080143,"localGP"
"10531",43,12,7,0,65.3233265309543,68.3343050142511,"Smooth","Avg. Reward Condition",20,"4",10,1,8,340,"Short",0.0854244466284689,0.719049682074431,NA,0.505033646080143,"localGP"
"10532",43,13,8,0,51.8507217555431,68.3343050142511,"Smooth","Avg. Reward Condition",20,"4",10,1,9,340,"Short",0.0854244466284689,0.719049682074431,NA,0.505033646080143,"localGP"
"10533",43,14,6,9,48.7652106612823,68.3343050142511,"Smooth","Avg. Reward Condition",20,"4",10,2,106,340,"Short",0.0854244466284689,0.719049682074431,NA,0.505033646080143,"localGP"
"10534",43,15,5,9,26.2088929234098,68.3343050142511,"Smooth","Avg. Reward Condition",20,"4",10,1,105,340,"Short",0.0854244466284689,0.719049682074431,NA,0.505033646080143,"localGP"
"10535",43,16,5,10,31.2358509644788,68.3343050142511,"Smooth","Avg. Reward Condition",20,"4",10,1,116,340,"Short",0.0854244466284689,0.719049682074431,NA,0.505033646080143,"localGP"
"10536",43,17,6,10,22.6054443345279,68.3343050142511,"Smooth","Avg. Reward Condition",20,"4",10,4,117,340,"Short",0.0854244466284689,0.719049682074431,NA,0.505033646080143,"localGP"
"10537",43,18,6,8,69.1708615458563,69.1708615458563,"Smooth","Avg. Reward Condition",20,"4",10,1,95,340,"Short",0.0854244466284689,0.719049682074431,NA,0.505033646080143,"localGP"
"10538",43,19,7,8,53.3553084137589,69.1708615458563,"Smooth","Avg. Reward Condition",20,"4",10,2,96,340,"Short",0.0854244466284689,0.719049682074431,NA,0.505033646080143,"localGP"
"10539",43,20,7,7,61.8738453443511,69.1708615458563,"Smooth","Avg. Reward Condition",20,"4",10,2,85,340,"Short",0.0854244466284689,0.719049682074431,NA,0.505033646080143,"localGP"
"10540",43,21,8,7,36.5898536730988,69.1708615458563,"Smooth","Avg. Reward Condition",20,"4",10,2,86,340,"Short",0.0854244466284689,0.719049682074431,NA,0.505033646080143,"localGP"
"10541",43,1,3,10,66.9843682918031,66.9843682918031,"Smooth","Avg. Reward Condition",40,"5",17,NA,114,341,"Long",0.118182754133489,0.709828842846515,NA,0.634585986537325,"localGP"
"10542",43,2,4,10,42.5458481354348,66.9843682918031,"Smooth","Avg. Reward Condition",40,"5",17,1,115,341,"Long",0.118182754133489,0.709828842846515,NA,0.634585986537325,"localGP"
"10543",43,3,7,3,55.1490469076326,66.9843682918031,"Smooth","Avg. Reward Condition",40,"5",17,2,41,341,"Long",0.118182754133489,0.709828842846515,NA,0.634585986537325,"localGP"
"10544",43,4,7,4,42.6028889590444,66.9843682918031,"Smooth","Avg. Reward Condition",40,"5",17,2,52,341,"Long",0.118182754133489,0.709828842846515,NA,0.634585986537325,"localGP"
"10545",43,5,6,4,22.1592765349326,66.9843682918031,"Smooth","Avg. Reward Condition",40,"5",17,2,51,341,"Long",0.118182754133489,0.709828842846515,NA,0.634585986537325,"localGP"
"10546",43,6,9,0,56.3100913856246,66.9843682918031,"Smooth","Avg. Reward Condition",40,"5",17,1,10,341,"Long",0.118182754133489,0.709828842846515,NA,0.634585986537325,"localGP"
"10547",43,7,9,9,82.3610633531152,82.3610633531152,"Smooth","Avg. Reward Condition",40,"5",17,2,109,341,"Long",0.118182754133489,0.709828842846515,NA,0.634585986537325,"localGP"
"10548",43,8,10,9,62.3531210252204,82.3610633531152,"Smooth","Avg. Reward Condition",40,"5",17,2,110,341,"Long",0.118182754133489,0.709828842846515,NA,0.634585986537325,"localGP"
"10549",43,9,9,10,51.9374709842096,82.3610633531152,"Smooth","Avg. Reward Condition",40,"5",17,1,120,341,"Long",0.118182754133489,0.709828842846515,NA,0.634585986537325,"localGP"
"10550",43,10,9,8,75.2770769943809,82.3610633531152,"Smooth","Avg. Reward Condition",40,"5",17,2,98,341,"Long",0.118182754133489,0.709828842846515,NA,0.634585986537325,"localGP"
"10551",43,11,8,8,48.6209458913059,82.3610633531152,"Smooth","Avg. Reward Condition",40,"5",17,2,97,341,"Long",0.118182754133489,0.709828842846515,NA,0.634585986537325,"localGP"
"10552",43,12,8,9,55.5010385970611,82.3610633531152,"Smooth","Avg. Reward Condition",40,"5",17,5,108,341,"Long",0.118182754133489,0.709828842846515,NA,0.634585986537325,"localGP"
"10553",43,13,7,9,30.9576770826755,82.3610633531152,"Smooth","Avg. Reward Condition",40,"5",17,2,107,341,"Long",0.118182754133489,0.709828842846515,NA,0.634585986537325,"localGP"
"10554",43,14,7,8,22.0278987459419,82.3610633531152,"Smooth","Avg. Reward Condition",40,"5",17,11,96,341,"Long",0.118182754133489,0.709828842846515,NA,0.634585986537325,"localGP"
"10555",43,15,7,7,11.3951436464022,82.3610633531152,"Smooth","Avg. Reward Condition",40,"5",17,7,85,341,"Long",0.118182754133489,0.709828842846515,NA,0.634585986537325,"localGP"
"10556",43,16,8,2,58.6698020983596,82.3610633531152,"Smooth","Avg. Reward Condition",40,"5",17,12,31,341,"Long",0.118182754133489,0.709828842846515,NA,0.634585986537325,"localGP"
"10557",43,17,9,2,61.2328313853332,82.3610633531152,"Smooth","Avg. Reward Condition",40,"5",17,4,32,341,"Long",0.118182754133489,0.709828842846515,NA,0.634585986537325,"localGP"
"10558",43,18,4,0,41.9364610570647,82.3610633531152,"Smooth","Avg. Reward Condition",40,"5",17,6,5,341,"Long",0.118182754133489,0.709828842846515,NA,0.634585986537325,"localGP"
"10559",43,19,9,3,46.6566969511363,82.3610633531152,"Smooth","Avg. Reward Condition",40,"5",17,5,43,341,"Long",0.118182754133489,0.709828842846515,NA,0.634585986537325,"localGP"
"10560",43,20,9,4,37.4189636336299,82.3610633531152,"Smooth","Avg. Reward Condition",40,"5",17,4,54,341,"Long",0.118182754133489,0.709828842846515,NA,0.634585986537325,"localGP"
"10561",43,21,9,5,49.3600787974706,82.3610633531152,"Smooth","Avg. Reward Condition",40,"5",17,2,65,341,"Long",0.118182754133489,0.709828842846515,NA,0.634585986537325,"localGP"
"10562",43,22,1,6,46.8743954250285,82.3610633531152,"Smooth","Avg. Reward Condition",40,"5",17,1,68,341,"Long",0.118182754133489,0.709828842846515,NA,0.634585986537325,"localGP"
"10563",43,23,1,7,56.599176854759,82.3610633531152,"Smooth","Avg. Reward Condition",40,"5",17,5,79,341,"Long",0.118182754133489,0.709828842846515,NA,0.634585986537325,"localGP"
"10564",43,24,1,8,61.4248560336744,82.3610633531152,"Smooth","Avg. Reward Condition",40,"5",17,1,90,341,"Long",0.118182754133489,0.709828842846515,NA,0.634585986537325,"localGP"
"10565",43,25,10,0,27.0967332866998,82.3610633531152,"Smooth","Avg. Reward Condition",40,"5",17,1,11,341,"Long",0.118182754133489,0.709828842846515,NA,0.634585986537325,"localGP"
"10566",43,26,1,9,43.2151205194365,82.3610633531152,"Smooth","Avg. Reward Condition",40,"5",17,2,101,341,"Long",0.118182754133489,0.709828842846515,NA,0.634585986537325,"localGP"
"10567",43,27,2,8,56.749621146005,82.3610633531152,"Smooth","Avg. Reward Condition",40,"5",17,1,91,341,"Long",0.118182754133489,0.709828842846515,NA,0.634585986537325,"localGP"
"10568",43,28,1,0,56.6190027883909,82.3610633531152,"Smooth","Avg. Reward Condition",40,"5",17,1,2,341,"Long",0.118182754133489,0.709828842846515,NA,0.634585986537325,"localGP"
"10569",43,29,2,0,54.8642131935896,82.3610633531152,"Smooth","Avg. Reward Condition",40,"5",17,2,3,341,"Long",0.118182754133489,0.709828842846515,NA,0.634585986537325,"localGP"
"10570",43,30,8,5,20.7172540891827,82.3610633531152,"Smooth","Avg. Reward Condition",40,"5",17,1,64,341,"Long",0.118182754133489,0.709828842846515,NA,0.634585986537325,"localGP"
"10571",43,31,2,7,55.9761738528466,82.3610633531152,"Smooth","Avg. Reward Condition",40,"5",17,3,80,341,"Long",0.118182754133489,0.709828842846515,NA,0.634585986537325,"localGP"
"10572",43,32,10,8,52.8164121364867,82.3610633531152,"Smooth","Avg. Reward Condition",40,"5",17,1,99,341,"Long",0.118182754133489,0.709828842846515,NA,0.634585986537325,"localGP"
"10573",43,33,10,1,22.4632600371913,82.3610633531152,"Smooth","Avg. Reward Condition",40,"5",17,2,22,341,"Long",0.118182754133489,0.709828842846515,NA,0.634585986537325,"localGP"
"10574",43,34,10,2,51.1126681284634,82.3610633531152,"Smooth","Avg. Reward Condition",40,"5",17,2,33,341,"Long",0.118182754133489,0.709828842846515,NA,0.634585986537325,"localGP"
"10575",43,35,3,5,100,100,"Smooth","Avg. Reward Condition",40,"5",17,10,59,341,"Long",0.118182754133489,0.709828842846515,NA,0.634585986537325,"localGP"
"10576",43,36,1,2,37.0468880357367,100,"Smooth","Avg. Reward Condition",40,"5",17,2,24,341,"Long",0.118182754133489,0.709828842846515,NA,0.634585986537325,"localGP"
"10577",43,37,2,2,22.1855612210246,100,"Smooth","Avg. Reward Condition",40,"5",17,10,25,341,"Long",0.118182754133489,0.709828842846515,NA,0.634585986537325,"localGP"
"10578",43,38,2,3,51.4694994418352,100,"Smooth","Avg. Reward Condition",40,"5",17,10,36,341,"Long",0.118182754133489,0.709828842846515,NA,0.634585986537325,"localGP"
"10579",43,39,3,3,36.5733542977154,100,"Smooth","Avg. Reward Condition",40,"5",17,6,37,341,"Long",0.118182754133489,0.709828842846515,NA,0.634585986537325,"localGP"
"10580",43,40,4,6,52.4710109761759,100,"Smooth","Avg. Reward Condition",40,"5",17,6,71,341,"Long",0.118182754133489,0.709828842846515,NA,0.634585986537325,"localGP"
"10581",43,41,4,5,82.6609311486781,100,"Smooth","Avg. Reward Condition",40,"5",17,2,60,341,"Long",0.118182754133489,0.709828842846515,NA,0.634585986537325,"localGP"
"10582",43,1,10,3,16.8579870376679,16.8579870376679,"Smooth","Avg. Reward Condition",20,"6",11,NA,44,342,"Short",0.097605476571919,0.67052847809181,NA,0.581931279146109,"localGP"
"10583",43,2,10,2,3.70972504488681,16.8579870376679,"Smooth","Avg. Reward Condition",20,"6",11,9,33,342,"Short",0.097605476571919,0.67052847809181,NA,0.581931279146109,"localGP"
"10584",43,3,5,10,87.2658829250153,87.2658829250153,"Smooth","Avg. Reward Condition",20,"6",11,1,116,342,"Short",0.097605476571919,0.67052847809181,NA,0.581931279146109,"localGP"
"10585",43,4,4,10,100,100,"Smooth","Avg. Reward Condition",20,"6",11,2,115,342,"Short",0.097605476571919,0.67052847809181,NA,0.581931279146109,"localGP"
"10586",43,5,4,10,100,100,"Smooth","Avg. Reward Condition",20,"6",11,2,115,342,"Short",0.097605476571919,0.67052847809181,NA,0.581931279146109,"localGP"
"10587",43,6,4,9,78.163385341713,100,"Smooth","Avg. Reward Condition",20,"6",11,1,104,342,"Short",0.097605476571919,0.67052847809181,NA,0.581931279146109,"localGP"
"10588",43,7,3,9,46.9814894388447,100,"Smooth","Avg. Reward Condition",20,"6",11,2,103,342,"Short",0.097605476571919,0.67052847809181,NA,0.581931279146109,"localGP"
"10589",43,8,3,10,47.1514098553432,100,"Smooth","Avg. Reward Condition",20,"6",11,2,114,342,"Short",0.097605476571919,0.67052847809181,NA,0.581931279146109,"localGP"
"10590",43,9,5,8,54.8387102771574,100,"Smooth","Avg. Reward Condition",20,"6",11,6,94,342,"Short",0.097605476571919,0.67052847809181,NA,0.581931279146109,"localGP"
"10591",43,10,6,8,28.6530615090915,100,"Smooth","Avg. Reward Condition",20,"6",11,6,95,342,"Short",0.097605476571919,0.67052847809181,NA,0.581931279146109,"localGP"
"10592",43,11,5,0,49.8847811277219,100,"Smooth","Avg. Reward Condition",20,"6",11,7,6,342,"Short",0.097605476571919,0.67052847809181,NA,0.581931279146109,"localGP"
"10593",43,12,4,0,44.8118345976793,100,"Smooth","Avg. Reward Condition",20,"6",11,1,5,342,"Short",0.097605476571919,0.67052847809181,NA,0.581931279146109,"localGP"
"10594",43,13,3,1,47.2843944908468,100,"Smooth","Avg. Reward Condition",20,"6",11,2,15,342,"Short",0.097605476571919,0.67052847809181,NA,0.581931279146109,"localGP"
"10595",43,14,3,2,46.913663419152,100,"Smooth","Avg. Reward Condition",20,"6",11,1,26,342,"Short",0.097605476571919,0.67052847809181,NA,0.581931279146109,"localGP"
"10596",43,15,4,2,52.3985197221421,100,"Smooth","Avg. Reward Condition",20,"6",11,1,27,342,"Short",0.097605476571919,0.67052847809181,NA,0.581931279146109,"localGP"
"10597",43,16,4,1,66.1495990392583,100,"Smooth","Avg. Reward Condition",20,"6",11,2,16,342,"Short",0.097605476571919,0.67052847809181,NA,0.581931279146109,"localGP"
"10598",43,17,5,1,51.6981708043446,100,"Smooth","Avg. Reward Condition",20,"6",11,3,17,342,"Short",0.097605476571919,0.67052847809181,NA,0.581931279146109,"localGP"
"10599",43,18,5,2,64.0266563277365,100,"Smooth","Avg. Reward Condition",20,"6",11,1,28,342,"Short",0.097605476571919,0.67052847809181,NA,0.581931279146109,"localGP"
"10600",43,19,6,2,47.8721615024449,100,"Smooth","Avg. Reward Condition",20,"6",11,1,29,342,"Short",0.097605476571919,0.67052847809181,NA,0.581931279146109,"localGP"
"10601",43,20,7,4,66.5199662009468,100,"Smooth","Avg. Reward Condition",20,"6",11,1,52,342,"Short",0.097605476571919,0.67052847809181,NA,0.581931279146109,"localGP"
"10602",43,21,8,4,42.7763415301342,100,"Smooth","Avg. Reward Condition",20,"6",11,1,53,342,"Short",0.097605476571919,0.67052847809181,NA,0.581931279146109,"localGP"
"10603",43,1,0,2,95.1832335243152,95.1832335243152,"Smooth","Avg. Reward Condition",40,"7",15,NA,23,343,"Long",0.117773049052185,0.673867140748113,NA,0.60828506779017,"localGP"
"10604",43,2,10,4,42.3438039653193,95.1832335243152,"Smooth","Avg. Reward Condition",40,"7",15,8,55,343,"Long",0.117773049052185,0.673867140748113,NA,0.60828506779017,"localGP"
"10605",43,3,10,5,36.9714662074516,95.1832335243152,"Smooth","Avg. Reward Condition",40,"7",15,1,66,343,"Long",0.117773049052185,0.673867140748113,NA,0.60828506779017,"localGP"
"10606",43,4,7,0,50.8945892528803,95.1832335243152,"Smooth","Avg. Reward Condition",40,"7",15,1,8,343,"Long",0.117773049052185,0.673867140748113,NA,0.60828506779017,"localGP"
"10607",43,5,8,0,50.7188657068744,95.1832335243152,"Smooth","Avg. Reward Condition",40,"7",15,2,9,343,"Long",0.117773049052185,0.673867140748113,NA,0.60828506779017,"localGP"
"10608",43,6,8,1,63.1293377459291,95.1832335243152,"Smooth","Avg. Reward Condition",40,"7",15,2,20,343,"Long",0.117773049052185,0.673867140748113,NA,0.60828506779017,"localGP"
"10609",43,7,4,0,68.1149801380177,95.1832335243152,"Smooth","Avg. Reward Condition",40,"7",15,1,5,343,"Long",0.117773049052185,0.673867140748113,NA,0.60828506779017,"localGP"
"10610",43,8,5,0,62.3288785579905,95.1832335243152,"Smooth","Avg. Reward Condition",40,"7",15,2,6,343,"Long",0.117773049052185,0.673867140748113,NA,0.60828506779017,"localGP"
"10611",43,9,9,2,80.7274963103288,95.1832335243152,"Smooth","Avg. Reward Condition",40,"7",15,6,32,343,"Long",0.117773049052185,0.673867140748113,NA,0.60828506779017,"localGP"
"10612",43,10,8,2,70.4382048809147,95.1832335243152,"Smooth","Avg. Reward Condition",40,"7",15,1,31,343,"Long",0.117773049052185,0.673867140748113,NA,0.60828506779017,"localGP"
"10613",43,11,6,2,70.2102889372843,95.1832335243152,"Smooth","Avg. Reward Condition",40,"7",15,2,29,343,"Long",0.117773049052185,0.673867140748113,NA,0.60828506779017,"localGP"
"10614",43,12,6,1,47.8003239133114,95.1832335243152,"Smooth","Avg. Reward Condition",40,"7",15,1,18,343,"Long",0.117773049052185,0.673867140748113,NA,0.60828506779017,"localGP"
"10615",43,13,6,0,48.4461489024529,95.1832335243152,"Smooth","Avg. Reward Condition",40,"7",15,1,7,343,"Long",0.117773049052185,0.673867140748113,NA,0.60828506779017,"localGP"
"10616",43,14,9,1,71.6538266812366,95.1832335243152,"Smooth","Avg. Reward Condition",40,"7",15,4,21,343,"Long",0.117773049052185,0.673867140748113,NA,0.60828506779017,"localGP"
"10617",43,15,9,0,56.7976440911413,95.1832335243152,"Smooth","Avg. Reward Condition",40,"7",15,1,10,343,"Long",0.117773049052185,0.673867140748113,NA,0.60828506779017,"localGP"
"10618",43,16,10,0,40.8689661512174,95.1832335243152,"Smooth","Avg. Reward Condition",40,"7",15,12,11,343,"Long",0.117773049052185,0.673867140748113,NA,0.60828506779017,"localGP"
"10619",43,17,10,1,61.1492414265159,95.1832335243152,"Smooth","Avg. Reward Condition",40,"7",15,2,22,343,"Long",0.117773049052185,0.673867140748113,NA,0.60828506779017,"localGP"
"10620",43,18,7,6,24.6279411450351,95.1832335243152,"Smooth","Avg. Reward Condition",40,"7",15,14,74,343,"Long",0.117773049052185,0.673867140748113,NA,0.60828506779017,"localGP"
"10621",43,19,6,6,24.1302467883987,95.1832335243152,"Smooth","Avg. Reward Condition",40,"7",15,15,73,343,"Long",0.117773049052185,0.673867140748113,NA,0.60828506779017,"localGP"
"10622",43,20,6,5,7.28580345199959,95.1832335243152,"Smooth","Avg. Reward Condition",40,"7",15,4,62,343,"Long",0.117773049052185,0.673867140748113,NA,0.60828506779017,"localGP"
"10623",43,21,9,5,52.1566401436535,95.1832335243152,"Smooth","Avg. Reward Condition",40,"7",15,7,65,343,"Long",0.117773049052185,0.673867140748113,NA,0.60828506779017,"localGP"
"10624",43,22,0,3,77.1083741262543,95.1832335243152,"Smooth","Avg. Reward Condition",40,"7",15,3,34,343,"Long",0.117773049052185,0.673867140748113,NA,0.60828506779017,"localGP"
"10625",43,23,1,3,78.9236623533558,95.1832335243152,"Smooth","Avg. Reward Condition",40,"7",15,1,35,343,"Long",0.117773049052185,0.673867140748113,NA,0.60828506779017,"localGP"
"10626",43,24,1,4,71.7502401708434,95.1832335243152,"Smooth","Avg. Reward Condition",40,"7",15,1,46,343,"Long",0.117773049052185,0.673867140748113,NA,0.60828506779017,"localGP"
"10627",43,25,0,4,66.4445637917368,95.1832335243152,"Smooth","Avg. Reward Condition",40,"7",15,3,45,343,"Long",0.117773049052185,0.673867140748113,NA,0.60828506779017,"localGP"
"10628",43,26,7,3,80.8182816244535,95.1832335243152,"Smooth","Avg. Reward Condition",40,"7",15,1,41,343,"Long",0.117773049052185,0.673867140748113,NA,0.60828506779017,"localGP"
"10629",43,27,6,3,78.683438969698,95.1832335243152,"Smooth","Avg. Reward Condition",40,"7",15,12,40,343,"Long",0.117773049052185,0.673867140748113,NA,0.60828506779017,"localGP"
"10630",43,28,5,3,74.9439554440197,95.1832335243152,"Smooth","Avg. Reward Condition",40,"7",15,2,39,343,"Long",0.117773049052185,0.673867140748113,NA,0.60828506779017,"localGP"
"10631",43,29,5,2,59.1350535655929,95.1832335243152,"Smooth","Avg. Reward Condition",40,"7",15,1,28,343,"Long",0.117773049052185,0.673867140748113,NA,0.60828506779017,"localGP"
"10632",43,30,10,7,33.2572660772245,95.1832335243152,"Smooth","Avg. Reward Condition",40,"7",15,1,88,343,"Long",0.117773049052185,0.673867140748113,NA,0.60828506779017,"localGP"
"10633",43,31,10,8,45.4103222140062,95.1832335243152,"Smooth","Avg. Reward Condition",40,"7",15,1,99,343,"Long",0.117773049052185,0.673867140748113,NA,0.60828506779017,"localGP"
"10634",43,32,8,1,63.1293377459291,95.1832335243152,"Smooth","Avg. Reward Condition",40,"7",15,1,20,343,"Long",0.117773049052185,0.673867140748113,NA,0.60828506779017,"localGP"
"10635",43,33,2,1,64.9541194011158,95.1832335243152,"Smooth","Avg. Reward Condition",40,"7",15,8,14,343,"Long",0.117773049052185,0.673867140748113,NA,0.60828506779017,"localGP"
"10636",43,34,4,8,3.8244891492963,95.1832335243152,"Smooth","Avg. Reward Condition",40,"7",15,3,93,343,"Long",0.117773049052185,0.673867140748113,NA,0.60828506779017,"localGP"
"10637",43,35,3,7,0,95.1832335243152,"Smooth","Avg. Reward Condition",40,"7",15,2,81,343,"Long",0.117773049052185,0.673867140748113,NA,0.60828506779017,"localGP"
"10638",43,36,0,7,33.8332215321882,95.1832335243152,"Smooth","Avg. Reward Condition",40,"7",15,1,78,343,"Long",0.117773049052185,0.673867140748113,NA,0.60828506779017,"localGP"
"10639",43,37,1,7,64.4115911025455,95.1832335243152,"Smooth","Avg. Reward Condition",40,"7",15,2,79,343,"Long",0.117773049052185,0.673867140748113,NA,0.60828506779017,"localGP"
"10640",43,38,0,6,57.3114594367428,95.1832335243152,"Smooth","Avg. Reward Condition",40,"7",15,1,67,343,"Long",0.117773049052185,0.673867140748113,NA,0.60828506779017,"localGP"
"10641",43,39,6,2,70.2102889372843,95.1832335243152,"Smooth","Avg. Reward Condition",40,"7",15,1,29,343,"Long",0.117773049052185,0.673867140748113,NA,0.60828506779017,"localGP"
"10642",43,40,7,3,80.8182816244535,95.1832335243152,"Smooth","Avg. Reward Condition",40,"7",15,1,41,343,"Long",0.117773049052185,0.673867140748113,NA,0.60828506779017,"localGP"
"10643",43,41,8,3,71.8089338593077,95.1832335243152,"Smooth","Avg. Reward Condition",40,"7",15,2,42,343,"Long",0.117773049052185,0.673867140748113,NA,0.60828506779017,"localGP"
"10644",43,1,9,9,85.2726059415545,85.2726059415545,"Smooth","Avg. Reward Condition",20,"8",19,NA,109,344,"Short",0.105332467514493,0.717877188284983,NA,0.57132833466066,"localGP"
"10645",43,2,9,10,65.8121215823365,85.2726059415545,"Smooth","Avg. Reward Condition",20,"8",19,1,120,344,"Short",0.105332467514493,0.717877188284983,NA,0.57132833466066,"localGP"
"10646",43,3,2,6,38.2584697728782,85.2726059415545,"Smooth","Avg. Reward Condition",20,"8",19,2,69,344,"Short",0.105332467514493,0.717877188284983,NA,0.57132833466066,"localGP"
"10647",43,4,3,6,52.211813623065,85.2726059415545,"Smooth","Avg. Reward Condition",20,"8",19,1,70,344,"Short",0.105332467514493,0.717877188284983,NA,0.57132833466066,"localGP"
"10648",43,5,7,5,82.9053550398923,85.2726059415545,"Smooth","Avg. Reward Condition",20,"8",19,1,63,344,"Short",0.105332467514493,0.717877188284983,NA,0.57132833466066,"localGP"
"10649",43,6,7,4,73.3248485001287,85.2726059415545,"Smooth","Avg. Reward Condition",20,"8",19,2,52,344,"Short",0.105332467514493,0.717877188284983,NA,0.57132833466066,"localGP"
"10650",43,7,8,4,65.4001551521178,85.2726059415545,"Smooth","Avg. Reward Condition",20,"8",19,3,53,344,"Short",0.105332467514493,0.717877188284983,NA,0.57132833466066,"localGP"
"10651",43,8,9,4,63.2727485984867,85.2726059415545,"Smooth","Avg. Reward Condition",20,"8",19,2,54,344,"Short",0.105332467514493,0.717877188284983,NA,0.57132833466066,"localGP"
"10652",43,9,8,3,65.6372493724856,85.2726059415545,"Smooth","Avg. Reward Condition",20,"8",19,1,42,344,"Short",0.105332467514493,0.717877188284983,NA,0.57132833466066,"localGP"
"10653",43,10,9,3,70.6956959323297,85.2726059415545,"Smooth","Avg. Reward Condition",20,"8",19,2,43,344,"Short",0.105332467514493,0.717877188284983,NA,0.57132833466066,"localGP"
"10654",43,11,5,10,47.8987262992674,85.2726059415545,"Smooth","Avg. Reward Condition",20,"8",19,1,116,344,"Short",0.105332467514493,0.717877188284983,NA,0.57132833466066,"localGP"
"10655",43,12,4,10,30.0936973223413,85.2726059415545,"Smooth","Avg. Reward Condition",20,"8",19,1,115,344,"Short",0.105332467514493,0.717877188284983,NA,0.57132833466066,"localGP"
"10656",43,13,4,8,46.6192983438383,85.2726059415545,"Smooth","Avg. Reward Condition",20,"8",19,1,93,344,"Short",0.105332467514493,0.717877188284983,NA,0.57132833466066,"localGP"
"10657",43,14,3,8,28.3036834129197,85.2726059415545,"Smooth","Avg. Reward Condition",20,"8",19,2,92,344,"Short",0.105332467514493,0.717877188284983,NA,0.57132833466066,"localGP"
"10658",43,15,8,8,81.8046970917315,85.2726059415545,"Smooth","Avg. Reward Condition",20,"8",19,1,97,344,"Short",0.105332467514493,0.717877188284983,NA,0.57132833466066,"localGP"
"10659",43,16,7,8,55.9050623268235,85.2726059415545,"Smooth","Avg. Reward Condition",20,"8",19,2,96,344,"Short",0.105332467514493,0.717877188284983,NA,0.57132833466066,"localGP"
"10660",43,17,5,9,35.5439910651726,85.2726059415545,"Smooth","Avg. Reward Condition",20,"8",19,1,105,344,"Short",0.105332467514493,0.717877188284983,NA,0.57132833466066,"localGP"
"10661",43,18,1,5,0,85.2726059415545,"Smooth","Avg. Reward Condition",20,"8",19,2,57,344,"Short",0.105332467514493,0.717877188284983,NA,0.57132833466066,"localGP"
"10662",43,19,1,8,17.4720562138762,85.2726059415545,"Smooth","Avg. Reward Condition",20,"8",19,1,90,344,"Short",0.105332467514493,0.717877188284983,NA,0.57132833466066,"localGP"
"10663",43,20,3,2,41.5227672023987,85.2726059415545,"Smooth","Avg. Reward Condition",20,"8",19,1,26,344,"Short",0.105332467514493,0.717877188284983,NA,0.57132833466066,"localGP"
"10664",43,21,6,3,86.4985901727727,86.4985901727727,"Smooth","Avg. Reward Condition",20,"8",19,1,40,344,"Short",0.105332467514493,0.717877188284983,NA,0.57132833466066,"localGP"
"10665",44,1,3,2,87.0484650270771,87.0484650270771,"Smooth","Max. Reward Condition",20,"1",18,NA,26,345,"Short",0.098954733959506,0.759088929065433,NA,0.527626649315906,"localGP"
"10666",44,2,2,3,53.5961483472986,87.0484650270771,"Smooth","Max. Reward Condition",20,"1",18,1,36,345,"Short",0.098954733959506,0.759088929065433,NA,0.527626649315906,"localGP"
"10667",44,3,2,2,100,100,"Smooth","Max. Reward Condition",20,"1",18,1,25,345,"Short",0.098954733959506,0.759088929065433,NA,0.527626649315906,"localGP"
"10668",44,4,2,3,53.5961483472986,100,"Smooth","Max. Reward Condition",20,"1",18,1,36,345,"Short",0.098954733959506,0.759088929065433,NA,0.527626649315906,"localGP"
"10669",44,5,9,0,42.0409614410277,100,"Smooth","Max. Reward Condition",20,"1",18,1,10,345,"Short",0.098954733959506,0.759088929065433,NA,0.527626649315906,"localGP"
"10670",44,6,2,4,35.9082246738817,100,"Smooth","Max. Reward Condition",20,"1",18,1,47,345,"Short",0.098954733959506,0.759088929065433,NA,0.527626649315906,"localGP"
"10671",44,7,6,9,34.6588515600726,100,"Smooth","Max. Reward Condition",20,"1",18,1,106,345,"Short",0.098954733959506,0.759088929065433,NA,0.527626649315906,"localGP"
"10672",44,8,6,8,37.9736257778301,100,"Smooth","Max. Reward Condition",20,"1",18,1,95,345,"Short",0.098954733959506,0.759088929065433,NA,0.527626649315906,"localGP"
"10673",44,9,7,9,43.7178093969653,100,"Smooth","Max. Reward Condition",20,"1",18,2,107,345,"Short",0.098954733959506,0.759088929065433,NA,0.527626649315906,"localGP"
"10674",44,10,7,1,20.2621772906114,100,"Smooth","Max. Reward Condition",20,"1",18,1,19,345,"Short",0.098954733959506,0.759088929065433,NA,0.527626649315906,"localGP"
"10675",44,11,7,5,34.8171406531834,100,"Smooth","Max. Reward Condition",20,"1",18,1,63,345,"Short",0.098954733959506,0.759088929065433,NA,0.527626649315906,"localGP"
"10676",44,12,8,5,35.8126072041007,100,"Smooth","Max. Reward Condition",20,"1",18,1,64,345,"Short",0.098954733959506,0.759088929065433,NA,0.527626649315906,"localGP"
"10677",44,13,9,5,25.5809293587448,100,"Smooth","Max. Reward Condition",20,"1",18,1,65,345,"Short",0.098954733959506,0.759088929065433,NA,0.527626649315906,"localGP"
"10678",44,14,9,4,40.7628674874765,100,"Smooth","Max. Reward Condition",20,"1",18,2,54,345,"Short",0.098954733959506,0.759088929065433,NA,0.527626649315906,"localGP"
"10679",44,15,10,6,35.7890292277551,100,"Smooth","Max. Reward Condition",20,"1",18,1,77,345,"Short",0.098954733959506,0.759088929065433,NA,0.527626649315906,"localGP"
"10680",44,16,4,7,47.8263633972584,100,"Smooth","Max. Reward Condition",20,"1",18,4,82,345,"Short",0.098954733959506,0.759088929065433,NA,0.527626649315906,"localGP"
"10681",44,17,8,8,58.8343770395875,100,"Smooth","Max. Reward Condition",20,"1",18,1,97,345,"Short",0.098954733959506,0.759088929065433,NA,0.527626649315906,"localGP"
"10682",44,18,8,7,51.6253344127728,100,"Smooth","Max. Reward Condition",20,"1",18,3,86,345,"Short",0.098954733959506,0.759088929065433,NA,0.527626649315906,"localGP"
"10683",44,19,10,5,37.8302996702739,100,"Smooth","Max. Reward Condition",20,"1",18,3,66,345,"Short",0.098954733959506,0.759088929065433,NA,0.527626649315906,"localGP"
"10684",44,20,5,4,37.8791272787462,100,"Smooth","Max. Reward Condition",20,"1",18,1,50,345,"Short",0.098954733959506,0.759088929065433,NA,0.527626649315906,"localGP"
"10685",44,21,8,1,22.4638703652577,100,"Smooth","Max. Reward Condition",20,"1",18,1,20,345,"Short",0.098954733959506,0.759088929065433,NA,0.527626649315906,"localGP"
"10686",44,1,7,2,61.2330802415628,61.2330802415628,"Smooth","Max. Reward Condition",40,"2",5,NA,30,346,"Long",0.104617657221485,0.708021833799747,NA,0.537211980838974,"localGP"
"10687",44,2,9,2,40.6256617216609,61.2330802415628,"Smooth","Max. Reward Condition",40,"2",5,18,32,346,"Long",0.104617657221485,0.708021833799747,NA,0.537211980838974,"localGP"
"10688",44,3,8,2,68.5610945075531,68.5610945075531,"Smooth","Max. Reward Condition",40,"2",5,12,31,346,"Long",0.104617657221485,0.708021833799747,NA,0.537211980838974,"localGP"
"10689",44,4,8,3,73.4939072834287,73.4939072834287,"Smooth","Max. Reward Condition",40,"2",5,1,42,346,"Long",0.104617657221485,0.708021833799747,NA,0.537211980838974,"localGP"
"10690",44,5,10,9,41.8320807113766,73.4939072834287,"Smooth","Max. Reward Condition",40,"2",5,1,110,346,"Long",0.104617657221485,0.708021833799747,NA,0.537211980838974,"localGP"
"10691",44,6,8,8,82.5602297507619,82.5602297507619,"Smooth","Max. Reward Condition",40,"2",5,1,97,346,"Long",0.104617657221485,0.708021833799747,NA,0.537211980838974,"localGP"
"10692",44,7,8,7,100,100,"Smooth","Max. Reward Condition",40,"2",5,3,86,346,"Long",0.104617657221485,0.708021833799747,NA,0.537211980838974,"localGP"
"10693",44,8,9,7,82.2639339178051,100,"Smooth","Max. Reward Condition",40,"2",5,1,87,346,"Long",0.104617657221485,0.708021833799747,NA,0.537211980838974,"localGP"
"10694",44,9,9,8,81.2433897221898,100,"Smooth","Max. Reward Condition",40,"2",5,2,98,346,"Long",0.104617657221485,0.708021833799747,NA,0.537211980838974,"localGP"
"10695",44,10,9,8,81.2433897221898,100,"Smooth","Max. Reward Condition",40,"2",5,1,98,346,"Long",0.104617657221485,0.708021833799747,NA,0.537211980838974,"localGP"
"10696",44,11,9,6,62.6880904214702,100,"Smooth","Max. Reward Condition",40,"2",5,3,76,346,"Long",0.104617657221485,0.708021833799747,NA,0.537211980838974,"localGP"
"10697",44,12,9,5,12.8213865416785,100,"Smooth","Max. Reward Condition",40,"2",5,11,65,346,"Long",0.104617657221485,0.708021833799747,NA,0.537211980838974,"localGP"
"10698",44,13,7,4,41.506316602299,100,"Smooth","Max. Reward Condition",40,"2",5,7,52,346,"Long",0.104617657221485,0.708021833799747,NA,0.537211980838974,"localGP"
"10699",44,14,8,3,73.4939072834287,100,"Smooth","Max. Reward Condition",40,"2",5,9,42,346,"Long",0.104617657221485,0.708021833799747,NA,0.537211980838974,"localGP"
"10700",44,15,8,4,50.6311411543037,100,"Smooth","Max. Reward Condition",40,"2",5,11,53,346,"Long",0.104617657221485,0.708021833799747,NA,0.537211980838974,"localGP"
"10701",44,16,3,9,8.68730122883821,100,"Smooth","Max. Reward Condition",40,"2",5,1,103,346,"Long",0.104617657221485,0.708021833799747,NA,0.537211980838974,"localGP"
"10702",44,17,9,10,60.0774941518744,100,"Smooth","Max. Reward Condition",40,"2",5,1,120,346,"Long",0.104617657221485,0.708021833799747,NA,0.537211980838974,"localGP"
"10703",44,18,10,10,39.9849441782749,100,"Smooth","Max. Reward Condition",40,"2",5,3,121,346,"Long",0.104617657221485,0.708021833799747,NA,0.537211980838974,"localGP"
"10704",44,19,10,1,59.8039431461058,100,"Smooth","Max. Reward Condition",40,"2",5,1,22,346,"Long",0.104617657221485,0.708021833799747,NA,0.537211980838974,"localGP"
"10705",44,20,7,3,38.4994048862077,100,"Smooth","Max. Reward Condition",40,"2",5,1,41,346,"Long",0.104617657221485,0.708021833799747,NA,0.537211980838974,"localGP"
"10706",44,21,7,5,32.4689598978585,100,"Smooth","Max. Reward Condition",40,"2",5,1,63,346,"Long",0.104617657221485,0.708021833799747,NA,0.537211980838974,"localGP"
"10707",44,22,5,3,47.725265337293,100,"Smooth","Max. Reward Condition",40,"2",5,1,39,346,"Long",0.104617657221485,0.708021833799747,NA,0.537211980838974,"localGP"
"10708",44,23,10,3,0,100,"Smooth","Max. Reward Condition",40,"2",5,1,44,346,"Long",0.104617657221485,0.708021833799747,NA,0.537211980838974,"localGP"
"10709",44,24,10,7,69.0054960754502,100,"Smooth","Max. Reward Condition",40,"2",5,1,88,346,"Long",0.104617657221485,0.708021833799747,NA,0.537211980838974,"localGP"
"10710",44,25,10,8,69.5510436536212,100,"Smooth","Max. Reward Condition",40,"2",5,2,99,346,"Long",0.104617657221485,0.708021833799747,NA,0.537211980838974,"localGP"
"10711",44,26,10,7,69.0054960754502,100,"Smooth","Max. Reward Condition",40,"2",5,1,88,346,"Long",0.104617657221485,0.708021833799747,NA,0.537211980838974,"localGP"
"10712",44,27,10,6,82.4387014347711,100,"Smooth","Max. Reward Condition",40,"2",5,2,77,346,"Long",0.104617657221485,0.708021833799747,NA,0.537211980838974,"localGP"
"10713",44,28,8,9,65.659951662905,100,"Smooth","Max. Reward Condition",40,"2",5,7,108,346,"Long",0.104617657221485,0.708021833799747,NA,0.537211980838974,"localGP"
"10714",44,29,7,10,38.4917850519421,100,"Smooth","Max. Reward Condition",40,"2",5,1,118,346,"Long",0.104617657221485,0.708021833799747,NA,0.537211980838974,"localGP"
"10715",44,30,6,10,49.8503873237507,100,"Smooth","Max. Reward Condition",40,"2",5,3,117,346,"Long",0.104617657221485,0.708021833799747,NA,0.537211980838974,"localGP"
"10716",44,31,2,8,25.1092880006294,100,"Smooth","Max. Reward Condition",40,"2",5,1,91,346,"Long",0.104617657221485,0.708021833799747,NA,0.537211980838974,"localGP"
"10717",44,32,2,2,61.7436417215084,100,"Smooth","Max. Reward Condition",40,"2",5,1,25,346,"Long",0.104617657221485,0.708021833799747,NA,0.537211980838974,"localGP"
"10718",44,33,3,2,22.9115521258941,100,"Smooth","Max. Reward Condition",40,"2",5,11,26,346,"Long",0.104617657221485,0.708021833799747,NA,0.537211980838974,"localGP"
"10719",44,34,4,2,28.5435224430932,100,"Smooth","Max. Reward Condition",40,"2",5,3,27,346,"Long",0.104617657221485,0.708021833799747,NA,0.537211980838974,"localGP"
"10720",44,35,8,4,50.6311411543037,100,"Smooth","Max. Reward Condition",40,"2",5,11,53,346,"Long",0.104617657221485,0.708021833799747,NA,0.537211980838974,"localGP"
"10721",44,36,2,0,77.0544773481124,100,"Smooth","Max. Reward Condition",40,"2",5,2,3,346,"Long",0.104617657221485,0.708021833799747,NA,0.537211980838974,"localGP"
"10722",44,37,2,1,65.1261244784447,100,"Smooth","Max. Reward Condition",40,"2",5,5,14,346,"Long",0.104617657221485,0.708021833799747,NA,0.537211980838974,"localGP"
"10723",44,38,0,5,47.6003789921814,100,"Smooth","Max. Reward Condition",40,"2",5,2,56,346,"Long",0.104617657221485,0.708021833799747,NA,0.537211980838974,"localGP"
"10724",44,39,1,5,50.8339680932968,100,"Smooth","Max. Reward Condition",40,"2",5,3,57,346,"Long",0.104617657221485,0.708021833799747,NA,0.537211980838974,"localGP"
"10725",44,40,3,6,53.9386192872813,100,"Smooth","Max. Reward Condition",40,"2",5,2,70,346,"Long",0.104617657221485,0.708021833799747,NA,0.537211980838974,"localGP"
"10726",44,41,4,6,22.9832733100999,100,"Smooth","Max. Reward Condition",40,"2",5,1,71,346,"Long",0.104617657221485,0.708021833799747,NA,0.537211980838974,"localGP"
"10727",44,1,7,7,44.6037963682007,44.6037963682007,"Smooth","Max. Reward Condition",20,"3",15,NA,85,347,"Short",0.102694531701664,0.701436130491037,NA,0.603680974961371,"localGP"
"10728",44,2,8,8,77.4510822017491,77.4510822017491,"Smooth","Max. Reward Condition",20,"3",15,1,97,347,"Short",0.102694531701664,0.701436130491037,NA,0.603680974961371,"localGP"
"10729",44,3,8,7,53.4490280982268,77.4510822017491,"Smooth","Max. Reward Condition",20,"3",15,1,86,347,"Short",0.102694531701664,0.701436130491037,NA,0.603680974961371,"localGP"
"10730",44,4,9,7,37.6760460592712,77.4510822017491,"Smooth","Max. Reward Condition",20,"3",15,3,87,347,"Short",0.102694531701664,0.701436130491037,NA,0.603680974961371,"localGP"
"10731",44,5,10,8,45.4103222140062,77.4510822017491,"Smooth","Max. Reward Condition",20,"3",15,2,99,347,"Short",0.102694531701664,0.701436130491037,NA,0.603680974961371,"localGP"
"10732",44,6,10,9,61.3102358777366,77.4510822017491,"Smooth","Max. Reward Condition",20,"3",15,1,110,347,"Short",0.102694531701664,0.701436130491037,NA,0.603680974961371,"localGP"
"10733",44,7,9,9,53.839970383571,77.4510822017491,"Smooth","Max. Reward Condition",20,"3",15,9,109,347,"Short",0.102694531701664,0.701436130491037,NA,0.603680974961371,"localGP"
"10734",44,8,9,10,53.2556028965444,77.4510822017491,"Smooth","Max. Reward Condition",20,"3",15,4,120,347,"Short",0.102694531701664,0.701436130491037,NA,0.603680974961371,"localGP"
"10735",44,9,10,10,75.4865207153683,77.4510822017491,"Smooth","Max. Reward Condition",20,"3",15,1,121,347,"Short",0.102694531701664,0.701436130491037,NA,0.603680974961371,"localGP"
"10736",44,10,10,10,75.4865207153683,77.4510822017491,"Smooth","Max. Reward Condition",20,"3",15,2,121,347,"Short",0.102694531701664,0.701436130491037,NA,0.603680974961371,"localGP"
"10737",44,11,5,6,48.2722078874415,77.4510822017491,"Smooth","Max. Reward Condition",20,"3",15,1,72,347,"Short",0.102694531701664,0.701436130491037,NA,0.603680974961371,"localGP"
"10738",44,12,4,6,37.3241203107058,77.4510822017491,"Smooth","Max. Reward Condition",20,"3",15,2,71,347,"Short",0.102694531701664,0.701436130491037,NA,0.603680974961371,"localGP"
"10739",44,13,3,6,54.3433653304578,77.4510822017491,"Smooth","Max. Reward Condition",20,"3",15,2,70,347,"Short",0.102694531701664,0.701436130491037,NA,0.603680974961371,"localGP"
"10740",44,14,3,7,0,77.4510822017491,"Smooth","Max. Reward Condition",20,"3",15,1,81,347,"Short",0.102694531701664,0.701436130491037,NA,0.603680974961371,"localGP"
"10741",44,15,5,7,33.835624051002,77.4510822017491,"Smooth","Max. Reward Condition",20,"3",15,2,83,347,"Short",0.102694531701664,0.701436130491037,NA,0.603680974961371,"localGP"
"10742",44,16,4,3,81.4050752772215,81.4050752772215,"Smooth","Max. Reward Condition",20,"3",15,2,38,347,"Short",0.102694531701664,0.701436130491037,NA,0.603680974961371,"localGP"
"10743",44,17,5,3,74.9439554440197,81.4050752772215,"Smooth","Max. Reward Condition",20,"3",15,1,39,347,"Short",0.102694531701664,0.701436130491037,NA,0.603680974961371,"localGP"
"10744",44,18,5,2,59.1350535655929,81.4050752772215,"Smooth","Max. Reward Condition",20,"3",15,8,28,347,"Short",0.102694531701664,0.701436130491037,NA,0.603680974961371,"localGP"
"10745",44,19,4,2,50.1084005844682,81.4050752772215,"Smooth","Max. Reward Condition",20,"3",15,3,27,347,"Short",0.102694531701664,0.701436130491037,NA,0.603680974961371,"localGP"
"10746",44,20,4,1,33.8608437670612,81.4050752772215,"Smooth","Max. Reward Condition",20,"3",15,1,16,347,"Short",0.102694531701664,0.701436130491037,NA,0.603680974961371,"localGP"
"10747",44,21,4,0,68.1149801380177,81.4050752772215,"Smooth","Max. Reward Condition",20,"3",15,4,5,347,"Short",0.102694531701664,0.701436130491037,NA,0.603680974961371,"localGP"
"10748",44,1,7,7,78.4257216995386,78.4257216995386,"Smooth","Max. Reward Condition",40,"4",19,NA,85,348,"Long",0.110017438345894,0.71760253487649,NA,0.562769941880146,"localGP"
"10749",44,2,6,7,40.7675652395294,78.4257216995386,"Smooth","Max. Reward Condition",40,"4",19,2,84,348,"Long",0.110017438345894,0.71760253487649,NA,0.562769941880146,"localGP"
"10750",44,3,7,6,100,100,"Smooth","Max. Reward Condition",40,"4",19,1,74,348,"Long",0.110017438345894,0.71760253487649,NA,0.562769941880146,"localGP"
"10751",44,4,8,6,77.0215365379863,100,"Smooth","Max. Reward Condition",40,"4",19,1,75,348,"Long",0.110017438345894,0.71760253487649,NA,0.562769941880146,"localGP"
"10752",44,5,6,6,73.1570356560972,100,"Smooth","Max. Reward Condition",40,"4",19,3,73,348,"Long",0.110017438345894,0.71760253487649,NA,0.562769941880146,"localGP"
"10753",44,6,7,4,73.3248485001287,100,"Smooth","Max. Reward Condition",40,"4",19,2,52,348,"Long",0.110017438345894,0.71760253487649,NA,0.562769941880146,"localGP"
"10754",44,7,7,5,82.9053550398923,100,"Smooth","Max. Reward Condition",40,"4",19,2,63,348,"Long",0.110017438345894,0.71760253487649,NA,0.562769941880146,"localGP"
"10755",44,8,2,1,73.5415165064452,100,"Smooth","Max. Reward Condition",40,"4",19,9,14,348,"Long",0.110017438345894,0.71760253487649,NA,0.562769941880146,"localGP"
"10756",44,9,1,1,44.7148827500089,100,"Smooth","Max. Reward Condition",40,"4",19,4,13,348,"Long",0.110017438345894,0.71760253487649,NA,0.562769941880146,"localGP"
"10757",44,10,10,5,37.3660974523946,100,"Smooth","Max. Reward Condition",40,"4",19,1,66,348,"Long",0.110017438345894,0.71760253487649,NA,0.562769941880146,"localGP"
"10758",44,11,10,6,47.880592856799,100,"Smooth","Max. Reward Condition",40,"4",19,5,77,348,"Long",0.110017438345894,0.71760253487649,NA,0.562769941880146,"localGP"
"10759",44,12,3,10,41.9989758752231,100,"Smooth","Max. Reward Condition",40,"4",19,5,114,348,"Long",0.110017438345894,0.71760253487649,NA,0.562769941880146,"localGP"
"10760",44,13,3,9,35.7001551410624,100,"Smooth","Max. Reward Condition",40,"4",19,17,103,348,"Long",0.110017438345894,0.71760253487649,NA,0.562769941880146,"localGP"
"10761",44,14,3,8,28.3036834129197,100,"Smooth","Max. Reward Condition",40,"4",19,4,92,348,"Long",0.110017438345894,0.71760253487649,NA,0.562769941880146,"localGP"
"10762",44,15,3,7,48.0160668403537,100,"Smooth","Max. Reward Condition",40,"4",19,2,81,348,"Long",0.110017438345894,0.71760253487649,NA,0.562769941880146,"localGP"
"10763",44,16,2,7,24.965768710391,100,"Smooth","Max. Reward Condition",40,"4",19,1,80,348,"Long",0.110017438345894,0.71760253487649,NA,0.562769941880146,"localGP"
"10764",44,17,5,8,39.5482346751681,100,"Smooth","Max. Reward Condition",40,"4",19,2,94,348,"Long",0.110017438345894,0.71760253487649,NA,0.562769941880146,"localGP"
"10765",44,18,5,9,35.5439910651726,100,"Smooth","Max. Reward Condition",40,"4",19,2,105,348,"Long",0.110017438345894,0.71760253487649,NA,0.562769941880146,"localGP"
"10766",44,19,6,9,48.6880190782751,100,"Smooth","Max. Reward Condition",40,"4",19,1,106,348,"Long",0.110017438345894,0.71760253487649,NA,0.562769941880146,"localGP"
"10767",44,20,7,9,29.4654937800479,100,"Smooth","Max. Reward Condition",40,"4",19,1,107,348,"Long",0.110017438345894,0.71760253487649,NA,0.562769941880146,"localGP"
"10768",44,21,8,9,63.1901515290244,100,"Smooth","Max. Reward Condition",40,"4",19,1,108,348,"Long",0.110017438345894,0.71760253487649,NA,0.562769941880146,"localGP"
"10769",44,22,8,8,81.8046970917315,100,"Smooth","Max. Reward Condition",40,"4",19,3,97,348,"Long",0.110017438345894,0.71760253487649,NA,0.562769941880146,"localGP"
"10770",44,23,9,8,78.8036694153572,100,"Smooth","Max. Reward Condition",40,"4",19,1,98,348,"Long",0.110017438345894,0.71760253487649,NA,0.562769941880146,"localGP"
"10771",44,24,9,7,60.6742426292071,100,"Smooth","Max. Reward Condition",40,"4",19,8,87,348,"Long",0.110017438345894,0.71760253487649,NA,0.562769941880146,"localGP"
"10772",44,25,9,5,25.1177423961982,100,"Smooth","Max. Reward Condition",40,"4",19,2,65,348,"Long",0.110017438345894,0.71760253487649,NA,0.562769941880146,"localGP"
"10773",44,26,9,3,70.6956959323297,100,"Smooth","Max. Reward Condition",40,"4",19,1,43,348,"Long",0.110017438345894,0.71760253487649,NA,0.562769941880146,"localGP"
"10774",44,27,9,8,78.8036694153572,100,"Smooth","Max. Reward Condition",40,"4",19,1,98,348,"Long",0.110017438345894,0.71760253487649,NA,0.562769941880146,"localGP"
"10775",44,28,5,4,59.2776068858534,100,"Smooth","Max. Reward Condition",40,"4",19,2,50,348,"Long",0.110017438345894,0.71760253487649,NA,0.562769941880146,"localGP"
"10776",44,29,5,3,50.6291385823162,100,"Smooth","Max. Reward Condition",40,"4",19,1,39,348,"Long",0.110017438345894,0.71760253487649,NA,0.562769941880146,"localGP"
"10777",44,30,9,2,72.7930930430247,100,"Smooth","Max. Reward Condition",40,"4",19,2,32,348,"Long",0.110017438345894,0.71760253487649,NA,0.562769941880146,"localGP"
"10778",44,31,8,2,57.747723924339,100,"Smooth","Max. Reward Condition",40,"4",19,1,31,348,"Long",0.110017438345894,0.71760253487649,NA,0.562769941880146,"localGP"
"10779",44,32,8,3,65.6372493724856,100,"Smooth","Max. Reward Condition",40,"4",19,3,42,348,"Long",0.110017438345894,0.71760253487649,NA,0.562769941880146,"localGP"
"10780",44,33,10,0,58.0700494610344,100,"Smooth","Max. Reward Condition",40,"4",19,1,11,348,"Long",0.110017438345894,0.71760253487649,NA,0.562769941880146,"localGP"
"10781",44,34,8,1,31.0005774332624,100,"Smooth","Max. Reward Condition",40,"4",19,3,20,348,"Long",0.110017438345894,0.71760253487649,NA,0.562769941880146,"localGP"
"10782",44,35,9,0,57.2100931574182,100,"Smooth","Max. Reward Condition",40,"4",19,1,10,348,"Long",0.110017438345894,0.71760253487649,NA,0.562769941880146,"localGP"
"10783",44,36,9,1,60.8910168599768,100,"Smooth","Max. Reward Condition",40,"4",19,1,21,348,"Long",0.110017438345894,0.71760253487649,NA,0.562769941880146,"localGP"
"10784",44,37,10,1,72.8353068382427,100,"Smooth","Max. Reward Condition",40,"4",19,7,22,348,"Long",0.110017438345894,0.71760253487649,NA,0.562769941880146,"localGP"
"10785",44,38,4,9,36.8213901880563,100,"Smooth","Max. Reward Condition",40,"4",19,1,104,348,"Long",0.110017438345894,0.71760253487649,NA,0.562769941880146,"localGP"
"10786",44,39,4,8,46.6192983438383,100,"Smooth","Max. Reward Condition",40,"4",19,2,93,348,"Long",0.110017438345894,0.71760253487649,NA,0.562769941880146,"localGP"
"10787",44,40,10,0,58.0700494610344,100,"Smooth","Max. Reward Condition",40,"4",19,2,11,348,"Long",0.110017438345894,0.71760253487649,NA,0.562769941880146,"localGP"
"10788",44,41,9,10,65.8121215823365,100,"Smooth","Max. Reward Condition",40,"4",19,1,120,348,"Long",0.110017438345894,0.71760253487649,NA,0.562769941880146,"localGP"
"10789",44,1,6,0,32.1906110791016,32.1906110791016,"Smooth","Max. Reward Condition",20,"5",12,NA,7,349,"Short",0.101048249076795,0.751439673670819,NA,0.559188976105241,"localGP"
"10790",44,2,1,0,41.1943881385289,41.1943881385289,"Smooth","Max. Reward Condition",20,"5",12,1,2,349,"Short",0.101048249076795,0.751439673670819,NA,0.559188976105241,"localGP"
"10791",44,3,10,0,62.934470369234,62.934470369234,"Smooth","Max. Reward Condition",20,"5",12,2,11,349,"Short",0.101048249076795,0.751439673670819,NA,0.559188976105241,"localGP"
"10792",44,4,10,1,80.8865853596209,80.8865853596209,"Smooth","Max. Reward Condition",20,"5",12,2,22,349,"Short",0.101048249076795,0.751439673670819,NA,0.559188976105241,"localGP"
"10793",44,5,10,2,40.3253784101298,80.8865853596209,"Smooth","Max. Reward Condition",20,"5",12,1,33,349,"Short",0.101048249076795,0.751439673670819,NA,0.559188976105241,"localGP"
"10794",44,6,9,2,39.8228418923137,80.8865853596209,"Smooth","Max. Reward Condition",20,"5",12,3,32,349,"Short",0.101048249076795,0.751439673670819,NA,0.559188976105241,"localGP"
"10795",44,7,9,3,31.6251889945826,80.8865853596209,"Smooth","Max. Reward Condition",20,"5",12,1,43,349,"Short",0.101048249076795,0.751439673670819,NA,0.559188976105241,"localGP"
"10796",44,8,3,10,38.2936585715873,80.8865853596209,"Smooth","Max. Reward Condition",20,"5",12,1,114,349,"Short",0.101048249076795,0.751439673670819,NA,0.559188976105241,"localGP"
"10797",44,9,2,9,40.8922396927792,80.8865853596209,"Smooth","Max. Reward Condition",20,"5",12,1,102,349,"Short",0.101048249076795,0.751439673670819,NA,0.559188976105241,"localGP"
"10798",44,10,3,9,40.0072640474866,80.8865853596209,"Smooth","Max. Reward Condition",20,"5",12,1,103,349,"Short",0.101048249076795,0.751439673670819,NA,0.559188976105241,"localGP"
"10799",44,11,10,5,62.8520083349877,80.8865853596209,"Smooth","Max. Reward Condition",20,"5",12,2,66,349,"Short",0.101048249076795,0.751439673670819,NA,0.559188976105241,"localGP"
"10800",44,12,1,2,35.7010889135408,80.8865853596209,"Smooth","Max. Reward Condition",20,"5",12,1,24,349,"Short",0.101048249076795,0.751439673670819,NA,0.559188976105241,"localGP"
"10801",44,13,0,4,73.4344016997412,80.8865853596209,"Smooth","Max. Reward Condition",20,"5",12,2,45,349,"Short",0.101048249076795,0.751439673670819,NA,0.559188976105241,"localGP"
"10802",44,14,1,5,60.2115433548299,80.8865853596209,"Smooth","Max. Reward Condition",20,"5",12,1,57,349,"Short",0.101048249076795,0.751439673670819,NA,0.559188976105241,"localGP"
"10803",44,15,2,5,10.9073307370141,80.8865853596209,"Smooth","Max. Reward Condition",20,"5",12,2,58,349,"Short",0.101048249076795,0.751439673670819,NA,0.559188976105241,"localGP"
"10804",44,16,1,6,45.9269738346831,80.8865853596209,"Smooth","Max. Reward Condition",20,"5",12,1,68,349,"Short",0.101048249076795,0.751439673670819,NA,0.559188976105241,"localGP"
"10805",44,17,0,5,77.2112954701878,80.8865853596209,"Smooth","Max. Reward Condition",20,"5",12,3,56,349,"Short",0.101048249076795,0.751439673670819,NA,0.559188976105241,"localGP"
"10806",44,18,0,6,58.8033747549074,80.8865853596209,"Smooth","Max. Reward Condition",20,"5",12,1,67,349,"Short",0.101048249076795,0.751439673670819,NA,0.559188976105241,"localGP"
"10807",44,19,0,2,9.45487172108052,80.8865853596209,"Smooth","Max. Reward Condition",20,"5",12,1,23,349,"Short",0.101048249076795,0.751439673670819,NA,0.559188976105241,"localGP"
"10808",44,20,8,7,81.8274104004157,81.8274104004157,"Smooth","Max. Reward Condition",20,"5",12,2,86,349,"Short",0.101048249076795,0.751439673670819,NA,0.559188976105241,"localGP"
"10809",44,21,9,7,78.9152227809253,81.8274104004157,"Smooth","Max. Reward Condition",20,"5",12,1,87,349,"Short",0.101048249076795,0.751439673670819,NA,0.559188976105241,"localGP"
"10810",44,1,3,9,33.3451376526198,33.3451376526198,"Smooth","Max. Reward Condition",40,"6",7,NA,103,350,"Long",0.103729148248938,0.698219823697544,NA,0.529546433613011,"localGP"
"10811",44,2,8,0,57.570971716758,57.570971716758,"Smooth","Max. Reward Condition",40,"6",7,11,9,350,"Long",0.103729148248938,0.698219823697544,NA,0.529546433613011,"localGP"
"10812",44,3,9,0,40.4430622566814,57.570971716758,"Smooth","Max. Reward Condition",40,"6",7,12,10,350,"Long",0.103729148248938,0.698219823697544,NA,0.529546433613011,"localGP"
"10813",44,4,9,1,32.884325467042,57.570971716758,"Smooth","Max. Reward Condition",40,"6",7,7,21,350,"Long",0.103729148248938,0.698219823697544,NA,0.529546433613011,"localGP"
"10814",44,5,10,2,31.2015949975012,57.570971716758,"Smooth","Max. Reward Condition",40,"6",7,3,33,350,"Long",0.103729148248938,0.698219823697544,NA,0.529546433613011,"localGP"
"10815",44,6,8,6,73.8483056301387,73.8483056301387,"Smooth","Max. Reward Condition",40,"6",7,5,75,350,"Long",0.103729148248938,0.698219823697544,NA,0.529546433613011,"localGP"
"10816",44,7,7,7,81.7749017517345,81.7749017517345,"Smooth","Max. Reward Condition",40,"6",7,9,85,350,"Long",0.103729148248938,0.698219823697544,NA,0.529546433613011,"localGP"
"10817",44,8,6,7,46.9199796180267,81.7749017517345,"Smooth","Max. Reward Condition",40,"6",7,2,84,350,"Long",0.103729148248938,0.698219823697544,NA,0.529546433613011,"localGP"
"10818",44,9,4,7,63.6224035811194,81.7749017517345,"Smooth","Max. Reward Condition",40,"6",7,5,82,350,"Long",0.103729148248938,0.698219823697544,NA,0.529546433613011,"localGP"
"10819",44,10,4,6,84.1129360614595,84.1129360614595,"Smooth","Max. Reward Condition",40,"6",7,7,71,350,"Long",0.103729148248938,0.698219823697544,NA,0.529546433613011,"localGP"
"10820",44,11,4,2,51.1248580268457,84.1129360614595,"Smooth","Max. Reward Condition",40,"6",7,4,27,350,"Long",0.103729148248938,0.698219823697544,NA,0.529546433613011,"localGP"
"10821",44,12,3,2,49.0962017529778,84.1129360614595,"Smooth","Max. Reward Condition",40,"6",7,1,26,350,"Long",0.103729148248938,0.698219823697544,NA,0.529546433613011,"localGP"
"10822",44,13,2,2,50.4691115170586,84.1129360614595,"Smooth","Max. Reward Condition",40,"6",7,1,25,350,"Long",0.103729148248938,0.698219823697544,NA,0.529546433613011,"localGP"
"10823",44,14,1,2,29.6498568268542,84.1129360614595,"Smooth","Max. Reward Condition",40,"6",7,2,24,350,"Long",0.103729148248938,0.698219823697544,NA,0.529546433613011,"localGP"
"10824",44,15,1,1,63.5014861824236,84.1129360614595,"Smooth","Max. Reward Condition",40,"6",7,1,13,350,"Long",0.103729148248938,0.698219823697544,NA,0.529546433613011,"localGP"
"10825",44,16,1,0,29.6758982233628,84.1129360614595,"Smooth","Max. Reward Condition",40,"6",7,3,2,350,"Long",0.103729148248938,0.698219823697544,NA,0.529546433613011,"localGP"
"10826",44,17,2,2,50.4691115170586,84.1129360614595,"Smooth","Max. Reward Condition",40,"6",7,1,25,350,"Long",0.103729148248938,0.698219823697544,NA,0.529546433613011,"localGP"
"10827",44,18,2,8,44.8287344776486,84.1129360614595,"Smooth","Max. Reward Condition",40,"6",7,2,91,350,"Long",0.103729148248938,0.698219823697544,NA,0.529546433613011,"localGP"
"10828",44,19,6,6,51.0087520886989,84.1129360614595,"Smooth","Max. Reward Condition",40,"6",7,2,73,350,"Long",0.103729148248938,0.698219823697544,NA,0.529546433613011,"localGP"
"10829",44,20,6,5,47.1321659100767,84.1129360614595,"Smooth","Max. Reward Condition",40,"6",7,10,62,350,"Long",0.103729148248938,0.698219823697544,NA,0.529546433613011,"localGP"
"10830",44,21,4,10,49.1017404834783,84.1129360614595,"Smooth","Max. Reward Condition",40,"6",7,1,115,350,"Long",0.103729148248938,0.698219823697544,NA,0.529546433613011,"localGP"
"10831",44,22,5,10,39.0017355764079,84.1129360614595,"Smooth","Max. Reward Condition",40,"6",7,1,116,350,"Long",0.103729148248938,0.698219823697544,NA,0.529546433613011,"localGP"
"10832",44,23,0,8,41.765302127877,84.1129360614595,"Smooth","Max. Reward Condition",40,"6",7,1,89,350,"Long",0.103729148248938,0.698219823697544,NA,0.529546433613011,"localGP"
"10833",44,24,0,7,40.3703125808271,84.1129360614595,"Smooth","Max. Reward Condition",40,"6",7,1,78,350,"Long",0.103729148248938,0.698219823697544,NA,0.529546433613011,"localGP"
"10834",44,25,1,6,40.7890265133229,84.1129360614595,"Smooth","Max. Reward Condition",40,"6",7,1,68,350,"Long",0.103729148248938,0.698219823697544,NA,0.529546433613011,"localGP"
"10835",44,26,2,6,61.2240030846988,84.1129360614595,"Smooth","Max. Reward Condition",40,"6",7,3,69,350,"Long",0.103729148248938,0.698219823697544,NA,0.529546433613011,"localGP"
"10836",44,27,2,5,81.410941886626,84.1129360614595,"Smooth","Max. Reward Condition",40,"6",7,1,58,350,"Long",0.103729148248938,0.698219823697544,NA,0.529546433613011,"localGP"
"10837",44,28,2,4,69.0845854443266,84.1129360614595,"Smooth","Max. Reward Condition",40,"6",7,1,47,350,"Long",0.103729148248938,0.698219823697544,NA,0.529546433613011,"localGP"
"10838",44,29,3,4,62.4304276826515,84.1129360614595,"Smooth","Max. Reward Condition",40,"6",7,3,48,350,"Long",0.103729148248938,0.698219823697544,NA,0.529546433613011,"localGP"
"10839",44,30,3,5,100,100,"Smooth","Max. Reward Condition",40,"6",7,1,59,350,"Long",0.103729148248938,0.698219823697544,NA,0.529546433613011,"localGP"
"10840",44,31,4,5,66.807827900394,100,"Smooth","Max. Reward Condition",40,"6",7,1,60,350,"Long",0.103729148248938,0.698219823697544,NA,0.529546433613011,"localGP"
"10841",44,32,4,4,30.0404677656774,100,"Smooth","Max. Reward Condition",40,"6",7,5,49,350,"Long",0.103729148248938,0.698219823697544,NA,0.529546433613011,"localGP"
"10842",44,33,10,2,31.2015949975012,100,"Smooth","Max. Reward Condition",40,"6",7,3,33,350,"Long",0.103729148248938,0.698219823697544,NA,0.529546433613011,"localGP"
"10843",44,34,9,2,33.0324980399919,100,"Smooth","Max. Reward Condition",40,"6",7,2,32,350,"Long",0.103729148248938,0.698219823697544,NA,0.529546433613011,"localGP"
"10844",44,35,8,2,53.532220554727,100,"Smooth","Max. Reward Condition",40,"6",7,4,31,350,"Long",0.103729148248938,0.698219823697544,NA,0.529546433613011,"localGP"
"10845",44,36,7,2,58.8232550696874,100,"Smooth","Max. Reward Condition",40,"6",7,1,30,350,"Long",0.103729148248938,0.698219823697544,NA,0.529546433613011,"localGP"
"10846",44,37,5,2,72.8242545616826,100,"Smooth","Max. Reward Condition",40,"6",7,1,28,350,"Long",0.103729148248938,0.698219823697544,NA,0.529546433613011,"localGP"
"10847",44,38,5,3,72.1298350478396,100,"Smooth","Max. Reward Condition",40,"6",7,1,39,350,"Long",0.103729148248938,0.698219823697544,NA,0.529546433613011,"localGP"
"10848",44,39,6,3,88.5901313022109,100,"Smooth","Max. Reward Condition",40,"6",7,3,40,350,"Long",0.103729148248938,0.698219823697544,NA,0.529546433613011,"localGP"
"10849",44,40,7,3,81.9279469354685,100,"Smooth","Max. Reward Condition",40,"6",7,2,41,350,"Long",0.103729148248938,0.698219823697544,NA,0.529546433613011,"localGP"
"10850",44,41,3,0,56.1973933076764,100,"Smooth","Max. Reward Condition",40,"6",7,13,4,350,"Long",0.103729148248938,0.698219823697544,NA,0.529546433613011,"localGP"
"10851",44,1,6,2,14.151020308226,14.151020308226,"Smooth","Max. Reward Condition",20,"7",0,NA,29,351,"Short",0.094691300875342,0.790521699743086,NA,0.540215320068768,"localGP"
"10852",44,2,5,1,27.9959182394562,27.9959182394562,"Smooth","Max. Reward Condition",20,"7",0,2,17,351,"Short",0.094691300875342,0.790521699743086,NA,0.540215320068768,"localGP"
"10853",44,3,4,6,4.57974265293169,27.9959182394562,"Smooth","Max. Reward Condition",20,"7",0,1,71,351,"Short",0.094691300875342,0.790521699743086,NA,0.540215320068768,"localGP"
"10854",44,4,5,6,18.2149198232476,27.9959182394562,"Smooth","Max. Reward Condition",20,"7",0,2,72,351,"Short",0.094691300875342,0.790521699743086,NA,0.540215320068768,"localGP"
"10855",44,5,1,7,65.8282604254796,65.8282604254796,"Smooth","Max. Reward Condition",20,"7",0,2,79,351,"Short",0.094691300875342,0.790521699743086,NA,0.540215320068768,"localGP"
"10856",44,6,0,7,100,100,"Smooth","Max. Reward Condition",20,"7",0,1,78,351,"Short",0.094691300875342,0.790521699743086,NA,0.540215320068768,"localGP"
"10857",44,7,0,8,68.7533579586689,100,"Smooth","Max. Reward Condition",20,"7",0,3,89,351,"Short",0.094691300875342,0.790521699743086,NA,0.540215320068768,"localGP"
"10858",44,8,1,8,57.1437083477446,100,"Smooth","Max. Reward Condition",20,"7",0,1,90,351,"Short",0.094691300875342,0.790521699743086,NA,0.540215320068768,"localGP"
"10859",44,9,0,7,100,100,"Smooth","Max. Reward Condition",20,"7",0,1,78,351,"Short",0.094691300875342,0.790521699743086,NA,0.540215320068768,"localGP"
"10860",44,10,7,9,29.4163528194198,100,"Smooth","Max. Reward Condition",20,"7",0,1,107,351,"Short",0.094691300875342,0.790521699743086,NA,0.540215320068768,"localGP"
"10861",44,11,6,9,38.5462096801416,100,"Smooth","Max. Reward Condition",20,"7",0,1,106,351,"Short",0.094691300875342,0.790521699743086,NA,0.540215320068768,"localGP"
"10862",44,12,5,7,46.7426538325774,100,"Smooth","Max. Reward Condition",20,"7",0,2,83,351,"Short",0.094691300875342,0.790521699743086,NA,0.540215320068768,"localGP"
"10863",44,13,8,7,98.0758057854271,100,"Smooth","Max. Reward Condition",20,"7",0,1,86,351,"Short",0.094691300875342,0.790521699743086,NA,0.540215320068768,"localGP"
"10864",44,14,8,6,65.2396135357156,100,"Smooth","Max. Reward Condition",20,"7",0,2,75,351,"Short",0.094691300875342,0.790521699743086,NA,0.540215320068768,"localGP"
"10865",44,15,3,1,29.8909935964922,100,"Smooth","Max. Reward Condition",20,"7",0,2,15,351,"Short",0.094691300875342,0.790521699743086,NA,0.540215320068768,"localGP"
"10866",44,16,4,0,18.0590972616153,100,"Smooth","Max. Reward Condition",20,"7",0,1,5,351,"Short",0.094691300875342,0.790521699743086,NA,0.540215320068768,"localGP"
"10867",44,17,8,4,38.5202921963772,100,"Smooth","Max. Reward Condition",20,"7",0,3,53,351,"Short",0.094691300875342,0.790521699743086,NA,0.540215320068768,"localGP"
"10868",44,18,8,1,18.2055379783708,100,"Smooth","Max. Reward Condition",20,"7",0,1,20,351,"Short",0.094691300875342,0.790521699743086,NA,0.540215320068768,"localGP"
"10869",44,19,8,2,37.9601847511936,100,"Smooth","Max. Reward Condition",20,"7",0,2,31,351,"Short",0.094691300875342,0.790521699743086,NA,0.540215320068768,"localGP"
"10870",44,20,4,8,67.9616061763023,100,"Smooth","Max. Reward Condition",20,"7",0,3,93,351,"Short",0.094691300875342,0.790521699743086,NA,0.540215320068768,"localGP"
"10871",44,21,4,9,40.5959555269918,100,"Smooth","Max. Reward Condition",20,"7",0,1,104,351,"Short",0.094691300875342,0.790521699743086,NA,0.540215320068768,"localGP"
"10872",44,1,8,0,48.9039411316688,48.9039411316688,"Smooth","Max. Reward Condition",40,"8",2,NA,9,352,"Long",0.100192469629242,0.881938485657344,NA,0.501821850914796,"localGP"
"10873",44,2,3,5,7.23441579303476,48.9039411316688,"Smooth","Max. Reward Condition",40,"8",2,1,59,352,"Long",0.100192469629242,0.881938485657344,NA,0.501821850914796,"localGP"
"10874",44,3,5,4,53.7953839453932,53.7953839453932,"Smooth","Max. Reward Condition",40,"8",2,2,50,352,"Long",0.100192469629242,0.881938485657344,NA,0.501821850914796,"localGP"
"10875",44,4,7,4,44.3010414414356,53.7953839453932,"Smooth","Max. Reward Condition",40,"8",2,1,52,352,"Long",0.100192469629242,0.881938485657344,NA,0.501821850914796,"localGP"
"10876",44,5,0,2,52.0793629083007,53.7953839453932,"Smooth","Max. Reward Condition",40,"8",2,1,23,352,"Long",0.100192469629242,0.881938485657344,NA,0.501821850914796,"localGP"
"10877",44,6,0,3,43.0590958702636,53.7953839453932,"Smooth","Max. Reward Condition",40,"8",2,2,34,352,"Long",0.100192469629242,0.881938485657344,NA,0.501821850914796,"localGP"
"10878",44,7,4,0,28.8799240167031,53.7953839453932,"Smooth","Max. Reward Condition",40,"8",2,1,5,352,"Long",0.100192469629242,0.881938485657344,NA,0.501821850914796,"localGP"
"10879",44,8,4,2,17.4226376876341,53.7953839453932,"Smooth","Max. Reward Condition",40,"8",2,1,27,352,"Long",0.100192469629242,0.881938485657344,NA,0.501821850914796,"localGP"
"10880",44,9,7,6,53.9752952053274,53.9752952053274,"Smooth","Max. Reward Condition",40,"8",2,1,74,352,"Long",0.100192469629242,0.881938485657344,NA,0.501821850914796,"localGP"
"10881",44,10,8,6,74.3893540286675,74.3893540286675,"Smooth","Max. Reward Condition",40,"8",2,2,75,352,"Long",0.100192469629242,0.881938485657344,NA,0.501821850914796,"localGP"
"10882",44,11,5,3,32.4134397153988,74.3893540286675,"Smooth","Max. Reward Condition",40,"8",2,1,39,352,"Long",0.100192469629242,0.881938485657344,NA,0.501821850914796,"localGP"
"10883",44,12,5,0,15.2054677622905,74.3893540286675,"Smooth","Max. Reward Condition",40,"8",2,3,6,352,"Long",0.100192469629242,0.881938485657344,NA,0.501821850914796,"localGP"
"10884",44,13,5,6,69.4199837896596,74.3893540286675,"Smooth","Max. Reward Condition",40,"8",2,2,72,352,"Long",0.100192469629242,0.881938485657344,NA,0.501821850914796,"localGP"
"10885",44,14,10,6,72.5002768176028,74.3893540286675,"Smooth","Max. Reward Condition",40,"8",2,1,77,352,"Long",0.100192469629242,0.881938485657344,NA,0.501821850914796,"localGP"
"10886",44,15,9,6,60.9966324493762,74.3893540286675,"Smooth","Max. Reward Condition",40,"8",2,1,76,352,"Long",0.100192469629242,0.881938485657344,NA,0.501821850914796,"localGP"
"10887",44,16,9,5,74.2282844948157,74.3893540286675,"Smooth","Max. Reward Condition",40,"8",2,1,65,352,"Long",0.100192469629242,0.881938485657344,NA,0.501821850914796,"localGP"
"10888",44,17,8,5,82.1154481139937,82.1154481139937,"Smooth","Max. Reward Condition",40,"8",2,0,64,352,"Long",0.100192469629242,0.881938485657344,NA,0.501821850914796,"localGP"
"10889",44,18,8,5,82.1154481139937,82.1154481139937,"Smooth","Max. Reward Condition",40,"8",2,1,64,352,"Long",0.100192469629242,0.881938485657344,NA,0.501821850914796,"localGP"
"10890",44,19,8,4,41.9391339011976,82.1154481139937,"Smooth","Max. Reward Condition",40,"8",2,1,53,352,"Long",0.100192469629242,0.881938485657344,NA,0.501821850914796,"localGP"
"10891",44,20,7,8,46.9748184032228,82.1154481139937,"Smooth","Max. Reward Condition",40,"8",2,1,96,352,"Long",0.100192469629242,0.881938485657344,NA,0.501821850914796,"localGP"
"10892",44,21,6,4,48.9201172957826,82.1154481139937,"Smooth","Max. Reward Condition",40,"8",2,1,51,352,"Long",0.100192469629242,0.881938485657344,NA,0.501821850914796,"localGP"
"10893",44,22,0,1,65.1431397571806,82.1154481139937,"Smooth","Max. Reward Condition",40,"8",2,1,12,352,"Long",0.100192469629242,0.881938485657344,NA,0.501821850914796,"localGP"
"10894",44,23,1,0,62.0575397860804,82.1154481139937,"Smooth","Max. Reward Condition",40,"8",2,1,2,352,"Long",0.100192469629242,0.881938485657344,NA,0.501821850914796,"localGP"
"10895",44,24,0,0,59.752754852951,82.1154481139937,"Smooth","Max. Reward Condition",40,"8",2,0,1,352,"Long",0.100192469629242,0.881938485657344,NA,0.501821850914796,"localGP"
"10896",44,25,6,2,42.0874642193021,82.1154481139937,"Smooth","Max. Reward Condition",40,"8",2,2,29,352,"Long",0.100192469629242,0.881938485657344,NA,0.501821850914796,"localGP"
"10897",44,26,7,2,36.6509044186879,82.1154481139937,"Smooth","Max. Reward Condition",40,"8",2,1,30,352,"Long",0.100192469629242,0.881938485657344,NA,0.501821850914796,"localGP"
"10898",44,27,9,0,39.4161310997979,82.1154481139937,"Smooth","Max. Reward Condition",40,"8",2,3,10,352,"Long",0.100192469629242,0.881938485657344,NA,0.501821850914796,"localGP"
"10899",44,28,10,1,54.3733183659496,82.1154481139937,"Smooth","Max. Reward Condition",40,"8",2,1,22,352,"Long",0.100192469629242,0.881938485657344,NA,0.501821850914796,"localGP"
"10900",44,29,10,2,42.6956940217487,82.1154481139937,"Smooth","Max. Reward Condition",40,"8",2,3,33,352,"Long",0.100192469629242,0.881938485657344,NA,0.501821850914796,"localGP"
"10901",44,30,8,2,10.0710200680647,82.1154481139937,"Smooth","Max. Reward Condition",40,"8",2,2,31,352,"Long",0.100192469629242,0.881938485657344,NA,0.501821850914796,"localGP"
"10902",44,31,4,8,47.2350737016185,82.1154481139937,"Smooth","Max. Reward Condition",40,"8",2,0,93,352,"Long",0.100192469629242,0.881938485657344,NA,0.501821850914796,"localGP"
"10903",44,32,1,8,53.0522742783677,82.1154481139937,"Smooth","Max. Reward Condition",40,"8",2,2,90,352,"Long",0.100192469629242,0.881938485657344,NA,0.501821850914796,"localGP"
"10904",44,33,2,8,88.5776069712184,88.5776069712184,"Smooth","Max. Reward Condition",40,"8",2,1,91,352,"Long",0.100192469629242,0.881938485657344,NA,0.501821850914796,"localGP"
"10905",44,34,2,7,36.5665227563517,88.5776069712184,"Smooth","Max. Reward Condition",40,"8",2,18,80,352,"Long",0.100192469629242,0.881938485657344,NA,0.501821850914796,"localGP"
"10906",44,35,2,6,31.0882445544401,88.5776069712184,"Smooth","Max. Reward Condition",40,"8",2,1,69,352,"Long",0.100192469629242,0.881938485657344,NA,0.501821850914796,"localGP"
"10907",44,36,10,1,54.3733183659496,88.5776069712184,"Smooth","Max. Reward Condition",40,"8",2,2,22,352,"Long",0.100192469629242,0.881938485657344,NA,0.501821850914796,"localGP"
"10908",44,37,3,2,43.186831415249,88.5776069712184,"Smooth","Max. Reward Condition",40,"8",2,1,26,352,"Long",0.100192469629242,0.881938485657344,NA,0.501821850914796,"localGP"
"10909",44,38,2,2,34.4224100731259,88.5776069712184,"Smooth","Max. Reward Condition",40,"8",2,2,25,352,"Long",0.100192469629242,0.881938485657344,NA,0.501821850914796,"localGP"
"10910",44,39,0,9,29.897358776593,88.5776069712184,"Smooth","Max. Reward Condition",40,"8",2,1,100,352,"Long",0.100192469629242,0.881938485657344,NA,0.501821850914796,"localGP"
"10911",44,40,1,6,25.7521416904729,88.5776069712184,"Smooth","Max. Reward Condition",40,"8",2,1,68,352,"Long",0.100192469629242,0.881938485657344,NA,0.501821850914796,"localGP"
"10912",44,41,4,9,50.5750945891225,88.5776069712184,"Smooth","Max. Reward Condition",40,"8",2,8,104,352,"Long",0.100192469629242,0.881938485657344,NA,0.501821850914796,"localGP"
"10913",45,1,0,0,69.6664055105251,69.6664055105251,"Smooth","Max. Reward Condition",40,"1",13,NA,1,353,"Long",0.0946532628361666,0.701922955440476,NA,0.52107208077156,"localGP"
"10914",45,2,1,0,62.1042117184929,69.6664055105251,"Smooth","Max. Reward Condition",40,"1",13,11,2,353,"Long",0.0946532628361666,0.701922955440476,NA,0.52107208077156,"localGP"
"10915",45,3,2,0,45.4901469017811,69.6664055105251,"Smooth","Max. Reward Condition",40,"1",13,7,3,353,"Long",0.0946532628361666,0.701922955440476,NA,0.52107208077156,"localGP"
"10916",45,4,0,5,57.5103295606755,69.6664055105251,"Smooth","Max. Reward Condition",40,"1",13,8,56,353,"Long",0.0946532628361666,0.701922955440476,NA,0.52107208077156,"localGP"
"10917",45,5,0,4,32.731169027758,69.6664055105251,"Smooth","Max. Reward Condition",40,"1",13,8,45,353,"Long",0.0946532628361666,0.701922955440476,NA,0.52107208077156,"localGP"
"10918",45,6,10,7,43.7318226156506,69.6664055105251,"Smooth","Max. Reward Condition",40,"1",13,5,88,353,"Long",0.0946532628361666,0.701922955440476,NA,0.52107208077156,"localGP"
"10919",45,7,10,6,43.7834189744313,69.6664055105251,"Smooth","Max. Reward Condition",40,"1",13,4,77,353,"Long",0.0946532628361666,0.701922955440476,NA,0.52107208077156,"localGP"
"10920",45,8,2,6,46.1154151661553,69.6664055105251,"Smooth","Max. Reward Condition",40,"1",13,3,69,353,"Long",0.0946532628361666,0.701922955440476,NA,0.52107208077156,"localGP"
"10921",45,9,2,5,73.5182942872348,73.5182942872348,"Smooth","Max. Reward Condition",40,"1",13,2,58,353,"Long",0.0946532628361666,0.701922955440476,NA,0.52107208077156,"localGP"
"10922",45,10,1,5,64.6815173963215,73.5182942872348,"Smooth","Max. Reward Condition",40,"1",13,1,57,353,"Long",0.0946532628361666,0.701922955440476,NA,0.52107208077156,"localGP"
"10923",45,11,1,4,57.8821067127826,73.5182942872348,"Smooth","Max. Reward Condition",40,"1",13,1,46,353,"Long",0.0946532628361666,0.701922955440476,NA,0.52107208077156,"localGP"
"10924",45,12,1,3,24.1058601457034,73.5182942872348,"Smooth","Max. Reward Condition",40,"1",13,2,35,353,"Long",0.0946532628361666,0.701922955440476,NA,0.52107208077156,"localGP"
"10925",45,13,7,9,8.80347395519033,73.5182942872348,"Smooth","Max. Reward Condition",40,"1",13,2,107,353,"Long",0.0946532628361666,0.701922955440476,NA,0.52107208077156,"localGP"
"10926",45,14,7,3,27.7085834681235,73.5182942872348,"Smooth","Max. Reward Condition",40,"1",13,2,41,353,"Long",0.0946532628361666,0.701922955440476,NA,0.52107208077156,"localGP"
"10927",45,15,8,0,39.1668824511725,73.5182942872348,"Smooth","Max. Reward Condition",40,"1",13,0,9,353,"Long",0.0946532628361666,0.701922955440476,NA,0.52107208077156,"localGP"
"10928",45,16,0,9,38.6067834675174,73.5182942872348,"Smooth","Max. Reward Condition",40,"1",13,2,100,353,"Long",0.0946532628361666,0.701922955440476,NA,0.52107208077156,"localGP"
"10929",45,17,1,9,13.3059555047857,73.5182942872348,"Smooth","Max. Reward Condition",40,"1",13,3,101,353,"Long",0.0946532628361666,0.701922955440476,NA,0.52107208077156,"localGP"
"10930",45,18,0,10,14.4853168820776,73.5182942872348,"Smooth","Max. Reward Condition",40,"1",13,3,111,353,"Long",0.0946532628361666,0.701922955440476,NA,0.52107208077156,"localGP"
"10931",45,19,8,5,7.50786844236636,73.5182942872348,"Smooth","Max. Reward Condition",40,"1",13,0,64,353,"Long",0.0946532628361666,0.701922955440476,NA,0.52107208077156,"localGP"
"10932",45,20,9,1,33.2193816371395,73.5182942872348,"Smooth","Max. Reward Condition",40,"1",13,3,21,353,"Long",0.0946532628361666,0.701922955440476,NA,0.52107208077156,"localGP"
"10933",45,21,3,7,6.9262905686919,73.5182942872348,"Smooth","Max. Reward Condition",40,"1",13,3,81,353,"Long",0.0946532628361666,0.701922955440476,NA,0.52107208077156,"localGP"
"10934",45,22,4,8,29.543409633079,73.5182942872348,"Smooth","Max. Reward Condition",40,"1",13,2,93,353,"Long",0.0946532628361666,0.701922955440476,NA,0.52107208077156,"localGP"
"10935",45,23,5,6,67.8000614723364,73.5182942872348,"Smooth","Max. Reward Condition",40,"1",13,1,72,353,"Long",0.0946532628361666,0.701922955440476,NA,0.52107208077156,"localGP"
"10936",45,24,5,7,44.9495290274255,73.5182942872348,"Smooth","Max. Reward Condition",40,"1",13,1,83,353,"Long",0.0946532628361666,0.701922955440476,NA,0.52107208077156,"localGP"
"10937",45,25,9,10,60.7749452676807,73.5182942872348,"Smooth","Max. Reward Condition",40,"1",13,1,120,353,"Long",0.0946532628361666,0.701922955440476,NA,0.52107208077156,"localGP"
"10938",45,26,10,10,64.51081568663,73.5182942872348,"Smooth","Max. Reward Condition",40,"1",13,4,121,353,"Long",0.0946532628361666,0.701922955440476,NA,0.52107208077156,"localGP"
"10939",45,27,10,9,78.2027912905164,78.2027912905164,"Smooth","Max. Reward Condition",40,"1",13,1,110,353,"Long",0.0946532628361666,0.701922955440476,NA,0.52107208077156,"localGP"
"10940",45,28,9,9,62.7122285843456,78.2027912905164,"Smooth","Max. Reward Condition",40,"1",13,1,109,353,"Long",0.0946532628361666,0.701922955440476,NA,0.52107208077156,"localGP"
"10941",45,29,7,10,6.16027342838367,78.2027912905164,"Smooth","Max. Reward Condition",40,"1",13,1,118,353,"Long",0.0946532628361666,0.701922955440476,NA,0.52107208077156,"localGP"
"10942",45,30,6,9,20.5227228082924,78.2027912905164,"Smooth","Max. Reward Condition",40,"1",13,2,106,353,"Long",0.0946532628361666,0.701922955440476,NA,0.52107208077156,"localGP"
"10943",45,31,7,3,27.7085834681235,78.2027912905164,"Smooth","Max. Reward Condition",40,"1",13,3,41,353,"Long",0.0946532628361666,0.701922955440476,NA,0.52107208077156,"localGP"
"10944",45,32,10,5,36.4623399771375,78.2027912905164,"Smooth","Max. Reward Condition",40,"1",13,2,66,353,"Long",0.0946532628361666,0.701922955440476,NA,0.52107208077156,"localGP"
"10945",45,33,5,9,27.5584141998454,78.2027912905164,"Smooth","Max. Reward Condition",40,"1",13,4,105,353,"Long",0.0946532628361666,0.701922955440476,NA,0.52107208077156,"localGP"
"10946",45,34,10,0,100,100,"Smooth","Max. Reward Condition",40,"1",13,4,11,353,"Long",0.0946532628361666,0.701922955440476,NA,0.52107208077156,"localGP"
"10947",45,35,10,1,84.1387204630061,100,"Smooth","Max. Reward Condition",40,"1",13,1,22,353,"Long",0.0946532628361666,0.701922955440476,NA,0.52107208077156,"localGP"
"10948",45,36,10,2,58.403808913581,100,"Smooth","Max. Reward Condition",40,"1",13,3,33,353,"Long",0.0946532628361666,0.701922955440476,NA,0.52107208077156,"localGP"
"10949",45,37,8,2,18.8308008643166,100,"Smooth","Max. Reward Condition",40,"1",13,2,31,353,"Long",0.0946532628361666,0.701922955440476,NA,0.52107208077156,"localGP"
"10950",45,38,8,1,40.1033986833103,100,"Smooth","Max. Reward Condition",40,"1",13,2,20,353,"Long",0.0946532628361666,0.701922955440476,NA,0.52107208077156,"localGP"
"10951",45,39,7,1,24.4745500697421,100,"Smooth","Max. Reward Condition",40,"1",13,1,19,353,"Long",0.0946532628361666,0.701922955440476,NA,0.52107208077156,"localGP"
"10952",45,40,6,1,0,100,"Smooth","Max. Reward Condition",40,"1",13,1,18,353,"Long",0.0946532628361666,0.701922955440476,NA,0.52107208077156,"localGP"
"10953",45,41,8,6,23.2409333296552,100,"Smooth","Max. Reward Condition",40,"1",13,1,75,353,"Long",0.0946532628361666,0.701922955440476,NA,0.52107208077156,"localGP"
"10954",45,1,5,3,28.2693028674169,28.2693028674169,"Smooth","Max. Reward Condition",20,"2",18,NA,39,354,"Short",0.125926291832444,0.861578155012626,NA,0.684723752390689,"localGP"
"10955",45,2,7,3,0,28.2693028674169,"Smooth","Max. Reward Condition",20,"2",18,12,41,354,"Short",0.125926291832444,0.861578155012626,NA,0.684723752390689,"localGP"
"10956",45,3,0,10,44.7774903870151,44.7774903870151,"Smooth","Max. Reward Condition",20,"2",18,1,111,354,"Short",0.125926291832444,0.861578155012626,NA,0.684723752390689,"localGP"
"10957",45,4,0,6,15.0068435971623,44.7774903870151,"Smooth","Max. Reward Condition",20,"2",18,2,67,354,"Short",0.125926291832444,0.861578155012626,NA,0.684723752390689,"localGP"
"10958",45,5,3,6,31.7774943870089,44.7774903870151,"Smooth","Max. Reward Condition",20,"2",18,1,70,354,"Short",0.125926291832444,0.861578155012626,NA,0.684723752390689,"localGP"
"10959",45,6,4,4,52.24416387013,52.24416387013,"Smooth","Max. Reward Condition",20,"2",18,1,49,354,"Short",0.125926291832444,0.861578155012626,NA,0.684723752390689,"localGP"
"10960",45,7,6,1,34.7009695996788,52.24416387013,"Smooth","Max. Reward Condition",20,"2",18,1,18,354,"Short",0.125926291832444,0.861578155012626,NA,0.684723752390689,"localGP"
"10961",45,8,6,0,37.7168186975526,52.24416387013,"Smooth","Max. Reward Condition",20,"2",18,1,7,354,"Short",0.125926291832444,0.861578155012626,NA,0.684723752390689,"localGP"
"10962",45,9,6,7,45.7922377623339,52.24416387013,"Smooth","Max. Reward Condition",20,"2",18,1,84,354,"Short",0.125926291832444,0.861578155012626,NA,0.684723752390689,"localGP"
"10963",45,10,7,7,26.6472142919114,52.24416387013,"Smooth","Max. Reward Condition",20,"2",18,3,85,354,"Short",0.125926291832444,0.861578155012626,NA,0.684723752390689,"localGP"
"10964",45,11,7,8,41.2424197528624,52.24416387013,"Smooth","Max. Reward Condition",20,"2",18,2,96,354,"Short",0.125926291832444,0.861578155012626,NA,0.684723752390689,"localGP"
"10965",45,12,9,7,72.9623547713888,72.9623547713888,"Smooth","Max. Reward Condition",20,"2",18,1,87,354,"Short",0.125926291832444,0.861578155012626,NA,0.684723752390689,"localGP"
"10966",45,13,9,9,61.1848749174221,72.9623547713888,"Smooth","Max. Reward Condition",20,"2",18,1,109,354,"Short",0.125926291832444,0.861578155012626,NA,0.684723752390689,"localGP"
"10967",45,14,9,8,80.6519418863633,80.6519418863633,"Smooth","Max. Reward Condition",20,"2",18,1,98,354,"Short",0.125926291832444,0.861578155012626,NA,0.684723752390689,"localGP"
"10968",45,15,10,8,59.2407992793453,80.6519418863633,"Smooth","Max. Reward Condition",20,"2",18,1,99,354,"Short",0.125926291832444,0.861578155012626,NA,0.684723752390689,"localGP"
"10969",45,16,6,9,34.6588515600726,80.6519418863633,"Smooth","Max. Reward Condition",20,"2",18,1,106,354,"Short",0.125926291832444,0.861578155012626,NA,0.684723752390689,"localGP"
"10970",45,17,8,10,43.0920417226209,80.6519418863633,"Smooth","Max. Reward Condition",20,"2",18,1,119,354,"Short",0.125926291832444,0.861578155012626,NA,0.684723752390689,"localGP"
"10971",45,18,7,10,39.5407952471519,80.6519418863633,"Smooth","Max. Reward Condition",20,"2",18,1,118,354,"Short",0.125926291832444,0.861578155012626,NA,0.684723752390689,"localGP"
"10972",45,19,6,10,34.4746445894491,80.6519418863633,"Smooth","Max. Reward Condition",20,"2",18,1,117,354,"Short",0.125926291832444,0.861578155012626,NA,0.684723752390689,"localGP"
"10973",45,20,5,10,27.0731077876455,80.6519418863633,"Smooth","Max. Reward Condition",20,"2",18,1,116,354,"Short",0.125926291832444,0.861578155012626,NA,0.684723752390689,"localGP"
"10974",45,21,2,7,5.78700600623116,80.6519418863633,"Smooth","Max. Reward Condition",20,"2",18,2,80,354,"Short",0.125926291832444,0.861578155012626,NA,0.684723752390689,"localGP"
"10975",45,1,5,4,35.2754667062624,35.2754667062624,"Smooth","Max. Reward Condition",40,"3",4,NA,50,355,"Long",0.101550532954008,0.678295351704561,NA,0.532783759751679,"localGP"
"10976",45,2,5,3,80.7551191777029,80.7551191777029,"Smooth","Max. Reward Condition",40,"3",4,7,39,355,"Long",0.101550532954008,0.678295351704561,NA,0.532783759751679,"localGP"
"10977",45,3,5,2,88.4170710697694,88.4170710697694,"Smooth","Max. Reward Condition",40,"3",4,2,28,355,"Long",0.101550532954008,0.678295351704561,NA,0.532783759751679,"localGP"
"10978",45,4,5,1,45.7416086837136,88.4170710697694,"Smooth","Max. Reward Condition",40,"3",4,1,17,355,"Long",0.101550532954008,0.678295351704561,NA,0.532783759751679,"localGP"
"10979",45,5,9,4,51.3835658310019,88.4170710697694,"Smooth","Max. Reward Condition",40,"3",4,4,54,355,"Long",0.101550532954008,0.678295351704561,NA,0.532783759751679,"localGP"
"10980",45,6,8,5,68.1580149592583,88.4170710697694,"Smooth","Max. Reward Condition",40,"3",4,2,64,355,"Long",0.101550532954008,0.678295351704561,NA,0.532783759751679,"localGP"
"10981",45,7,8,6,34.6398496168061,88.4170710697694,"Smooth","Max. Reward Condition",40,"3",4,2,75,355,"Long",0.101550532954008,0.678295351704561,NA,0.532783759751679,"localGP"
"10982",45,8,8,4,73.0063845921063,88.4170710697694,"Smooth","Max. Reward Condition",40,"3",4,7,53,355,"Long",0.101550532954008,0.678295351704561,NA,0.532783759751679,"localGP"
"10983",45,9,7,4,41.2492240825344,88.4170710697694,"Smooth","Max. Reward Condition",40,"3",4,4,52,355,"Long",0.101550532954008,0.678295351704561,NA,0.532783759751679,"localGP"
"10984",45,10,7,3,65.7956842559425,88.4170710697694,"Smooth","Max. Reward Condition",40,"3",4,1,41,355,"Long",0.101550532954008,0.678295351704561,NA,0.532783759751679,"localGP"
"10985",45,11,7,2,55.9275751413252,88.4170710697694,"Smooth","Max. Reward Condition",40,"3",4,4,30,355,"Long",0.101550532954008,0.678295351704561,NA,0.532783759751679,"localGP"
"10986",45,12,9,1,39.5345898107298,88.4170710697694,"Smooth","Max. Reward Condition",40,"3",4,2,21,355,"Long",0.101550532954008,0.678295351704561,NA,0.532783759751679,"localGP"
"10987",45,13,9,0,11.8774072924795,88.4170710697694,"Smooth","Max. Reward Condition",40,"3",4,4,10,355,"Long",0.101550532954008,0.678295351704561,NA,0.532783759751679,"localGP"
"10988",45,14,5,9,23.8348743374816,88.4170710697694,"Smooth","Max. Reward Condition",40,"3",4,1,105,355,"Long",0.101550532954008,0.678295351704561,NA,0.532783759751679,"localGP"
"10989",45,15,5,8,42.4332277403281,88.4170710697694,"Smooth","Max. Reward Condition",40,"3",4,1,94,355,"Long",0.101550532954008,0.678295351704561,NA,0.532783759751679,"localGP"
"10990",45,16,9,7,50.1010574572642,88.4170710697694,"Smooth","Max. Reward Condition",40,"3",4,1,87,355,"Long",0.101550532954008,0.678295351704561,NA,0.532783759751679,"localGP"
"10991",45,17,8,3,59.0490578971639,88.4170710697694,"Smooth","Max. Reward Condition",40,"3",4,2,42,355,"Long",0.101550532954008,0.678295351704561,NA,0.532783759751679,"localGP"
"10992",45,18,8,2,61.3718007278431,88.4170710697694,"Smooth","Max. Reward Condition",40,"3",4,1,31,355,"Long",0.101550532954008,0.678295351704561,NA,0.532783759751679,"localGP"
"10993",45,19,5,1,45.7416086837136,88.4170710697694,"Smooth","Max. Reward Condition",40,"3",4,2,17,355,"Long",0.101550532954008,0.678295351704561,NA,0.532783759751679,"localGP"
"10994",45,20,6,3,49.7582235748205,88.4170710697694,"Smooth","Max. Reward Condition",40,"3",4,1,40,355,"Long",0.101550532954008,0.678295351704561,NA,0.532783759751679,"localGP"
"10995",45,21,6,2,47.7797456303013,88.4170710697694,"Smooth","Max. Reward Condition",40,"3",4,1,29,355,"Long",0.101550532954008,0.678295351704561,NA,0.532783759751679,"localGP"
"10996",45,22,4,1,36.6948932499117,88.4170710697694,"Smooth","Max. Reward Condition",40,"3",4,1,16,355,"Long",0.101550532954008,0.678295351704561,NA,0.532783759751679,"localGP"
"10997",45,23,10,6,0,88.4170710697694,"Smooth","Max. Reward Condition",40,"3",4,1,77,355,"Long",0.101550532954008,0.678295351704561,NA,0.532783759751679,"localGP"
"10998",45,24,10,5,13.5240325022362,88.4170710697694,"Smooth","Max. Reward Condition",40,"3",4,0,66,355,"Long",0.101550532954008,0.678295351704561,NA,0.532783759751679,"localGP"
"10999",45,25,8,7,25.3941044554776,88.4170710697694,"Smooth","Max. Reward Condition",40,"3",4,1,86,355,"Long",0.101550532954008,0.678295351704561,NA,0.532783759751679,"localGP"
"11000",45,26,3,3,61.9515693449088,88.4170710697694,"Smooth","Max. Reward Condition",40,"3",4,2,37,355,"Long",0.101550532954008,0.678295351704561,NA,0.532783759751679,"localGP"
"11001",45,27,4,3,94.794324286051,94.794324286051,"Smooth","Max. Reward Condition",40,"3",4,1,38,355,"Long",0.101550532954008,0.678295351704561,NA,0.532783759751679,"localGP"
"11002",45,28,10,2,51.2894760836585,94.794324286051,"Smooth","Max. Reward Condition",40,"3",4,0,33,355,"Long",0.101550532954008,0.678295351704561,NA,0.532783759751679,"localGP"
"11003",45,29,10,3,29.4064021858765,94.794324286051,"Smooth","Max. Reward Condition",40,"3",4,1,44,355,"Long",0.101550532954008,0.678295351704561,NA,0.532783759751679,"localGP"
"11004",45,30,4,3,94.794324286051,94.794324286051,"Smooth","Max. Reward Condition",40,"3",4,2,38,355,"Long",0.101550532954008,0.678295351704561,NA,0.532783759751679,"localGP"
"11005",45,31,5,3,80.7551191777029,94.794324286051,"Smooth","Max. Reward Condition",40,"3",4,1,39,355,"Long",0.101550532954008,0.678295351704561,NA,0.532783759751679,"localGP"
"11006",45,32,2,2,35.4180456791571,94.794324286051,"Smooth","Max. Reward Condition",40,"3",4,6,25,355,"Long",0.101550532954008,0.678295351704561,NA,0.532783759751679,"localGP"
"11007",45,33,3,10,56.7304025391651,94.794324286051,"Smooth","Max. Reward Condition",40,"3",4,1,114,355,"Long",0.101550532954008,0.678295351704561,NA,0.532783759751679,"localGP"
"11008",45,34,1,4,31.2670409305907,94.794324286051,"Smooth","Max. Reward Condition",40,"3",4,5,46,355,"Long",0.101550532954008,0.678295351704561,NA,0.532783759751679,"localGP"
"11009",45,35,1,5,42.3282812740103,94.794324286051,"Smooth","Max. Reward Condition",40,"3",4,1,57,355,"Long",0.101550532954008,0.678295351704561,NA,0.532783759751679,"localGP"
"11010",45,36,1,6,18.0731253832357,94.794324286051,"Smooth","Max. Reward Condition",40,"3",4,2,68,355,"Long",0.101550532954008,0.678295351704561,NA,0.532783759751679,"localGP"
"11011",45,37,7,6,33.7698034361065,94.794324286051,"Smooth","Max. Reward Condition",40,"3",4,1,74,355,"Long",0.101550532954008,0.678295351704561,NA,0.532783759751679,"localGP"
"11012",45,38,3,6,39.1502894638098,94.794324286051,"Smooth","Max. Reward Condition",40,"3",4,5,70,355,"Long",0.101550532954008,0.678295351704561,NA,0.532783759751679,"localGP"
"11013",45,39,3,7,47.3255867438029,94.794324286051,"Smooth","Max. Reward Condition",40,"3",4,1,81,355,"Long",0.101550532954008,0.678295351704561,NA,0.532783759751679,"localGP"
"11014",45,40,5,7,68.7904053516684,94.794324286051,"Smooth","Max. Reward Condition",40,"3",4,2,83,355,"Long",0.101550532954008,0.678295351704561,NA,0.532783759751679,"localGP"
"11015",45,41,6,7,58.9424744854528,94.794324286051,"Smooth","Max. Reward Condition",40,"3",4,1,84,355,"Long",0.101550532954008,0.678295351704561,NA,0.532783759751679,"localGP"
"11016",45,1,9,6,52.7533090833761,52.7533090833761,"Smooth","Max. Reward Condition",20,"4",0,NA,76,356,"Short",0.135682666317363,0.676942304669134,NA,0.830644171096125,"localGP"
"11017",45,2,7,8,55.9864237907349,55.9864237907349,"Smooth","Max. Reward Condition",20,"4",0,4,96,356,"Short",0.135682666317363,0.676942304669134,NA,0.830644171096125,"localGP"
"11018",45,3,6,9,38.5462096801416,55.9864237907349,"Smooth","Max. Reward Condition",20,"4",0,2,106,356,"Short",0.135682666317363,0.676942304669134,NA,0.830644171096125,"localGP"
"11019",45,4,6,8,69.9411761225891,69.9411761225891,"Smooth","Max. Reward Condition",20,"4",0,0,95,356,"Short",0.135682666317363,0.676942304669134,NA,0.830644171096125,"localGP"
"11020",45,5,5,8,68.8909705274262,69.9411761225891,"Smooth","Max. Reward Condition",20,"4",0,3,94,356,"Short",0.135682666317363,0.676942304669134,NA,0.830644171096125,"localGP"
"11021",45,6,5,7,46.7426538325774,69.9411761225891,"Smooth","Max. Reward Condition",20,"4",0,1,83,356,"Short",0.135682666317363,0.676942304669134,NA,0.830644171096125,"localGP"
"11022",45,7,2,7,42.7772511233164,69.9411761225891,"Smooth","Max. Reward Condition",20,"4",0,1,80,356,"Short",0.135682666317363,0.676942304669134,NA,0.830644171096125,"localGP"
"11023",45,8,1,6,76.1819602246697,76.1819602246697,"Smooth","Max. Reward Condition",20,"4",0,3,68,356,"Short",0.135682666317363,0.676942304669134,NA,0.830644171096125,"localGP"
"11024",45,9,2,6,50.7364669239803,76.1819602246697,"Smooth","Max. Reward Condition",20,"4",0,3,69,356,"Short",0.135682666317363,0.676942304669134,NA,0.830644171096125,"localGP"
"11025",45,10,2,5,40.9850753748298,76.1819602246697,"Smooth","Max. Reward Condition",20,"4",0,3,58,356,"Short",0.135682666317363,0.676942304669134,NA,0.830644171096125,"localGP"
"11026",45,11,1,5,62.1319695197463,76.1819602246697,"Smooth","Max. Reward Condition",20,"4",0,7,57,356,"Short",0.135682666317363,0.676942304669134,NA,0.830644171096125,"localGP"
"11027",45,12,0,5,65.7958331067151,76.1819602246697,"Smooth","Max. Reward Condition",20,"4",0,2,56,356,"Short",0.135682666317363,0.676942304669134,NA,0.830644171096125,"localGP"
"11028",45,13,0,6,86.6558005262952,86.6558005262952,"Smooth","Max. Reward Condition",20,"4",0,3,67,356,"Short",0.135682666317363,0.676942304669134,NA,0.830644171096125,"localGP"
"11029",45,14,6,6,57.452029610737,86.6558005262952,"Smooth","Max. Reward Condition",20,"4",0,1,73,356,"Short",0.135682666317363,0.676942304669134,NA,0.830644171096125,"localGP"
"11030",45,15,5,6,18.2149198232476,86.6558005262952,"Smooth","Max. Reward Condition",20,"4",0,2,72,356,"Short",0.135682666317363,0.676942304669134,NA,0.830644171096125,"localGP"
"11031",45,16,5,5,2.28166204896147,86.6558005262952,"Smooth","Max. Reward Condition",20,"4",0,1,61,356,"Short",0.135682666317363,0.676942304669134,NA,0.830644171096125,"localGP"
"11032",45,17,4,5,2.16332347915908,86.6558005262952,"Smooth","Max. Reward Condition",20,"4",0,4,60,356,"Short",0.135682666317363,0.676942304669134,NA,0.830644171096125,"localGP"
"11033",45,18,7,6,58.4137969202167,86.6558005262952,"Smooth","Max. Reward Condition",20,"4",0,1,74,356,"Short",0.135682666317363,0.676942304669134,NA,0.830644171096125,"localGP"
"11034",45,19,7,7,59.9525509256433,86.6558005262952,"Smooth","Max. Reward Condition",20,"4",0,5,85,356,"Short",0.135682666317363,0.676942304669134,NA,0.830644171096125,"localGP"
"11035",45,20,8,7,98.0758057854271,98.0758057854271,"Smooth","Max. Reward Condition",20,"4",0,1,86,356,"Short",0.135682666317363,0.676942304669134,NA,0.830644171096125,"localGP"
"11036",45,21,9,7,93.0900522357202,98.0758057854271,"Smooth","Max. Reward Condition",20,"4",0,3,87,356,"Short",0.135682666317363,0.676942304669134,NA,0.830644171096125,"localGP"
"11037",45,1,10,3,0,0,"Smooth","Max. Reward Condition",40,"5",5,NA,44,357,"Long",0.111703120934037,0.625272388787352,NA,0.495254417846931,"localGP"
"11038",45,2,10,7,69.0054960754502,69.0054960754502,"Smooth","Max. Reward Condition",40,"5",5,1,88,357,"Long",0.111703120934037,0.625272388787352,NA,0.495254417846931,"localGP"
"11039",45,3,1,10,42.4236930737599,69.0054960754502,"Smooth","Max. Reward Condition",40,"5",5,2,112,357,"Long",0.111703120934037,0.625272388787352,NA,0.495254417846931,"localGP"
"11040",45,4,3,9,8.68730122883821,69.0054960754502,"Smooth","Max. Reward Condition",40,"5",5,1,103,357,"Long",0.111703120934037,0.625272388787352,NA,0.495254417846931,"localGP"
"11041",45,5,10,3,0,69.0054960754502,"Smooth","Max. Reward Condition",40,"5",5,1,44,357,"Long",0.111703120934037,0.625272388787352,NA,0.495254417846931,"localGP"
"11042",45,6,10,1,59.8039431461058,69.0054960754502,"Smooth","Max. Reward Condition",40,"5",5,1,22,357,"Long",0.111703120934037,0.625272388787352,NA,0.495254417846931,"localGP"
"11043",45,7,9,1,68.5223309875422,69.0054960754502,"Smooth","Max. Reward Condition",40,"5",5,1,21,357,"Long",0.111703120934037,0.625272388787352,NA,0.495254417846931,"localGP"
"11044",45,8,9,0,92.5470885084956,92.5470885084956,"Smooth","Max. Reward Condition",40,"5",5,1,10,357,"Long",0.111703120934037,0.625272388787352,NA,0.495254417846931,"localGP"
"11045",45,9,10,0,60.7914007542761,92.5470885084956,"Smooth","Max. Reward Condition",40,"5",5,1,11,357,"Long",0.111703120934037,0.625272388787352,NA,0.495254417846931,"localGP"
"11046",45,10,6,0,63.3442305024088,92.5470885084956,"Smooth","Max. Reward Condition",40,"5",5,1,7,357,"Long",0.111703120934037,0.625272388787352,NA,0.495254417846931,"localGP"
"11047",45,11,7,6,95.8234728185907,95.8234728185907,"Smooth","Max. Reward Condition",40,"5",5,2,74,357,"Long",0.111703120934037,0.625272388787352,NA,0.495254417846931,"localGP"
"11048",45,12,8,6,91.4722545331952,95.8234728185907,"Smooth","Max. Reward Condition",40,"5",5,1,75,357,"Long",0.111703120934037,0.625272388787352,NA,0.495254417846931,"localGP"
"11049",45,13,8,6,91.4722545331952,95.8234728185907,"Smooth","Max. Reward Condition",40,"5",5,1,75,357,"Long",0.111703120934037,0.625272388787352,NA,0.495254417846931,"localGP"
"11050",45,14,7,6,95.8234728185907,95.8234728185907,"Smooth","Max. Reward Condition",40,"5",5,1,74,357,"Long",0.111703120934037,0.625272388787352,NA,0.495254417846931,"localGP"
"11051",45,15,7,5,32.4689598978585,95.8234728185907,"Smooth","Max. Reward Condition",40,"5",5,1,63,357,"Long",0.111703120934037,0.625272388787352,NA,0.495254417846931,"localGP"
"11052",45,16,8,7,100,100,"Smooth","Max. Reward Condition",40,"5",5,1,86,357,"Long",0.111703120934037,0.625272388787352,NA,0.495254417846931,"localGP"
"11053",45,17,9,7,82.2639339178051,100,"Smooth","Max. Reward Condition",40,"5",5,1,87,357,"Long",0.111703120934037,0.625272388787352,NA,0.495254417846931,"localGP"
"11054",45,18,9,6,62.6880904214702,100,"Smooth","Max. Reward Condition",40,"5",5,1,76,357,"Long",0.111703120934037,0.625272388787352,NA,0.495254417846931,"localGP"
"11055",45,19,1,3,44.7929276438267,100,"Smooth","Max. Reward Condition",40,"5",5,6,35,357,"Long",0.111703120934037,0.625272388787352,NA,0.495254417846931,"localGP"
"11056",45,20,1,2,63.2638935825621,100,"Smooth","Max. Reward Condition",40,"5",5,1,24,357,"Long",0.111703120934037,0.625272388787352,NA,0.495254417846931,"localGP"
"11057",45,21,0,0,76.5662850402658,100,"Smooth","Max. Reward Condition",40,"5",5,1,1,357,"Long",0.111703120934037,0.625272388787352,NA,0.495254417846931,"localGP"
"11058",45,22,1,0,96.5592273768924,100,"Smooth","Max. Reward Condition",40,"5",5,1,2,357,"Long",0.111703120934037,0.625272388787352,NA,0.495254417846931,"localGP"
"11059",45,23,1,1,76.3592435056854,100,"Smooth","Max. Reward Condition",40,"5",5,1,13,357,"Long",0.111703120934037,0.625272388787352,NA,0.495254417846931,"localGP"
"11060",45,24,1,8,46.9498069203708,100,"Smooth","Max. Reward Condition",40,"5",5,1,90,357,"Long",0.111703120934037,0.625272388787352,NA,0.495254417846931,"localGP"
"11061",45,25,10,9,41.8320807113766,100,"Smooth","Max. Reward Condition",40,"5",5,1,110,357,"Long",0.111703120934037,0.625272388787352,NA,0.495254417846931,"localGP"
"11062",45,26,1,0,96.5592273768924,100,"Smooth","Max. Reward Condition",40,"5",5,1,2,357,"Long",0.111703120934037,0.625272388787352,NA,0.495254417846931,"localGP"
"11063",45,27,2,0,77.0544773481124,100,"Smooth","Max. Reward Condition",40,"5",5,1,3,357,"Long",0.111703120934037,0.625272388787352,NA,0.495254417846931,"localGP"
"11064",45,28,2,1,65.1261244784447,100,"Smooth","Max. Reward Condition",40,"5",5,1,14,357,"Long",0.111703120934037,0.625272388787352,NA,0.495254417846931,"localGP"
"11065",45,29,2,0,77.0544773481124,100,"Smooth","Max. Reward Condition",40,"5",5,1,3,357,"Long",0.111703120934037,0.625272388787352,NA,0.495254417846931,"localGP"
"11066",45,30,4,4,22.6938996654939,100,"Smooth","Max. Reward Condition",40,"5",5,1,49,357,"Long",0.111703120934037,0.625272388787352,NA,0.495254417846931,"localGP"
"11067",45,31,3,2,22.9115521258941,100,"Smooth","Max. Reward Condition",40,"5",5,1,26,357,"Long",0.111703120934037,0.625272388787352,NA,0.495254417846931,"localGP"
"11068",45,32,2,2,61.7436417215084,100,"Smooth","Max. Reward Condition",40,"5",5,1,25,357,"Long",0.111703120934037,0.625272388787352,NA,0.495254417846931,"localGP"
"11069",45,33,8,3,73.4939072834287,100,"Smooth","Max. Reward Condition",40,"5",5,0,42,357,"Long",0.111703120934037,0.625272388787352,NA,0.495254417846931,"localGP"
"11070",45,34,8,4,50.6311411543037,100,"Smooth","Max. Reward Condition",40,"5",5,2,53,357,"Long",0.111703120934037,0.625272388787352,NA,0.495254417846931,"localGP"
"11071",45,35,6,7,60.8864429943102,100,"Smooth","Max. Reward Condition",40,"5",5,1,84,357,"Long",0.111703120934037,0.625272388787352,NA,0.495254417846931,"localGP"
"11072",45,36,6,8,31.779943763312,100,"Smooth","Max. Reward Condition",40,"5",5,1,95,357,"Long",0.111703120934037,0.625272388787352,NA,0.495254417846931,"localGP"
"11073",45,37,5,8,49.7859994292566,100,"Smooth","Max. Reward Condition",40,"5",5,1,94,357,"Long",0.111703120934037,0.625272388787352,NA,0.495254417846931,"localGP"
"11074",45,38,5,10,80.0382640749474,100,"Smooth","Max. Reward Condition",40,"5",5,1,116,357,"Long",0.111703120934037,0.625272388787352,NA,0.495254417846931,"localGP"
"11075",45,39,4,2,28.5435224430932,100,"Smooth","Max. Reward Condition",40,"5",5,1,27,357,"Long",0.111703120934037,0.625272388787352,NA,0.495254417846931,"localGP"
"11076",45,40,5,2,42.3575427746737,100,"Smooth","Max. Reward Condition",40,"5",5,1,28,357,"Long",0.111703120934037,0.625272388787352,NA,0.495254417846931,"localGP"
"11077",45,41,6,2,51.6560216281502,100,"Smooth","Max. Reward Condition",40,"5",5,1,29,357,"Long",0.111703120934037,0.625272388787352,NA,0.495254417846931,"localGP"
"11078",45,1,0,0,47.9642355475916,47.9642355475916,"Smooth","Max. Reward Condition",20,"6",11,NA,1,358,"Short",0.165549331798026,0.727047298004419,NA,0.961512168946967,"localGP"
"11079",45,2,0,1,42.1655197788006,47.9642355475916,"Smooth","Max. Reward Condition",20,"6",11,12,12,358,"Short",0.165549331798026,0.727047298004419,NA,0.961512168946967,"localGP"
"11080",45,3,0,2,46.5877000271828,47.9642355475916,"Smooth","Max. Reward Condition",20,"6",11,0,23,358,"Short",0.165549331798026,0.727047298004419,NA,0.961512168946967,"localGP"
"11081",45,4,0,3,52.5672318356315,52.5672318356315,"Smooth","Max. Reward Condition",20,"6",11,1,34,358,"Short",0.165549331798026,0.727047298004419,NA,0.961512168946967,"localGP"
"11082",45,5,4,5,18.9411739420766,52.5672318356315,"Smooth","Max. Reward Condition",20,"6",11,6,60,358,"Short",0.165549331798026,0.727047298004419,NA,0.961512168946967,"localGP"
"11083",45,6,5,5,40.8445443747299,52.5672318356315,"Smooth","Max. Reward Condition",20,"6",11,3,61,358,"Short",0.165549331798026,0.727047298004419,NA,0.961512168946967,"localGP"
"11084",45,7,8,4,42.7763415301342,52.5672318356315,"Smooth","Max. Reward Condition",20,"6",11,1,53,358,"Short",0.165549331798026,0.727047298004419,NA,0.961512168946967,"localGP"
"11085",45,8,7,4,66.5199662009468,66.5199662009468,"Smooth","Max. Reward Condition",20,"6",11,2,52,358,"Short",0.165549331798026,0.727047298004419,NA,0.961512168946967,"localGP"
"11086",45,9,7,3,55.8044866187351,66.5199662009468,"Smooth","Max. Reward Condition",20,"6",11,2,41,358,"Short",0.165549331798026,0.727047298004419,NA,0.961512168946967,"localGP"
"11087",45,10,8,1,46.3164104609932,66.5199662009468,"Smooth","Max. Reward Condition",20,"6",11,2,20,358,"Short",0.165549331798026,0.727047298004419,NA,0.961512168946967,"localGP"
"11088",45,11,9,1,20.8343699641272,66.5199662009468,"Smooth","Max. Reward Condition",20,"6",11,0,21,358,"Short",0.165549331798026,0.727047298004419,NA,0.961512168946967,"localGP"
"11089",45,12,10,1,6.63857271825725,66.5199662009468,"Smooth","Max. Reward Condition",20,"6",11,1,22,358,"Short",0.165549331798026,0.727047298004419,NA,0.961512168946967,"localGP"
"11090",45,13,10,6,33.4645988807569,66.5199662009468,"Smooth","Max. Reward Condition",20,"6",11,1,77,358,"Short",0.165549331798026,0.727047298004419,NA,0.961512168946967,"localGP"
"11091",45,14,9,8,43.5318799562685,66.5199662009468,"Smooth","Max. Reward Condition",20,"6",11,1,98,358,"Short",0.165549331798026,0.727047298004419,NA,0.961512168946967,"localGP"
"11092",45,15,9,9,48.1183497019652,66.5199662009468,"Smooth","Max. Reward Condition",20,"6",11,1,109,358,"Short",0.165549331798026,0.727047298004419,NA,0.961512168946967,"localGP"
"11093",45,16,8,9,60.550993033302,66.5199662009468,"Smooth","Max. Reward Condition",20,"6",11,1,108,358,"Short",0.165549331798026,0.727047298004419,NA,0.961512168946967,"localGP"
"11094",45,17,10,2,3.70972504488681,66.5199662009468,"Smooth","Max. Reward Condition",20,"6",11,1,33,358,"Short",0.165549331798026,0.727047298004419,NA,0.961512168946967,"localGP"
"11095",45,18,6,5,71.4465704662512,71.4465704662512,"Smooth","Max. Reward Condition",20,"6",11,1,62,358,"Short",0.165549331798026,0.727047298004419,NA,0.961512168946967,"localGP"
"11096",45,19,6,6,71.604411900564,71.604411900564,"Smooth","Max. Reward Condition",20,"6",11,1,73,358,"Short",0.165549331798026,0.727047298004419,NA,0.961512168946967,"localGP"
"11097",45,20,7,6,78.20301873206,78.20301873206,"Smooth","Max. Reward Condition",20,"6",11,1,74,358,"Short",0.165549331798026,0.727047298004419,NA,0.961512168946967,"localGP"
"11098",45,21,7,7,41.1147763409862,78.20301873206,"Smooth","Max. Reward Condition",20,"6",11,1,85,358,"Short",0.165549331798026,0.727047298004419,NA,0.961512168946967,"localGP"
"11099",45,1,7,10,38.0724380449569,38.0724380449569,"Smooth","Max. Reward Condition",40,"7",15,NA,118,359,"Long",0.106447740671282,0.567918726596948,NA,0.573853215706684,"localGP"
"11100",45,2,8,10,40.4645686196442,40.4645686196442,"Smooth","Max. Reward Condition",40,"7",15,9,119,359,"Long",0.106447740671282,0.567918726596948,NA,0.573853215706684,"localGP"
"11101",45,3,9,10,53.2556028965444,53.2556028965444,"Smooth","Max. Reward Condition",40,"7",15,2,120,359,"Long",0.106447740671282,0.567918726596948,NA,0.573853215706684,"localGP"
"11102",45,4,9,9,53.839970383571,53.839970383571,"Smooth","Max. Reward Condition",40,"7",15,3,109,359,"Long",0.106447740671282,0.567918726596948,NA,0.573853215706684,"localGP"
"11103",45,5,8,9,59.3788752580905,59.3788752580905,"Smooth","Max. Reward Condition",40,"7",15,3,108,359,"Long",0.106447740671282,0.567918726596948,NA,0.573853215706684,"localGP"
"11104",45,6,7,9,49.4458088899389,59.3788752580905,"Smooth","Max. Reward Condition",40,"7",15,0,107,359,"Long",0.106447740671282,0.567918726596948,NA,0.573853215706684,"localGP"
"11105",45,7,6,9,52.3137546378813,59.3788752580905,"Smooth","Max. Reward Condition",40,"7",15,8,106,359,"Long",0.106447740671282,0.567918726596948,NA,0.573853215706684,"localGP"
"11106",45,8,5,9,47.9731744721056,59.3788752580905,"Smooth","Max. Reward Condition",40,"7",15,4,105,359,"Long",0.106447740671282,0.567918726596948,NA,0.573853215706684,"localGP"
"11107",45,9,5,10,83.4515170389364,83.4515170389364,"Smooth","Max. Reward Condition",40,"7",15,1,116,359,"Long",0.106447740671282,0.567918726596948,NA,0.573853215706684,"localGP"
"11108",45,10,4,10,83.5723455325822,83.5723455325822,"Smooth","Max. Reward Condition",40,"7",15,1,115,359,"Long",0.106447740671282,0.567918726596948,NA,0.573853215706684,"localGP"
"11109",45,11,4,9,44.2682340241461,83.5723455325822,"Smooth","Max. Reward Condition",40,"7",15,4,104,359,"Long",0.106447740671282,0.567918726596948,NA,0.573853215706684,"localGP"
"11110",45,12,3,9,50.0571872715257,83.5723455325822,"Smooth","Max. Reward Condition",40,"7",15,2,103,359,"Long",0.106447740671282,0.567918726596948,NA,0.573853215706684,"localGP"
"11111",45,13,3,8,15.8090932567427,83.5723455325822,"Smooth","Max. Reward Condition",40,"7",15,2,92,359,"Long",0.106447740671282,0.567918726596948,NA,0.573853215706684,"localGP"
"11112",45,14,2,8,55.818663051774,83.5723455325822,"Smooth","Max. Reward Condition",40,"7",15,2,91,359,"Long",0.106447740671282,0.567918726596948,NA,0.573853215706684,"localGP"
"11113",45,15,2,7,47.9284101510965,83.5723455325822,"Smooth","Max. Reward Condition",40,"7",15,1,80,359,"Long",0.106447740671282,0.567918726596948,NA,0.573853215706684,"localGP"
"11114",45,16,8,6,33.34523187495,83.5723455325822,"Smooth","Max. Reward Condition",40,"7",15,2,75,359,"Long",0.106447740671282,0.567918726596948,NA,0.573853215706684,"localGP"
"11115",45,17,9,6,23.898636191768,83.5723455325822,"Smooth","Max. Reward Condition",40,"7",15,1,76,359,"Long",0.106447740671282,0.567918726596948,NA,0.573853215706684,"localGP"
"11116",45,18,9,4,67.8025720803485,83.5723455325822,"Smooth","Max. Reward Condition",40,"7",15,1,54,359,"Long",0.106447740671282,0.567918726596948,NA,0.573853215706684,"localGP"
"11117",45,19,8,4,71.7350689327,83.5723455325822,"Smooth","Max. Reward Condition",40,"7",15,1,53,359,"Long",0.106447740671282,0.567918726596948,NA,0.573853215706684,"localGP"
"11118",45,20,8,3,71.8089338593077,83.5723455325822,"Smooth","Max. Reward Condition",40,"7",15,1,42,359,"Long",0.106447740671282,0.567918726596948,NA,0.573853215706684,"localGP"
"11119",45,21,8,2,70.4382048809147,83.5723455325822,"Smooth","Max. Reward Condition",40,"7",15,1,31,359,"Long",0.106447740671282,0.567918726596948,NA,0.573853215706684,"localGP"
"11120",45,22,2,5,87.9015805668821,87.9015805668821,"Smooth","Max. Reward Condition",40,"7",15,2,58,359,"Long",0.106447740671282,0.567918726596948,NA,0.573853215706684,"localGP"
"11121",45,23,4,7,3.93003367896105,87.9015805668821,"Smooth","Max. Reward Condition",40,"7",15,6,82,359,"Long",0.106447740671282,0.567918726596948,NA,0.573853215706684,"localGP"
"11122",45,24,4,0,68.1149801380177,87.9015805668821,"Smooth","Max. Reward Condition",40,"7",15,1,5,359,"Long",0.106447740671282,0.567918726596948,NA,0.573853215706684,"localGP"
"11123",45,25,5,9,47.9731744721056,87.9015805668821,"Smooth","Max. Reward Condition",40,"7",15,1,105,359,"Long",0.106447740671282,0.567918726596948,NA,0.573853215706684,"localGP"
"11124",45,26,5,8,12.3881850292677,87.9015805668821,"Smooth","Max. Reward Condition",40,"7",15,4,94,359,"Long",0.106447740671282,0.567918726596948,NA,0.573853215706684,"localGP"
"11125",45,27,7,8,69.8476397875391,87.9015805668821,"Smooth","Max. Reward Condition",40,"7",15,2,96,359,"Long",0.106447740671282,0.567918726596948,NA,0.573853215706684,"localGP"
"11126",45,28,7,7,44.6037963682007,87.9015805668821,"Smooth","Max. Reward Condition",40,"7",15,1,85,359,"Long",0.106447740671282,0.567918726596948,NA,0.573853215706684,"localGP"
"11127",45,29,6,5,7.28580345199959,87.9015805668821,"Smooth","Max. Reward Condition",40,"7",15,1,62,359,"Long",0.106447740671282,0.567918726596948,NA,0.573853215706684,"localGP"
"11128",45,30,5,5,46.1370569424132,87.9015805668821,"Smooth","Max. Reward Condition",40,"7",15,5,61,359,"Long",0.106447740671282,0.567918726596948,NA,0.573853215706684,"localGP"
"11129",45,31,3,4,73.9807102150318,87.9015805668821,"Smooth","Max. Reward Condition",40,"7",15,2,48,359,"Long",0.106447740671282,0.567918726596948,NA,0.573853215706684,"localGP"
"11130",45,32,3,5,91.5692138938096,91.5692138938096,"Smooth","Max. Reward Condition",40,"7",15,9,59,359,"Long",0.106447740671282,0.567918726596948,NA,0.573853215706684,"localGP"
"11131",45,33,6,2,70.2102889372843,91.5692138938096,"Smooth","Max. Reward Condition",40,"7",15,2,29,359,"Long",0.106447740671282,0.567918726596948,NA,0.573853215706684,"localGP"
"11132",45,34,6,3,78.683438969698,91.5692138938096,"Smooth","Max. Reward Condition",40,"7",15,2,40,359,"Long",0.106447740671282,0.567918726596948,NA,0.573853215706684,"localGP"
"11133",45,35,5,3,74.9439554440197,91.5692138938096,"Smooth","Max. Reward Condition",40,"7",15,1,39,359,"Long",0.106447740671282,0.567918726596948,NA,0.573853215706684,"localGP"
"11134",45,36,5,2,59.1350535655929,91.5692138938096,"Smooth","Max. Reward Condition",40,"7",15,0,28,359,"Long",0.106447740671282,0.567918726596948,NA,0.573853215706684,"localGP"
"11135",45,37,8,2,70.4382048809147,91.5692138938096,"Smooth","Max. Reward Condition",40,"7",15,3,31,359,"Long",0.106447740671282,0.567918726596948,NA,0.573853215706684,"localGP"
"11136",45,38,8,1,63.1293377459291,91.5692138938096,"Smooth","Max. Reward Condition",40,"7",15,2,20,359,"Long",0.106447740671282,0.567918726596948,NA,0.573853215706684,"localGP"
"11137",45,39,9,1,71.6538266812366,91.5692138938096,"Smooth","Max. Reward Condition",40,"7",15,2,21,359,"Long",0.106447740671282,0.567918726596948,NA,0.573853215706684,"localGP"
"11138",45,40,9,2,80.7274963103288,91.5692138938096,"Smooth","Max. Reward Condition",40,"7",15,12,32,359,"Long",0.106447740671282,0.567918726596948,NA,0.573853215706684,"localGP"
"11139",45,41,9,3,76.9729164746691,91.5692138938096,"Smooth","Max. Reward Condition",40,"7",15,3,43,359,"Long",0.106447740671282,0.567918726596948,NA,0.573853215706684,"localGP"
"11140",45,1,7,4,77.4616893062404,77.4616893062404,"Smooth","Max. Reward Condition",20,"8",1,NA,52,360,"Short",0.143746160494358,0.861688036166427,NA,0.808727506055518,"localGP"
"11141",45,2,6,3,82.7136870116885,82.7136870116885,"Smooth","Max. Reward Condition",20,"8",1,10,40,360,"Short",0.143746160494358,0.861688036166427,NA,0.808727506055518,"localGP"
"11142",45,3,6,4,96.8351832239486,96.8351832239486,"Smooth","Max. Reward Condition",20,"8",1,2,51,360,"Short",0.143746160494358,0.861688036166427,NA,0.808727506055518,"localGP"
"11143",45,4,7,4,77.4616893062404,96.8351832239486,"Smooth","Max. Reward Condition",20,"8",1,7,52,360,"Short",0.143746160494358,0.861688036166427,NA,0.808727506055518,"localGP"
"11144",45,5,8,4,50.5233477520952,96.8351832239486,"Smooth","Max. Reward Condition",20,"8",1,4,53,360,"Short",0.143746160494358,0.861688036166427,NA,0.808727506055518,"localGP"
"11145",45,6,9,4,46.9020472211933,96.8351832239486,"Smooth","Max. Reward Condition",20,"8",1,1,54,360,"Short",0.143746160494358,0.861688036166427,NA,0.808727506055518,"localGP"
"11146",45,7,8,10,52.0181459798519,96.8351832239486,"Smooth","Max. Reward Condition",20,"8",1,1,119,360,"Short",0.143746160494358,0.861688036166427,NA,0.808727506055518,"localGP"
"11147",45,8,5,3,69.3021428353684,96.8351832239486,"Smooth","Max. Reward Condition",20,"8",1,1,39,360,"Short",0.143746160494358,0.861688036166427,NA,0.808727506055518,"localGP"
"11148",45,9,5,4,93.0511729954542,96.8351832239486,"Smooth","Max. Reward Condition",20,"8",1,1,50,360,"Short",0.143746160494358,0.861688036166427,NA,0.808727506055518,"localGP"
"11149",45,10,5,5,89.574494748802,96.8351832239486,"Smooth","Max. Reward Condition",20,"8",1,1,61,360,"Short",0.143746160494358,0.861688036166427,NA,0.808727506055518,"localGP"
"11150",45,11,5,6,69.9155090037251,96.8351832239486,"Smooth","Max. Reward Condition",20,"8",1,1,72,360,"Short",0.143746160494358,0.861688036166427,NA,0.808727506055518,"localGP"
"11151",45,12,5,8,29.2229394651416,96.8351832239486,"Smooth","Max. Reward Condition",20,"8",1,1,94,360,"Short",0.143746160494358,0.861688036166427,NA,0.808727506055518,"localGP"
"11152",45,13,4,8,14.9807889176942,96.8351832239486,"Smooth","Max. Reward Condition",20,"8",1,1,93,360,"Short",0.143746160494358,0.861688036166427,NA,0.808727506055518,"localGP"
"11153",45,14,5,1,66.7584273273,96.8351832239486,"Smooth","Max. Reward Condition",20,"8",1,1,17,360,"Short",0.143746160494358,0.861688036166427,NA,0.808727506055518,"localGP"
"11154",45,15,3,6,45.5063234647187,96.8351832239486,"Smooth","Max. Reward Condition",20,"8",1,1,70,360,"Short",0.143746160494358,0.861688036166427,NA,0.808727506055518,"localGP"
"11155",45,16,3,5,41.3738955859387,96.8351832239486,"Smooth","Max. Reward Condition",20,"8",1,2,59,360,"Short",0.143746160494358,0.861688036166427,NA,0.808727506055518,"localGP"
"11156",45,17,2,4,44.0628638879187,96.8351832239486,"Smooth","Max. Reward Condition",20,"8",1,1,47,360,"Short",0.143746160494358,0.861688036166427,NA,0.808727506055518,"localGP"
"11157",45,18,2,10,52.565154764264,96.8351832239486,"Smooth","Max. Reward Condition",20,"8",1,1,113,360,"Short",0.143746160494358,0.861688036166427,NA,0.808727506055518,"localGP"
"11158",45,19,4,5,50.9861643343635,96.8351832239486,"Smooth","Max. Reward Condition",20,"8",1,1,60,360,"Short",0.143746160494358,0.861688036166427,NA,0.808727506055518,"localGP"
"11159",45,20,4,4,58.9084220518728,96.8351832239486,"Smooth","Max. Reward Condition",20,"8",1,4,49,360,"Short",0.143746160494358,0.861688036166427,NA,0.808727506055518,"localGP"
"11160",45,21,4,2,19.1724836106021,96.8351832239486,"Smooth","Max. Reward Condition",20,"8",1,1,27,360,"Short",0.143746160494358,0.861688036166427,NA,0.808727506055518,"localGP"
"11161",46,1,3,9,57.8931465906352,57.8931465906352,"Rough","Avg. Reward Condition",20,"1",17,NA,103,361,"Short",0.0595346522527113,0.665587323109684,NA,0.266137036676976,"localGP"
"11162",46,2,7,8,22.0278987459419,57.8931465906352,"Rough","Avg. Reward Condition",20,"1",17,18,96,361,"Short",0.0595346522527113,0.665587323109684,NA,0.266137036676976,"localGP"
"11163",46,3,0,2,36.3094858806942,57.8931465906352,"Rough","Avg. Reward Condition",20,"1",17,10,23,361,"Short",0.0595346522527113,0.665587323109684,NA,0.266137036676976,"localGP"
"11164",46,4,1,1,33.7566886392353,57.8931465906352,"Rough","Avg. Reward Condition",20,"1",17,1,13,361,"Short",0.0595346522527113,0.665587323109684,NA,0.266137036676976,"localGP"
"11165",46,5,1,2,37.0468880357367,57.8931465906352,"Rough","Avg. Reward Condition",20,"1",17,1,24,361,"Short",0.0595346522527113,0.665587323109684,NA,0.266137036676976,"localGP"
"11166",46,6,7,5,24.4140130068995,57.8931465906352,"Rough","Avg. Reward Condition",20,"1",17,1,63,361,"Short",0.0595346522527113,0.665587323109684,NA,0.266137036676976,"localGP"
"11167",46,7,10,1,22.4632600371913,57.8931465906352,"Rough","Avg. Reward Condition",20,"1",17,1,22,361,"Short",0.0595346522527113,0.665587323109684,NA,0.266137036676976,"localGP"
"11168",46,8,9,1,65.5803721307234,65.5803721307234,"Rough","Avg. Reward Condition",20,"1",17,1,21,361,"Short",0.0595346522527113,0.665587323109684,NA,0.266137036676976,"localGP"
"11169",46,9,9,0,56.3100913856246,65.5803721307234,"Rough","Avg. Reward Condition",20,"1",17,1,10,361,"Short",0.0595346522527113,0.665587323109684,NA,0.266137036676976,"localGP"
"11170",46,10,7,6,12.2076105281821,65.5803721307234,"Rough","Avg. Reward Condition",20,"1",17,1,74,361,"Short",0.0595346522527113,0.665587323109684,NA,0.266137036676976,"localGP"
"11171",46,11,1,8,61.4248560336744,65.5803721307234,"Rough","Avg. Reward Condition",20,"1",17,2,90,361,"Short",0.0595346522527113,0.665587323109684,NA,0.266137036676976,"localGP"
"11172",46,12,1,7,56.599176854759,65.5803721307234,"Rough","Avg. Reward Condition",20,"1",17,1,79,361,"Short",0.0595346522527113,0.665587323109684,NA,0.266137036676976,"localGP"
"11173",46,13,2,7,55.9761738528466,65.5803721307234,"Rough","Avg. Reward Condition",20,"1",17,1,80,361,"Short",0.0595346522527113,0.665587323109684,NA,0.266137036676976,"localGP"
"11174",46,14,3,7,48.1203452766967,65.5803721307234,"Rough","Avg. Reward Condition",20,"1",17,1,81,361,"Short",0.0595346522527113,0.665587323109684,NA,0.266137036676976,"localGP"
"11175",46,15,3,6,61.6521718992743,65.5803721307234,"Rough","Avg. Reward Condition",20,"1",17,1,70,361,"Short",0.0595346522527113,0.665587323109684,NA,0.266137036676976,"localGP"
"11176",46,16,3,5,100,100,"Rough","Avg. Reward Condition",20,"1",17,1,59,361,"Short",0.0595346522527113,0.665587323109684,NA,0.266137036676976,"localGP"
"11177",46,17,2,5,96.5712701527156,100,"Rough","Avg. Reward Condition",20,"1",17,1,58,361,"Short",0.0595346522527113,0.665587323109684,NA,0.266137036676976,"localGP"
"11178",46,18,3,4,81.7432518785976,100,"Rough","Avg. Reward Condition",20,"1",17,0,48,361,"Short",0.0595346522527113,0.665587323109684,NA,0.266137036676976,"localGP"
"11179",46,19,3,4,81.7432518785976,100,"Rough","Avg. Reward Condition",20,"1",17,1,48,361,"Short",0.0595346522527113,0.665587323109684,NA,0.266137036676976,"localGP"
"11180",46,20,2,4,78.1145537046303,100,"Rough","Avg. Reward Condition",20,"1",17,1,47,361,"Short",0.0595346522527113,0.665587323109684,NA,0.266137036676976,"localGP"
"11181",46,21,2,5,96.5712701527156,100,"Rough","Avg. Reward Condition",20,"1",17,1,58,361,"Short",0.0595346522527113,0.665587323109684,NA,0.266137036676976,"localGP"
"11182",46,1,7,10,34.4221840865233,34.4221840865233,"Rough","Avg. Reward Condition",40,"2",12,NA,118,362,"Long",0.098631623338142,0.732798901840462,NA,0.526367842633264,"localGP"
"11183",46,2,7,9,33.6333693402213,34.4221840865233,"Rough","Avg. Reward Condition",40,"2",12,1,107,362,"Long",0.098631623338142,0.732798901840462,NA,0.526367842633264,"localGP"
"11184",46,3,2,10,36.0278850758994,36.0278850758994,"Rough","Avg. Reward Condition",40,"2",12,2,113,362,"Long",0.098631623338142,0.732798901840462,NA,0.526367842633264,"localGP"
"11185",46,4,2,9,40.8922396927792,40.8922396927792,"Rough","Avg. Reward Condition",40,"2",12,1,102,362,"Long",0.098631623338142,0.732798901840462,NA,0.526367842633264,"localGP"
"11186",46,5,1,9,48.3624472959168,48.3624472959168,"Rough","Avg. Reward Condition",40,"2",12,2,101,362,"Long",0.098631623338142,0.732798901840462,NA,0.526367842633264,"localGP"
"11187",46,6,1,8,47.8034977029068,48.3624472959168,"Rough","Avg. Reward Condition",40,"2",12,1,90,362,"Long",0.098631623338142,0.732798901840462,NA,0.526367842633264,"localGP"
"11188",46,7,2,8,43.3826449218407,48.3624472959168,"Rough","Avg. Reward Condition",40,"2",12,2,91,362,"Long",0.098631623338142,0.732798901840462,NA,0.526367842633264,"localGP"
"11189",46,8,7,1,80.4403331972244,80.4403331972244,"Rough","Avg. Reward Condition",40,"2",12,1,19,362,"Long",0.098631623338142,0.732798901840462,NA,0.526367842633264,"localGP"
"11190",46,9,6,1,64.0621686856382,80.4403331972244,"Rough","Avg. Reward Condition",40,"2",12,1,18,362,"Long",0.098631623338142,0.732798901840462,NA,0.526367842633264,"localGP"
"11191",46,10,5,1,44.2328217511711,80.4403331972244,"Rough","Avg. Reward Condition",40,"2",12,1,17,362,"Long",0.098631623338142,0.732798901840462,NA,0.526367842633264,"localGP"
"11192",46,11,3,1,68.4386100251646,80.4403331972244,"Rough","Avg. Reward Condition",40,"2",12,2,15,362,"Long",0.098631623338142,0.732798901840462,NA,0.526367842633264,"localGP"
"11193",46,12,3,0,64.7269948092112,80.4403331972244,"Rough","Avg. Reward Condition",40,"2",12,1,4,362,"Long",0.098631623338142,0.732798901840462,NA,0.526367842633264,"localGP"
"11194",46,13,2,0,69.5209390611237,80.4403331972244,"Rough","Avg. Reward Condition",40,"2",12,1,3,362,"Long",0.098631623338142,0.732798901840462,NA,0.526367842633264,"localGP"
"11195",46,14,10,2,40.3253784101298,80.4403331972244,"Rough","Avg. Reward Condition",40,"2",12,2,33,362,"Long",0.098631623338142,0.732798901840462,NA,0.526367842633264,"localGP"
"11196",46,15,9,2,39.8228418923137,80.4403331972244,"Rough","Avg. Reward Condition",40,"2",12,1,32,362,"Long",0.098631623338142,0.732798901840462,NA,0.526367842633264,"localGP"
"11197",46,16,8,1,63.22858219745,80.4403331972244,"Rough","Avg. Reward Condition",40,"2",12,1,20,362,"Long",0.098631623338142,0.732798901840462,NA,0.526367842633264,"localGP"
"11198",46,17,7,0,73.3448619452636,80.4403331972244,"Rough","Avg. Reward Condition",40,"2",12,1,8,362,"Long",0.098631623338142,0.732798901840462,NA,0.526367842633264,"localGP"
"11199",46,18,8,0,73.9756184562908,80.4403331972244,"Rough","Avg. Reward Condition",40,"2",12,1,9,362,"Long",0.098631623338142,0.732798901840462,NA,0.526367842633264,"localGP"
"11200",46,19,9,0,53.2886694001557,80.4403331972244,"Rough","Avg. Reward Condition",40,"2",12,2,10,362,"Long",0.098631623338142,0.732798901840462,NA,0.526367842633264,"localGP"
"11201",46,20,8,8,74.2665096632298,80.4403331972244,"Rough","Avg. Reward Condition",40,"2",12,2,97,362,"Long",0.098631623338142,0.732798901840462,NA,0.526367842633264,"localGP"
"11202",46,21,8,7,81.8274104004157,81.8274104004157,"Rough","Avg. Reward Condition",40,"2",12,1,86,362,"Long",0.098631623338142,0.732798901840462,NA,0.526367842633264,"localGP"
"11203",46,22,7,7,63.3946973965317,81.8274104004157,"Rough","Avg. Reward Condition",40,"2",12,2,85,362,"Long",0.098631623338142,0.732798901840462,NA,0.526367842633264,"localGP"
"11204",46,23,6,7,79.1421963160271,81.8274104004157,"Rough","Avg. Reward Condition",40,"2",12,2,84,362,"Long",0.098631623338142,0.732798901840462,NA,0.526367842633264,"localGP"
"11205",46,24,9,4,56.4576797059475,81.8274104004157,"Rough","Avg. Reward Condition",40,"2",12,2,54,362,"Long",0.098631623338142,0.732798901840462,NA,0.526367842633264,"localGP"
"11206",46,25,9,1,72.9706833593443,81.8274104004157,"Rough","Avg. Reward Condition",40,"2",12,2,21,362,"Long",0.098631623338142,0.732798901840462,NA,0.526367842633264,"localGP"
"11207",46,26,10,1,80.8865853596209,81.8274104004157,"Rough","Avg. Reward Condition",40,"2",12,2,22,362,"Long",0.098631623338142,0.732798901840462,NA,0.526367842633264,"localGP"
"11208",46,27,7,2,67.7479443661215,81.8274104004157,"Rough","Avg. Reward Condition",40,"2",12,3,30,362,"Long",0.098631623338142,0.732798901840462,NA,0.526367842633264,"localGP"
"11209",46,28,6,3,32.6895102887669,81.8274104004157,"Rough","Avg. Reward Condition",40,"2",12,2,40,362,"Long",0.098631623338142,0.732798901840462,NA,0.526367842633264,"localGP"
"11210",46,29,6,4,26.6495557204541,81.8274104004157,"Rough","Avg. Reward Condition",40,"2",12,7,51,362,"Long",0.098631623338142,0.732798901840462,NA,0.526367842633264,"localGP"
"11211",46,30,8,3,42.1360242670956,81.8274104004157,"Rough","Avg. Reward Condition",40,"2",12,1,42,362,"Long",0.098631623338142,0.732798901840462,NA,0.526367842633264,"localGP"
"11212",46,31,6,1,64.0621686856382,81.8274104004157,"Rough","Avg. Reward Condition",40,"2",12,1,18,362,"Long",0.098631623338142,0.732798901840462,NA,0.526367842633264,"localGP"
"11213",46,32,6,0,32.1906110791016,81.8274104004157,"Rough","Avg. Reward Condition",40,"2",12,1,7,362,"Long",0.098631623338142,0.732798901840462,NA,0.526367842633264,"localGP"
"11214",46,33,4,0,44.6746717399541,81.8274104004157,"Rough","Avg. Reward Condition",40,"2",12,2,5,362,"Long",0.098631623338142,0.732798901840462,NA,0.526367842633264,"localGP"
"11215",46,34,3,9,40.0072640474866,81.8274104004157,"Rough","Avg. Reward Condition",40,"2",12,2,103,362,"Long",0.098631623338142,0.732798901840462,NA,0.526367842633264,"localGP"
"11216",46,35,4,9,46.7098213602663,81.8274104004157,"Rough","Avg. Reward Condition",40,"2",12,1,104,362,"Long",0.098631623338142,0.732798901840462,NA,0.526367842633264,"localGP"
"11217",46,36,10,0,62.934470369234,81.8274104004157,"Rough","Avg. Reward Condition",40,"2",12,2,11,362,"Long",0.098631623338142,0.732798901840462,NA,0.526367842633264,"localGP"
"11218",46,37,6,2,67.1671387107325,81.8274104004157,"Rough","Avg. Reward Condition",40,"2",12,2,29,362,"Long",0.098631623338142,0.732798901840462,NA,0.526367842633264,"localGP"
"11219",46,38,5,6,100,100,"Rough","Avg. Reward Condition",40,"2",12,4,72,362,"Long",0.098631623338142,0.732798901840462,NA,0.526367842633264,"localGP"
"11220",46,39,5,7,95.4475396391107,100,"Rough","Avg. Reward Condition",40,"2",12,1,83,362,"Long",0.098631623338142,0.732798901840462,NA,0.526367842633264,"localGP"
"11221",46,40,4,7,71.8109228804708,100,"Rough","Avg. Reward Condition",40,"2",12,2,82,362,"Long",0.098631623338142,0.732798901840462,NA,0.526367842633264,"localGP"
"11222",46,41,4,6,68.9050868774384,100,"Rough","Avg. Reward Condition",40,"2",12,1,71,362,"Long",0.098631623338142,0.732798901840462,NA,0.526367842633264,"localGP"
"11223",46,1,3,7,0,0,"Rough","Avg. Reward Condition",20,"3",15,NA,81,363,"Short",0.0400157753308961,0.535154675793159,NA,0.224338736953753,"localGP"
"11224",46,2,1,0,75.5614168340443,75.5614168340443,"Rough","Avg. Reward Condition",20,"3",15,9,2,363,"Short",0.0400157753308961,0.535154675793159,NA,0.224338736953753,"localGP"
"11225",46,3,1,0,75.5614168340443,75.5614168340443,"Rough","Avg. Reward Condition",20,"3",15,1,2,363,"Short",0.0400157753308961,0.535154675793159,NA,0.224338736953753,"localGP"
"11226",46,4,1,1,90.7781848524799,90.7781848524799,"Rough","Avg. Reward Condition",20,"3",15,2,13,363,"Short",0.0400157753308961,0.535154675793159,NA,0.224338736953753,"localGP"
"11227",46,5,1,1,90.7781848524799,90.7781848524799,"Rough","Avg. Reward Condition",20,"3",15,2,13,363,"Short",0.0400157753308961,0.535154675793159,NA,0.224338736953753,"localGP"
"11228",46,6,1,0,75.5614168340443,90.7781848524799,"Rough","Avg. Reward Condition",20,"3",15,8,2,363,"Short",0.0400157753308961,0.535154675793159,NA,0.224338736953753,"localGP"
"11229",46,7,1,1,90.7781848524799,90.7781848524799,"Rough","Avg. Reward Condition",20,"3",15,1,13,363,"Short",0.0400157753308961,0.535154675793159,NA,0.224338736953753,"localGP"
"11230",46,8,1,1,90.7781848524799,90.7781848524799,"Rough","Avg. Reward Condition",20,"3",15,2,13,363,"Short",0.0400157753308961,0.535154675793159,NA,0.224338736953753,"localGP"
"11231",46,9,1,1,90.7781848524799,90.7781848524799,"Rough","Avg. Reward Condition",20,"3",15,1,13,363,"Short",0.0400157753308961,0.535154675793159,NA,0.224338736953753,"localGP"
"11232",46,10,1,1,90.7781848524799,90.7781848524799,"Rough","Avg. Reward Condition",20,"3",15,2,13,363,"Short",0.0400157753308961,0.535154675793159,NA,0.224338736953753,"localGP"
"11233",46,11,1,1,90.7781848524799,90.7781848524799,"Rough","Avg. Reward Condition",20,"3",15,1,13,363,"Short",0.0400157753308961,0.535154675793159,NA,0.224338736953753,"localGP"
"11234",46,12,1,1,90.7781848524799,90.7781848524799,"Rough","Avg. Reward Condition",20,"3",15,1,13,363,"Short",0.0400157753308961,0.535154675793159,NA,0.224338736953753,"localGP"
"11235",46,13,2,1,64.9541194011158,90.7781848524799,"Rough","Avg. Reward Condition",20,"3",15,1,14,363,"Short",0.0400157753308961,0.535154675793159,NA,0.224338736953753,"localGP"
"11236",46,14,1,1,90.7781848524799,90.7781848524799,"Rough","Avg. Reward Condition",20,"3",15,1,13,363,"Short",0.0400157753308961,0.535154675793159,NA,0.224338736953753,"localGP"
"11237",46,15,1,1,90.7781848524799,90.7781848524799,"Rough","Avg. Reward Condition",20,"3",15,1,13,363,"Short",0.0400157753308961,0.535154675793159,NA,0.224338736953753,"localGP"
"11238",46,16,1,1,90.7781848524799,90.7781848524799,"Rough","Avg. Reward Condition",20,"3",15,1,13,363,"Short",0.0400157753308961,0.535154675793159,NA,0.224338736953753,"localGP"
"11239",46,17,1,1,90.7781848524799,90.7781848524799,"Rough","Avg. Reward Condition",20,"3",15,1,13,363,"Short",0.0400157753308961,0.535154675793159,NA,0.224338736953753,"localGP"
"11240",46,18,1,1,90.7781848524799,90.7781848524799,"Rough","Avg. Reward Condition",20,"3",15,2,13,363,"Short",0.0400157753308961,0.535154675793159,NA,0.224338736953753,"localGP"
"11241",46,19,1,1,90.7781848524799,90.7781848524799,"Rough","Avg. Reward Condition",20,"3",15,1,13,363,"Short",0.0400157753308961,0.535154675793159,NA,0.224338736953753,"localGP"
"11242",46,20,1,1,90.7781848524799,90.7781848524799,"Rough","Avg. Reward Condition",20,"3",15,2,13,363,"Short",0.0400157753308961,0.535154675793159,NA,0.224338736953753,"localGP"
"11243",46,21,1,1,90.7781848524799,90.7781848524799,"Rough","Avg. Reward Condition",20,"3",15,1,13,363,"Short",0.0400157753308961,0.535154675793159,NA,0.224338736953753,"localGP"
"11244",46,1,9,7,72.9623547713888,72.9623547713888,"Rough","Avg. Reward Condition",40,"4",18,NA,87,364,"Long",0.0931916333710072,0.753698841266383,NA,0.521097510071549,"localGP"
"11245",46,2,8,7,51.6253344127728,72.9623547713888,"Rough","Avg. Reward Condition",40,"4",18,1,86,364,"Long",0.0931916333710072,0.753698841266383,NA,0.521097510071549,"localGP"
"11246",46,3,6,3,2.55804621582689,72.9623547713888,"Rough","Avg. Reward Condition",40,"4",18,1,40,364,"Long",0.0931916333710072,0.753698841266383,NA,0.521097510071549,"localGP"
"11247",46,4,5,2,52.4052015124445,72.9623547713888,"Rough","Avg. Reward Condition",40,"4",18,2,28,364,"Long",0.0931916333710072,0.753698841266383,NA,0.521097510071549,"localGP"
"11248",46,5,5,3,28.2693028674169,72.9623547713888,"Rough","Avg. Reward Condition",40,"4",18,1,39,364,"Long",0.0931916333710072,0.753698841266383,NA,0.521097510071549,"localGP"
"11249",46,6,4,3,63.7013527592454,72.9623547713888,"Rough","Avg. Reward Condition",40,"4",18,3,38,364,"Long",0.0931916333710072,0.753698841266383,NA,0.521097510071549,"localGP"
"11250",46,7,4,2,74.4058624133972,74.4058624133972,"Rough","Avg. Reward Condition",40,"4",18,1,27,364,"Long",0.0931916333710072,0.753698841266383,NA,0.521097510071549,"localGP"
"11251",46,8,4,0,48.2728545381987,74.4058624133972,"Rough","Avg. Reward Condition",40,"4",18,4,5,364,"Long",0.0931916333710072,0.753698841266383,NA,0.521097510071549,"localGP"
"11252",46,9,6,7,45.7922377623339,74.4058624133972,"Rough","Avg. Reward Condition",40,"4",18,11,84,364,"Long",0.0931916333710072,0.753698841266383,NA,0.521097510071549,"localGP"
"11253",46,10,6,8,37.9736257778301,74.4058624133972,"Rough","Avg. Reward Condition",40,"4",18,6,95,364,"Long",0.0931916333710072,0.753698841266383,NA,0.521097510071549,"localGP"
"11254",46,11,7,9,43.7178093969653,74.4058624133972,"Rough","Avg. Reward Condition",40,"4",18,11,107,364,"Long",0.0931916333710072,0.753698841266383,NA,0.521097510071549,"localGP"
"11255",46,12,6,5,39.8371872215826,74.4058624133972,"Rough","Avg. Reward Condition",40,"4",18,4,62,364,"Long",0.0931916333710072,0.753698841266383,NA,0.521097510071549,"localGP"
"11256",46,13,7,5,34.8171406531834,74.4058624133972,"Rough","Avg. Reward Condition",40,"4",18,15,63,364,"Long",0.0931916333710072,0.753698841266383,NA,0.521097510071549,"localGP"
"11257",46,14,8,1,22.4638703652577,74.4058624133972,"Rough","Avg. Reward Condition",40,"4",18,14,20,364,"Long",0.0931916333710072,0.753698841266383,NA,0.521097510071549,"localGP"
"11258",46,15,6,1,34.7009695996788,74.4058624133972,"Rough","Avg. Reward Condition",40,"4",18,18,18,364,"Long",0.0931916333710072,0.753698841266383,NA,0.521097510071549,"localGP"
"11259",46,16,5,1,44.0731143129656,74.4058624133972,"Rough","Avg. Reward Condition",40,"4",18,2,17,364,"Long",0.0931916333710072,0.753698841266383,NA,0.521097510071549,"localGP"
"11260",46,17,4,9,48.6599556271506,74.4058624133972,"Rough","Avg. Reward Condition",40,"4",18,1,104,364,"Long",0.0931916333710072,0.753698841266383,NA,0.521097510071549,"localGP"
"11261",46,18,4,8,45.2794014613118,74.4058624133972,"Rough","Avg. Reward Condition",40,"4",18,2,93,364,"Long",0.0931916333710072,0.753698841266383,NA,0.521097510071549,"localGP"
"11262",46,19,6,5,39.8371872215826,74.4058624133972,"Rough","Avg. Reward Condition",40,"4",18,2,62,364,"Long",0.0931916333710072,0.753698841266383,NA,0.521097510071549,"localGP"
"11263",46,20,5,5,61.5391732787472,74.4058624133972,"Rough","Avg. Reward Condition",40,"4",18,3,61,364,"Long",0.0931916333710072,0.753698841266383,NA,0.521097510071549,"localGP"
"11264",46,21,5,6,67.4717782812046,74.4058624133972,"Rough","Avg. Reward Condition",40,"4",18,1,72,364,"Long",0.0931916333710072,0.753698841266383,NA,0.521097510071549,"localGP"
"11265",46,22,4,6,56.6641694320835,74.4058624133972,"Rough","Avg. Reward Condition",40,"4",18,2,71,364,"Long",0.0931916333710072,0.753698841266383,NA,0.521097510071549,"localGP"
"11266",46,23,10,9,68.5571263747788,74.4058624133972,"Rough","Avg. Reward Condition",40,"4",18,1,110,364,"Long",0.0931916333710072,0.753698841266383,NA,0.521097510071549,"localGP"
"11267",46,24,9,9,61.1848749174221,74.4058624133972,"Rough","Avg. Reward Condition",40,"4",18,1,109,364,"Long",0.0931916333710072,0.753698841266383,NA,0.521097510071549,"localGP"
"11268",46,25,9,10,51.7164759770516,74.4058624133972,"Rough","Avg. Reward Condition",40,"4",18,1,120,364,"Long",0.0931916333710072,0.753698841266383,NA,0.521097510071549,"localGP"
"11269",46,26,10,10,40.9300790469513,74.4058624133972,"Rough","Avg. Reward Condition",40,"4",18,1,121,364,"Long",0.0931916333710072,0.753698841266383,NA,0.521097510071549,"localGP"
"11270",46,27,7,3,0,74.4058624133972,"Rough","Avg. Reward Condition",40,"4",18,1,41,364,"Long",0.0931916333710072,0.753698841266383,NA,0.521097510071549,"localGP"
"11271",46,28,3,3,53.9768384538052,74.4058624133972,"Rough","Avg. Reward Condition",40,"4",18,1,37,364,"Long",0.0931916333710072,0.753698841266383,NA,0.521097510071549,"localGP"
"11272",46,29,1,6,8.94196519629523,74.4058624133972,"Rough","Avg. Reward Condition",40,"4",18,1,68,364,"Long",0.0931916333710072,0.753698841266383,NA,0.521097510071549,"localGP"
"11273",46,30,0,5,18.0799924222245,74.4058624133972,"Rough","Avg. Reward Condition",40,"4",18,3,56,364,"Long",0.0931916333710072,0.753698841266383,NA,0.521097510071549,"localGP"
"11274",46,31,0,4,2.73847542307962,74.4058624133972,"Rough","Avg. Reward Condition",40,"4",18,2,45,364,"Long",0.0931916333710072,0.753698841266383,NA,0.521097510071549,"localGP"
"11275",46,32,2,7,5.78700600623116,74.4058624133972,"Rough","Avg. Reward Condition",40,"4",18,7,80,364,"Long",0.0931916333710072,0.753698841266383,NA,0.521097510071549,"localGP"
"11276",46,33,3,9,61.4935218902942,74.4058624133972,"Rough","Avg. Reward Condition",40,"4",18,7,103,364,"Long",0.0931916333710072,0.753698841266383,NA,0.521097510071549,"localGP"
"11277",46,34,2,9,54.5359599883725,74.4058624133972,"Rough","Avg. Reward Condition",40,"4",18,7,102,364,"Long",0.0931916333710072,0.753698841266383,NA,0.521097510071549,"localGP"
"11278",46,35,2,10,25.2569128061938,74.4058624133972,"Rough","Avg. Reward Condition",40,"4",18,3,113,364,"Long",0.0931916333710072,0.753698841266383,NA,0.521097510071549,"localGP"
"11279",46,36,3,5,60.9956565134491,74.4058624133972,"Rough","Avg. Reward Condition",40,"4",18,2,59,364,"Long",0.0931916333710072,0.753698841266383,NA,0.521097510071549,"localGP"
"11280",46,37,3,4,56.8504124991032,74.4058624133972,"Rough","Avg. Reward Condition",40,"4",18,2,48,364,"Long",0.0931916333710072,0.753698841266383,NA,0.521097510071549,"localGP"
"11281",46,38,2,4,35.9082246738817,74.4058624133972,"Rough","Avg. Reward Condition",40,"4",18,10,47,364,"Long",0.0931916333710072,0.753698841266383,NA,0.521097510071549,"localGP"
"11282",46,39,2,5,28.3106281722044,74.4058624133972,"Rough","Avg. Reward Condition",40,"4",18,1,58,364,"Long",0.0931916333710072,0.753698841266383,NA,0.521097510071549,"localGP"
"11283",46,40,1,1,48.0935875031168,74.4058624133972,"Rough","Avg. Reward Condition",40,"4",18,2,13,364,"Long",0.0931916333710072,0.753698841266383,NA,0.521097510071549,"localGP"
"11284",46,41,1,0,52.4795285472342,74.4058624133972,"Rough","Avg. Reward Condition",40,"4",18,2,2,364,"Long",0.0931916333710072,0.753698841266383,NA,0.521097510071549,"localGP"
"11285",46,1,4,0,18.0590972616153,18.0590972616153,"Rough","Avg. Reward Condition",20,"5",0,NA,5,365,"Short",0.0468357460157483,0.590400431401347,NA,0.248839447987149,"localGP"
"11286",46,2,5,2,21.0941848731246,21.0941848731246,"Rough","Avg. Reward Condition",20,"5",0,7,28,365,"Short",0.0468357460157483,0.590400431401347,NA,0.248839447987149,"localGP"
"11287",46,3,10,2,46.7186953634037,46.7186953634037,"Rough","Avg. Reward Condition",20,"5",0,8,33,365,"Short",0.0468357460157483,0.590400431401347,NA,0.248839447987149,"localGP"
"11288",46,4,10,7,82.7698657970911,82.7698657970911,"Rough","Avg. Reward Condition",20,"5",0,1,88,365,"Short",0.0468357460157483,0.590400431401347,NA,0.248839447987149,"localGP"
"11289",46,5,10,6,47.7902004449391,82.7698657970911,"Rough","Avg. Reward Condition",20,"5",0,2,77,365,"Short",0.0468357460157483,0.590400431401347,NA,0.248839447987149,"localGP"
"11290",46,6,10,7,82.7698657970911,82.7698657970911,"Rough","Avg. Reward Condition",20,"5",0,3,88,365,"Short",0.0468357460157483,0.590400431401347,NA,0.248839447987149,"localGP"
"11291",46,7,10,7,82.7698657970911,82.7698657970911,"Rough","Avg. Reward Condition",20,"5",0,1,88,365,"Short",0.0468357460157483,0.590400431401347,NA,0.248839447987149,"localGP"
"11292",46,8,4,0,18.0590972616153,82.7698657970911,"Rough","Avg. Reward Condition",20,"5",0,1,5,365,"Short",0.0468357460157483,0.590400431401347,NA,0.248839447987149,"localGP"
"11293",46,9,1,0,67.0136291844954,82.7698657970911,"Rough","Avg. Reward Condition",20,"5",0,1,2,365,"Short",0.0468357460157483,0.590400431401347,NA,0.248839447987149,"localGP"
"11294",46,10,0,0,35.9067188197196,82.7698657970911,"Rough","Avg. Reward Condition",20,"5",0,1,1,365,"Short",0.0468357460157483,0.590400431401347,NA,0.248839447987149,"localGP"
"11295",46,11,4,3,60.3338826341623,82.7698657970911,"Rough","Avg. Reward Condition",20,"5",0,2,38,365,"Short",0.0468357460157483,0.590400431401347,NA,0.248839447987149,"localGP"
"11296",46,12,3,3,58.6757331286265,82.7698657970911,"Rough","Avg. Reward Condition",20,"5",0,1,37,365,"Short",0.0468357460157483,0.590400431401347,NA,0.248839447987149,"localGP"
"11297",46,13,3,4,72.1209794617426,82.7698657970911,"Rough","Avg. Reward Condition",20,"5",0,1,48,365,"Short",0.0468357460157483,0.590400431401347,NA,0.248839447987149,"localGP"
"11298",46,14,4,4,67.056370714112,82.7698657970911,"Rough","Avg. Reward Condition",20,"5",0,1,49,365,"Short",0.0468357460157483,0.590400431401347,NA,0.248839447987149,"localGP"
"11299",46,15,5,4,41.9694329426613,82.7698657970911,"Rough","Avg. Reward Condition",20,"5",0,1,50,365,"Short",0.0468357460157483,0.590400431401347,NA,0.248839447987149,"localGP"
"11300",46,16,5,5,2.28166204896147,82.7698657970911,"Rough","Avg. Reward Condition",20,"5",0,3,61,365,"Short",0.0468357460157483,0.590400431401347,NA,0.248839447987149,"localGP"
"11301",46,17,9,1,39.3581963035653,82.7698657970911,"Rough","Avg. Reward Condition",20,"5",0,1,21,365,"Short",0.0468357460157483,0.590400431401347,NA,0.248839447987149,"localGP"
"11302",46,18,9,2,59.0192052842826,82.7698657970911,"Rough","Avg. Reward Condition",20,"5",0,7,32,365,"Short",0.0468357460157483,0.590400431401347,NA,0.248839447987149,"localGP"
"11303",46,19,9,3,44.8970114016753,82.7698657970911,"Rough","Avg. Reward Condition",20,"5",0,1,43,365,"Short",0.0468357460157483,0.590400431401347,NA,0.248839447987149,"localGP"
"11304",46,20,10,3,47.4549008064648,82.7698657970911,"Rough","Avg. Reward Condition",20,"5",0,1,44,365,"Short",0.0468357460157483,0.590400431401347,NA,0.248839447987149,"localGP"
"11305",46,21,10,4,33.0997948089622,82.7698657970911,"Rough","Avg. Reward Condition",20,"5",0,3,55,365,"Short",0.0468357460157483,0.590400431401347,NA,0.248839447987149,"localGP"
"11306",46,1,9,5,55.8126955341154,55.8126955341154,"Rough","Avg. Reward Condition",40,"6",3,NA,65,366,"Long",0.0935930962234165,0.766502005625063,NA,0.50339736414188,"localGP"
"11307",46,2,3,10,27.8257568342711,55.8126955341154,"Rough","Avg. Reward Condition",40,"6",3,1,114,366,"Long",0.0935930962234165,0.766502005625063,NA,0.50339736414188,"localGP"
"11308",46,3,8,0,15.9935523633461,55.8126955341154,"Rough","Avg. Reward Condition",40,"6",3,2,9,366,"Long",0.0935930962234165,0.766502005625063,NA,0.50339736414188,"localGP"
"11309",46,4,5,3,63.6314304033713,63.6314304033713,"Rough","Avg. Reward Condition",40,"6",3,1,39,366,"Long",0.0935930962234165,0.766502005625063,NA,0.50339736414188,"localGP"
"11310",46,5,6,3,72.3648366559739,72.3648366559739,"Rough","Avg. Reward Condition",40,"6",3,1,40,366,"Long",0.0935930962234165,0.766502005625063,NA,0.50339736414188,"localGP"
"11311",46,6,6,4,44.9938943868475,72.3648366559739,"Rough","Avg. Reward Condition",40,"6",3,2,51,366,"Long",0.0935930962234165,0.766502005625063,NA,0.50339736414188,"localGP"
"11312",46,7,5,2,41.5069107029267,72.3648366559739,"Rough","Avg. Reward Condition",40,"6",3,2,28,366,"Long",0.0935930962234165,0.766502005625063,NA,0.50339736414188,"localGP"
"11313",46,8,10,0,39.4294452948652,72.3648366559739,"Rough","Avg. Reward Condition",40,"6",3,1,11,366,"Long",0.0935930962234165,0.766502005625063,NA,0.50339736414188,"localGP"
"11314",46,9,6,0,17.8640708688048,72.3648366559739,"Rough","Avg. Reward Condition",40,"6",3,1,7,366,"Long",0.0935930962234165,0.766502005625063,NA,0.50339736414188,"localGP"
"11315",46,10,3,1,50.2535839853103,72.3648366559739,"Rough","Avg. Reward Condition",40,"6",3,5,15,366,"Long",0.0935930962234165,0.766502005625063,NA,0.50339736414188,"localGP"
"11316",46,11,4,1,12.1703970520116,72.3648366559739,"Rough","Avg. Reward Condition",40,"6",3,4,16,366,"Long",0.0935930962234165,0.766502005625063,NA,0.50339736414188,"localGP"
"11317",46,12,0,1,65.8842210019146,72.3648366559739,"Rough","Avg. Reward Condition",40,"6",3,1,12,366,"Long",0.0935930962234165,0.766502005625063,NA,0.50339736414188,"localGP"
"11318",46,13,0,2,79.3285213093921,79.3285213093921,"Rough","Avg. Reward Condition",40,"6",3,1,23,366,"Long",0.0935930962234165,0.766502005625063,NA,0.50339736414188,"localGP"
"11319",46,14,0,3,46.9181544218078,79.3285213093921,"Rough","Avg. Reward Condition",40,"6",3,3,34,366,"Long",0.0935930962234165,0.766502005625063,NA,0.50339736414188,"localGP"
"11320",46,15,3,2,42.1944020034096,79.3285213093921,"Rough","Avg. Reward Condition",40,"6",3,1,26,366,"Long",0.0935930962234165,0.766502005625063,NA,0.50339736414188,"localGP"
"11321",46,16,3,4,49.3373531062478,79.3285213093921,"Rough","Avg. Reward Condition",40,"6",3,1,48,366,"Long",0.0935930962234165,0.766502005625063,NA,0.50339736414188,"localGP"
"11322",46,17,4,4,49.7580304361875,79.3285213093921,"Rough","Avg. Reward Condition",40,"6",3,2,49,366,"Long",0.0935930962234165,0.766502005625063,NA,0.50339736414188,"localGP"
"11323",46,18,4,5,54.5351061532027,79.3285213093921,"Rough","Avg. Reward Condition",40,"6",3,1,60,366,"Long",0.0935930962234165,0.766502005625063,NA,0.50339736414188,"localGP"
"11324",46,19,5,5,43.9510730907808,79.3285213093921,"Rough","Avg. Reward Condition",40,"6",3,2,61,366,"Long",0.0935930962234165,0.766502005625063,NA,0.50339736414188,"localGP"
"11325",46,20,4,4,49.7580304361875,79.3285213093921,"Rough","Avg. Reward Condition",40,"6",3,2,49,366,"Long",0.0935930962234165,0.766502005625063,NA,0.50339736414188,"localGP"
"11326",46,21,10,5,66.5733513621972,79.3285213093921,"Rough","Avg. Reward Condition",40,"6",3,1,66,366,"Long",0.0935930962234165,0.766502005625063,NA,0.50339736414188,"localGP"
"11327",46,22,7,9,92.1104494537164,92.1104494537164,"Rough","Avg. Reward Condition",40,"6",3,3,107,366,"Long",0.0935930962234165,0.766502005625063,NA,0.50339736414188,"localGP"
"11328",46,23,8,9,62.9374230938864,92.1104494537164,"Rough","Avg. Reward Condition",40,"6",3,1,108,366,"Long",0.0935930962234165,0.766502005625063,NA,0.50339736414188,"localGP"
"11329",46,24,8,10,41.0809609626061,92.1104494537164,"Rough","Avg. Reward Condition",40,"6",3,4,119,366,"Long",0.0935930962234165,0.766502005625063,NA,0.50339736414188,"localGP"
"11330",46,25,8,8,86.9112548531245,92.1104494537164,"Rough","Avg. Reward Condition",40,"6",3,2,97,366,"Long",0.0935930962234165,0.766502005625063,NA,0.50339736414188,"localGP"
"11331",46,26,7,8,100,100,"Rough","Avg. Reward Condition",40,"6",3,3,96,366,"Long",0.0935930962234165,0.766502005625063,NA,0.50339736414188,"localGP"
"11332",46,27,6,8,72.494296563532,100,"Rough","Avg. Reward Condition",40,"6",3,2,95,366,"Long",0.0935930962234165,0.766502005625063,NA,0.50339736414188,"localGP"
"11333",46,28,7,8,100,100,"Rough","Avg. Reward Condition",40,"6",3,1,96,366,"Long",0.0935930962234165,0.766502005625063,NA,0.50339736414188,"localGP"
"11334",46,29,7,7,84.838078337325,100,"Rough","Avg. Reward Condition",40,"6",3,2,85,366,"Long",0.0935930962234165,0.766502005625063,NA,0.50339736414188,"localGP"
"11335",46,30,8,7,70.5152140178525,100,"Rough","Avg. Reward Condition",40,"6",3,1,86,366,"Long",0.0935930962234165,0.766502005625063,NA,0.50339736414188,"localGP"
"11336",46,31,9,7,49.674641221052,100,"Rough","Avg. Reward Condition",40,"6",3,1,87,366,"Long",0.0935930962234165,0.766502005625063,NA,0.50339736414188,"localGP"
"11337",46,32,6,2,71.6274675486182,100,"Rough","Avg. Reward Condition",40,"6",3,1,29,366,"Long",0.0935930962234165,0.766502005625063,NA,0.50339736414188,"localGP"
"11338",46,33,7,2,63.8501760294012,100,"Rough","Avg. Reward Condition",40,"6",3,1,30,366,"Long",0.0935930962234165,0.766502005625063,NA,0.50339736414188,"localGP"
"11339",46,34,7,3,65.2894287443007,100,"Rough","Avg. Reward Condition",40,"6",3,5,41,366,"Long",0.0935930962234165,0.766502005625063,NA,0.50339736414188,"localGP"
"11340",46,35,8,3,39.0577365841797,100,"Rough","Avg. Reward Condition",40,"6",3,4,42,366,"Long",0.0935930962234165,0.766502005625063,NA,0.50339736414188,"localGP"
"11341",46,36,7,2,63.8501760294012,100,"Rough","Avg. Reward Condition",40,"6",3,1,30,366,"Long",0.0935930962234165,0.766502005625063,NA,0.50339736414188,"localGP"
"11342",46,37,2,2,53.1533598477093,100,"Rough","Avg. Reward Condition",40,"6",3,5,25,366,"Long",0.0935930962234165,0.766502005625063,NA,0.50339736414188,"localGP"
"11343",46,38,2,3,30.603751713123,100,"Rough","Avg. Reward Condition",40,"6",3,8,36,366,"Long",0.0935930962234165,0.766502005625063,NA,0.50339736414188,"localGP"
"11344",46,39,9,4,46.930643246426,100,"Rough","Avg. Reward Condition",40,"6",3,1,54,366,"Long",0.0935930962234165,0.766502005625063,NA,0.50339736414188,"localGP"
"11345",46,40,2,10,32.7930562436501,100,"Rough","Avg. Reward Condition",40,"6",3,1,113,366,"Long",0.0935930962234165,0.766502005625063,NA,0.50339736414188,"localGP"
"11346",46,41,5,10,69.7494805541345,100,"Rough","Avg. Reward Condition",40,"6",3,1,116,366,"Long",0.0935930962234165,0.766502005625063,NA,0.50339736414188,"localGP"
"11347",46,1,7,9,39.2512889710385,39.2512889710385,"Rough","Avg. Reward Condition",20,"7",11,NA,107,367,"Short",0.0764066018530684,0.69698768895018,NA,0.491195913925299,"localGP"
"11348",46,2,6,9,46.6920205360619,46.6920205360619,"Rough","Avg. Reward Condition",20,"7",11,1,106,367,"Short",0.0764066018530684,0.69698768895018,NA,0.491195913925299,"localGP"
"11349",46,3,4,8,79.4784884383396,79.4784884383396,"Rough","Avg. Reward Condition",20,"7",11,1,93,367,"Short",0.0764066018530684,0.69698768895018,NA,0.491195913925299,"localGP"
"11350",46,4,4,7,65.5617086800568,79.4784884383396,"Rough","Avg. Reward Condition",20,"7",11,1,82,367,"Short",0.0764066018530684,0.69698768895018,NA,0.491195913925299,"localGP"
"11351",46,5,3,7,59.6140621219219,79.4784884383396,"Rough","Avg. Reward Condition",20,"7",11,0,81,367,"Short",0.0764066018530684,0.69698768895018,NA,0.491195913925299,"localGP"
"11352",46,6,2,7,55.5981513858235,79.4784884383396,"Rough","Avg. Reward Condition",20,"7",11,0,80,367,"Short",0.0764066018530684,0.69698768895018,NA,0.491195913925299,"localGP"
"11353",46,7,2,6,16.8739975298769,79.4784884383396,"Rough","Avg. Reward Condition",20,"7",11,0,69,367,"Short",0.0764066018530684,0.69698768895018,NA,0.491195913925299,"localGP"
"11354",46,8,1,6,53.3162074134113,79.4784884383396,"Rough","Avg. Reward Condition",20,"7",11,0,68,367,"Short",0.0764066018530684,0.69698768895018,NA,0.491195913925299,"localGP"
"11355",46,9,1,5,17.0308109764636,79.4784884383396,"Rough","Avg. Reward Condition",20,"7",11,0,57,367,"Short",0.0764066018530684,0.69698768895018,NA,0.491195913925299,"localGP"
"11356",46,10,8,8,38.0062708258148,79.4784884383396,"Rough","Avg. Reward Condition",20,"7",11,0,97,367,"Short",0.0764066018530684,0.69698768895018,NA,0.491195913925299,"localGP"
"11357",46,11,6,8,28.6530615090915,79.4784884383396,"Rough","Avg. Reward Condition",20,"7",11,0,95,367,"Short",0.0764066018530684,0.69698768895018,NA,0.491195913925299,"localGP"
"11358",46,12,6,10,64.4156192445451,79.4784884383396,"Rough","Avg. Reward Condition",20,"7",11,0,117,367,"Short",0.0764066018530684,0.69698768895018,NA,0.491195913925299,"localGP"
"11359",46,13,5,10,87.2658829250153,87.2658829250153,"Rough","Avg. Reward Condition",20,"7",11,0,116,367,"Short",0.0764066018530684,0.69698768895018,NA,0.491195913925299,"localGP"
"11360",46,14,4,10,100,100,"Rough","Avg. Reward Condition",20,"7",11,0,115,367,"Short",0.0764066018530684,0.69698768895018,NA,0.491195913925299,"localGP"
"11361",46,15,3,10,47.1514098553432,100,"Rough","Avg. Reward Condition",20,"7",11,0,114,367,"Short",0.0764066018530684,0.69698768895018,NA,0.491195913925299,"localGP"
"11362",46,16,4,10,100,100,"Rough","Avg. Reward Condition",20,"7",11,0,115,367,"Short",0.0764066018530684,0.69698768895018,NA,0.491195913925299,"localGP"
"11363",46,17,5,10,87.2658829250153,100,"Rough","Avg. Reward Condition",20,"7",11,0,116,367,"Short",0.0764066018530684,0.69698768895018,NA,0.491195913925299,"localGP"
"11364",46,18,5,9,67.3684283417963,100,"Rough","Avg. Reward Condition",20,"7",11,0,105,367,"Short",0.0764066018530684,0.69698768895018,NA,0.491195913925299,"localGP"
"11365",46,19,4,9,78.163385341713,100,"Rough","Avg. Reward Condition",20,"7",11,0,104,367,"Short",0.0764066018530684,0.69698768895018,NA,0.491195913925299,"localGP"
"11366",46,20,4,10,100,100,"Rough","Avg. Reward Condition",20,"7",11,0,115,367,"Short",0.0764066018530684,0.69698768895018,NA,0.491195913925299,"localGP"
"11367",46,21,4,10,100,100,"Rough","Avg. Reward Condition",20,"7",11,0,115,367,"Short",0.0764066018530684,0.69698768895018,NA,0.491195913925299,"localGP"
"11368",46,1,2,2,50.4691115170586,50.4691115170586,"Rough","Avg. Reward Condition",40,"8",7,NA,25,368,"Long",0.0858049622523364,0.780772403199119,NA,0.516845993122182,"localGP"
"11369",46,2,2,3,45.6969453717705,50.4691115170586,"Rough","Avg. Reward Condition",40,"8",7,2,36,368,"Long",0.0858049622523364,0.780772403199119,NA,0.516845993122182,"localGP"
"11370",46,3,3,3,37.3678419356418,50.4691115170586,"Rough","Avg. Reward Condition",40,"8",7,1,37,368,"Long",0.0858049622523364,0.780772403199119,NA,0.516845993122182,"localGP"
"11371",46,4,5,0,33.6288335225116,50.4691115170586,"Rough","Avg. Reward Condition",40,"8",7,2,6,368,"Long",0.0858049622523364,0.780772403199119,NA,0.516845993122182,"localGP"
"11372",46,5,6,0,55.1457659319725,55.1457659319725,"Rough","Avg. Reward Condition",40,"8",7,2,7,368,"Long",0.0858049622523364,0.780772403199119,NA,0.516845993122182,"localGP"
"11373",46,6,9,7,48.6503812146378,55.1457659319725,"Rough","Avg. Reward Condition",40,"8",7,2,87,368,"Long",0.0858049622523364,0.780772403199119,NA,0.516845993122182,"localGP"
"11374",46,7,4,9,31.6417224588132,55.1457659319725,"Rough","Avg. Reward Condition",40,"8",7,1,104,368,"Long",0.0858049622523364,0.780772403199119,NA,0.516845993122182,"localGP"
"11375",46,8,4,1,58.9317872709638,58.9317872709638,"Rough","Avg. Reward Condition",40,"8",7,2,16,368,"Long",0.0858049622523364,0.780772403199119,NA,0.516845993122182,"localGP"
"11376",46,9,5,1,61.1993321325688,61.1993321325688,"Rough","Avg. Reward Condition",40,"8",7,1,17,368,"Long",0.0858049622523364,0.780772403199119,NA,0.516845993122182,"localGP"
"11377",46,10,6,1,58.4718748542546,61.1993321325688,"Rough","Avg. Reward Condition",40,"8",7,1,18,368,"Long",0.0858049622523364,0.780772403199119,NA,0.516845993122182,"localGP"
"11378",46,11,7,1,64.1520185583196,64.1520185583196,"Rough","Avg. Reward Condition",40,"8",7,2,19,368,"Long",0.0858049622523364,0.780772403199119,NA,0.516845993122182,"localGP"
"11379",46,12,7,2,58.8232550696874,64.1520185583196,"Rough","Avg. Reward Condition",40,"8",7,2,30,368,"Long",0.0858049622523364,0.780772403199119,NA,0.516845993122182,"localGP"
"11380",46,13,8,2,53.532220554727,64.1520185583196,"Rough","Avg. Reward Condition",40,"8",7,1,31,368,"Long",0.0858049622523364,0.780772403199119,NA,0.516845993122182,"localGP"
"11381",46,14,9,2,33.0324980399919,64.1520185583196,"Rough","Avg. Reward Condition",40,"8",7,1,32,368,"Long",0.0858049622523364,0.780772403199119,NA,0.516845993122182,"localGP"
"11382",46,15,9,1,32.884325467042,64.1520185583196,"Rough","Avg. Reward Condition",40,"8",7,1,21,368,"Long",0.0858049622523364,0.780772403199119,NA,0.516845993122182,"localGP"
"11383",46,16,10,1,28.1522296386813,64.1520185583196,"Rough","Avg. Reward Condition",40,"8",7,8,22,368,"Long",0.0858049622523364,0.780772403199119,NA,0.516845993122182,"localGP"
"11384",46,17,1,0,29.6758982233628,64.1520185583196,"Rough","Avg. Reward Condition",40,"8",7,18,2,368,"Long",0.0858049622523364,0.780772403199119,NA,0.516845993122182,"localGP"
"11385",46,18,0,0,29.3377515264284,64.1520185583196,"Rough","Avg. Reward Condition",40,"8",7,10,1,368,"Long",0.0858049622523364,0.780772403199119,NA,0.516845993122182,"localGP"
"11386",46,19,1,2,29.6498568268542,64.1520185583196,"Rough","Avg. Reward Condition",40,"8",7,20,24,368,"Long",0.0858049622523364,0.780772403199119,NA,0.516845993122182,"localGP"
"11387",46,20,6,5,47.1321659100767,64.1520185583196,"Rough","Avg. Reward Condition",40,"8",7,4,62,368,"Long",0.0858049622523364,0.780772403199119,NA,0.516845993122182,"localGP"
"11388",46,21,5,5,44.5106092443796,64.1520185583196,"Rough","Avg. Reward Condition",40,"8",7,4,61,368,"Long",0.0858049622523364,0.780772403199119,NA,0.516845993122182,"localGP"
"11389",46,22,5,9,27.8448402853638,64.1520185583196,"Rough","Avg. Reward Condition",40,"8",7,7,105,368,"Long",0.0858049622523364,0.780772403199119,NA,0.516845993122182,"localGP"
"11390",46,23,7,8,65.9206763266324,65.9206763266324,"Rough","Avg. Reward Condition",40,"8",7,4,96,368,"Long",0.0858049622523364,0.780772403199119,NA,0.516845993122182,"localGP"
"11391",46,24,4,6,84.1129360614595,84.1129360614595,"Rough","Avg. Reward Condition",40,"8",7,3,71,368,"Long",0.0858049622523364,0.780772403199119,NA,0.516845993122182,"localGP"
"11392",46,25,3,6,90.5286582157079,90.5286582157079,"Rough","Avg. Reward Condition",40,"8",7,4,70,368,"Long",0.0858049622523364,0.780772403199119,NA,0.516845993122182,"localGP"
"11393",46,26,3,5,100,100,"Rough","Avg. Reward Condition",40,"8",7,3,59,368,"Long",0.0858049622523364,0.780772403199119,NA,0.516845993122182,"localGP"
"11394",46,27,2,5,81.410941886626,100,"Rough","Avg. Reward Condition",40,"8",7,2,58,368,"Long",0.0858049622523364,0.780772403199119,NA,0.516845993122182,"localGP"
"11395",46,28,3,5,100,100,"Rough","Avg. Reward Condition",40,"8",7,2,59,368,"Long",0.0858049622523364,0.780772403199119,NA,0.516845993122182,"localGP"
"11396",46,29,3,5,100,100,"Rough","Avg. Reward Condition",40,"8",7,1,59,368,"Long",0.0858049622523364,0.780772403199119,NA,0.516845993122182,"localGP"
"11397",46,30,4,5,66.807827900394,100,"Rough","Avg. Reward Condition",40,"8",7,2,60,368,"Long",0.0858049622523364,0.780772403199119,NA,0.516845993122182,"localGP"
"11398",46,31,3,5,100,100,"Rough","Avg. Reward Condition",40,"8",7,2,59,368,"Long",0.0858049622523364,0.780772403199119,NA,0.516845993122182,"localGP"
"11399",46,32,9,6,51.8722338674395,100,"Rough","Avg. Reward Condition",40,"8",7,2,76,368,"Long",0.0858049622523364,0.780772403199119,NA,0.516845993122182,"localGP"
"11400",46,33,9,5,88.0456624617215,100,"Rough","Avg. Reward Condition",40,"8",7,1,65,368,"Long",0.0858049622523364,0.780772403199119,NA,0.516845993122182,"localGP"
"11401",46,34,9,4,77.6481440786295,100,"Rough","Avg. Reward Condition",40,"8",7,2,54,368,"Long",0.0858049622523364,0.780772403199119,NA,0.516845993122182,"localGP"
"11402",46,35,8,4,92.0072637842279,100,"Rough","Avg. Reward Condition",40,"8",7,3,53,368,"Long",0.0858049622523364,0.780772403199119,NA,0.516845993122182,"localGP"
"11403",46,36,8,5,94.611075528205,100,"Rough","Avg. Reward Condition",40,"8",7,2,64,368,"Long",0.0858049622523364,0.780772403199119,NA,0.516845993122182,"localGP"
"11404",46,37,8,6,73.8483056301387,100,"Rough","Avg. Reward Condition",40,"8",7,1,75,368,"Long",0.0858049622523364,0.780772403199119,NA,0.516845993122182,"localGP"
"11405",46,38,7,6,64.1165610070556,100,"Rough","Avg. Reward Condition",40,"8",7,1,74,368,"Long",0.0858049622523364,0.780772403199119,NA,0.516845993122182,"localGP"
"11406",46,39,7,7,81.7749017517345,100,"Rough","Avg. Reward Condition",40,"8",7,1,85,368,"Long",0.0858049622523364,0.780772403199119,NA,0.516845993122182,"localGP"
"11407",46,40,2,9,19.7561850844021,100,"Rough","Avg. Reward Condition",40,"8",7,11,102,368,"Long",0.0858049622523364,0.780772403199119,NA,0.516845993122182,"localGP"
"11408",46,41,2,8,44.8287344776486,100,"Rough","Avg. Reward Condition",40,"8",7,3,91,368,"Long",0.0858049622523364,0.780772403199119,NA,0.516845993122182,"localGP"
"11409",47,1,9,5,12.8213865416785,12.8213865416785,"Rough","Avg. Reward Condition",40,"1",5,NA,65,369,"Long",16.6656659712777,0.29515484663277,NA,99.925510671674,"localGP"
"11410",47,2,9,2,40.6256617216609,40.6256617216609,"Rough","Avg. Reward Condition",40,"1",5,1,32,369,"Long",16.6656659712777,0.29515484663277,NA,99.925510671674,"localGP"
"11411",47,3,9,3,37.6653431839329,40.6256617216609,"Rough","Avg. Reward Condition",40,"1",5,1,43,369,"Long",16.6656659712777,0.29515484663277,NA,99.925510671674,"localGP"
"11412",47,4,10,2,22.4366254461022,40.6256617216609,"Rough","Avg. Reward Condition",40,"1",5,1,33,369,"Long",16.6656659712777,0.29515484663277,NA,99.925510671674,"localGP"
"11413",47,5,10,3,0,40.6256617216609,"Rough","Avg. Reward Condition",40,"1",5,1,44,369,"Long",16.6656659712777,0.29515484663277,NA,99.925510671674,"localGP"
"11414",47,6,10,4,27.5747046618376,40.6256617216609,"Rough","Avg. Reward Condition",40,"1",5,1,55,369,"Long",16.6656659712777,0.29515484663277,NA,99.925510671674,"localGP"
"11415",47,7,10,5,64.2061057653187,64.2061057653187,"Rough","Avg. Reward Condition",40,"1",5,1,66,369,"Long",16.6656659712777,0.29515484663277,NA,99.925510671674,"localGP"
"11416",47,8,10,6,82.4387014347711,82.4387014347711,"Rough","Avg. Reward Condition",40,"1",5,1,77,369,"Long",16.6656659712777,0.29515484663277,NA,99.925510671674,"localGP"
"11417",47,9,10,7,69.0054960754502,82.4387014347711,"Rough","Avg. Reward Condition",40,"1",5,1,88,369,"Long",16.6656659712777,0.29515484663277,NA,99.925510671674,"localGP"
"11418",47,10,9,8,81.2433897221898,82.4387014347711,"Rough","Avg. Reward Condition",40,"1",5,1,98,369,"Long",16.6656659712777,0.29515484663277,NA,99.925510671674,"localGP"
"11419",47,11,9,7,82.2639339178051,82.4387014347711,"Rough","Avg. Reward Condition",40,"1",5,1,87,369,"Long",16.6656659712777,0.29515484663277,NA,99.925510671674,"localGP"
"11420",47,12,9,6,62.6880904214702,82.4387014347711,"Rough","Avg. Reward Condition",40,"1",5,1,76,369,"Long",16.6656659712777,0.29515484663277,NA,99.925510671674,"localGP"
"11421",47,13,8,6,91.4722545331952,91.4722545331952,"Rough","Avg. Reward Condition",40,"1",5,1,75,369,"Long",16.6656659712777,0.29515484663277,NA,99.925510671674,"localGP"
"11422",47,14,8,7,100,100,"Rough","Avg. Reward Condition",40,"1",5,1,86,369,"Long",16.6656659712777,0.29515484663277,NA,99.925510671674,"localGP"
"11423",47,15,5,7,50.9750480071235,100,"Rough","Avg. Reward Condition",40,"1",5,1,83,369,"Long",16.6656659712777,0.29515484663277,NA,99.925510671674,"localGP"
"11424",47,16,6,7,60.8864429943102,100,"Rough","Avg. Reward Condition",40,"1",5,1,84,369,"Long",16.6656659712777,0.29515484663277,NA,99.925510671674,"localGP"
"11425",47,17,6,5,19.3202384321572,100,"Rough","Avg. Reward Condition",40,"1",5,1,62,369,"Long",16.6656659712777,0.29515484663277,NA,99.925510671674,"localGP"
"11426",47,18,10,1,59.8039431461058,100,"Rough","Avg. Reward Condition",40,"1",5,1,22,369,"Long",16.6656659712777,0.29515484663277,NA,99.925510671674,"localGP"
"11427",47,19,6,8,31.779943763312,100,"Rough","Avg. Reward Condition",40,"1",5,1,95,369,"Long",16.6656659712777,0.29515484663277,NA,99.925510671674,"localGP"
"11428",47,20,6,9,54.6126076443518,100,"Rough","Avg. Reward Condition",40,"1",5,1,106,369,"Long",16.6656659712777,0.29515484663277,NA,99.925510671674,"localGP"
"11429",47,21,5,9,64.402620965622,100,"Rough","Avg. Reward Condition",40,"1",5,2,105,369,"Long",16.6656659712777,0.29515484663277,NA,99.925510671674,"localGP"
"11430",47,22,5,10,80.0382640749474,100,"Rough","Avg. Reward Condition",40,"1",5,1,116,369,"Long",16.6656659712777,0.29515484663277,NA,99.925510671674,"localGP"
"11431",47,23,7,6,95.8234728185907,100,"Rough","Avg. Reward Condition",40,"1",5,2,74,369,"Long",16.6656659712777,0.29515484663277,NA,99.925510671674,"localGP"
"11432",47,24,7,7,68.4962011684434,100,"Rough","Avg. Reward Condition",40,"1",5,1,85,369,"Long",16.6656659712777,0.29515484663277,NA,99.925510671674,"localGP"
"11433",47,25,0,7,66.0642048985975,100,"Rough","Avg. Reward Condition",40,"1",5,1,78,369,"Long",16.6656659712777,0.29515484663277,NA,99.925510671674,"localGP"
"11434",47,26,6,10,49.8503873237507,100,"Rough","Avg. Reward Condition",40,"1",5,1,117,369,"Long",16.6656659712777,0.29515484663277,NA,99.925510671674,"localGP"
"11435",47,27,7,2,61.2330802415628,100,"Rough","Avg. Reward Condition",40,"1",5,2,30,369,"Long",16.6656659712777,0.29515484663277,NA,99.925510671674,"localGP"
"11436",47,28,3,3,30.1477778754891,100,"Rough","Avg. Reward Condition",40,"1",5,1,37,369,"Long",16.6656659712777,0.29515484663277,NA,99.925510671674,"localGP"
"11437",47,29,3,4,13.4107101100565,100,"Rough","Avg. Reward Condition",40,"1",5,2,48,369,"Long",16.6656659712777,0.29515484663277,NA,99.925510671674,"localGP"
"11438",47,30,2,6,69.3656436525534,100,"Rough","Avg. Reward Condition",40,"1",5,3,69,369,"Long",16.6656659712777,0.29515484663277,NA,99.925510671674,"localGP"
"11439",47,31,1,6,35.5836136671524,100,"Rough","Avg. Reward Condition",40,"1",5,1,68,369,"Long",16.6656659712777,0.29515484663277,NA,99.925510671674,"localGP"
"11440",47,32,5,9,64.402620965622,100,"Rough","Avg. Reward Condition",40,"1",5,1,105,369,"Long",16.6656659712777,0.29515484663277,NA,99.925510671674,"localGP"
"11441",47,33,5,8,49.7859994292566,100,"Rough","Avg. Reward Condition",40,"1",5,8,94,369,"Long",16.6656659712777,0.29515484663277,NA,99.925510671674,"localGP"
"11442",47,34,3,6,53.9386192872813,100,"Rough","Avg. Reward Condition",40,"1",5,1,70,369,"Long",16.6656659712777,0.29515484663277,NA,99.925510671674,"localGP"
"11443",47,35,3,7,57.0516260288864,100,"Rough","Avg. Reward Condition",40,"1",5,1,81,369,"Long",16.6656659712777,0.29515484663277,NA,99.925510671674,"localGP"
"11444",47,36,2,7,63.0009414809194,100,"Rough","Avg. Reward Condition",40,"1",5,1,80,369,"Long",16.6656659712777,0.29515484663277,NA,99.925510671674,"localGP"
"11445",47,37,2,8,25.1092880006294,100,"Rough","Avg. Reward Condition",40,"1",5,2,91,369,"Long",16.6656659712777,0.29515484663277,NA,99.925510671674,"localGP"
"11446",47,38,4,5,27.8972182072898,100,"Rough","Avg. Reward Condition",40,"1",5,2,60,369,"Long",16.6656659712777,0.29515484663277,NA,99.925510671674,"localGP"
"11447",47,39,5,5,35.9893886726837,100,"Rough","Avg. Reward Condition",40,"1",5,3,61,369,"Long",16.6656659712777,0.29515484663277,NA,99.925510671674,"localGP"
"11448",47,40,5,4,54.3126092330093,100,"Rough","Avg. Reward Condition",40,"1",5,1,50,369,"Long",16.6656659712777,0.29515484663277,NA,99.925510671674,"localGP"
"11449",47,41,4,4,22.6938996654939,100,"Rough","Avg. Reward Condition",40,"1",5,3,49,369,"Long",16.6656659712777,0.29515484663277,NA,99.925510671674,"localGP"
"11450",47,1,1,4,5.78214672223985,5.78214672223985,"Rough","Avg. Reward Condition",20,"2",18,NA,46,370,"Short",0.0947939911950123,0.586102734230771,NA,0.547218104535416,"localGP"
"11451",47,2,0,5,18.0799924222245,18.0799924222245,"Rough","Avg. Reward Condition",20,"2",18,1,56,370,"Short",0.0947939911950123,0.586102734230771,NA,0.547218104535416,"localGP"
"11452",47,3,6,1,34.7009695996788,34.7009695996788,"Rough","Avg. Reward Condition",20,"2",18,1,18,370,"Short",0.0947939911950123,0.586102734230771,NA,0.547218104535416,"localGP"
"11453",47,4,6,0,37.7168186975526,37.7168186975526,"Rough","Avg. Reward Condition",20,"2",18,2,7,370,"Short",0.0947939911950123,0.586102734230771,NA,0.547218104535416,"localGP"
"11454",47,5,8,8,58.8343770395875,58.8343770395875,"Rough","Avg. Reward Condition",20,"2",18,1,97,370,"Short",0.0947939911950123,0.586102734230771,NA,0.547218104535416,"localGP"
"11455",47,6,7,8,41.2424197528624,58.8343770395875,"Rough","Avg. Reward Condition",20,"2",18,1,96,370,"Short",0.0947939911950123,0.586102734230771,NA,0.547218104535416,"localGP"
"11456",47,7,6,8,37.9736257778301,58.8343770395875,"Rough","Avg. Reward Condition",20,"2",18,1,95,370,"Short",0.0947939911950123,0.586102734230771,NA,0.547218104535416,"localGP"
"11457",47,8,6,9,34.6588515600726,58.8343770395875,"Rough","Avg. Reward Condition",20,"2",18,1,106,370,"Short",0.0947939911950123,0.586102734230771,NA,0.547218104535416,"localGP"
"11458",47,9,6,10,34.4746445894491,58.8343770395875,"Rough","Avg. Reward Condition",20,"2",18,2,117,370,"Short",0.0947939911950123,0.586102734230771,NA,0.547218104535416,"localGP"
"11459",47,10,4,10,41.5348285805763,58.8343770395875,"Rough","Avg. Reward Condition",20,"2",18,1,115,370,"Short",0.0947939911950123,0.586102734230771,NA,0.547218104535416,"localGP"
"11460",47,11,3,6,31.7774943870089,58.8343770395875,"Rough","Avg. Reward Condition",20,"2",18,1,70,370,"Short",0.0947939911950123,0.586102734230771,NA,0.547218104535416,"localGP"
"11461",47,12,3,7,22.0436802123003,58.8343770395875,"Rough","Avg. Reward Condition",20,"2",18,1,81,370,"Short",0.0947939911950123,0.586102734230771,NA,0.547218104535416,"localGP"
"11462",47,13,9,0,42.0409614410277,58.8343770395875,"Rough","Avg. Reward Condition",20,"2",18,2,10,370,"Short",0.0947939911950123,0.586102734230771,NA,0.547218104535416,"localGP"
"11463",47,14,9,1,36.0277373757591,58.8343770395875,"Rough","Avg. Reward Condition",20,"2",18,1,21,370,"Short",0.0947939911950123,0.586102734230771,NA,0.547218104535416,"localGP"
"11464",47,15,9,2,46.2486687787869,58.8343770395875,"Rough","Avg. Reward Condition",20,"2",18,8,32,370,"Short",0.0947939911950123,0.586102734230771,NA,0.547218104535416,"localGP"
"11465",47,16,8,2,23.7481836425879,58.8343770395875,"Rough","Avg. Reward Condition",20,"2",18,2,31,370,"Short",0.0947939911950123,0.586102734230771,NA,0.547218104535416,"localGP"
"11466",47,17,8,3,32.1774726570329,58.8343770395875,"Rough","Avg. Reward Condition",20,"2",18,4,42,370,"Short",0.0947939911950123,0.586102734230771,NA,0.547218104535416,"localGP"
"11467",47,18,9,3,52.6770087163606,58.8343770395875,"Rough","Avg. Reward Condition",20,"2",18,1,43,370,"Short",0.0947939911950123,0.586102734230771,NA,0.547218104535416,"localGP"
"11468",47,19,10,3,47.7289893692748,58.8343770395875,"Rough","Avg. Reward Condition",20,"2",18,1,44,370,"Short",0.0947939911950123,0.586102734230771,NA,0.547218104535416,"localGP"
"11469",47,20,8,4,38.0812277919718,58.8343770395875,"Rough","Avg. Reward Condition",20,"2",18,2,53,370,"Short",0.0947939911950123,0.586102734230771,NA,0.547218104535416,"localGP"
"11470",47,21,9,4,40.7628674874765,58.8343770395875,"Rough","Avg. Reward Condition",20,"2",18,1,54,370,"Short",0.0947939911950123,0.586102734230771,NA,0.547218104535416,"localGP"
"11471",47,1,1,3,57.3052531096848,57.3052531096848,"Rough","Avg. Reward Condition",40,"3",11,NA,35,371,"Long",0.0848516778627345,0.591936741271881,NA,0.573534048750118,"localGP"
"11472",47,2,1,4,21.9699335445303,57.3052531096848,"Rough","Avg. Reward Condition",40,"3",11,1,46,371,"Long",0.0848516778627345,0.591936741271881,NA,0.573534048750118,"localGP"
"11473",47,3,2,5,2.60066814407864,57.3052531096848,"Rough","Avg. Reward Condition",40,"3",11,1,58,371,"Long",0.0848516778627345,0.591936741271881,NA,0.573534048750118,"localGP"
"11474",47,4,1,5,17.0308109764636,57.3052531096848,"Rough","Avg. Reward Condition",40,"3",11,1,57,371,"Long",0.0848516778627345,0.591936741271881,NA,0.573534048750118,"localGP"
"11475",47,5,0,5,32.447397425839,57.3052531096848,"Rough","Avg. Reward Condition",40,"3",11,1,56,371,"Long",0.0848516778627345,0.591936741271881,NA,0.573534048750118,"localGP"
"11476",47,6,0,4,39.3974743760866,57.3052531096848,"Rough","Avg. Reward Condition",40,"3",11,2,45,371,"Long",0.0848516778627345,0.591936741271881,NA,0.573534048750118,"localGP"
"11477",47,7,0,7,87.1881878039336,87.1881878039336,"Rough","Avg. Reward Condition",40,"3",11,1,78,371,"Long",0.0848516778627345,0.591936741271881,NA,0.573534048750118,"localGP"
"11478",47,8,0,8,67.5757211779263,87.1881878039336,"Rough","Avg. Reward Condition",40,"3",11,3,89,371,"Long",0.0848516778627345,0.591936741271881,NA,0.573534048750118,"localGP"
"11479",47,9,1,8,56.1053689232527,87.1881878039336,"Rough","Avg. Reward Condition",40,"3",11,1,90,371,"Long",0.0848516778627345,0.591936741271881,NA,0.573534048750118,"localGP"
"11480",47,10,5,4,30.7989766906586,87.1881878039336,"Rough","Avg. Reward Condition",40,"3",11,3,50,371,"Long",0.0848516778627345,0.591936741271881,NA,0.573534048750118,"localGP"
"11481",47,11,4,5,18.9411739420766,87.1881878039336,"Rough","Avg. Reward Condition",40,"3",11,1,60,371,"Long",0.0848516778627345,0.591936741271881,NA,0.573534048750118,"localGP"
"11482",47,12,4,6,31.0378764516063,87.1881878039336,"Rough","Avg. Reward Condition",40,"3",11,1,71,371,"Long",0.0848516778627345,0.591936741271881,NA,0.573534048750118,"localGP"
"11483",47,13,3,6,2.87635542151745,87.1881878039336,"Rough","Avg. Reward Condition",40,"3",11,1,70,371,"Long",0.0848516778627345,0.591936741271881,NA,0.573534048750118,"localGP"
"11484",47,14,0,4,39.3974743760866,87.1881878039336,"Rough","Avg. Reward Condition",40,"3",11,1,45,371,"Long",0.0848516778627345,0.591936741271881,NA,0.573534048750118,"localGP"
"11485",47,15,0,3,52.5672318356315,87.1881878039336,"Rough","Avg. Reward Condition",40,"3",11,1,34,371,"Long",0.0848516778627345,0.591936741271881,NA,0.573534048750118,"localGP"
"11486",47,16,0,2,46.5877000271828,87.1881878039336,"Rough","Avg. Reward Condition",40,"3",11,1,23,371,"Long",0.0848516778627345,0.591936741271881,NA,0.573534048750118,"localGP"
"11487",47,17,1,2,66.3313254646448,87.1881878039336,"Rough","Avg. Reward Condition",40,"3",11,1,24,371,"Long",0.0848516778627345,0.591936741271881,NA,0.573534048750118,"localGP"
"11488",47,18,8,8,38.0062708258148,87.1881878039336,"Rough","Avg. Reward Condition",40,"3",11,1,97,371,"Long",0.0848516778627345,0.591936741271881,NA,0.573534048750118,"localGP"
"11489",47,19,6,1,16.1803589451831,87.1881878039336,"Rough","Avg. Reward Condition",40,"3",11,2,18,371,"Long",0.0848516778627345,0.591936741271881,NA,0.573534048750118,"localGP"
"11490",47,20,6,0,24.4563131020633,87.1881878039336,"Rough","Avg. Reward Condition",40,"3",11,3,7,371,"Long",0.0848516778627345,0.591936741271881,NA,0.573534048750118,"localGP"
"11491",47,21,5,0,49.8847811277219,87.1881878039336,"Rough","Avg. Reward Condition",40,"3",11,2,6,371,"Long",0.0848516778627345,0.591936741271881,NA,0.573534048750118,"localGP"
"11492",47,22,4,0,44.8118345976793,87.1881878039336,"Rough","Avg. Reward Condition",40,"3",11,1,5,371,"Long",0.0848516778627345,0.591936741271881,NA,0.573534048750118,"localGP"
"11493",47,23,4,1,66.1495990392583,87.1881878039336,"Rough","Avg. Reward Condition",40,"3",11,2,16,371,"Long",0.0848516778627345,0.591936741271881,NA,0.573534048750118,"localGP"
"11494",47,24,4,2,52.3985197221421,87.1881878039336,"Rough","Avg. Reward Condition",40,"3",11,1,27,371,"Long",0.0848516778627345,0.591936741271881,NA,0.573534048750118,"localGP"
"11495",47,25,5,2,64.0266563277365,87.1881878039336,"Rough","Avg. Reward Condition",40,"3",11,2,28,371,"Long",0.0848516778627345,0.591936741271881,NA,0.573534048750118,"localGP"
"11496",47,26,5,1,51.6981708043446,87.1881878039336,"Rough","Avg. Reward Condition",40,"3",11,3,17,371,"Long",0.0848516778627345,0.591936741271881,NA,0.573534048750118,"localGP"
"11497",47,27,3,3,18.93685736026,87.1881878039336,"Rough","Avg. Reward Condition",40,"3",11,1,37,371,"Long",0.0848516778627345,0.591936741271881,NA,0.573534048750118,"localGP"
"11498",47,28,3,1,47.2843944908468,87.1881878039336,"Rough","Avg. Reward Condition",40,"3",11,5,15,371,"Long",0.0848516778627345,0.591936741271881,NA,0.573534048750118,"localGP"
"11499",47,29,3,2,46.913663419152,87.1881878039336,"Rough","Avg. Reward Condition",40,"3",11,2,26,371,"Long",0.0848516778627345,0.591936741271881,NA,0.573534048750118,"localGP"
"11500",47,30,6,6,71.604411900564,87.1881878039336,"Rough","Avg. Reward Condition",40,"3",11,1,73,371,"Long",0.0848516778627345,0.591936741271881,NA,0.573534048750118,"localGP"
"11501",47,31,5,6,49.4392607625957,87.1881878039336,"Rough","Avg. Reward Condition",40,"3",11,1,72,371,"Long",0.0848516778627345,0.591936741271881,NA,0.573534048750118,"localGP"
"11502",47,32,7,7,41.1147763409862,87.1881878039336,"Rough","Avg. Reward Condition",40,"3",11,1,85,371,"Long",0.0848516778627345,0.591936741271881,NA,0.573534048750118,"localGP"
"11503",47,33,6,7,34.4381373712981,87.1881878039336,"Rough","Avg. Reward Condition",40,"3",11,1,84,371,"Long",0.0848516778627345,0.591936741271881,NA,0.573534048750118,"localGP"
"11504",47,34,5,7,51.7565921683248,87.1881878039336,"Rough","Avg. Reward Condition",40,"3",11,2,83,371,"Long",0.0848516778627345,0.591936741271881,NA,0.573534048750118,"localGP"
"11505",47,35,4,7,65.5617086800568,87.1881878039336,"Rough","Avg. Reward Condition",40,"3",11,5,82,371,"Long",0.0848516778627345,0.591936741271881,NA,0.573534048750118,"localGP"
"11506",47,36,8,2,27.9169058810438,87.1881878039336,"Rough","Avg. Reward Condition",40,"3",11,1,31,371,"Long",0.0848516778627345,0.591936741271881,NA,0.573534048750118,"localGP"
"11507",47,37,9,2,22.5222349190201,87.1881878039336,"Rough","Avg. Reward Condition",40,"3",11,5,32,371,"Long",0.0848516778627345,0.591936741271881,NA,0.573534048750118,"localGP"
"11508",47,38,9,1,20.8343699641272,87.1881878039336,"Rough","Avg. Reward Condition",40,"3",11,1,21,371,"Long",0.0848516778627345,0.591936741271881,NA,0.573534048750118,"localGP"
"11509",47,39,8,1,46.3164104609932,87.1881878039336,"Rough","Avg. Reward Condition",40,"3",11,1,20,371,"Long",0.0848516778627345,0.591936741271881,NA,0.573534048750118,"localGP"
"11510",47,40,4,9,78.163385341713,87.1881878039336,"Rough","Avg. Reward Condition",40,"3",11,10,104,371,"Long",0.0848516778627345,0.591936741271881,NA,0.573534048750118,"localGP"
"11511",47,41,4,10,100,100,"Rough","Avg. Reward Condition",40,"3",11,1,115,371,"Long",0.0848516778627345,0.591936741271881,NA,0.573534048750118,"localGP"
"11512",47,1,0,5,32.850086686041,32.850086686041,"Rough","Avg. Reward Condition",20,"4",17,NA,56,372,"Short",0.0802247786677988,0.681970290137036,NA,0.540513533370513,"localGP"
"11513",47,2,0,4,42.8036360256074,42.8036360256074,"Rough","Avg. Reward Condition",20,"4",17,1,45,372,"Short",0.0802247786677988,0.681970290137036,NA,0.540513533370513,"localGP"
"11514",47,3,2,4,78.1145537046303,78.1145537046303,"Rough","Avg. Reward Condition",20,"4",17,2,47,372,"Short",0.0802247786677988,0.681970290137036,NA,0.540513533370513,"localGP"
"11515",47,4,3,4,81.7432518785976,81.7432518785976,"Rough","Avg. Reward Condition",20,"4",17,2,48,372,"Short",0.0802247786677988,0.681970290137036,NA,0.540513533370513,"localGP"
"11516",47,5,3,3,36.5733542977154,81.7432518785976,"Rough","Avg. Reward Condition",20,"4",17,1,37,372,"Short",0.0802247786677988,0.681970290137036,NA,0.540513533370513,"localGP"
"11517",47,6,2,3,51.4694994418352,81.7432518785976,"Rough","Avg. Reward Condition",20,"4",17,2,36,372,"Short",0.0802247786677988,0.681970290137036,NA,0.540513533370513,"localGP"
"11518",47,7,3,6,61.6521718992743,81.7432518785976,"Rough","Avg. Reward Condition",20,"4",17,2,70,372,"Short",0.0802247786677988,0.681970290137036,NA,0.540513533370513,"localGP"
"11519",47,8,3,7,48.1203452766967,81.7432518785976,"Rough","Avg. Reward Condition",20,"4",17,3,81,372,"Short",0.0802247786677988,0.681970290137036,NA,0.540513533370513,"localGP"
"11520",47,9,4,7,36.7346397615748,81.7432518785976,"Rough","Avg. Reward Condition",20,"4",17,2,82,372,"Short",0.0802247786677988,0.681970290137036,NA,0.540513533370513,"localGP"
"11521",47,10,4,8,28.2798800164457,81.7432518785976,"Rough","Avg. Reward Condition",20,"4",17,1,93,372,"Short",0.0802247786677988,0.681970290137036,NA,0.540513533370513,"localGP"
"11522",47,11,4,9,28.1850545862844,81.7432518785976,"Rough","Avg. Reward Condition",20,"4",17,1,104,372,"Short",0.0802247786677988,0.681970290137036,NA,0.540513533370513,"localGP"
"11523",47,12,0,7,75.6546500292789,81.7432518785976,"Rough","Avg. Reward Condition",20,"4",17,3,78,372,"Short",0.0802247786677988,0.681970290137036,NA,0.540513533370513,"localGP"
"11524",47,13,0,6,45.728251505355,81.7432518785976,"Rough","Avg. Reward Condition",20,"4",17,5,67,372,"Short",0.0802247786677988,0.681970290137036,NA,0.540513533370513,"localGP"
"11525",47,14,1,6,46.8743954250285,81.7432518785976,"Rough","Avg. Reward Condition",20,"4",17,2,68,372,"Short",0.0802247786677988,0.681970290137036,NA,0.540513533370513,"localGP"
"11526",47,15,2,6,67.9735102315088,81.7432518785976,"Rough","Avg. Reward Condition",20,"4",17,3,69,372,"Short",0.0802247786677988,0.681970290137036,NA,0.540513533370513,"localGP"
"11527",47,16,4,1,41.9723015643252,81.7432518785976,"Rough","Avg. Reward Condition",20,"4",17,1,16,372,"Short",0.0802247786677988,0.681970290137036,NA,0.540513533370513,"localGP"
"11528",47,17,4,2,41.5181075048439,81.7432518785976,"Rough","Avg. Reward Condition",20,"4",17,1,27,372,"Short",0.0802247786677988,0.681970290137036,NA,0.540513533370513,"localGP"
"11529",47,18,3,2,23.6908296972781,81.7432518785976,"Rough","Avg. Reward Condition",20,"4",17,8,26,372,"Short",0.0802247786677988,0.681970290137036,NA,0.540513533370513,"localGP"
"11530",47,19,3,1,43.1791147725399,81.7432518785976,"Rough","Avg. Reward Condition",20,"4",17,6,15,372,"Short",0.0802247786677988,0.681970290137036,NA,0.540513533370513,"localGP"
"11531",47,20,4,4,91.0453666765183,91.0453666765183,"Rough","Avg. Reward Condition",20,"4",17,7,49,372,"Short",0.0802247786677988,0.681970290137036,NA,0.540513533370513,"localGP"
"11532",47,21,5,4,61.0193303568798,91.0453666765183,"Rough","Avg. Reward Condition",20,"4",17,2,50,372,"Short",0.0802247786677988,0.681970290137036,NA,0.540513533370513,"localGP"
"11533",47,1,1,7,60.3654685590386,60.3654685590386,"Rough","Avg. Reward Condition",40,"5",9,NA,79,373,"Long",0.0970992037725261,0.550960512852843,NA,0.62960950597531,"localGP"
"11534",47,2,2,0,46.5810288004854,60.3654685590386,"Rough","Avg. Reward Condition",40,"5",9,1,3,373,"Long",0.0970992037725261,0.550960512852843,NA,0.62960950597531,"localGP"
"11535",47,3,1,0,83.523634481826,83.523634481826,"Rough","Avg. Reward Condition",40,"5",9,1,2,373,"Long",0.0970992037725261,0.550960512852843,NA,0.62960950597531,"localGP"
"11536",47,4,0,0,80.3515759217729,83.523634481826,"Rough","Avg. Reward Condition",40,"5",9,1,1,373,"Long",0.0970992037725261,0.550960512852843,NA,0.62960950597531,"localGP"
"11537",47,5,0,1,72.3819209739553,83.523634481826,"Rough","Avg. Reward Condition",40,"5",9,2,12,373,"Long",0.0970992037725261,0.550960512852843,NA,0.62960950597531,"localGP"
"11538",47,6,0,2,53.9477562891327,83.523634481826,"Rough","Avg. Reward Condition",40,"5",9,1,23,373,"Long",0.0970992037725261,0.550960512852843,NA,0.62960950597531,"localGP"
"11539",47,7,1,2,36.7054218908071,83.523634481826,"Rough","Avg. Reward Condition",40,"5",9,1,24,373,"Long",0.0970992037725261,0.550960512852843,NA,0.62960950597531,"localGP"
"11540",47,8,1,1,49.8229804022981,83.523634481826,"Rough","Avg. Reward Condition",40,"5",9,1,13,373,"Long",0.0970992037725261,0.550960512852843,NA,0.62960950597531,"localGP"
"11541",47,9,3,4,44.2234113272728,83.523634481826,"Rough","Avg. Reward Condition",40,"5",9,2,48,373,"Long",0.0970992037725261,0.550960512852843,NA,0.62960950597531,"localGP"
"11542",47,10,3,6,56.4526333659953,83.523634481826,"Rough","Avg. Reward Condition",40,"5",9,1,70,373,"Long",0.0970992037725261,0.550960512852843,NA,0.62960950597531,"localGP"
"11543",47,11,4,6,36.2825140010078,83.523634481826,"Rough","Avg. Reward Condition",40,"5",9,2,71,373,"Long",0.0970992037725261,0.550960512852843,NA,0.62960950597531,"localGP"
"11544",47,12,5,6,33.1152517472353,83.523634481826,"Rough","Avg. Reward Condition",40,"5",9,1,72,373,"Long",0.0970992037725261,0.550960512852843,NA,0.62960950597531,"localGP"
"11545",47,13,6,6,30.335879587278,83.523634481826,"Rough","Avg. Reward Condition",40,"5",9,3,73,373,"Long",0.0970992037725261,0.550960512852843,NA,0.62960950597531,"localGP"
"11546",47,14,9,5,32.4681463140711,83.523634481826,"Rough","Avg. Reward Condition",40,"5",9,5,65,373,"Long",0.0970992037725261,0.550960512852843,NA,0.62960950597531,"localGP"
"11547",47,15,10,3,28.0037204765752,83.523634481826,"Rough","Avg. Reward Condition",40,"5",9,1,44,373,"Long",0.0970992037725261,0.550960512852843,NA,0.62960950597531,"localGP"
"11548",47,16,10,4,62.6723256804465,83.523634481826,"Rough","Avg. Reward Condition",40,"5",9,1,55,373,"Long",0.0970992037725261,0.550960512852843,NA,0.62960950597531,"localGP"
"11549",47,17,10,5,57.8728197854694,83.523634481826,"Rough","Avg. Reward Condition",40,"5",9,1,66,373,"Long",0.0970992037725261,0.550960512852843,NA,0.62960950597531,"localGP"
"11550",47,18,10,6,41.1599115765723,83.523634481826,"Rough","Avg. Reward Condition",40,"5",9,4,77,373,"Long",0.0970992037725261,0.550960512852843,NA,0.62960950597531,"localGP"
"11551",47,19,10,7,64.0304826931053,83.523634481826,"Rough","Avg. Reward Condition",40,"5",9,1,88,373,"Long",0.0970992037725261,0.550960512852843,NA,0.62960950597531,"localGP"
"11552",47,20,10,8,84.8321481843009,84.8321481843009,"Rough","Avg. Reward Condition",40,"5",9,1,99,373,"Long",0.0970992037725261,0.550960512852843,NA,0.62960950597531,"localGP"
"11553",47,21,9,8,100,100,"Rough","Avg. Reward Condition",40,"5",9,1,98,373,"Long",0.0970992037725261,0.550960512852843,NA,0.62960950597531,"localGP"
"11554",47,22,9,7,82.8870600418845,100,"Rough","Avg. Reward Condition",40,"5",9,2,87,373,"Long",0.0970992037725261,0.550960512852843,NA,0.62960950597531,"localGP"
"11555",47,23,9,6,26.8828036594209,100,"Rough","Avg. Reward Condition",40,"5",9,1,76,373,"Long",0.0970992037725261,0.550960512852843,NA,0.62960950597531,"localGP"
"11556",47,24,8,6,1.80796018647668,100,"Rough","Avg. Reward Condition",40,"5",9,1,75,373,"Long",0.0970992037725261,0.550960512852843,NA,0.62960950597531,"localGP"
"11557",47,25,8,7,42.1666103712664,100,"Rough","Avg. Reward Condition",40,"5",9,1,86,373,"Long",0.0970992037725261,0.550960512852843,NA,0.62960950597531,"localGP"
"11558",47,26,7,7,34.6539502400698,100,"Rough","Avg. Reward Condition",40,"5",9,1,85,373,"Long",0.0970992037725261,0.550960512852843,NA,0.62960950597531,"localGP"
"11559",47,27,7,6,18.3179262510229,100,"Rough","Avg. Reward Condition",40,"5",9,1,74,373,"Long",0.0970992037725261,0.550960512852843,NA,0.62960950597531,"localGP"
"11560",47,28,7,5,4.73175051861213,100,"Rough","Avg. Reward Condition",40,"5",9,2,63,373,"Long",0.0970992037725261,0.550960512852843,NA,0.62960950597531,"localGP"
"11561",47,29,6,5,36.7517013773069,100,"Rough","Avg. Reward Condition",40,"5",9,1,62,373,"Long",0.0970992037725261,0.550960512852843,NA,0.62960950597531,"localGP"
"11562",47,30,9,1,31.5526478854245,100,"Rough","Avg. Reward Condition",40,"5",9,2,21,373,"Long",0.0970992037725261,0.550960512852843,NA,0.62960950597531,"localGP"
"11563",47,31,0,1,72.3819209739553,100,"Rough","Avg. Reward Condition",40,"5",9,5,12,373,"Long",0.0970992037725261,0.550960512852843,NA,0.62960950597531,"localGP"
"11564",47,32,5,3,31.7363408535339,100,"Rough","Avg. Reward Condition",40,"5",9,1,39,373,"Long",0.0970992037725261,0.550960512852843,NA,0.62960950597531,"localGP"
"11565",47,33,6,3,42.903174760405,100,"Rough","Avg. Reward Condition",40,"5",9,1,40,373,"Long",0.0970992037725261,0.550960512852843,NA,0.62960950597531,"localGP"
"11566",47,34,6,4,34.6420598160748,100,"Rough","Avg. Reward Condition",40,"5",9,9,51,373,"Long",0.0970992037725261,0.550960512852843,NA,0.62960950597531,"localGP"
"11567",47,35,5,4,31.7569987981429,100,"Rough","Avg. Reward Condition",40,"5",9,3,50,373,"Long",0.0970992037725261,0.550960512852843,NA,0.62960950597531,"localGP"
"11568",47,36,5,2,51.6174788041229,100,"Rough","Avg. Reward Condition",40,"5",9,1,28,373,"Long",0.0970992037725261,0.550960512852843,NA,0.62960950597531,"localGP"
"11569",47,37,4,2,55.6576112274651,100,"Rough","Avg. Reward Condition",40,"5",9,1,27,373,"Long",0.0970992037725261,0.550960512852843,NA,0.62960950597531,"localGP"
"11570",47,38,3,2,59.8826476253747,100,"Rough","Avg. Reward Condition",40,"5",9,2,26,373,"Long",0.0970992037725261,0.550960512852843,NA,0.62960950597531,"localGP"
"11571",47,39,9,3,52.5751779693642,100,"Rough","Avg. Reward Condition",40,"5",9,2,43,373,"Long",0.0970992037725261,0.550960512852843,NA,0.62960950597531,"localGP"
"11572",47,40,8,3,37.2279744875083,100,"Rough","Avg. Reward Condition",40,"5",9,1,42,373,"Long",0.0970992037725261,0.550960512852843,NA,0.62960950597531,"localGP"
"11573",47,41,8,4,25.3679855103689,100,"Rough","Avg. Reward Condition",40,"5",9,1,53,373,"Long",0.0970992037725261,0.550960512852843,NA,0.62960950597531,"localGP"
"11574",47,1,5,2,65.4096686254795,65.4096686254795,"Rough","Avg. Reward Condition",20,"6",12,NA,28,374,"Short",0.0871076444839926,0.638412677015423,NA,0.564150893693102,"localGP"
"11575",47,2,2,0,69.5209390611237,69.5209390611237,"Rough","Avg. Reward Condition",20,"6",12,1,3,374,"Short",0.0871076444839926,0.638412677015423,NA,0.564150893693102,"localGP"
"11576",47,3,1,0,41.1943881385289,69.5209390611237,"Rough","Avg. Reward Condition",20,"6",12,2,2,374,"Short",0.0871076444839926,0.638412677015423,NA,0.564150893693102,"localGP"
"11577",47,4,3,0,64.7269948092112,69.5209390611237,"Rough","Avg. Reward Condition",20,"6",12,2,4,374,"Short",0.0871076444839926,0.638412677015423,NA,0.564150893693102,"localGP"
"11578",47,5,3,2,92.3609329000905,92.3609329000905,"Rough","Avg. Reward Condition",20,"6",12,1,26,374,"Short",0.0871076444839926,0.638412677015423,NA,0.564150893693102,"localGP"
"11579",47,6,2,2,75.2998584228021,92.3609329000905,"Rough","Avg. Reward Condition",20,"6",12,1,25,374,"Short",0.0871076444839926,0.638412677015423,NA,0.564150893693102,"localGP"
"11580",47,7,3,3,78.6603428808522,92.3609329000905,"Rough","Avg. Reward Condition",20,"6",12,2,37,374,"Short",0.0871076444839926,0.638412677015423,NA,0.564150893693102,"localGP"
"11581",47,8,2,3,54.2459554545329,92.3609329000905,"Rough","Avg. Reward Condition",20,"6",12,2,36,374,"Short",0.0871076444839926,0.638412677015423,NA,0.564150893693102,"localGP"
"11582",47,9,2,4,17.0886518121554,92.3609329000905,"Rough","Avg. Reward Condition",20,"6",12,1,47,374,"Short",0.0871076444839926,0.638412677015423,NA,0.564150893693102,"localGP"
"11583",47,10,1,4,55.4418868810273,92.3609329000905,"Rough","Avg. Reward Condition",20,"6",12,2,46,374,"Short",0.0871076444839926,0.638412677015423,NA,0.564150893693102,"localGP"
"11584",47,11,1,3,52.8430974034595,92.3609329000905,"Rough","Avg. Reward Condition",20,"6",12,4,35,374,"Short",0.0871076444839926,0.638412677015423,NA,0.564150893693102,"localGP"
"11585",47,12,1,2,35.7010889135408,92.3609329000905,"Rough","Avg. Reward Condition",20,"6",12,5,24,374,"Short",0.0871076444839926,0.638412677015423,NA,0.564150893693102,"localGP"
"11586",47,13,1,1,21.0804063375276,92.3609329000905,"Rough","Avg. Reward Condition",20,"6",12,6,13,374,"Short",0.0871076444839926,0.638412677015423,NA,0.564150893693102,"localGP"
"11587",47,14,0,1,0,92.3609329000905,"Rough","Avg. Reward Condition",20,"6",12,1,12,374,"Short",0.0871076444839926,0.638412677015423,NA,0.564150893693102,"localGP"
"11588",47,15,9,3,31.6251889945826,92.3609329000905,"Rough","Avg. Reward Condition",20,"6",12,2,43,374,"Short",0.0871076444839926,0.638412677015423,NA,0.564150893693102,"localGP"
"11589",47,16,10,3,22.9154847675258,92.3609329000905,"Rough","Avg. Reward Condition",20,"6",12,1,44,374,"Short",0.0871076444839926,0.638412677015423,NA,0.564150893693102,"localGP"
"11590",47,17,4,9,46.7098213602663,92.3609329000905,"Rough","Avg. Reward Condition",20,"6",12,1,104,374,"Short",0.0871076444839926,0.638412677015423,NA,0.564150893693102,"localGP"
"11591",47,18,5,9,58.4786729876124,92.3609329000905,"Rough","Avg. Reward Condition",20,"6",12,2,105,374,"Short",0.0871076444839926,0.638412677015423,NA,0.564150893693102,"localGP"
"11592",47,19,6,9,44.7235531380428,92.3609329000905,"Rough","Avg. Reward Condition",20,"6",12,2,106,374,"Short",0.0871076444839926,0.638412677015423,NA,0.564150893693102,"localGP"
"11593",47,20,6,10,32.3469021465109,92.3609329000905,"Rough","Avg. Reward Condition",20,"6",12,1,117,374,"Short",0.0871076444839926,0.638412677015423,NA,0.564150893693102,"localGP"
"11594",47,21,5,10,25.3370988879531,92.3609329000905,"Rough","Avg. Reward Condition",20,"6",12,3,116,374,"Short",0.0871076444839926,0.638412677015423,NA,0.564150893693102,"localGP"
"11595",47,1,2,8,45.0890712788408,45.0890712788408,"Rough","Avg. Reward Condition",40,"7",13,NA,91,375,"Long",0.0900982016635512,0.568509429248748,NA,0.603616245776502,"localGP"
"11596",47,2,4,8,29.543409633079,45.0890712788408,"Rough","Avg. Reward Condition",40,"7",13,1,93,375,"Long",0.0900982016635512,0.568509429248748,NA,0.603616245776502,"localGP"
"11597",47,3,4,6,35.317915260969,45.0890712788408,"Rough","Avg. Reward Condition",40,"7",13,1,71,375,"Long",0.0900982016635512,0.568509429248748,NA,0.603616245776502,"localGP"
"11598",47,4,5,6,67.8000614723364,67.8000614723364,"Rough","Avg. Reward Condition",40,"7",13,1,72,375,"Long",0.0900982016635512,0.568509429248748,NA,0.603616245776502,"localGP"
"11599",47,5,4,7,25.3361076780515,67.8000614723364,"Rough","Avg. Reward Condition",40,"7",13,1,82,375,"Long",0.0900982016635512,0.568509429248748,NA,0.603616245776502,"localGP"
"11600",47,6,5,8,17.7476651044899,67.8000614723364,"Rough","Avg. Reward Condition",40,"7",13,2,94,375,"Long",0.0900982016635512,0.568509429248748,NA,0.603616245776502,"localGP"
"11601",47,7,5,7,44.9495290274255,67.8000614723364,"Rough","Avg. Reward Condition",40,"7",13,1,83,375,"Long",0.0900982016635512,0.568509429248748,NA,0.603616245776502,"localGP"
"11602",47,8,6,7,61.746746813945,67.8000614723364,"Rough","Avg. Reward Condition",40,"7",13,2,84,375,"Long",0.0900982016635512,0.568509429248748,NA,0.603616245776502,"localGP"
"11603",47,9,6,6,81.5801840646008,81.5801840646008,"Rough","Avg. Reward Condition",40,"7",13,1,73,375,"Long",0.0900982016635512,0.568509429248748,NA,0.603616245776502,"localGP"
"11604",47,10,6,5,40.403960166515,81.5801840646008,"Rough","Avg. Reward Condition",40,"7",13,2,62,375,"Long",0.0900982016635512,0.568509429248748,NA,0.603616245776502,"localGP"
"11605",47,11,5,4,33.9006613520623,81.5801840646008,"Rough","Avg. Reward Condition",40,"7",13,3,50,375,"Long",0.0900982016635512,0.568509429248748,NA,0.603616245776502,"localGP"
"11606",47,12,2,7,35.359724006426,81.5801840646008,"Rough","Avg. Reward Condition",40,"7",13,1,80,375,"Long",0.0900982016635512,0.568509429248748,NA,0.603616245776502,"localGP"
"11607",47,13,2,6,46.1154151661553,81.5801840646008,"Rough","Avg. Reward Condition",40,"7",13,3,69,375,"Long",0.0900982016635512,0.568509429248748,NA,0.603616245776502,"localGP"
"11608",47,14,7,5,38.1427097359156,81.5801840646008,"Rough","Avg. Reward Condition",40,"7",13,2,63,375,"Long",0.0900982016635512,0.568509429248748,NA,0.603616245776502,"localGP"
"11609",47,15,7,6,59.1670306987151,81.5801840646008,"Rough","Avg. Reward Condition",40,"7",13,5,74,375,"Long",0.0900982016635512,0.568509429248748,NA,0.603616245776502,"localGP"
"11610",47,16,7,9,8.80347395519033,81.5801840646008,"Rough","Avg. Reward Condition",40,"7",13,1,107,375,"Long",0.0900982016635512,0.568509429248748,NA,0.603616245776502,"localGP"
"11611",47,17,8,9,45.2150517088665,81.5801840646008,"Rough","Avg. Reward Condition",40,"7",13,2,108,375,"Long",0.0900982016635512,0.568509429248748,NA,0.603616245776502,"localGP"
"11612",47,18,6,1,0,81.5801840646008,"Rough","Avg. Reward Condition",40,"7",13,2,18,375,"Long",0.0900982016635512,0.568509429248748,NA,0.603616245776502,"localGP"
"11613",47,19,7,2,13.4842610715727,81.5801840646008,"Rough","Avg. Reward Condition",40,"7",13,1,30,375,"Long",0.0900982016635512,0.568509429248748,NA,0.603616245776502,"localGP"
"11614",47,20,4,10,31.3744898461454,81.5801840646008,"Rough","Avg. Reward Condition",40,"7",13,2,115,375,"Long",0.0900982016635512,0.568509429248748,NA,0.603616245776502,"localGP"
"11615",47,21,5,10,12.2288928318123,81.5801840646008,"Rough","Avg. Reward Condition",40,"7",13,2,116,375,"Long",0.0900982016635512,0.568509429248748,NA,0.603616245776502,"localGP"
"11616",47,22,1,6,39.9812394486691,81.5801840646008,"Rough","Avg. Reward Condition",40,"7",13,5,68,375,"Long",0.0900982016635512,0.568509429248748,NA,0.603616245776502,"localGP"
"11617",47,23,0,6,56.4375165015689,81.5801840646008,"Rough","Avg. Reward Condition",40,"7",13,1,67,375,"Long",0.0900982016635512,0.568509429248748,NA,0.603616245776502,"localGP"
"11618",47,24,0,5,57.5103295606755,81.5801840646008,"Rough","Avg. Reward Condition",40,"7",13,7,56,375,"Long",0.0900982016635512,0.568509429248748,NA,0.603616245776502,"localGP"
"11619",47,25,0,4,32.731169027758,81.5801840646008,"Rough","Avg. Reward Condition",40,"7",13,1,45,375,"Long",0.0900982016635512,0.568509429248748,NA,0.603616245776502,"localGP"
"11620",47,26,4,5,46.8761367253109,81.5801840646008,"Rough","Avg. Reward Condition",40,"7",13,1,60,375,"Long",0.0900982016635512,0.568509429248748,NA,0.603616245776502,"localGP"
"11621",47,27,3,5,54.7363822558009,81.5801840646008,"Rough","Avg. Reward Condition",40,"7",13,1,59,375,"Long",0.0900982016635512,0.568509429248748,NA,0.603616245776502,"localGP"
"11622",47,28,3,4,69.0645761763699,81.5801840646008,"Rough","Avg. Reward Condition",40,"7",13,1,48,375,"Long",0.0900982016635512,0.568509429248748,NA,0.603616245776502,"localGP"
"11623",47,29,3,3,80.5615551663229,81.5801840646008,"Rough","Avg. Reward Condition",40,"7",13,1,37,375,"Long",0.0900982016635512,0.568509429248748,NA,0.603616245776502,"localGP"
"11624",47,30,4,3,68.6184588399681,81.5801840646008,"Rough","Avg. Reward Condition",40,"7",13,6,38,375,"Long",0.0900982016635512,0.568509429248748,NA,0.603616245776502,"localGP"
"11625",47,31,4,2,29.018522629385,81.5801840646008,"Rough","Avg. Reward Condition",40,"7",13,2,27,375,"Long",0.0900982016635512,0.568509429248748,NA,0.603616245776502,"localGP"
"11626",47,32,3,2,75.9223381375201,81.5801840646008,"Rough","Avg. Reward Condition",40,"7",13,1,26,375,"Long",0.0900982016635512,0.568509429248748,NA,0.603616245776502,"localGP"
"11627",47,33,3,1,57.0124014871528,81.5801840646008,"Rough","Avg. Reward Condition",40,"7",13,1,15,375,"Long",0.0900982016635512,0.568509429248748,NA,0.603616245776502,"localGP"
"11628",47,34,4,1,46.8486236737456,81.5801840646008,"Rough","Avg. Reward Condition",40,"7",13,1,16,375,"Long",0.0900982016635512,0.568509429248748,NA,0.603616245776502,"localGP"
"11629",47,35,5,1,30.9871614244868,81.5801840646008,"Rough","Avg. Reward Condition",40,"7",13,1,17,375,"Long",0.0900982016635512,0.568509429248748,NA,0.603616245776502,"localGP"
"11630",47,36,5,0,64.1419179337713,81.5801840646008,"Rough","Avg. Reward Condition",40,"7",13,2,6,375,"Long",0.0900982016635512,0.568509429248748,NA,0.603616245776502,"localGP"
"11631",47,37,7,5,38.1427097359156,81.5801840646008,"Rough","Avg. Reward Condition",40,"7",13,8,63,375,"Long",0.0900982016635512,0.568509429248748,NA,0.603616245776502,"localGP"
"11632",47,38,7,4,32.6827550464112,81.5801840646008,"Rough","Avg. Reward Condition",40,"7",13,1,52,375,"Long",0.0900982016635512,0.568509429248748,NA,0.603616245776502,"localGP"
"11633",47,39,8,4,13.6511878031672,81.5801840646008,"Rough","Avg. Reward Condition",40,"7",13,1,53,375,"Long",0.0900982016635512,0.568509429248748,NA,0.603616245776502,"localGP"
"11634",47,40,8,5,7.50786844236636,81.5801840646008,"Rough","Avg. Reward Condition",40,"7",13,1,64,375,"Long",0.0900982016635512,0.568509429248748,NA,0.603616245776502,"localGP"
"11635",47,41,6,3,26.9117214598772,81.5801840646008,"Rough","Avg. Reward Condition",40,"7",13,2,40,375,"Long",0.0900982016635512,0.568509429248748,NA,0.603616245776502,"localGP"
"11636",47,1,6,10,42.7774601364026,42.7774601364026,"Rough","Avg. Reward Condition",20,"8",7,NA,117,376,"Short",0.0826135575423768,0.795733521569682,NA,0.502891166461952,"localGP"
"11637",47,2,8,2,53.532220554727,53.532220554727,"Rough","Avg. Reward Condition",20,"8",7,1,31,376,"Short",0.0826135575423768,0.795733521569682,NA,0.502891166461952,"localGP"
"11638",47,3,8,1,64.1561620326148,64.1561620326148,"Rough","Avg. Reward Condition",20,"8",7,1,20,376,"Short",0.0826135575423768,0.795733521569682,NA,0.502891166461952,"localGP"
"11639",47,4,9,1,32.884325467042,64.1561620326148,"Rough","Avg. Reward Condition",20,"8",7,1,21,376,"Short",0.0826135575423768,0.795733521569682,NA,0.502891166461952,"localGP"
"11640",47,5,9,0,40.4430622566814,64.1561620326148,"Rough","Avg. Reward Condition",20,"8",7,2,10,376,"Short",0.0826135575423768,0.795733521569682,NA,0.502891166461952,"localGP"
"11641",47,6,1,10,2.52218953915181,64.1561620326148,"Rough","Avg. Reward Condition",20,"8",7,1,112,376,"Short",0.0826135575423768,0.795733521569682,NA,0.502891166461952,"localGP"
"11642",47,7,3,9,33.3451376526198,64.1561620326148,"Rough","Avg. Reward Condition",20,"8",7,1,103,376,"Short",0.0826135575423768,0.795733521569682,NA,0.502891166461952,"localGP"
"11643",47,8,3,8,50.2866899354238,64.1561620326148,"Rough","Avg. Reward Condition",20,"8",7,1,92,376,"Short",0.0826135575423768,0.795733521569682,NA,0.502891166461952,"localGP"
"11644",47,9,2,8,44.8287344776486,64.1561620326148,"Rough","Avg. Reward Condition",20,"8",7,1,91,376,"Short",0.0826135575423768,0.795733521569682,NA,0.502891166461952,"localGP"
"11645",47,10,4,5,66.807827900394,66.807827900394,"Rough","Avg. Reward Condition",20,"8",7,1,60,376,"Short",0.0826135575423768,0.795733521569682,NA,0.502891166461952,"localGP"
"11646",47,11,4,5,66.807827900394,66.807827900394,"Rough","Avg. Reward Condition",20,"8",7,1,60,376,"Short",0.0826135575423768,0.795733521569682,NA,0.502891166461952,"localGP"
"11647",47,12,3,4,62.4304276826515,66.807827900394,"Rough","Avg. Reward Condition",20,"8",7,1,48,376,"Short",0.0826135575423768,0.795733521569682,NA,0.502891166461952,"localGP"
"11648",47,13,0,2,43.1350947350746,66.807827900394,"Rough","Avg. Reward Condition",20,"8",7,3,23,376,"Short",0.0826135575423768,0.795733521569682,NA,0.502891166461952,"localGP"
"11649",47,14,2,3,45.6969453717705,66.807827900394,"Rough","Avg. Reward Condition",20,"8",7,1,36,376,"Short",0.0826135575423768,0.795733521569682,NA,0.502891166461952,"localGP"
"11650",47,15,4,7,63.6224035811194,66.807827900394,"Rough","Avg. Reward Condition",20,"8",7,1,82,376,"Short",0.0826135575423768,0.795733521569682,NA,0.502891166461952,"localGP"
"11651",47,16,3,7,63.2387067485633,66.807827900394,"Rough","Avg. Reward Condition",20,"8",7,5,81,376,"Short",0.0826135575423768,0.795733521569682,NA,0.502891166461952,"localGP"
"11652",47,17,7,5,60.2449538313095,66.807827900394,"Rough","Avg. Reward Condition",20,"8",7,1,63,376,"Short",0.0826135575423768,0.795733521569682,NA,0.502891166461952,"localGP"
"11653",47,18,7,6,64.1165610070556,66.807827900394,"Rough","Avg. Reward Condition",20,"8",7,1,74,376,"Short",0.0826135575423768,0.795733521569682,NA,0.502891166461952,"localGP"
"11654",47,19,8,6,73.8483056301387,73.8483056301387,"Rough","Avg. Reward Condition",20,"8",7,1,75,376,"Short",0.0826135575423768,0.795733521569682,NA,0.502891166461952,"localGP"
"11655",47,20,9,6,51.8722338674395,73.8483056301387,"Rough","Avg. Reward Condition",20,"8",7,1,76,376,"Short",0.0826135575423768,0.795733521569682,NA,0.502891166461952,"localGP"
"11656",47,21,9,5,88.0456624617215,88.0456624617215,"Rough","Avg. Reward Condition",20,"8",7,1,65,376,"Short",0.0826135575423768,0.795733521569682,NA,0.502891166461952,"localGP"
"11657",48,1,8,1,40.1033986833103,40.1033986833103,"Smooth","Avg. Reward Condition",20,"1",13,NA,20,377,"Short",0.0524481318224805,0.747910229670998,NA,0.332637848414956,"localGP"
"11658",48,2,8,0,39.1668824511725,40.1033986833103,"Smooth","Avg. Reward Condition",20,"1",13,3,9,377,"Short",0.0524481318224805,0.747910229670998,NA,0.332637848414956,"localGP"
"11659",48,3,4,2,29.018522629385,40.1033986833103,"Smooth","Avg. Reward Condition",20,"1",13,4,27,377,"Short",0.0524481318224805,0.747910229670998,NA,0.332637848414956,"localGP"
"11660",48,4,2,1,67.2278837680135,67.2278837680135,"Smooth","Avg. Reward Condition",20,"1",13,1,14,377,"Short",0.0524481318224805,0.747910229670998,NA,0.332637848414956,"localGP"
"11661",48,5,2,0,45.4901469017811,67.2278837680135,"Smooth","Avg. Reward Condition",20,"1",13,1,3,377,"Short",0.0524481318224805,0.747910229670998,NA,0.332637848414956,"localGP"
"11662",48,6,9,2,23.0068274963979,67.2278837680135,"Smooth","Avg. Reward Condition",20,"1",13,2,32,377,"Short",0.0524481318224805,0.747910229670998,NA,0.332637848414956,"localGP"
"11663",48,7,8,4,13.6511878031672,67.2278837680135,"Smooth","Avg. Reward Condition",20,"1",13,1,53,377,"Short",0.0524481318224805,0.747910229670998,NA,0.332637848414956,"localGP"
"11664",48,8,8,7,57.7313818278047,67.2278837680135,"Smooth","Avg. Reward Condition",20,"1",13,2,86,377,"Short",0.0524481318224805,0.747910229670998,NA,0.332637848414956,"localGP"
"11665",48,9,9,7,38.2481492101488,67.2278837680135,"Smooth","Avg. Reward Condition",20,"1",13,0,87,377,"Short",0.0524481318224805,0.747910229670998,NA,0.332637848414956,"localGP"
"11666",48,10,6,9,20.5227228082924,67.2278837680135,"Smooth","Avg. Reward Condition",20,"1",13,2,106,377,"Short",0.0524481318224805,0.747910229670998,NA,0.332637848414956,"localGP"
"11667",48,11,8,0,39.1668824511725,67.2278837680135,"Smooth","Avg. Reward Condition",20,"1",13,4,9,377,"Short",0.0524481318224805,0.747910229670998,NA,0.332637848414956,"localGP"
"11668",48,12,9,0,44.4816550255405,67.2278837680135,"Smooth","Avg. Reward Condition",20,"1",13,2,10,377,"Short",0.0524481318224805,0.747910229670998,NA,0.332637848414956,"localGP"
"11669",48,13,10,0,100,100,"Smooth","Avg. Reward Condition",20,"1",13,0,11,377,"Short",0.0524481318224805,0.747910229670998,NA,0.332637848414956,"localGP"
"11670",48,14,10,1,84.1387204630061,100,"Smooth","Avg. Reward Condition",20,"1",13,0,22,377,"Short",0.0524481318224805,0.747910229670998,NA,0.332637848414956,"localGP"
"11671",48,15,10,0,100,100,"Smooth","Avg. Reward Condition",20,"1",13,0,11,377,"Short",0.0524481318224805,0.747910229670998,NA,0.332637848414956,"localGP"
"11672",48,16,10,0,100,100,"Smooth","Avg. Reward Condition",20,"1",13,0,11,377,"Short",0.0524481318224805,0.747910229670998,NA,0.332637848414956,"localGP"
"11673",48,17,10,0,100,100,"Smooth","Avg. Reward Condition",20,"1",13,0,11,377,"Short",0.0524481318224805,0.747910229670998,NA,0.332637848414956,"localGP"
"11674",48,18,10,0,100,100,"Smooth","Avg. Reward Condition",20,"1",13,0,11,377,"Short",0.0524481318224805,0.747910229670998,NA,0.332637848414956,"localGP"
"11675",48,19,10,0,100,100,"Smooth","Avg. Reward Condition",20,"1",13,0,11,377,"Short",0.0524481318224805,0.747910229670998,NA,0.332637848414956,"localGP"
"11676",48,20,10,0,100,100,"Smooth","Avg. Reward Condition",20,"1",13,0,11,377,"Short",0.0524481318224805,0.747910229670998,NA,0.332637848414956,"localGP"
"11677",48,21,10,0,100,100,"Smooth","Avg. Reward Condition",20,"1",13,0,11,377,"Short",0.0524481318224805,0.747910229670998,NA,0.332637848414956,"localGP"
"11678",48,1,5,9,38.2276325889547,38.2276325889547,"Smooth","Avg. Reward Condition",40,"2",0,NA,105,378,"Long",0.0227084068577362,0.865677731749571,NA,0.152022242982833,"localGP"
"11679",48,2,4,9,40.5959555269918,40.5959555269918,"Smooth","Avg. Reward Condition",40,"2",0,1,104,378,"Long",0.0227084068577362,0.865677731749571,NA,0.152022242982833,"localGP"
"11680",48,3,1,9,30.951213640869,40.5959555269918,"Smooth","Avg. Reward Condition",40,"2",0,2,101,378,"Long",0.0227084068577362,0.865677731749571,NA,0.152022242982833,"localGP"
"11681",48,4,9,0,44.764827701854,44.764827701854,"Smooth","Avg. Reward Condition",40,"2",0,1,10,378,"Long",0.0227084068577362,0.865677731749571,NA,0.152022242982833,"localGP"
"11682",48,5,10,0,53.5439418376189,53.5439418376189,"Smooth","Avg. Reward Condition",40,"2",0,1,11,378,"Long",0.0227084068577362,0.865677731749571,NA,0.152022242982833,"localGP"
"11683",48,6,10,1,59.1692091474609,59.1692091474609,"Smooth","Avg. Reward Condition",40,"2",0,2,22,378,"Long",0.0227084068577362,0.865677731749571,NA,0.152022242982833,"localGP"
"11684",48,7,7,1,9.61047525275772,59.1692091474609,"Smooth","Avg. Reward Condition",40,"2",0,2,19,378,"Long",0.0227084068577362,0.865677731749571,NA,0.152022242982833,"localGP"
"11685",48,8,4,1,16.9242628027693,59.1692091474609,"Smooth","Avg. Reward Condition",40,"2",0,3,16,378,"Long",0.0227084068577362,0.865677731749571,NA,0.152022242982833,"localGP"
"11686",48,9,10,4,33.0997948089622,59.1692091474609,"Smooth","Avg. Reward Condition",40,"2",0,2,55,378,"Long",0.0227084068577362,0.865677731749571,NA,0.152022242982833,"localGP"
"11687",48,10,3,5,42.0356921571109,59.1692091474609,"Smooth","Avg. Reward Condition",40,"2",0,2,59,378,"Long",0.0227084068577362,0.865677731749571,NA,0.152022242982833,"localGP"
"11688",48,11,3,6,45.9504807109025,59.1692091474609,"Smooth","Avg. Reward Condition",40,"2",0,2,70,378,"Long",0.0227084068577362,0.865677731749571,NA,0.152022242982833,"localGP"
"11689",48,12,4,7,56.8581816389781,59.1692091474609,"Smooth","Avg. Reward Condition",40,"2",0,1,82,378,"Long",0.0227084068577362,0.865677731749571,NA,0.152022242982833,"localGP"
"11690",48,13,4,6,4.57974265293169,59.1692091474609,"Smooth","Avg. Reward Condition",40,"2",0,2,71,378,"Long",0.0227084068577362,0.865677731749571,NA,0.152022242982833,"localGP"
"11691",48,14,2,6,50.7364669239803,59.1692091474609,"Smooth","Avg. Reward Condition",40,"2",0,2,69,378,"Long",0.0227084068577362,0.865677731749571,NA,0.152022242982833,"localGP"
"11692",48,15,5,8,68.8909705274262,68.8909705274262,"Smooth","Avg. Reward Condition",40,"2",0,2,94,378,"Long",0.0227084068577362,0.865677731749571,NA,0.152022242982833,"localGP"
"11693",48,16,4,8,67.9616061763023,68.8909705274262,"Smooth","Avg. Reward Condition",40,"2",0,1,93,378,"Long",0.0227084068577362,0.865677731749571,NA,0.152022242982833,"localGP"
"11694",48,17,3,8,52.5458075522518,68.8909705274262,"Smooth","Avg. Reward Condition",40,"2",0,0,92,378,"Long",0.0227084068577362,0.865677731749571,NA,0.152022242982833,"localGP"
"11695",48,18,4,8,67.9616061763023,68.8909705274262,"Smooth","Avg. Reward Condition",40,"2",0,0,93,378,"Long",0.0227084068577362,0.865677731749571,NA,0.152022242982833,"localGP"
"11696",48,19,5,8,68.8909705274262,68.8909705274262,"Smooth","Avg. Reward Condition",40,"2",0,0,94,378,"Long",0.0227084068577362,0.865677731749571,NA,0.152022242982833,"localGP"
"11697",48,20,5,7,46.7426538325774,68.8909705274262,"Smooth","Avg. Reward Condition",40,"2",0,0,83,378,"Long",0.0227084068577362,0.865677731749571,NA,0.152022242982833,"localGP"
"11698",48,21,5,8,68.8909705274262,68.8909705274262,"Smooth","Avg. Reward Condition",40,"2",0,0,94,378,"Long",0.0227084068577362,0.865677731749571,NA,0.152022242982833,"localGP"
"11699",48,22,5,8,68.8909705274262,68.8909705274262,"Smooth","Avg. Reward Condition",40,"2",0,0,94,378,"Long",0.0227084068577362,0.865677731749571,NA,0.152022242982833,"localGP"
"11700",48,23,6,8,69.9411761225891,69.9411761225891,"Smooth","Avg. Reward Condition",40,"2",0,0,95,378,"Long",0.0227084068577362,0.865677731749571,NA,0.152022242982833,"localGP"
"11701",48,24,7,8,55.9864237907349,69.9411761225891,"Smooth","Avg. Reward Condition",40,"2",0,0,96,378,"Long",0.0227084068577362,0.865677731749571,NA,0.152022242982833,"localGP"
"11702",48,25,7,9,29.4163528194198,69.9411761225891,"Smooth","Avg. Reward Condition",40,"2",0,0,107,378,"Long",0.0227084068577362,0.865677731749571,NA,0.152022242982833,"localGP"
"11703",48,26,6,8,69.9411761225891,69.9411761225891,"Smooth","Avg. Reward Condition",40,"2",0,0,95,378,"Long",0.0227084068577362,0.865677731749571,NA,0.152022242982833,"localGP"
"11704",48,27,6,8,69.9411761225891,69.9411761225891,"Smooth","Avg. Reward Condition",40,"2",0,0,95,378,"Long",0.0227084068577362,0.865677731749571,NA,0.152022242982833,"localGP"
"11705",48,28,6,8,69.9411761225891,69.9411761225891,"Smooth","Avg. Reward Condition",40,"2",0,0,95,378,"Long",0.0227084068577362,0.865677731749571,NA,0.152022242982833,"localGP"
"11706",48,29,6,7,57.6061006011955,69.9411761225891,"Smooth","Avg. Reward Condition",40,"2",0,0,84,378,"Long",0.0227084068577362,0.865677731749571,NA,0.152022242982833,"localGP"
"11707",48,30,0,8,68.7533579586689,69.9411761225891,"Smooth","Avg. Reward Condition",40,"2",0,0,89,378,"Long",0.0227084068577362,0.865677731749571,NA,0.152022242982833,"localGP"
"11708",48,31,0,8,68.7533579586689,69.9411761225891,"Smooth","Avg. Reward Condition",40,"2",0,0,89,378,"Long",0.0227084068577362,0.865677731749571,NA,0.152022242982833,"localGP"
"11709",48,32,0,7,100,100,"Smooth","Avg. Reward Condition",40,"2",0,0,78,378,"Long",0.0227084068577362,0.865677731749571,NA,0.152022242982833,"localGP"
"11710",48,33,0,7,100,100,"Smooth","Avg. Reward Condition",40,"2",0,0,78,378,"Long",0.0227084068577362,0.865677731749571,NA,0.152022242982833,"localGP"
"11711",48,34,0,7,100,100,"Smooth","Avg. Reward Condition",40,"2",0,0,78,378,"Long",0.0227084068577362,0.865677731749571,NA,0.152022242982833,"localGP"
"11712",48,35,0,7,100,100,"Smooth","Avg. Reward Condition",40,"2",0,0,78,378,"Long",0.0227084068577362,0.865677731749571,NA,0.152022242982833,"localGP"
"11713",48,36,0,7,100,100,"Smooth","Avg. Reward Condition",40,"2",0,0,78,378,"Long",0.0227084068577362,0.865677731749571,NA,0.152022242982833,"localGP"
"11714",48,37,0,7,100,100,"Smooth","Avg. Reward Condition",40,"2",0,0,78,378,"Long",0.0227084068577362,0.865677731749571,NA,0.152022242982833,"localGP"
"11715",48,38,0,7,100,100,"Smooth","Avg. Reward Condition",40,"2",0,0,78,378,"Long",0.0227084068577362,0.865677731749571,NA,0.152022242982833,"localGP"
"11716",48,39,0,7,100,100,"Smooth","Avg. Reward Condition",40,"2",0,0,78,378,"Long",0.0227084068577362,0.865677731749571,NA,0.152022242982833,"localGP"
"11717",48,40,0,7,100,100,"Smooth","Avg. Reward Condition",40,"2",0,0,78,378,"Long",0.0227084068577362,0.865677731749571,NA,0.152022242982833,"localGP"
"11718",48,41,0,7,100,100,"Smooth","Avg. Reward Condition",40,"2",0,0,78,378,"Long",0.0227084068577362,0.865677731749571,NA,0.152022242982833,"localGP"
"11719",48,1,0,3,50.2820074971904,50.2820074971904,"Smooth","Avg. Reward Condition",20,"3",10,NA,34,379,"Short",0.0571016411869491,0.825776367122984,NA,0.395991733202246,"localGP"
"11720",48,2,0,4,27.2386379054734,50.2820074971904,"Smooth","Avg. Reward Condition",20,"3",10,2,45,379,"Short",0.0571016411869491,0.825776367122984,NA,0.395991733202246,"localGP"
"11721",48,3,7,4,67.8088166465802,67.8088166465802,"Smooth","Avg. Reward Condition",20,"3",10,4,52,379,"Short",0.0571016411869491,0.825776367122984,NA,0.395991733202246,"localGP"
"11722",48,4,7,5,66.0456136537345,67.8088166465802,"Smooth","Avg. Reward Condition",20,"3",10,3,63,379,"Short",0.0571016411869491,0.825776367122984,NA,0.395991733202246,"localGP"
"11723",48,5,9,4,30.3366861320128,67.8088166465802,"Smooth","Avg. Reward Condition",20,"3",10,1,54,379,"Short",0.0571016411869491,0.825776367122984,NA,0.395991733202246,"localGP"
"11724",48,6,7,3,51.9507469793725,67.8088166465802,"Smooth","Avg. Reward Condition",20,"3",10,3,41,379,"Short",0.0571016411869491,0.825776367122984,NA,0.395991733202246,"localGP"
"11725",48,7,6,3,73.4359730531231,73.4359730531231,"Smooth","Avg. Reward Condition",20,"3",10,1,40,379,"Short",0.0571016411869491,0.825776367122984,NA,0.395991733202246,"localGP"
"11726",48,8,6,4,54.6685625446388,73.4359730531231,"Smooth","Avg. Reward Condition",20,"3",10,1,51,379,"Short",0.0571016411869491,0.825776367122984,NA,0.395991733202246,"localGP"
"11727",48,9,6,7,77.6383685039549,77.6383685039549,"Smooth","Avg. Reward Condition",20,"3",10,5,84,379,"Short",0.0571016411869491,0.825776367122984,NA,0.395991733202246,"localGP"
"11728",48,10,6,8,69.1708615458563,77.6383685039549,"Smooth","Avg. Reward Condition",20,"3",10,5,95,379,"Short",0.0571016411869491,0.825776367122984,NA,0.395991733202246,"localGP"
"11729",48,11,7,8,53.3553084137589,77.6383685039549,"Smooth","Avg. Reward Condition",20,"3",10,1,96,379,"Short",0.0571016411869491,0.825776367122984,NA,0.395991733202246,"localGP"
"11730",48,12,7,7,61.8738453443511,77.6383685039549,"Smooth","Avg. Reward Condition",20,"3",10,2,85,379,"Short",0.0571016411869491,0.825776367122984,NA,0.395991733202246,"localGP"
"11731",48,13,6,5,50.4304471190936,77.6383685039549,"Smooth","Avg. Reward Condition",20,"3",10,1,62,379,"Short",0.0571016411869491,0.825776367122984,NA,0.395991733202246,"localGP"
"11732",48,14,6,6,43.5674810058941,77.6383685039549,"Smooth","Avg. Reward Condition",20,"3",10,1,73,379,"Short",0.0571016411869491,0.825776367122984,NA,0.395991733202246,"localGP"
"11733",48,15,5,8,39.6481933267656,77.6383685039549,"Smooth","Avg. Reward Condition",20,"3",10,3,94,379,"Short",0.0571016411869491,0.825776367122984,NA,0.395991733202246,"localGP"
"11734",48,16,5,7,54.5083203528805,77.6383685039549,"Smooth","Avg. Reward Condition",20,"3",10,2,83,379,"Short",0.0571016411869491,0.825776367122984,NA,0.395991733202246,"localGP"
"11735",48,17,4,7,40.2484782792363,77.6383685039549,"Smooth","Avg. Reward Condition",20,"3",10,0,82,379,"Short",0.0571016411869491,0.825776367122984,NA,0.395991733202246,"localGP"
"11736",48,18,4,6,46.5482672237454,77.6383685039549,"Smooth","Avg. Reward Condition",20,"3",10,0,71,379,"Short",0.0571016411869491,0.825776367122984,NA,0.395991733202246,"localGP"
"11737",48,19,1,9,53.5085652345681,77.6383685039549,"Smooth","Avg. Reward Condition",20,"3",10,0,101,379,"Short",0.0571016411869491,0.825776367122984,NA,0.395991733202246,"localGP"
"11738",48,20,2,9,46.7081929623052,77.6383685039549,"Smooth","Avg. Reward Condition",20,"3",10,0,102,379,"Short",0.0571016411869491,0.825776367122984,NA,0.395991733202246,"localGP"
"11739",48,21,2,10,38.266332364979,77.6383685039549,"Smooth","Avg. Reward Condition",20,"3",10,0,113,379,"Short",0.0571016411869491,0.825776367122984,NA,0.395991733202246,"localGP"
"11740",48,1,8,10,49.8309633888128,49.8309633888128,"Smooth","Avg. Reward Condition",40,"4",17,NA,119,380,"Long",0.0395330996225487,1.5136791368432,NA,0.166205608766624,"localGP"
"11741",48,2,10,10,65.1732478778687,65.1732478778687,"Smooth","Avg. Reward Condition",40,"4",17,1,121,380,"Long",0.0395330996225487,1.5136791368432,NA,0.166205608766624,"localGP"
"11742",48,3,10,9,62.3531210252204,65.1732478778687,"Smooth","Avg. Reward Condition",40,"4",17,2,110,380,"Long",0.0395330996225487,1.5136791368432,NA,0.166205608766624,"localGP"
"11743",48,4,8,1,72.482907273136,72.482907273136,"Smooth","Avg. Reward Condition",40,"4",17,2,20,380,"Long",0.0395330996225487,1.5136791368432,NA,0.166205608766624,"localGP"
"11744",48,5,4,5,82.6609311486781,82.6609311486781,"Smooth","Avg. Reward Condition",40,"4",17,3,60,380,"Long",0.0395330996225487,1.5136791368432,NA,0.166205608766624,"localGP"
"11745",48,6,4,4,91.0453666765183,91.0453666765183,"Smooth","Avg. Reward Condition",40,"4",17,2,49,380,"Long",0.0395330996225487,1.5136791368432,NA,0.166205608766624,"localGP"
"11746",48,7,3,4,81.7432518785976,91.0453666765183,"Smooth","Avg. Reward Condition",40,"4",17,10,48,380,"Long",0.0395330996225487,1.5136791368432,NA,0.166205608766624,"localGP"
"11747",48,8,4,4,91.0453666765183,91.0453666765183,"Smooth","Avg. Reward Condition",40,"4",17,5,49,380,"Long",0.0395330996225487,1.5136791368432,NA,0.166205608766624,"localGP"
"11748",48,9,4,3,58.5828600076787,91.0453666765183,"Smooth","Avg. Reward Condition",40,"4",17,7,38,380,"Long",0.0395330996225487,1.5136791368432,NA,0.166205608766624,"localGP"
"11749",48,10,4,4,91.0453666765183,91.0453666765183,"Smooth","Avg. Reward Condition",40,"4",17,10,49,380,"Long",0.0395330996225487,1.5136791368432,NA,0.166205608766624,"localGP"
"11750",48,11,5,4,61.0193303568798,91.0453666765183,"Smooth","Avg. Reward Condition",40,"4",17,2,50,380,"Long",0.0395330996225487,1.5136791368432,NA,0.166205608766624,"localGP"
"11751",48,12,4,4,91.0453666765183,91.0453666765183,"Smooth","Avg. Reward Condition",40,"4",17,3,49,380,"Long",0.0395330996225487,1.5136791368432,NA,0.166205608766624,"localGP"
"11752",48,13,4,4,91.0453666765183,91.0453666765183,"Smooth","Avg. Reward Condition",40,"4",17,2,49,380,"Long",0.0395330996225487,1.5136791368432,NA,0.166205608766624,"localGP"
"11753",48,14,4,4,91.0453666765183,91.0453666765183,"Smooth","Avg. Reward Condition",40,"4",17,1,49,380,"Long",0.0395330996225487,1.5136791368432,NA,0.166205608766624,"localGP"
"11754",48,15,4,4,91.0453666765183,91.0453666765183,"Smooth","Avg. Reward Condition",40,"4",17,1,49,380,"Long",0.0395330996225487,1.5136791368432,NA,0.166205608766624,"localGP"
"11755",48,16,4,4,91.0453666765183,91.0453666765183,"Smooth","Avg. Reward Condition",40,"4",17,2,49,380,"Long",0.0395330996225487,1.5136791368432,NA,0.166205608766624,"localGP"
"11756",48,17,4,4,91.0453666765183,91.0453666765183,"Smooth","Avg. Reward Condition",40,"4",17,1,49,380,"Long",0.0395330996225487,1.5136791368432,NA,0.166205608766624,"localGP"
"11757",48,18,4,4,91.0453666765183,91.0453666765183,"Smooth","Avg. Reward Condition",40,"4",17,1,49,380,"Long",0.0395330996225487,1.5136791368432,NA,0.166205608766624,"localGP"
"11758",48,19,4,4,91.0453666765183,91.0453666765183,"Smooth","Avg. Reward Condition",40,"4",17,2,49,380,"Long",0.0395330996225487,1.5136791368432,NA,0.166205608766624,"localGP"
"11759",48,20,4,4,91.0453666765183,91.0453666765183,"Smooth","Avg. Reward Condition",40,"4",17,1,49,380,"Long",0.0395330996225487,1.5136791368432,NA,0.166205608766624,"localGP"
"11760",48,21,4,4,91.0453666765183,91.0453666765183,"Smooth","Avg. Reward Condition",40,"4",17,4,49,380,"Long",0.0395330996225487,1.5136791368432,NA,0.166205608766624,"localGP"
"11761",48,22,4,4,91.0453666765183,91.0453666765183,"Smooth","Avg. Reward Condition",40,"4",17,2,49,380,"Long",0.0395330996225487,1.5136791368432,NA,0.166205608766624,"localGP"
"11762",48,23,4,5,82.6609311486781,91.0453666765183,"Smooth","Avg. Reward Condition",40,"4",17,1,60,380,"Long",0.0395330996225487,1.5136791368432,NA,0.166205608766624,"localGP"
"11763",48,24,4,4,91.0453666765183,91.0453666765183,"Smooth","Avg. Reward Condition",40,"4",17,1,49,380,"Long",0.0395330996225487,1.5136791368432,NA,0.166205608766624,"localGP"
"11764",48,25,4,4,91.0453666765183,91.0453666765183,"Smooth","Avg. Reward Condition",40,"4",17,3,49,380,"Long",0.0395330996225487,1.5136791368432,NA,0.166205608766624,"localGP"
"11765",48,26,3,4,81.7432518785976,91.0453666765183,"Smooth","Avg. Reward Condition",40,"4",17,3,48,380,"Long",0.0395330996225487,1.5136791368432,NA,0.166205608766624,"localGP"
"11766",48,27,4,4,91.0453666765183,91.0453666765183,"Smooth","Avg. Reward Condition",40,"4",17,0,49,380,"Long",0.0395330996225487,1.5136791368432,NA,0.166205608766624,"localGP"
"11767",48,28,4,4,91.0453666765183,91.0453666765183,"Smooth","Avg. Reward Condition",40,"4",17,0,49,380,"Long",0.0395330996225487,1.5136791368432,NA,0.166205608766624,"localGP"
"11768",48,29,4,4,91.0453666765183,91.0453666765183,"Smooth","Avg. Reward Condition",40,"4",17,6,49,380,"Long",0.0395330996225487,1.5136791368432,NA,0.166205608766624,"localGP"
"11769",48,30,4,5,82.6609311486781,91.0453666765183,"Smooth","Avg. Reward Condition",40,"4",17,0,60,380,"Long",0.0395330996225487,1.5136791368432,NA,0.166205608766624,"localGP"
"11770",48,31,4,4,91.0453666765183,91.0453666765183,"Smooth","Avg. Reward Condition",40,"4",17,0,49,380,"Long",0.0395330996225487,1.5136791368432,NA,0.166205608766624,"localGP"
"11771",48,32,4,4,91.0453666765183,91.0453666765183,"Smooth","Avg. Reward Condition",40,"4",17,0,49,380,"Long",0.0395330996225487,1.5136791368432,NA,0.166205608766624,"localGP"
"11772",48,33,3,4,81.7432518785976,91.0453666765183,"Smooth","Avg. Reward Condition",40,"4",17,0,48,380,"Long",0.0395330996225487,1.5136791368432,NA,0.166205608766624,"localGP"
"11773",48,34,4,4,91.0453666765183,91.0453666765183,"Smooth","Avg. Reward Condition",40,"4",17,0,49,380,"Long",0.0395330996225487,1.5136791368432,NA,0.166205608766624,"localGP"
"11774",48,35,3,4,81.7432518785976,91.0453666765183,"Smooth","Avg. Reward Condition",40,"4",17,0,48,380,"Long",0.0395330996225487,1.5136791368432,NA,0.166205608766624,"localGP"
"11775",48,36,4,4,91.0453666765183,91.0453666765183,"Smooth","Avg. Reward Condition",40,"4",17,0,49,380,"Long",0.0395330996225487,1.5136791368432,NA,0.166205608766624,"localGP"
"11776",48,37,4,4,91.0453666765183,91.0453666765183,"Smooth","Avg. Reward Condition",40,"4",17,5,49,380,"Long",0.0395330996225487,1.5136791368432,NA,0.166205608766624,"localGP"
"11777",48,38,4,4,91.0453666765183,91.0453666765183,"Smooth","Avg. Reward Condition",40,"4",17,0,49,380,"Long",0.0395330996225487,1.5136791368432,NA,0.166205608766624,"localGP"
"11778",48,39,4,4,91.0453666765183,91.0453666765183,"Smooth","Avg. Reward Condition",40,"4",17,0,49,380,"Long",0.0395330996225487,1.5136791368432,NA,0.166205608766624,"localGP"
"11779",48,40,4,4,91.0453666765183,91.0453666765183,"Smooth","Avg. Reward Condition",40,"4",17,5,49,380,"Long",0.0395330996225487,1.5136791368432,NA,0.166205608766624,"localGP"
"11780",48,41,4,5,82.6609311486781,91.0453666765183,"Smooth","Avg. Reward Condition",40,"4",17,0,60,380,"Long",0.0395330996225487,1.5136791368432,NA,0.166205608766624,"localGP"
"11781",48,1,10,7,54.8683474490232,54.8683474490232,"Smooth","Avg. Reward Condition",20,"5",1,NA,88,381,"Short",0.0669700420892939,0.902057000300719,NA,0.392171576495312,"localGP"
"11782",48,2,4,4,58.9084220518728,58.9084220518728,"Smooth","Avg. Reward Condition",20,"5",1,1,49,381,"Short",0.0669700420892939,0.902057000300719,NA,0.392171576495312,"localGP"
"11783",48,3,4,5,50.9861643343635,58.9084220518728,"Smooth","Avg. Reward Condition",20,"5",1,1,60,381,"Short",0.0669700420892939,0.902057000300719,NA,0.392171576495312,"localGP"
"11784",48,4,3,5,41.3738955859387,58.9084220518728,"Smooth","Avg. Reward Condition",20,"5",1,1,59,381,"Short",0.0669700420892939,0.902057000300719,NA,0.392171576495312,"localGP"
"11785",48,5,2,7,38.4919473621769,58.9084220518728,"Smooth","Avg. Reward Condition",20,"5",1,2,80,381,"Short",0.0669700420892939,0.902057000300719,NA,0.392171576495312,"localGP"
"11786",48,6,1,7,64.2118511787295,64.2118511787295,"Smooth","Avg. Reward Condition",20,"5",1,4,79,381,"Short",0.0669700420892939,0.902057000300719,NA,0.392171576495312,"localGP"
"11787",48,7,9,10,49.6139701131598,64.2118511787295,"Smooth","Avg. Reward Condition",20,"5",1,1,120,381,"Short",0.0669700420892939,0.902057000300719,NA,0.392171576495312,"localGP"
"11788",48,8,9,6,61.0773012184803,64.2118511787295,"Smooth","Avg. Reward Condition",20,"5",1,2,76,381,"Short",0.0669700420892939,0.902057000300719,NA,0.392171576495312,"localGP"
"11789",48,9,9,5,46.4508872756904,64.2118511787295,"Smooth","Avg. Reward Condition",20,"5",1,2,65,381,"Short",0.0669700420892939,0.902057000300719,NA,0.392171576495312,"localGP"
"11790",48,10,8,6,65.5823308537309,65.5823308537309,"Smooth","Avg. Reward Condition",20,"5",1,3,75,381,"Short",0.0669700420892939,0.902057000300719,NA,0.392171576495312,"localGP"
"11791",48,11,8,7,45.4982579252398,65.5823308537309,"Smooth","Avg. Reward Condition",20,"5",1,2,86,381,"Short",0.0669700420892939,0.902057000300719,NA,0.392171576495312,"localGP"
"11792",48,12,9,7,59.249331592367,65.5823308537309,"Smooth","Avg. Reward Condition",20,"5",1,1,87,381,"Short",0.0669700420892939,0.902057000300719,NA,0.392171576495312,"localGP"
"11793",48,13,9,8,62.5304329189769,65.5823308537309,"Smooth","Avg. Reward Condition",20,"5",1,2,98,381,"Short",0.0669700420892939,0.902057000300719,NA,0.392171576495312,"localGP"
"11794",48,14,9,9,58.8980343444626,65.5823308537309,"Smooth","Avg. Reward Condition",20,"5",1,3,109,381,"Short",0.0669700420892939,0.902057000300719,NA,0.392171576495312,"localGP"
"11795",48,15,10,9,47.3705703671906,65.5823308537309,"Smooth","Avg. Reward Condition",20,"5",1,2,110,381,"Short",0.0669700420892939,0.902057000300719,NA,0.392171576495312,"localGP"
"11796",48,16,7,3,90.8008789663477,90.8008789663477,"Smooth","Avg. Reward Condition",20,"5",1,0,41,381,"Short",0.0669700420892939,0.902057000300719,NA,0.392171576495312,"localGP"
"11797",48,17,8,3,73.1545333653025,90.8008789663477,"Smooth","Avg. Reward Condition",20,"5",1,0,42,381,"Short",0.0669700420892939,0.902057000300719,NA,0.392171576495312,"localGP"
"11798",48,18,7,2,87.3844592186431,90.8008789663477,"Smooth","Avg. Reward Condition",20,"5",1,0,30,381,"Short",0.0669700420892939,0.902057000300719,NA,0.392171576495312,"localGP"
"11799",48,19,8,2,77.798359488466,90.8008789663477,"Smooth","Avg. Reward Condition",20,"5",1,0,31,381,"Short",0.0669700420892939,0.902057000300719,NA,0.392171576495312,"localGP"
"11800",48,20,8,1,53.2226407105471,90.8008789663477,"Smooth","Avg. Reward Condition",20,"5",1,0,20,381,"Short",0.0669700420892939,0.902057000300719,NA,0.392171576495312,"localGP"
"11801",48,21,7,1,78.9605492405504,90.8008789663477,"Smooth","Avg. Reward Condition",20,"5",1,0,19,381,"Short",0.0669700420892939,0.902057000300719,NA,0.392171576495312,"localGP"
"11802",48,1,2,10,32.7930562436501,32.7930562436501,"Smooth","Avg. Reward Condition",40,"6",3,NA,113,382,"Long",0.0399196544774855,0.757895657211945,NA,0.213582737831373,"localGP"
"11803",48,2,5,1,10.7719922717038,32.7930562436501,"Smooth","Avg. Reward Condition",40,"6",3,2,17,382,"Long",0.0399196544774855,0.757895657211945,NA,0.213582737831373,"localGP"
"11804",48,3,7,1,45.1385973531357,45.1385973531357,"Smooth","Avg. Reward Condition",40,"6",3,3,19,382,"Long",0.0399196544774855,0.757895657211945,NA,0.213582737831373,"localGP"
"11805",48,4,1,1,55.6104424370959,55.6104424370959,"Smooth","Avg. Reward Condition",40,"6",3,3,13,382,"Long",0.0399196544774855,0.757895657211945,NA,0.213582737831373,"localGP"
"11806",48,5,2,1,54.3500137878214,55.6104424370959,"Smooth","Avg. Reward Condition",40,"6",3,2,14,382,"Long",0.0399196544774855,0.757895657211945,NA,0.213582737831373,"localGP"
"11807",48,6,2,2,53.1533598477093,55.6104424370959,"Smooth","Avg. Reward Condition",40,"6",3,1,25,382,"Long",0.0399196544774855,0.757895657211945,NA,0.213582737831373,"localGP"
"11808",48,7,1,2,73.9442731369025,73.9442731369025,"Smooth","Avg. Reward Condition",40,"6",3,2,24,382,"Long",0.0399196544774855,0.757895657211945,NA,0.213582737831373,"localGP"
"11809",48,8,0,2,79.3285213093921,79.3285213093921,"Smooth","Avg. Reward Condition",40,"6",3,1,23,382,"Long",0.0399196544774855,0.757895657211945,NA,0.213582737831373,"localGP"
"11810",48,9,0,3,46.9181544218078,79.3285213093921,"Smooth","Avg. Reward Condition",40,"6",3,1,34,382,"Long",0.0399196544774855,0.757895657211945,NA,0.213582737831373,"localGP"
"11811",48,10,0,2,79.3285213093921,79.3285213093921,"Smooth","Avg. Reward Condition",40,"6",3,1,23,382,"Long",0.0399196544774855,0.757895657211945,NA,0.213582737831373,"localGP"
"11812",48,11,0,2,79.3285213093921,79.3285213093921,"Smooth","Avg. Reward Condition",40,"6",3,1,23,382,"Long",0.0399196544774855,0.757895657211945,NA,0.213582737831373,"localGP"
"11813",48,12,0,2,79.3285213093921,79.3285213093921,"Smooth","Avg. Reward Condition",40,"6",3,1,23,382,"Long",0.0399196544774855,0.757895657211945,NA,0.213582737831373,"localGP"
"11814",48,13,0,1,65.8842210019146,79.3285213093921,"Smooth","Avg. Reward Condition",40,"6",3,1,12,382,"Long",0.0399196544774855,0.757895657211945,NA,0.213582737831373,"localGP"
"11815",48,14,0,2,79.3285213093921,79.3285213093921,"Smooth","Avg. Reward Condition",40,"6",3,1,23,382,"Long",0.0399196544774855,0.757895657211945,NA,0.213582737831373,"localGP"
"11816",48,15,2,5,22.080089893032,79.3285213093921,"Smooth","Avg. Reward Condition",40,"6",3,2,58,382,"Long",0.0399196544774855,0.757895657211945,NA,0.213582737831373,"localGP"
"11817",48,16,3,2,42.1944020034096,79.3285213093921,"Smooth","Avg. Reward Condition",40,"6",3,0,26,382,"Long",0.0399196544774855,0.757895657211945,NA,0.213582737831373,"localGP"
"11818",48,17,3,7,41.1726557910907,79.3285213093921,"Smooth","Avg. Reward Condition",40,"6",3,0,81,382,"Long",0.0399196544774855,0.757895657211945,NA,0.213582737831373,"localGP"
"11819",48,18,4,7,73.9799406731188,79.3285213093921,"Smooth","Avg. Reward Condition",40,"6",3,0,82,382,"Long",0.0399196544774855,0.757895657211945,NA,0.213582737831373,"localGP"
"11820",48,19,5,7,56.1612856920817,79.3285213093921,"Smooth","Avg. Reward Condition",40,"6",3,0,83,382,"Long",0.0399196544774855,0.757895657211945,NA,0.213582737831373,"localGP"
"11821",48,20,5,8,64.8105739200729,79.3285213093921,"Smooth","Avg. Reward Condition",40,"6",3,0,94,382,"Long",0.0399196544774855,0.757895657211945,NA,0.213582737831373,"localGP"
"11822",48,21,4,8,67.6195096925002,79.3285213093921,"Smooth","Avg. Reward Condition",40,"6",3,0,93,382,"Long",0.0399196544774855,0.757895657211945,NA,0.213582737831373,"localGP"
"11823",48,22,4,9,39.9254255955642,79.3285213093921,"Smooth","Avg. Reward Condition",40,"6",3,0,104,382,"Long",0.0399196544774855,0.757895657211945,NA,0.213582737831373,"localGP"
"11824",48,23,3,9,34.2308196007598,79.3285213093921,"Smooth","Avg. Reward Condition",40,"6",3,0,103,382,"Long",0.0399196544774855,0.757895657211945,NA,0.213582737831373,"localGP"
"11825",48,24,6,8,72.494296563532,79.3285213093921,"Smooth","Avg. Reward Condition",40,"6",3,0,95,382,"Long",0.0399196544774855,0.757895657211945,NA,0.213582737831373,"localGP"
"11826",48,25,6,9,72.1740224383506,79.3285213093921,"Smooth","Avg. Reward Condition",40,"6",3,0,106,382,"Long",0.0399196544774855,0.757895657211945,NA,0.213582737831373,"localGP"
"11827",48,26,6,10,74.9768973404555,79.3285213093921,"Smooth","Avg. Reward Condition",40,"6",3,0,117,382,"Long",0.0399196544774855,0.757895657211945,NA,0.213582737831373,"localGP"
"11828",48,27,7,10,69.9878976597928,79.3285213093921,"Smooth","Avg. Reward Condition",40,"6",3,0,118,382,"Long",0.0399196544774855,0.757895657211945,NA,0.213582737831373,"localGP"
"11829",48,28,7,9,92.1104494537164,92.1104494537164,"Smooth","Avg. Reward Condition",40,"6",3,0,107,382,"Long",0.0399196544774855,0.757895657211945,NA,0.213582737831373,"localGP"
"11830",48,29,7,8,100,100,"Smooth","Avg. Reward Condition",40,"6",3,0,96,382,"Long",0.0399196544774855,0.757895657211945,NA,0.213582737831373,"localGP"
"11831",48,30,7,8,100,100,"Smooth","Avg. Reward Condition",40,"6",3,0,96,382,"Long",0.0399196544774855,0.757895657211945,NA,0.213582737831373,"localGP"
"11832",48,31,7,9,92.1104494537164,100,"Smooth","Avg. Reward Condition",40,"6",3,0,107,382,"Long",0.0399196544774855,0.757895657211945,NA,0.213582737831373,"localGP"
"11833",48,32,7,8,100,100,"Smooth","Avg. Reward Condition",40,"6",3,0,96,382,"Long",0.0399196544774855,0.757895657211945,NA,0.213582737831373,"localGP"
"11834",48,33,7,8,100,100,"Smooth","Avg. Reward Condition",40,"6",3,0,96,382,"Long",0.0399196544774855,0.757895657211945,NA,0.213582737831373,"localGP"
"11835",48,34,7,8,100,100,"Smooth","Avg. Reward Condition",40,"6",3,0,96,382,"Long",0.0399196544774855,0.757895657211945,NA,0.213582737831373,"localGP"
"11836",48,35,7,8,100,100,"Smooth","Avg. Reward Condition",40,"6",3,0,96,382,"Long",0.0399196544774855,0.757895657211945,NA,0.213582737831373,"localGP"
"11837",48,36,7,8,100,100,"Smooth","Avg. Reward Condition",40,"6",3,0,96,382,"Long",0.0399196544774855,0.757895657211945,NA,0.213582737831373,"localGP"
"11838",48,37,7,8,100,100,"Smooth","Avg. Reward Condition",40,"6",3,0,96,382,"Long",0.0399196544774855,0.757895657211945,NA,0.213582737831373,"localGP"
"11839",48,38,7,7,84.838078337325,100,"Smooth","Avg. Reward Condition",40,"6",3,0,85,382,"Long",0.0399196544774855,0.757895657211945,NA,0.213582737831373,"localGP"
"11840",48,39,7,8,100,100,"Smooth","Avg. Reward Condition",40,"6",3,0,96,382,"Long",0.0399196544774855,0.757895657211945,NA,0.213582737831373,"localGP"
"11841",48,40,7,8,100,100,"Smooth","Avg. Reward Condition",40,"6",3,0,96,382,"Long",0.0399196544774855,0.757895657211945,NA,0.213582737831373,"localGP"
"11842",48,41,7,8,100,100,"Smooth","Avg. Reward Condition",40,"6",3,0,96,382,"Long",0.0399196544774855,0.757895657211945,NA,0.213582737831373,"localGP"
"11843",48,1,6,4,36.4469567949386,36.4469567949386,"Smooth","Avg. Reward Condition",20,"7",8,NA,51,383,"Short",0.061537376718406,0.817431732430809,NA,0.336659232756377,"localGP"
"11844",48,2,6,2,38.3671913678501,38.3671913678501,"Smooth","Avg. Reward Condition",20,"7",8,1,29,383,"Short",0.061537376718406,0.817431732430809,NA,0.336659232756377,"localGP"
"11845",48,3,7,2,26.7980711857913,38.3671913678501,"Smooth","Avg. Reward Condition",20,"7",8,4,30,383,"Short",0.061537376718406,0.817431732430809,NA,0.336659232756377,"localGP"
"11846",48,4,6,0,57.0675719463974,57.0675719463974,"Smooth","Avg. Reward Condition",20,"7",8,2,7,383,"Short",0.061537376718406,0.817431732430809,NA,0.336659232756377,"localGP"
"11847",48,5,6,1,48.2263547700318,57.0675719463974,"Smooth","Avg. Reward Condition",20,"7",8,1,18,383,"Short",0.061537376718406,0.817431732430809,NA,0.336659232756377,"localGP"
"11848",48,6,2,2,48.0793702112335,57.0675719463974,"Smooth","Avg. Reward Condition",20,"7",8,1,25,383,"Short",0.061537376718406,0.817431732430809,NA,0.336659232756377,"localGP"
"11849",48,7,1,1,43.0875243946016,57.0675719463974,"Smooth","Avg. Reward Condition",20,"7",8,1,13,383,"Short",0.061537376718406,0.817431732430809,NA,0.336659232756377,"localGP"
"11850",48,8,4,10,41.3626992316202,57.0675719463974,"Smooth","Avg. Reward Condition",20,"7",8,1,115,383,"Short",0.061537376718406,0.817431732430809,NA,0.336659232756377,"localGP"
"11851",48,9,1,2,51.3385212336399,57.0675719463974,"Smooth","Avg. Reward Condition",20,"7",8,1,24,383,"Short",0.061537376718406,0.817431732430809,NA,0.336659232756377,"localGP"
"11852",48,10,1,3,30.8979610069097,57.0675719463974,"Smooth","Avg. Reward Condition",20,"7",8,1,35,383,"Short",0.061537376718406,0.817431732430809,NA,0.336659232756377,"localGP"
"11853",48,11,0,3,27.8766329094595,57.0675719463974,"Smooth","Avg. Reward Condition",20,"7",8,1,34,383,"Short",0.061537376718406,0.817431732430809,NA,0.336659232756377,"localGP"
"11854",48,12,0,2,36.0637010663972,57.0675719463974,"Smooth","Avg. Reward Condition",20,"7",8,1,23,383,"Short",0.061537376718406,0.817431732430809,NA,0.336659232756377,"localGP"
"11855",48,13,0,5,72.1267915674782,72.1267915674782,"Smooth","Avg. Reward Condition",20,"7",8,1,56,383,"Short",0.061537376718406,0.817431732430809,NA,0.336659232756377,"localGP"
"11856",48,14,0,6,53.3749498153178,72.1267915674782,"Smooth","Avg. Reward Condition",20,"7",8,1,67,383,"Short",0.061537376718406,0.817431732430809,NA,0.336659232756377,"localGP"
"11857",48,15,1,6,47.1009153774724,72.1267915674782,"Smooth","Avg. Reward Condition",20,"7",8,1,68,383,"Short",0.061537376718406,0.817431732430809,NA,0.336659232756377,"localGP"
"11858",48,16,7,10,14.8633331080282,72.1267915674782,"Smooth","Avg. Reward Condition",20,"7",8,1,118,383,"Short",0.061537376718406,0.817431732430809,NA,0.336659232756377,"localGP"
"11859",48,17,7,7,17.1903965403995,72.1267915674782,"Smooth","Avg. Reward Condition",20,"7",8,1,85,383,"Short",0.061537376718406,0.817431732430809,NA,0.336659232756377,"localGP"
"11860",48,18,2,4,66.8505188208105,72.1267915674782,"Smooth","Avg. Reward Condition",20,"7",8,2,47,383,"Short",0.061537376718406,0.817431732430809,NA,0.336659232756377,"localGP"
"11861",48,19,3,4,81.3649995175119,81.3649995175119,"Smooth","Avg. Reward Condition",20,"7",8,2,48,383,"Short",0.061537376718406,0.817431732430809,NA,0.336659232756377,"localGP"
"11862",48,20,3,5,100,100,"Smooth","Avg. Reward Condition",20,"7",8,0,59,383,"Short",0.061537376718406,0.817431732430809,NA,0.336659232756377,"localGP"
"11863",48,21,4,5,81.9160830308222,100,"Smooth","Avg. Reward Condition",20,"7",8,0,60,383,"Short",0.061537376718406,0.817431732430809,NA,0.336659232756377,"localGP"
"11864",48,1,7,10,33.7979649487254,33.7979649487254,"Smooth","Avg. Reward Condition",40,"8",19,NA,118,384,"Long",0.0438553005956827,0.648256336263593,NA,0.219698275535514,"localGP"
"11865",48,2,7,6,100,100,"Smooth","Avg. Reward Condition",40,"8",19,0,74,384,"Long",0.0438553005956827,0.648256336263593,NA,0.219698275535514,"localGP"
"11866",48,3,7,6,100,100,"Smooth","Avg. Reward Condition",40,"8",19,0,74,384,"Long",0.0438553005956827,0.648256336263593,NA,0.219698275535514,"localGP"
"11867",48,4,7,6,100,100,"Smooth","Avg. Reward Condition",40,"8",19,1,74,384,"Long",0.0438553005956827,0.648256336263593,NA,0.219698275535514,"localGP"
"11868",48,5,7,6,100,100,"Smooth","Avg. Reward Condition",40,"8",19,1,74,384,"Long",0.0438553005956827,0.648256336263593,NA,0.219698275535514,"localGP"
"11869",48,6,6,6,73.1570356560972,100,"Smooth","Avg. Reward Condition",40,"8",19,1,73,384,"Long",0.0438553005956827,0.648256336263593,NA,0.219698275535514,"localGP"
"11870",48,7,7,6,100,100,"Smooth","Avg. Reward Condition",40,"8",19,1,74,384,"Long",0.0438553005956827,0.648256336263593,NA,0.219698275535514,"localGP"
"11871",48,8,7,6,100,100,"Smooth","Avg. Reward Condition",40,"8",19,3,74,384,"Long",0.0438553005956827,0.648256336263593,NA,0.219698275535514,"localGP"
"11872",48,9,7,6,100,100,"Smooth","Avg. Reward Condition",40,"8",19,1,74,384,"Long",0.0438553005956827,0.648256336263593,NA,0.219698275535514,"localGP"
"11873",48,10,7,6,100,100,"Smooth","Avg. Reward Condition",40,"8",19,0,74,384,"Long",0.0438553005956827,0.648256336263593,NA,0.219698275535514,"localGP"
"11874",48,11,7,6,100,100,"Smooth","Avg. Reward Condition",40,"8",19,0,74,384,"Long",0.0438553005956827,0.648256336263593,NA,0.219698275535514,"localGP"
"11875",48,12,7,6,100,100,"Smooth","Avg. Reward Condition",40,"8",19,0,74,384,"Long",0.0438553005956827,0.648256336263593,NA,0.219698275535514,"localGP"
"11876",48,13,7,6,100,100,"Smooth","Avg. Reward Condition",40,"8",19,0,74,384,"Long",0.0438553005956827,0.648256336263593,NA,0.219698275535514,"localGP"
"11877",48,14,7,6,100,100,"Smooth","Avg. Reward Condition",40,"8",19,0,74,384,"Long",0.0438553005956827,0.648256336263593,NA,0.219698275535514,"localGP"
"11878",48,15,7,6,100,100,"Smooth","Avg. Reward Condition",40,"8",19,0,74,384,"Long",0.0438553005956827,0.648256336263593,NA,0.219698275535514,"localGP"
"11879",48,16,7,5,82.9053550398923,100,"Smooth","Avg. Reward Condition",40,"8",19,0,63,384,"Long",0.0438553005956827,0.648256336263593,NA,0.219698275535514,"localGP"
"11880",48,17,8,5,62.1217741531308,100,"Smooth","Avg. Reward Condition",40,"8",19,0,64,384,"Long",0.0438553005956827,0.648256336263593,NA,0.219698275535514,"localGP"
"11881",48,18,7,5,82.9053550398923,100,"Smooth","Avg. Reward Condition",40,"8",19,0,63,384,"Long",0.0438553005956827,0.648256336263593,NA,0.219698275535514,"localGP"
"11882",48,19,7,5,82.9053550398923,100,"Smooth","Avg. Reward Condition",40,"8",19,0,63,384,"Long",0.0438553005956827,0.648256336263593,NA,0.219698275535514,"localGP"
"11883",48,20,7,6,100,100,"Smooth","Avg. Reward Condition",40,"8",19,0,74,384,"Long",0.0438553005956827,0.648256336263593,NA,0.219698275535514,"localGP"
"11884",48,21,7,6,100,100,"Smooth","Avg. Reward Condition",40,"8",19,0,74,384,"Long",0.0438553005956827,0.648256336263593,NA,0.219698275535514,"localGP"
"11885",48,22,7,6,100,100,"Smooth","Avg. Reward Condition",40,"8",19,0,74,384,"Long",0.0438553005956827,0.648256336263593,NA,0.219698275535514,"localGP"
"11886",48,23,7,6,100,100,"Smooth","Avg. Reward Condition",40,"8",19,0,74,384,"Long",0.0438553005956827,0.648256336263593,NA,0.219698275535514,"localGP"
"11887",48,24,7,6,100,100,"Smooth","Avg. Reward Condition",40,"8",19,0,74,384,"Long",0.0438553005956827,0.648256336263593,NA,0.219698275535514,"localGP"
"11888",48,25,7,6,100,100,"Smooth","Avg. Reward Condition",40,"8",19,0,74,384,"Long",0.0438553005956827,0.648256336263593,NA,0.219698275535514,"localGP"
"11889",48,26,7,6,100,100,"Smooth","Avg. Reward Condition",40,"8",19,0,74,384,"Long",0.0438553005956827,0.648256336263593,NA,0.219698275535514,"localGP"
"11890",48,27,7,6,100,100,"Smooth","Avg. Reward Condition",40,"8",19,0,74,384,"Long",0.0438553005956827,0.648256336263593,NA,0.219698275535514,"localGP"
"11891",48,28,7,6,100,100,"Smooth","Avg. Reward Condition",40,"8",19,0,74,384,"Long",0.0438553005956827,0.648256336263593,NA,0.219698275535514,"localGP"
"11892",48,29,7,6,100,100,"Smooth","Avg. Reward Condition",40,"8",19,0,74,384,"Long",0.0438553005956827,0.648256336263593,NA,0.219698275535514,"localGP"
"11893",48,30,7,6,100,100,"Smooth","Avg. Reward Condition",40,"8",19,0,74,384,"Long",0.0438553005956827,0.648256336263593,NA,0.219698275535514,"localGP"
"11894",48,31,7,6,100,100,"Smooth","Avg. Reward Condition",40,"8",19,0,74,384,"Long",0.0438553005956827,0.648256336263593,NA,0.219698275535514,"localGP"
"11895",48,32,7,6,100,100,"Smooth","Avg. Reward Condition",40,"8",19,0,74,384,"Long",0.0438553005956827,0.648256336263593,NA,0.219698275535514,"localGP"
"11896",48,33,7,6,100,100,"Smooth","Avg. Reward Condition",40,"8",19,0,74,384,"Long",0.0438553005956827,0.648256336263593,NA,0.219698275535514,"localGP"
"11897",48,34,7,6,100,100,"Smooth","Avg. Reward Condition",40,"8",19,0,74,384,"Long",0.0438553005956827,0.648256336263593,NA,0.219698275535514,"localGP"
"11898",48,35,7,6,100,100,"Smooth","Avg. Reward Condition",40,"8",19,0,74,384,"Long",0.0438553005956827,0.648256336263593,NA,0.219698275535514,"localGP"
"11899",48,36,7,6,100,100,"Smooth","Avg. Reward Condition",40,"8",19,0,74,384,"Long",0.0438553005956827,0.648256336263593,NA,0.219698275535514,"localGP"
"11900",48,37,7,6,100,100,"Smooth","Avg. Reward Condition",40,"8",19,0,74,384,"Long",0.0438553005956827,0.648256336263593,NA,0.219698275535514,"localGP"
"11901",48,38,7,6,100,100,"Smooth","Avg. Reward Condition",40,"8",19,0,74,384,"Long",0.0438553005956827,0.648256336263593,NA,0.219698275535514,"localGP"
"11902",48,39,7,6,100,100,"Smooth","Avg. Reward Condition",40,"8",19,0,74,384,"Long",0.0438553005956827,0.648256336263593,NA,0.219698275535514,"localGP"
"11903",48,40,7,6,100,100,"Smooth","Avg. Reward Condition",40,"8",19,0,74,384,"Long",0.0438553005956827,0.648256336263593,NA,0.219698275535514,"localGP"
"11904",48,41,7,6,100,100,"Smooth","Avg. Reward Condition",40,"8",19,0,74,384,"Long",0.0438553005956827,0.648256336263593,NA,0.219698275535514,"localGP"
"11905",49,1,4,3,51.3524506739597,51.3524506739597,"Smooth","Avg. Reward Condition",40,"1",10,NA,38,385,"Long",0.084550321478722,0.641902609566753,NA,0.56505432128102,"localGP"
"11906",49,2,5,3,70.0403360623541,70.0403360623541,"Smooth","Avg. Reward Condition",40,"1",10,2,39,385,"Long",0.084550321478722,0.641902609566753,NA,0.56505432128102,"localGP"
"11907",49,3,5,2,78.8586431174006,78.8586431174006,"Smooth","Avg. Reward Condition",40,"1",10,2,28,385,"Long",0.084550321478722,0.641902609566753,NA,0.56505432128102,"localGP"
"11908",49,4,6,2,77.623663955121,78.8586431174006,"Smooth","Avg. Reward Condition",40,"1",10,2,29,385,"Long",0.084550321478722,0.641902609566753,NA,0.56505432128102,"localGP"
"11909",49,5,6,3,73.4359730531231,78.8586431174006,"Smooth","Avg. Reward Condition",40,"1",10,6,40,385,"Long",0.084550321478722,0.641902609566753,NA,0.56505432128102,"localGP"
"11910",49,6,7,3,51.9507469793725,78.8586431174006,"Smooth","Avg. Reward Condition",40,"1",10,1,41,385,"Long",0.084550321478722,0.641902609566753,NA,0.56505432128102,"localGP"
"11911",49,7,10,3,42.1645192614556,78.8586431174006,"Smooth","Avg. Reward Condition",40,"1",10,1,44,385,"Long",0.084550321478722,0.641902609566753,NA,0.56505432128102,"localGP"
"11912",49,8,10,4,38.6013750106334,78.8586431174006,"Smooth","Avg. Reward Condition",40,"1",10,1,55,385,"Long",0.084550321478722,0.641902609566753,NA,0.56505432128102,"localGP"
"11913",49,9,10,5,57.9008365209864,78.8586431174006,"Smooth","Avg. Reward Condition",40,"1",10,2,66,385,"Long",0.084550321478722,0.641902609566753,NA,0.56505432128102,"localGP"
"11914",49,10,9,4,30.3366861320128,78.8586431174006,"Smooth","Avg. Reward Condition",40,"1",10,3,54,385,"Long",0.084550321478722,0.641902609566753,NA,0.56505432128102,"localGP"
"11915",49,11,9,5,33.9547418705907,78.8586431174006,"Smooth","Avg. Reward Condition",40,"1",10,4,65,385,"Long",0.084550321478722,0.641902609566753,NA,0.56505432128102,"localGP"
"11916",49,12,8,6,36.1413802304101,78.8586431174006,"Smooth","Avg. Reward Condition",40,"1",10,2,75,385,"Long",0.084550321478722,0.641902609566753,NA,0.56505432128102,"localGP"
"11917",49,13,6,5,50.4304471190936,78.8586431174006,"Smooth","Avg. Reward Condition",40,"1",10,3,62,385,"Long",0.084550321478722,0.641902609566753,NA,0.56505432128102,"localGP"
"11918",49,14,6,4,54.6685625446388,78.8586431174006,"Smooth","Avg. Reward Condition",40,"1",10,6,51,385,"Long",0.084550321478722,0.641902609566753,NA,0.56505432128102,"localGP"
"11919",49,15,6,3,73.4359730531231,78.8586431174006,"Smooth","Avg. Reward Condition",40,"1",10,0,40,385,"Long",0.084550321478722,0.641902609566753,NA,0.56505432128102,"localGP"
"11920",49,16,7,10,24.3351898856804,78.8586431174006,"Smooth","Avg. Reward Condition",40,"1",10,1,118,385,"Long",0.084550321478722,0.641902609566753,NA,0.56505432128102,"localGP"
"11921",49,17,2,3,100,100,"Smooth","Avg. Reward Condition",40,"1",10,1,36,385,"Long",0.084550321478722,0.641902609566753,NA,0.56505432128102,"localGP"
"11922",49,18,2,2,84.7630980686561,100,"Smooth","Avg. Reward Condition",40,"1",10,1,25,385,"Long",0.084550321478722,0.641902609566753,NA,0.56505432128102,"localGP"
"11923",49,19,1,2,60.3864830545494,100,"Smooth","Avg. Reward Condition",40,"1",10,2,24,385,"Long",0.084550321478722,0.641902609566753,NA,0.56505432128102,"localGP"
"11924",49,20,1,1,27.8495528715729,100,"Smooth","Avg. Reward Condition",40,"1",10,1,13,385,"Long",0.084550321478722,0.641902609566753,NA,0.56505432128102,"localGP"
"11925",49,21,0,1,42.7508497784395,100,"Smooth","Avg. Reward Condition",40,"1",10,1,12,385,"Long",0.084550321478722,0.641902609566753,NA,0.56505432128102,"localGP"
"11926",49,22,0,0,30.570049780863,100,"Smooth","Avg. Reward Condition",40,"1",10,2,1,385,"Long",0.084550321478722,0.641902609566753,NA,0.56505432128102,"localGP"
"11927",49,23,6,10,22.6054443345279,100,"Smooth","Avg. Reward Condition",40,"1",10,1,117,385,"Long",0.084550321478722,0.641902609566753,NA,0.56505432128102,"localGP"
"11928",49,24,6,9,48.7652106612823,100,"Smooth","Avg. Reward Condition",40,"1",10,1,106,385,"Long",0.084550321478722,0.641902609566753,NA,0.56505432128102,"localGP"
"11929",49,25,6,8,69.1708615458563,100,"Smooth","Avg. Reward Condition",40,"1",10,1,95,385,"Long",0.084550321478722,0.641902609566753,NA,0.56505432128102,"localGP"
"11930",49,26,5,8,39.6481933267656,100,"Smooth","Avg. Reward Condition",40,"1",10,2,94,385,"Long",0.084550321478722,0.641902609566753,NA,0.56505432128102,"localGP"
"11931",49,27,5,9,26.2088929234098,100,"Smooth","Avg. Reward Condition",40,"1",10,1,105,385,"Long",0.084550321478722,0.641902609566753,NA,0.56505432128102,"localGP"
"11932",49,28,4,9,0,100,"Smooth","Avg. Reward Condition",40,"1",10,1,104,385,"Long",0.084550321478722,0.641902609566753,NA,0.56505432128102,"localGP"
"11933",49,29,4,10,4.45923290838183,100,"Smooth","Avg. Reward Condition",40,"1",10,1,115,385,"Long",0.084550321478722,0.641902609566753,NA,0.56505432128102,"localGP"
"11934",49,30,6,7,77.6383685039549,100,"Smooth","Avg. Reward Condition",40,"1",10,1,84,385,"Long",0.084550321478722,0.641902609566753,NA,0.56505432128102,"localGP"
"11935",49,31,7,7,61.8738453443511,100,"Smooth","Avg. Reward Condition",40,"1",10,4,85,385,"Long",0.084550321478722,0.641902609566753,NA,0.56505432128102,"localGP"
"11936",49,32,3,4,73.1932360426665,100,"Smooth","Avg. Reward Condition",40,"1",10,1,48,385,"Long",0.084550321478722,0.641902609566753,NA,0.56505432128102,"localGP"
"11937",49,33,2,4,68.2811565221098,100,"Smooth","Avg. Reward Condition",40,"1",10,1,47,385,"Long",0.084550321478722,0.641902609566753,NA,0.56505432128102,"localGP"
"11938",49,34,2,3,100,100,"Smooth","Avg. Reward Condition",40,"1",10,1,36,385,"Long",0.084550321478722,0.641902609566753,NA,0.56505432128102,"localGP"
"11939",49,35,3,3,87.6831078392133,100,"Smooth","Avg. Reward Condition",40,"1",10,4,37,385,"Long",0.084550321478722,0.641902609566753,NA,0.56505432128102,"localGP"
"11940",49,36,3,2,58.9766483666513,100,"Smooth","Avg. Reward Condition",40,"1",10,2,26,385,"Long",0.084550321478722,0.641902609566753,NA,0.56505432128102,"localGP"
"11941",49,37,3,1,42.3496807301259,100,"Smooth","Avg. Reward Condition",40,"1",10,1,15,385,"Long",0.084550321478722,0.641902609566753,NA,0.56505432128102,"localGP"
"11942",49,38,3,0,32.200389023984,100,"Smooth","Avg. Reward Condition",40,"1",10,2,4,385,"Long",0.084550321478722,0.641902609566753,NA,0.56505432128102,"localGP"
"11943",49,39,4,1,57.1643827547163,100,"Smooth","Avg. Reward Condition",40,"1",10,1,16,385,"Long",0.084550321478722,0.641902609566753,NA,0.56505432128102,"localGP"
"11944",49,40,5,1,61.2403460186364,100,"Smooth","Avg. Reward Condition",40,"1",10,2,17,385,"Long",0.084550321478722,0.641902609566753,NA,0.56505432128102,"localGP"
"11945",49,41,6,1,59.0938949398231,100,"Smooth","Avg. Reward Condition",40,"1",10,1,18,385,"Long",0.084550321478722,0.641902609566753,NA,0.56505432128102,"localGP"
"11946",49,1,1,6,53.3162074134113,53.3162074134113,"Smooth","Avg. Reward Condition",20,"2",11,NA,68,386,"Short",0.0768834369633055,0.80073526802635,NA,0.485826080138794,"localGP"
"11947",49,2,0,6,64.4347453431336,64.4347453431336,"Smooth","Avg. Reward Condition",20,"2",11,14,67,386,"Short",0.0768834369633055,0.80073526802635,NA,0.485826080138794,"localGP"
"11948",49,3,0,7,87.1881878039336,87.1881878039336,"Smooth","Avg. Reward Condition",20,"2",11,1,78,386,"Short",0.0768834369633055,0.80073526802635,NA,0.485826080138794,"localGP"
"11949",49,4,0,8,67.5757211779263,87.1881878039336,"Smooth","Avg. Reward Condition",20,"2",11,1,89,386,"Short",0.0768834369633055,0.80073526802635,NA,0.485826080138794,"localGP"
"11950",49,5,0,7,87.1881878039336,87.1881878039336,"Smooth","Avg. Reward Condition",20,"2",11,1,78,386,"Short",0.0768834369633055,0.80073526802635,NA,0.485826080138794,"localGP"
"11951",49,6,0,7,87.1881878039336,87.1881878039336,"Smooth","Avg. Reward Condition",20,"2",11,1,78,386,"Short",0.0768834369633055,0.80073526802635,NA,0.485826080138794,"localGP"
"11952",49,7,1,7,66.3320145159087,87.1881878039336,"Smooth","Avg. Reward Condition",20,"2",11,1,79,386,"Short",0.0768834369633055,0.80073526802635,NA,0.485826080138794,"localGP"
"11953",49,8,2,7,55.5981513858235,87.1881878039336,"Smooth","Avg. Reward Condition",20,"2",11,1,80,386,"Short",0.0768834369633055,0.80073526802635,NA,0.485826080138794,"localGP"
"11954",49,9,2,6,16.8739975298769,87.1881878039336,"Smooth","Avg. Reward Condition",20,"2",11,1,69,386,"Short",0.0768834369633055,0.80073526802635,NA,0.485826080138794,"localGP"
"11955",49,10,3,7,59.6140621219219,87.1881878039336,"Smooth","Avg. Reward Condition",20,"2",11,1,81,386,"Short",0.0768834369633055,0.80073526802635,NA,0.485826080138794,"localGP"
"11956",49,11,10,3,16.8579870376679,87.1881878039336,"Smooth","Avg. Reward Condition",20,"2",11,1,44,386,"Short",0.0768834369633055,0.80073526802635,NA,0.485826080138794,"localGP"
"11957",49,12,10,5,24.0277528362219,87.1881878039336,"Smooth","Avg. Reward Condition",20,"2",11,1,66,386,"Short",0.0768834369633055,0.80073526802635,NA,0.485826080138794,"localGP"
"11958",49,13,10,7,37.1719234376725,87.1881878039336,"Smooth","Avg. Reward Condition",20,"2",11,1,88,386,"Short",0.0768834369633055,0.80073526802635,NA,0.485826080138794,"localGP"
"11959",49,14,10,8,36.9684379010422,87.1881878039336,"Smooth","Avg. Reward Condition",20,"2",11,1,99,386,"Short",0.0768834369633055,0.80073526802635,NA,0.485826080138794,"localGP"
"11960",49,15,4,10,100,100,"Smooth","Avg. Reward Condition",20,"2",11,1,115,386,"Short",0.0768834369633055,0.80073526802635,NA,0.485826080138794,"localGP"
"11961",49,16,4,9,78.163385341713,100,"Smooth","Avg. Reward Condition",20,"2",11,1,104,386,"Short",0.0768834369633055,0.80073526802635,NA,0.485826080138794,"localGP"
"11962",49,17,5,9,67.3684283417963,100,"Smooth","Avg. Reward Condition",20,"2",11,1,105,386,"Short",0.0768834369633055,0.80073526802635,NA,0.485826080138794,"localGP"
"11963",49,18,5,10,87.2658829250153,100,"Smooth","Avg. Reward Condition",20,"2",11,1,116,386,"Short",0.0768834369633055,0.80073526802635,NA,0.485826080138794,"localGP"
"11964",49,19,4,10,100,100,"Smooth","Avg. Reward Condition",20,"2",11,1,115,386,"Short",0.0768834369633055,0.80073526802635,NA,0.485826080138794,"localGP"
"11965",49,20,3,10,47.1514098553432,100,"Smooth","Avg. Reward Condition",20,"2",11,1,114,386,"Short",0.0768834369633055,0.80073526802635,NA,0.485826080138794,"localGP"
"11966",49,21,1,1,53.9274395779777,100,"Smooth","Avg. Reward Condition",20,"2",11,1,13,386,"Short",0.0768834369633055,0.80073526802635,NA,0.485826080138794,"localGP"
"11967",49,1,6,8,16.7323723031171,16.7323723031171,"Smooth","Avg. Reward Condition",40,"3",13,NA,95,387,"Long",0.0837286106224128,0.674331864904333,NA,0.527852100366562,"localGP"
"11968",49,2,6,9,20.5227228082924,20.5227228082924,"Smooth","Avg. Reward Condition",40,"3",13,2,106,387,"Long",0.0837286106224128,0.674331864904333,NA,0.527852100366562,"localGP"
"11969",49,3,7,9,8.80347395519033,20.5227228082924,"Smooth","Avg. Reward Condition",40,"3",13,1,107,387,"Long",0.0837286106224128,0.674331864904333,NA,0.527852100366562,"localGP"
"11970",49,4,8,6,23.2409333296552,23.2409333296552,"Smooth","Avg. Reward Condition",40,"3",13,2,75,387,"Long",0.0837286106224128,0.674331864904333,NA,0.527852100366562,"localGP"
"11971",49,5,6,8,16.7323723031171,23.2409333296552,"Smooth","Avg. Reward Condition",40,"3",13,1,95,387,"Long",0.0837286106224128,0.674331864904333,NA,0.527852100366562,"localGP"
"11972",49,6,6,7,61.746746813945,61.746746813945,"Smooth","Avg. Reward Condition",40,"3",13,1,84,387,"Long",0.0837286106224128,0.674331864904333,NA,0.527852100366562,"localGP"
"11973",49,7,7,7,65.4024008297737,65.4024008297737,"Smooth","Avg. Reward Condition",40,"3",13,2,85,387,"Long",0.0837286106224128,0.674331864904333,NA,0.527852100366562,"localGP"
"11974",49,8,2,9,27.7793506085113,65.4024008297737,"Smooth","Avg. Reward Condition",40,"3",13,1,102,387,"Long",0.0837286106224128,0.674331864904333,NA,0.527852100366562,"localGP"
"11975",49,9,4,10,31.3744898461454,65.4024008297737,"Smooth","Avg. Reward Condition",40,"3",13,1,115,387,"Long",0.0837286106224128,0.674331864904333,NA,0.527852100366562,"localGP"
"11976",49,10,5,10,12.2288928318123,65.4024008297737,"Smooth","Avg. Reward Condition",40,"3",13,1,116,387,"Long",0.0837286106224128,0.674331864904333,NA,0.527852100366562,"localGP"
"11977",49,11,5,4,33.9006613520623,65.4024008297737,"Smooth","Avg. Reward Condition",40,"3",13,1,50,387,"Long",0.0837286106224128,0.674331864904333,NA,0.527852100366562,"localGP"
"11978",49,12,4,3,68.6184588399681,68.6184588399681,"Smooth","Avg. Reward Condition",40,"3",13,1,38,387,"Long",0.0837286106224128,0.674331864904333,NA,0.527852100366562,"localGP"
"11979",49,13,4,2,29.018522629385,68.6184588399681,"Smooth","Avg. Reward Condition",40,"3",13,1,27,387,"Long",0.0837286106224128,0.674331864904333,NA,0.527852100366562,"localGP"
"11980",49,14,3,2,75.9223381375201,75.9223381375201,"Smooth","Avg. Reward Condition",40,"3",13,1,26,387,"Long",0.0837286106224128,0.674331864904333,NA,0.527852100366562,"localGP"
"11981",49,15,3,3,80.5615551663229,80.5615551663229,"Smooth","Avg. Reward Condition",40,"3",13,1,37,387,"Long",0.0837286106224128,0.674331864904333,NA,0.527852100366562,"localGP"
"11982",49,16,2,3,88.3048631958372,88.3048631958372,"Smooth","Avg. Reward Condition",40,"3",13,5,36,387,"Long",0.0837286106224128,0.674331864904333,NA,0.527852100366562,"localGP"
"11983",49,17,2,2,91.2685637119397,91.2685637119397,"Smooth","Avg. Reward Condition",40,"3",13,1,25,387,"Long",0.0837286106224128,0.674331864904333,NA,0.527852100366562,"localGP"
"11984",49,18,1,2,38.3504915671492,91.2685637119397,"Smooth","Avg. Reward Condition",40,"3",13,1,24,387,"Long",0.0837286106224128,0.674331864904333,NA,0.527852100366562,"localGP"
"11985",49,19,3,10,49.5315069450251,91.2685637119397,"Smooth","Avg. Reward Condition",40,"3",13,1,114,387,"Long",0.0837286106224128,0.674331864904333,NA,0.527852100366562,"localGP"
"11986",49,20,3,8,30.4607303474872,91.2685637119397,"Smooth","Avg. Reward Condition",40,"3",13,1,92,387,"Long",0.0837286106224128,0.674331864904333,NA,0.527852100366562,"localGP"
"11987",49,21,4,8,29.543409633079,91.2685637119397,"Smooth","Avg. Reward Condition",40,"3",13,2,93,387,"Long",0.0837286106224128,0.674331864904333,NA,0.527852100366562,"localGP"
"11988",49,22,5,8,17.7476651044899,91.2685637119397,"Smooth","Avg. Reward Condition",40,"3",13,1,94,387,"Long",0.0837286106224128,0.674331864904333,NA,0.527852100366562,"localGP"
"11989",49,23,7,7,65.4024008297737,91.2685637119397,"Smooth","Avg. Reward Condition",40,"3",13,2,85,387,"Long",0.0837286106224128,0.674331864904333,NA,0.527852100366562,"localGP"
"11990",49,24,7,3,27.7085834681235,91.2685637119397,"Smooth","Avg. Reward Condition",40,"3",13,1,41,387,"Long",0.0837286106224128,0.674331864904333,NA,0.527852100366562,"localGP"
"11991",49,25,9,1,33.2193816371395,91.2685637119397,"Smooth","Avg. Reward Condition",40,"3",13,1,21,387,"Long",0.0837286106224128,0.674331864904333,NA,0.527852100366562,"localGP"
"11992",49,26,9,2,23.0068274963979,91.2685637119397,"Smooth","Avg. Reward Condition",40,"3",13,1,32,387,"Long",0.0837286106224128,0.674331864904333,NA,0.527852100366562,"localGP"
"11993",49,27,1,0,62.1042117184929,91.2685637119397,"Smooth","Avg. Reward Condition",40,"3",13,1,2,387,"Long",0.0837286106224128,0.674331864904333,NA,0.527852100366562,"localGP"
"11994",49,28,0,0,69.6664055105251,91.2685637119397,"Smooth","Avg. Reward Condition",40,"3",13,1,1,387,"Long",0.0837286106224128,0.674331864904333,NA,0.527852100366562,"localGP"
"11995",49,29,0,6,56.4375165015689,91.2685637119397,"Smooth","Avg. Reward Condition",40,"3",13,1,67,387,"Long",0.0837286106224128,0.674331864904333,NA,0.527852100366562,"localGP"
"11996",49,30,0,7,62.0907443594714,91.2685637119397,"Smooth","Avg. Reward Condition",40,"3",13,5,78,387,"Long",0.0837286106224128,0.674331864904333,NA,0.527852100366562,"localGP"
"11997",49,31,0,8,65.1846207072106,91.2685637119397,"Smooth","Avg. Reward Condition",40,"3",13,1,89,387,"Long",0.0837286106224128,0.674331864904333,NA,0.527852100366562,"localGP"
"11998",49,32,1,8,49.5943667659217,91.2685637119397,"Smooth","Avg. Reward Condition",40,"3",13,1,90,387,"Long",0.0837286106224128,0.674331864904333,NA,0.527852100366562,"localGP"
"11999",49,33,1,9,13.3059555047857,91.2685637119397,"Smooth","Avg. Reward Condition",40,"3",13,1,101,387,"Long",0.0837286106224128,0.674331864904333,NA,0.527852100366562,"localGP"
"12000",49,34,1,7,39.7333701144124,91.2685637119397,"Smooth","Avg. Reward Condition",40,"3",13,1,79,387,"Long",0.0837286106224128,0.674331864904333,NA,0.527852100366562,"localGP"
"12001",49,35,1,6,39.9812394486691,91.2685637119397,"Smooth","Avg. Reward Condition",40,"3",13,2,68,387,"Long",0.0837286106224128,0.674331864904333,NA,0.527852100366562,"localGP"
"12002",49,36,1,5,64.6815173963215,91.2685637119397,"Smooth","Avg. Reward Condition",40,"3",13,1,57,387,"Long",0.0837286106224128,0.674331864904333,NA,0.527852100366562,"localGP"
"12003",49,37,1,4,57.8821067127826,91.2685637119397,"Smooth","Avg. Reward Condition",40,"3",13,1,46,387,"Long",0.0837286106224128,0.674331864904333,NA,0.527852100366562,"localGP"
"12004",49,38,2,4,86.7630388184153,91.2685637119397,"Smooth","Avg. Reward Condition",40,"3",13,1,47,387,"Long",0.0837286106224128,0.674331864904333,NA,0.527852100366562,"localGP"
"12005",49,39,3,4,69.0645761763699,91.2685637119397,"Smooth","Avg. Reward Condition",40,"3",13,1,48,387,"Long",0.0837286106224128,0.674331864904333,NA,0.527852100366562,"localGP"
"12006",49,40,3,5,54.7363822558009,91.2685637119397,"Smooth","Avg. Reward Condition",40,"3",13,1,59,387,"Long",0.0837286106224128,0.674331864904333,NA,0.527852100366562,"localGP"
"12007",49,41,2,5,73.5182942872348,91.2685637119397,"Smooth","Avg. Reward Condition",40,"3",13,1,58,387,"Long",0.0837286106224128,0.674331864904333,NA,0.527852100366562,"localGP"
"12008",49,1,2,9,69.3281763432378,69.3281763432378,"Smooth","Avg. Reward Condition",20,"4",17,NA,102,388,"Short",0.0669030221799362,0.770317418468326,NA,0.511291011322851,"localGP"
"12009",49,2,2,10,64.0452624101058,69.3281763432378,"Smooth","Avg. Reward Condition",20,"4",17,3,113,388,"Short",0.0669030221799362,0.770317418468326,NA,0.511291011322851,"localGP"
"12010",49,3,1,10,38.833322433852,69.3281763432378,"Smooth","Avg. Reward Condition",20,"4",17,5,112,388,"Short",0.0669030221799362,0.770317418468326,NA,0.511291011322851,"localGP"
"12011",49,4,1,9,43.2151205194365,69.3281763432378,"Smooth","Avg. Reward Condition",20,"4",17,4,101,388,"Short",0.0669030221799362,0.770317418468326,NA,0.511291011322851,"localGP"
"12012",49,5,1,8,61.4248560336744,69.3281763432378,"Smooth","Avg. Reward Condition",20,"4",17,7,90,388,"Short",0.0669030221799362,0.770317418468326,NA,0.511291011322851,"localGP"
"12013",49,6,1,7,56.599176854759,69.3281763432378,"Smooth","Avg. Reward Condition",20,"4",17,4,79,388,"Short",0.0669030221799362,0.770317418468326,NA,0.511291011322851,"localGP"
"12014",49,7,0,7,75.6546500292789,75.6546500292789,"Smooth","Avg. Reward Condition",20,"4",17,9,78,388,"Short",0.0669030221799362,0.770317418468326,NA,0.511291011322851,"localGP"
"12015",49,8,0,6,45.728251505355,75.6546500292789,"Smooth","Avg. Reward Condition",20,"4",17,1,67,388,"Short",0.0669030221799362,0.770317418468326,NA,0.511291011322851,"localGP"
"12016",49,9,8,3,41.0422069840065,75.6546500292789,"Smooth","Avg. Reward Condition",20,"4",17,2,42,388,"Short",0.0669030221799362,0.770317418468326,NA,0.511291011322851,"localGP"
"12017",49,10,8,4,25.5290036062029,75.6546500292789,"Smooth","Avg. Reward Condition",20,"4",17,1,53,388,"Short",0.0669030221799362,0.770317418468326,NA,0.511291011322851,"localGP"
"12018",49,11,8,5,20.7172540891827,75.6546500292789,"Smooth","Avg. Reward Condition",20,"4",17,1,64,388,"Short",0.0669030221799362,0.770317418468326,NA,0.511291011322851,"localGP"
"12019",49,12,10,5,66.9387480102746,75.6546500292789,"Smooth","Avg. Reward Condition",20,"4",17,3,66,388,"Short",0.0669030221799362,0.770317418468326,NA,0.511291011322851,"localGP"
"12020",49,13,9,4,37.4189636336299,75.6546500292789,"Smooth","Avg. Reward Condition",20,"4",17,1,54,388,"Short",0.0669030221799362,0.770317418468326,NA,0.511291011322851,"localGP"
"12021",49,14,10,4,60.9323536427728,75.6546500292789,"Smooth","Avg. Reward Condition",20,"4",17,1,55,388,"Short",0.0669030221799362,0.770317418468326,NA,0.511291011322851,"localGP"
"12022",49,15,10,3,62.1105704229087,75.6546500292789,"Smooth","Avg. Reward Condition",20,"4",17,1,44,388,"Short",0.0669030221799362,0.770317418468326,NA,0.511291011322851,"localGP"
"12023",49,16,10,2,51.1126681284634,75.6546500292789,"Smooth","Avg. Reward Condition",20,"4",17,1,33,388,"Short",0.0669030221799362,0.770317418468326,NA,0.511291011322851,"localGP"
"12024",49,17,9,2,61.2328313853332,75.6546500292789,"Smooth","Avg. Reward Condition",20,"4",17,1,32,388,"Short",0.0669030221799362,0.770317418468326,NA,0.511291011322851,"localGP"
"12025",49,18,9,10,51.9374709842096,75.6546500292789,"Smooth","Avg. Reward Condition",20,"4",17,2,120,388,"Short",0.0669030221799362,0.770317418468326,NA,0.511291011322851,"localGP"
"12026",49,19,10,10,65.1732478778687,75.6546500292789,"Smooth","Avg. Reward Condition",20,"4",17,1,121,388,"Short",0.0669030221799362,0.770317418468326,NA,0.511291011322851,"localGP"
"12027",49,20,10,9,62.3531210252204,75.6546500292789,"Smooth","Avg. Reward Condition",20,"4",17,1,110,388,"Short",0.0669030221799362,0.770317418468326,NA,0.511291011322851,"localGP"
"12028",49,21,9,9,82.3610633531152,82.3610633531152,"Smooth","Avg. Reward Condition",20,"4",17,5,109,388,"Short",0.0669030221799362,0.770317418468326,NA,0.511291011322851,"localGP"
"12029",49,1,6,3,37.4132597632544,37.4132597632544,"Smooth","Avg. Reward Condition",40,"5",6,NA,40,389,"Long",0.0826502520472236,0.673117395600366,NA,0.526834408323002,"localGP"
"12030",49,2,4,8,46.9524514765954,46.9524514765954,"Smooth","Avg. Reward Condition",40,"5",6,1,93,389,"Long",0.0826502520472236,0.673117395600366,NA,0.526834408323002,"localGP"
"12031",49,3,4,7,63.6433329496781,63.6433329496781,"Smooth","Avg. Reward Condition",40,"5",6,2,82,389,"Long",0.0826502520472236,0.673117395600366,NA,0.526834408323002,"localGP"
"12032",49,4,2,10,50.1552784295293,63.6433329496781,"Smooth","Avg. Reward Condition",40,"5",6,2,113,389,"Long",0.0826502520472236,0.673117395600366,NA,0.526834408323002,"localGP"
"12033",49,5,2,9,26.1687678921862,63.6433329496781,"Smooth","Avg. Reward Condition",40,"5",6,1,102,389,"Long",0.0826502520472236,0.673117395600366,NA,0.526834408323002,"localGP"
"12034",49,6,1,8,26.3468808811105,63.6433329496781,"Smooth","Avg. Reward Condition",40,"5",6,9,90,389,"Long",0.0826502520472236,0.673117395600366,NA,0.526834408323002,"localGP"
"12035",49,7,1,7,34.3269334073576,63.6433329496781,"Smooth","Avg. Reward Condition",40,"5",6,4,79,389,"Long",0.0826502520472236,0.673117395600366,NA,0.526834408323002,"localGP"
"12036",49,8,0,8,61.7889867982793,63.6433329496781,"Smooth","Avg. Reward Condition",40,"5",6,1,89,389,"Long",0.0826502520472236,0.673117395600366,NA,0.526834408323002,"localGP"
"12037",49,9,0,9,70.7016784293051,70.7016784293051,"Smooth","Avg. Reward Condition",40,"5",6,1,100,389,"Long",0.0826502520472236,0.673117395600366,NA,0.526834408323002,"localGP"
"12038",49,10,0,10,82.527541309215,82.527541309215,"Smooth","Avg. Reward Condition",40,"5",6,1,111,389,"Long",0.0826502520472236,0.673117395600366,NA,0.526834408323002,"localGP"
"12039",49,11,1,10,67.9554499447788,82.527541309215,"Smooth","Avg. Reward Condition",40,"5",6,1,112,389,"Long",0.0826502520472236,0.673117395600366,NA,0.526834408323002,"localGP"
"12040",49,12,4,6,16.9158331978678,82.527541309215,"Smooth","Avg. Reward Condition",40,"5",6,1,71,389,"Long",0.0826502520472236,0.673117395600366,NA,0.526834408323002,"localGP"
"12041",49,13,5,7,40.6549349788525,82.527541309215,"Smooth","Avg. Reward Condition",40,"5",6,1,83,389,"Long",0.0826502520472236,0.673117395600366,NA,0.526834408323002,"localGP"
"12042",49,14,5,3,48.1996361335517,82.527541309215,"Smooth","Avg. Reward Condition",40,"5",6,1,39,389,"Long",0.0826502520472236,0.673117395600366,NA,0.526834408323002,"localGP"
"12043",49,15,5,4,30.2017705880364,82.527541309215,"Smooth","Avg. Reward Condition",40,"5",6,1,50,389,"Long",0.0826502520472236,0.673117395600366,NA,0.526834408323002,"localGP"
"12044",49,16,8,3,35.8284389219026,82.527541309215,"Smooth","Avg. Reward Condition",40,"5",6,1,42,389,"Long",0.0826502520472236,0.673117395600366,NA,0.526834408323002,"localGP"
"12045",49,17,7,3,29.6760895076296,82.527541309215,"Smooth","Avg. Reward Condition",40,"5",6,1,41,389,"Long",0.0826502520472236,0.673117395600366,NA,0.526834408323002,"localGP"
"12046",49,18,7,3,29.6760895076296,82.527541309215,"Smooth","Avg. Reward Condition",40,"5",6,2,41,389,"Long",0.0826502520472236,0.673117395600366,NA,0.526834408323002,"localGP"
"12047",49,19,7,4,44.475034820107,82.527541309215,"Smooth","Avg. Reward Condition",40,"5",6,1,52,389,"Long",0.0826502520472236,0.673117395600366,NA,0.526834408323002,"localGP"
"12048",49,20,7,5,62.7685778639352,82.527541309215,"Smooth","Avg. Reward Condition",40,"5",6,1,63,389,"Long",0.0826502520472236,0.673117395600366,NA,0.526834408323002,"localGP"
"12049",49,21,8,5,61.1665881936145,82.527541309215,"Smooth","Avg. Reward Condition",40,"5",6,2,64,389,"Long",0.0826502520472236,0.673117395600366,NA,0.526834408323002,"localGP"
"12050",49,22,8,6,60.0245821381091,82.527541309215,"Smooth","Avg. Reward Condition",40,"5",6,3,75,389,"Long",0.0826502520472236,0.673117395600366,NA,0.526834408323002,"localGP"
"12051",49,23,7,6,39.4865899773576,82.527541309215,"Smooth","Avg. Reward Condition",40,"5",6,1,74,389,"Long",0.0826502520472236,0.673117395600366,NA,0.526834408323002,"localGP"
"12052",49,24,7,8,41.2867547239503,82.527541309215,"Smooth","Avg. Reward Condition",40,"5",6,1,96,389,"Long",0.0826502520472236,0.673117395600366,NA,0.526834408323002,"localGP"
"12053",49,25,7,7,33.8108043843731,82.527541309215,"Smooth","Avg. Reward Condition",40,"5",6,1,85,389,"Long",0.0826502520472236,0.673117395600366,NA,0.526834408323002,"localGP"
"12054",49,26,7,9,30.1286651387231,82.527541309215,"Smooth","Avg. Reward Condition",40,"5",6,1,107,389,"Long",0.0826502520472236,0.673117395600366,NA,0.526834408323002,"localGP"
"12055",49,27,9,8,81.6907585501877,82.527541309215,"Smooth","Avg. Reward Condition",40,"5",6,2,98,389,"Long",0.0826502520472236,0.673117395600366,NA,0.526834408323002,"localGP"
"12056",49,28,10,8,49.0427197755467,82.527541309215,"Smooth","Avg. Reward Condition",40,"5",6,6,99,389,"Long",0.0826502520472236,0.673117395600366,NA,0.526834408323002,"localGP"
"12057",49,29,10,0,10.3010804163192,82.527541309215,"Smooth","Avg. Reward Condition",40,"5",6,1,11,389,"Long",0.0826502520472236,0.673117395600366,NA,0.526834408323002,"localGP"
"12058",49,30,10,9,86.1457429128577,86.1457429128577,"Smooth","Avg. Reward Condition",40,"5",6,3,110,389,"Long",0.0826502520472236,0.673117395600366,NA,0.526834408323002,"localGP"
"12059",49,31,9,9,83.6268655538995,86.1457429128577,"Smooth","Avg. Reward Condition",40,"5",6,1,109,389,"Long",0.0826502520472236,0.673117395600366,NA,0.526834408323002,"localGP"
"12060",49,32,8,9,49.0885670492111,86.1457429128577,"Smooth","Avg. Reward Condition",40,"5",6,1,108,389,"Long",0.0826502520472236,0.673117395600366,NA,0.526834408323002,"localGP"
"12061",49,33,10,6,56.8143010916022,86.1457429128577,"Smooth","Avg. Reward Condition",40,"5",6,4,77,389,"Long",0.0826502520472236,0.673117395600366,NA,0.526834408323002,"localGP"
"12062",49,34,9,6,38.8361127963237,86.1457429128577,"Smooth","Avg. Reward Condition",40,"5",6,1,76,389,"Long",0.0826502520472236,0.673117395600366,NA,0.526834408323002,"localGP"
"12063",49,35,9,5,16.2842425403002,86.1457429128577,"Smooth","Avg. Reward Condition",40,"5",6,2,65,389,"Long",0.0826502520472236,0.673117395600366,NA,0.526834408323002,"localGP"
"12064",49,36,7,8,41.2867547239503,86.1457429128577,"Smooth","Avg. Reward Condition",40,"5",6,1,96,389,"Long",0.0826502520472236,0.673117395600366,NA,0.526834408323002,"localGP"
"12065",49,37,0,10,82.527541309215,86.1457429128577,"Smooth","Avg. Reward Condition",40,"5",6,2,111,389,"Long",0.0826502520472236,0.673117395600366,NA,0.526834408323002,"localGP"
"12066",49,38,4,9,29.8742358544545,86.1457429128577,"Smooth","Avg. Reward Condition",40,"5",6,1,104,389,"Long",0.0826502520472236,0.673117395600366,NA,0.526834408323002,"localGP"
"12067",49,39,4,10,76.3931212257129,86.1457429128577,"Smooth","Avg. Reward Condition",40,"5",6,1,115,389,"Long",0.0826502520472236,0.673117395600366,NA,0.526834408323002,"localGP"
"12068",49,40,5,10,51.4215648628106,86.1457429128577,"Smooth","Avg. Reward Condition",40,"5",6,1,116,389,"Long",0.0826502520472236,0.673117395600366,NA,0.526834408323002,"localGP"
"12069",49,41,6,10,20.3520060539049,86.1457429128577,"Smooth","Avg. Reward Condition",40,"5",6,6,117,389,"Long",0.0826502520472236,0.673117395600366,NA,0.526834408323002,"localGP"
"12070",49,1,3,10,27.8257568342711,27.8257568342711,"Smooth","Avg. Reward Condition",20,"6",3,NA,114,390,"Short",0.0723876525352194,0.810084940954211,NA,0.502618623179277,"localGP"
"12071",49,2,4,10,39.6228842539641,39.6228842539641,"Smooth","Avg. Reward Condition",20,"6",3,1,115,390,"Short",0.0723876525352194,0.810084940954211,NA,0.502618623179277,"localGP"
"12072",49,3,5,10,69.7494805541345,69.7494805541345,"Smooth","Avg. Reward Condition",20,"6",3,2,116,390,"Short",0.0723876525352194,0.810084940954211,NA,0.502618623179277,"localGP"
"12073",49,4,6,10,74.9768973404555,74.9768973404555,"Smooth","Avg. Reward Condition",20,"6",3,1,117,390,"Short",0.0723876525352194,0.810084940954211,NA,0.502618623179277,"localGP"
"12074",49,5,7,10,69.9878976597928,74.9768973404555,"Smooth","Avg. Reward Condition",20,"6",3,1,118,390,"Short",0.0723876525352194,0.810084940954211,NA,0.502618623179277,"localGP"
"12075",49,6,8,10,41.0809609626061,74.9768973404555,"Smooth","Avg. Reward Condition",20,"6",3,1,119,390,"Short",0.0723876525352194,0.810084940954211,NA,0.502618623179277,"localGP"
"12076",49,7,8,9,62.9374230938864,74.9768973404555,"Smooth","Avg. Reward Condition",20,"6",3,1,108,390,"Short",0.0723876525352194,0.810084940954211,NA,0.502618623179277,"localGP"
"12077",49,8,8,8,86.9112548531245,86.9112548531245,"Smooth","Avg. Reward Condition",20,"6",3,1,97,390,"Short",0.0723876525352194,0.810084940954211,NA,0.502618623179277,"localGP"
"12078",49,9,9,8,71.6014432205771,86.9112548531245,"Smooth","Avg. Reward Condition",20,"6",3,2,98,390,"Short",0.0723876525352194,0.810084940954211,NA,0.502618623179277,"localGP"
"12079",49,10,7,9,92.1104494537164,92.1104494537164,"Smooth","Avg. Reward Condition",20,"6",3,4,107,390,"Short",0.0723876525352194,0.810084940954211,NA,0.502618623179277,"localGP"
"12080",49,11,7,8,100,100,"Smooth","Avg. Reward Condition",20,"6",3,1,96,390,"Short",0.0723876525352194,0.810084940954211,NA,0.502618623179277,"localGP"
"12081",49,12,6,8,72.494296563532,100,"Smooth","Avg. Reward Condition",20,"6",3,1,95,390,"Short",0.0723876525352194,0.810084940954211,NA,0.502618623179277,"localGP"
"12082",49,13,6,9,72.1740224383506,100,"Smooth","Avg. Reward Condition",20,"6",3,1,106,390,"Short",0.0723876525352194,0.810084940954211,NA,0.502618623179277,"localGP"
"12083",49,14,0,0,44.0135944380154,100,"Smooth","Avg. Reward Condition",20,"6",3,2,1,390,"Short",0.0723876525352194,0.810084940954211,NA,0.502618623179277,"localGP"
"12084",49,15,2,0,30.4119730955053,100,"Smooth","Avg. Reward Condition",20,"6",3,1,3,390,"Short",0.0723876525352194,0.810084940954211,NA,0.502618623179277,"localGP"
"12085",49,16,4,0,28.6800847238269,100,"Smooth","Avg. Reward Condition",20,"6",3,2,5,390,"Short",0.0723876525352194,0.810084940954211,NA,0.502618623179277,"localGP"
"12086",49,17,4,1,12.1703970520116,100,"Smooth","Avg. Reward Condition",20,"6",3,1,16,390,"Short",0.0723876525352194,0.810084940954211,NA,0.502618623179277,"localGP"
"12087",49,18,10,0,39.4294452948652,100,"Smooth","Avg. Reward Condition",20,"6",3,2,11,390,"Short",0.0723876525352194,0.810084940954211,NA,0.502618623179277,"localGP"
"12088",49,19,9,7,49.674641221052,100,"Smooth","Avg. Reward Condition",20,"6",3,1,87,390,"Short",0.0723876525352194,0.810084940954211,NA,0.502618623179277,"localGP"
"12089",49,20,10,7,74.302046558664,100,"Smooth","Avg. Reward Condition",20,"6",3,5,88,390,"Short",0.0723876525352194,0.810084940954211,NA,0.502618623179277,"localGP"
"12090",49,21,10,6,69.1638610636693,100,"Smooth","Avg. Reward Condition",20,"6",3,1,77,390,"Short",0.0723876525352194,0.810084940954211,NA,0.502618623179277,"localGP"
"12091",49,1,0,3,20.3156192085015,20.3156192085015,"Smooth","Avg. Reward Condition",40,"7",9,NA,34,391,"Long",0.0750838961786972,0.714411135032901,NA,0.528357528924136,"localGP"
"12092",49,2,4,2,55.6576112274651,55.6576112274651,"Smooth","Avg. Reward Condition",40,"7",9,1,27,391,"Long",0.0750838961786972,0.714411135032901,NA,0.528357528924136,"localGP"
"12093",49,3,3,2,59.8826476253747,59.8826476253747,"Smooth","Avg. Reward Condition",40,"7",9,1,26,391,"Long",0.0750838961786972,0.714411135032901,NA,0.528357528924136,"localGP"
"12094",49,4,3,1,40.3499664940064,59.8826476253747,"Smooth","Avg. Reward Condition",40,"7",9,1,15,391,"Long",0.0750838961786972,0.714411135032901,NA,0.528357528924136,"localGP"
"12095",49,5,2,1,14.59231424238,59.8826476253747,"Smooth","Avg. Reward Condition",40,"7",9,2,14,391,"Long",0.0750838961786972,0.714411135032901,NA,0.528357528924136,"localGP"
"12096",49,6,4,1,66.1540959055095,66.1540959055095,"Smooth","Avg. Reward Condition",40,"7",9,0,16,391,"Long",0.0750838961786972,0.714411135032901,NA,0.528357528924136,"localGP"
"12097",49,7,4,0,79.9431598436755,79.9431598436755,"Smooth","Avg. Reward Condition",40,"7",9,1,5,391,"Long",0.0750838961786972,0.714411135032901,NA,0.528357528924136,"localGP"
"12098",49,8,5,0,63.7023993468335,79.9431598436755,"Smooth","Avg. Reward Condition",40,"7",9,2,6,391,"Long",0.0750838961786972,0.714411135032901,NA,0.528357528924136,"localGP"
"12099",49,9,6,0,42.0165877631551,79.9431598436755,"Smooth","Avg. Reward Condition",40,"7",9,1,7,391,"Long",0.0750838961786972,0.714411135032901,NA,0.528357528924136,"localGP"
"12100",49,10,7,0,36.7201386585293,79.9431598436755,"Smooth","Avg. Reward Condition",40,"7",9,1,8,391,"Long",0.0750838961786972,0.714411135032901,NA,0.528357528924136,"localGP"
"12101",49,11,7,1,45.4129619985676,79.9431598436755,"Smooth","Avg. Reward Condition",40,"7",9,6,19,391,"Long",0.0750838961786972,0.714411135032901,NA,0.528357528924136,"localGP"
"12102",49,12,7,2,45.3020225853978,79.9431598436755,"Smooth","Avg. Reward Condition",40,"7",9,0,30,391,"Long",0.0750838961786972,0.714411135032901,NA,0.528357528924136,"localGP"
"12103",49,13,8,2,56.8753633027435,79.9431598436755,"Smooth","Avg. Reward Condition",40,"7",9,1,31,391,"Long",0.0750838961786972,0.714411135032901,NA,0.528357528924136,"localGP"
"12104",49,14,9,2,54.6848187444457,79.9431598436755,"Smooth","Avg. Reward Condition",40,"7",9,1,32,391,"Long",0.0750838961786972,0.714411135032901,NA,0.528357528924136,"localGP"
"12105",49,15,9,1,31.5526478854245,79.9431598436755,"Smooth","Avg. Reward Condition",40,"7",9,1,21,391,"Long",0.0750838961786972,0.714411135032901,NA,0.528357528924136,"localGP"
"12106",49,16,10,4,62.6723256804465,79.9431598436755,"Smooth","Avg. Reward Condition",40,"7",9,1,55,391,"Long",0.0750838961786972,0.714411135032901,NA,0.528357528924136,"localGP"
"12107",49,17,9,4,66.4162368396028,79.9431598436755,"Smooth","Avg. Reward Condition",40,"7",9,1,54,391,"Long",0.0750838961786972,0.714411135032901,NA,0.528357528924136,"localGP"
"12108",49,18,9,5,32.4681463140711,79.9431598436755,"Smooth","Avg. Reward Condition",40,"7",9,2,65,391,"Long",0.0750838961786972,0.714411135032901,NA,0.528357528924136,"localGP"
"12109",49,19,9,3,52.5751779693642,79.9431598436755,"Smooth","Avg. Reward Condition",40,"7",9,1,43,391,"Long",0.0750838961786972,0.714411135032901,NA,0.528357528924136,"localGP"
"12110",49,20,8,3,37.2279744875083,79.9431598436755,"Smooth","Avg. Reward Condition",40,"7",9,1,42,391,"Long",0.0750838961786972,0.714411135032901,NA,0.528357528924136,"localGP"
"12111",49,21,1,6,71.1930582119882,79.9431598436755,"Smooth","Avg. Reward Condition",40,"7",9,7,68,391,"Long",0.0750838961786972,0.714411135032901,NA,0.528357528924136,"localGP"
"12112",49,22,2,6,36.7603971386675,79.9431598436755,"Smooth","Avg. Reward Condition",40,"7",9,1,69,391,"Long",0.0750838961786972,0.714411135032901,NA,0.528357528924136,"localGP"
"12113",49,23,4,6,36.2825140010078,79.9431598436755,"Smooth","Avg. Reward Condition",40,"7",9,1,71,391,"Long",0.0750838961786972,0.714411135032901,NA,0.528357528924136,"localGP"
"12114",49,24,1,8,35.1070926300529,79.9431598436755,"Smooth","Avg. Reward Condition",40,"7",9,1,90,391,"Long",0.0750838961786972,0.714411135032901,NA,0.528357528924136,"localGP"
"12115",49,25,1,9,56.0236308128228,79.9431598436755,"Smooth","Avg. Reward Condition",40,"7",9,2,101,391,"Long",0.0750838961786972,0.714411135032901,NA,0.528357528924136,"localGP"
"12116",49,26,2,9,51.5479444865926,79.9431598436755,"Smooth","Avg. Reward Condition",40,"7",9,2,102,391,"Long",0.0750838961786972,0.714411135032901,NA,0.528357528924136,"localGP"
"12117",49,27,2,10,28.9056526912457,79.9431598436755,"Smooth","Avg. Reward Condition",40,"7",9,3,113,391,"Long",0.0750838961786972,0.714411135032901,NA,0.528357528924136,"localGP"
"12118",49,28,3,10,39.8581222940404,79.9431598436755,"Smooth","Avg. Reward Condition",40,"7",9,2,114,391,"Long",0.0750838961786972,0.714411135032901,NA,0.528357528924136,"localGP"
"12119",49,29,5,9,75.2199907218667,79.9431598436755,"Smooth","Avg. Reward Condition",40,"7",9,1,105,391,"Long",0.0750838961786972,0.714411135032901,NA,0.528357528924136,"localGP"
"12120",49,30,5,10,51.4501450041282,79.9431598436755,"Smooth","Avg. Reward Condition",40,"7",9,2,116,391,"Long",0.0750838961786972,0.714411135032901,NA,0.528357528924136,"localGP"
"12121",49,31,4,9,76.5336766063453,79.9431598436755,"Smooth","Avg. Reward Condition",40,"7",9,1,104,391,"Long",0.0750838961786972,0.714411135032901,NA,0.528357528924136,"localGP"
"12122",49,32,3,9,63.3340745487714,79.9431598436755,"Smooth","Avg. Reward Condition",40,"7",9,3,103,391,"Long",0.0750838961786972,0.714411135032901,NA,0.528357528924136,"localGP"
"12123",49,33,3,8,56.9817501368753,79.9431598436755,"Smooth","Avg. Reward Condition",40,"7",9,1,92,391,"Long",0.0750838961786972,0.714411135032901,NA,0.528357528924136,"localGP"
"12124",49,34,4,8,60.4776805465143,79.9431598436755,"Smooth","Avg. Reward Condition",40,"7",9,1,93,391,"Long",0.0750838961786972,0.714411135032901,NA,0.528357528924136,"localGP"
"12125",49,35,5,8,61.7105758678251,79.9431598436755,"Smooth","Avg. Reward Condition",40,"7",9,1,94,391,"Long",0.0750838961786972,0.714411135032901,NA,0.528357528924136,"localGP"
"12126",49,36,5,7,31.1556847928287,79.9431598436755,"Smooth","Avg. Reward Condition",40,"7",9,1,83,391,"Long",0.0750838961786972,0.714411135032901,NA,0.528357528924136,"localGP"
"12127",49,37,6,9,70.5892702957914,79.9431598436755,"Smooth","Avg. Reward Condition",40,"7",9,1,106,391,"Long",0.0750838961786972,0.714411135032901,NA,0.528357528924136,"localGP"
"12128",49,38,6,10,59.0349018269821,79.9431598436755,"Smooth","Avg. Reward Condition",40,"7",9,1,117,391,"Long",0.0750838961786972,0.714411135032901,NA,0.528357528924136,"localGP"
"12129",49,39,7,9,69.1316756663671,79.9431598436755,"Smooth","Avg. Reward Condition",40,"7",9,1,107,391,"Long",0.0750838961786972,0.714411135032901,NA,0.528357528924136,"localGP"
"12130",49,40,7,10,78.998388653825,79.9431598436755,"Smooth","Avg. Reward Condition",40,"7",9,1,118,391,"Long",0.0750838961786972,0.714411135032901,NA,0.528357528924136,"localGP"
"12131",49,41,8,10,60.2945325402359,79.9431598436755,"Smooth","Avg. Reward Condition",40,"7",9,2,119,391,"Long",0.0750838961786972,0.714411135032901,NA,0.528357528924136,"localGP"
"12132",49,1,9,9,48.2469413431705,48.2469413431705,"Smooth","Avg. Reward Condition",20,"8",16,NA,109,392,"Short",0.0692471618118022,0.852868593316179,NA,0.500901742638021,"localGP"
"12133",49,2,10,10,60.953630023244,60.953630023244,"Smooth","Avg. Reward Condition",20,"8",16,11,121,392,"Short",0.0692471618118022,0.852868593316179,NA,0.500901742638021,"localGP"
"12134",49,3,7,8,21.7601105267846,60.953630023244,"Smooth","Avg. Reward Condition",20,"8",16,5,96,392,"Short",0.0692471618118022,0.852868593316179,NA,0.500901742638021,"localGP"
"12135",49,4,8,6,52.7896581347128,60.953630023244,"Smooth","Avg. Reward Condition",20,"8",16,1,75,392,"Short",0.0692471618118022,0.852868593316179,NA,0.500901742638021,"localGP"
"12136",49,5,7,4,33.4912199403317,60.953630023244,"Smooth","Avg. Reward Condition",20,"8",16,1,52,392,"Short",0.0692471618118022,0.852868593316179,NA,0.500901742638021,"localGP"
"12137",49,6,7,5,45.3166315681639,60.953630023244,"Smooth","Avg. Reward Condition",20,"8",16,1,63,392,"Short",0.0692471618118022,0.852868593316179,NA,0.500901742638021,"localGP"
"12138",49,7,6,5,62.1197165528081,62.1197165528081,"Smooth","Avg. Reward Condition",20,"8",16,2,62,392,"Short",0.0692471618118022,0.852868593316179,NA,0.500901742638021,"localGP"
"12139",49,8,6,6,48.4419076535345,62.1197165528081,"Smooth","Avg. Reward Condition",20,"8",16,1,73,392,"Short",0.0692471618118022,0.852868593316179,NA,0.500901742638021,"localGP"
"12140",49,9,5,6,65.7919203460871,65.7919203460871,"Smooth","Avg. Reward Condition",20,"8",16,1,72,392,"Short",0.0692471618118022,0.852868593316179,NA,0.500901742638021,"localGP"
"12141",49,10,4,6,48.5193217731592,65.7919203460871,"Smooth","Avg. Reward Condition",20,"8",16,1,71,392,"Short",0.0692471618118022,0.852868593316179,NA,0.500901742638021,"localGP"
"12142",49,11,4,5,56.5702647427263,65.7919203460871,"Smooth","Avg. Reward Condition",20,"8",16,2,60,392,"Short",0.0692471618118022,0.852868593316179,NA,0.500901742638021,"localGP"
"12143",49,12,5,5,69.5623666177624,69.5623666177624,"Smooth","Avg. Reward Condition",20,"8",16,1,61,392,"Short",0.0692471618118022,0.852868593316179,NA,0.500901742638021,"localGP"
"12144",49,13,5,4,27.745691269728,69.5623666177624,"Smooth","Avg. Reward Condition",20,"8",16,2,50,392,"Short",0.0692471618118022,0.852868593316179,NA,0.500901742638021,"localGP"
"12145",49,14,3,2,83.8378126303431,83.8378126303431,"Smooth","Avg. Reward Condition",20,"8",16,1,26,392,"Short",0.0692471618118022,0.852868593316179,NA,0.500901742638021,"localGP"
"12146",49,15,3,1,15.9471132222675,83.8378126303431,"Smooth","Avg. Reward Condition",20,"8",16,2,15,392,"Short",0.0692471618118022,0.852868593316179,NA,0.500901742638021,"localGP"
"12147",49,16,2,5,41.71018551704,83.8378126303431,"Smooth","Avg. Reward Condition",20,"8",16,1,58,392,"Short",0.0692471618118022,0.852868593316179,NA,0.500901742638021,"localGP"
"12148",49,17,1,5,4.1424885441266,83.8378126303431,"Smooth","Avg. Reward Condition",20,"8",16,2,57,392,"Short",0.0692471618118022,0.852868593316179,NA,0.500901742638021,"localGP"
"12149",49,18,1,7,30.6098170794807,83.8378126303431,"Smooth","Avg. Reward Condition",20,"8",16,1,79,392,"Short",0.0692471618118022,0.852868593316179,NA,0.500901742638021,"localGP"
"12150",49,19,1,8,47.6114909591659,83.8378126303431,"Smooth","Avg. Reward Condition",20,"8",16,1,90,392,"Short",0.0692471618118022,0.852868593316179,NA,0.500901742638021,"localGP"
"12151",49,20,1,9,37.1316762368546,83.8378126303431,"Smooth","Avg. Reward Condition",20,"8",16,1,101,392,"Short",0.0692471618118022,0.852868593316179,NA,0.500901742638021,"localGP"
"12152",49,21,1,10,7.96151042196204,83.8378126303431,"Smooth","Avg. Reward Condition",20,"8",16,3,112,392,"Short",0.0692471618118022,0.852868593316179,NA,0.500901742638021,"localGP"
"12153",50,1,8,1,86.7518912658619,86.7518912658619,"Rough","Max. Reward Condition",20,"1",5,NA,20,393,"Short",0.0723351087802855,0.723216959622049,NA,0.344962581664101,"localGP"
"12154",50,2,2,9,6.68128638580311,86.7518912658619,"Rough","Max. Reward Condition",20,"1",5,1,102,393,"Short",0.0723351087802855,0.723216959622049,NA,0.344962581664101,"localGP"
"12155",50,3,4,10,87.6706682543469,87.6706682543469,"Rough","Max. Reward Condition",20,"1",5,2,115,393,"Short",0.0723351087802855,0.723216959622049,NA,0.344962581664101,"localGP"
"12156",50,4,5,10,80.0382640749474,87.6706682543469,"Rough","Max. Reward Condition",20,"1",5,2,116,393,"Short",0.0723351087802855,0.723216959622049,NA,0.344962581664101,"localGP"
"12157",50,5,6,10,49.8503873237507,87.6706682543469,"Rough","Max. Reward Condition",20,"1",5,1,117,393,"Short",0.0723351087802855,0.723216959622049,NA,0.344962581664101,"localGP"
"12158",50,6,1,7,45.1757644968322,87.6706682543469,"Rough","Max. Reward Condition",20,"1",5,1,79,393,"Short",0.0723351087802855,0.723216959622049,NA,0.344962581664101,"localGP"
"12159",50,7,6,10,49.8503873237507,87.6706682543469,"Rough","Max. Reward Condition",20,"1",5,1,117,393,"Short",0.0723351087802855,0.723216959622049,NA,0.344962581664101,"localGP"
"12160",50,8,5,9,64.402620965622,87.6706682543469,"Rough","Max. Reward Condition",20,"1",5,1,105,393,"Short",0.0723351087802855,0.723216959622049,NA,0.344962581664101,"localGP"
"12161",50,9,0,9,38.8483371292891,87.6706682543469,"Rough","Max. Reward Condition",20,"1",5,1,100,393,"Short",0.0723351087802855,0.723216959622049,NA,0.344962581664101,"localGP"
"12162",50,10,3,1,36.8335295517252,87.6706682543469,"Rough","Max. Reward Condition",20,"1",5,1,15,393,"Short",0.0723351087802855,0.723216959622049,NA,0.344962581664101,"localGP"
"12163",50,11,4,1,39.4465578742712,87.6706682543469,"Rough","Max. Reward Condition",20,"1",5,2,16,393,"Short",0.0723351087802855,0.723216959622049,NA,0.344962581664101,"localGP"
"12164",50,12,7,9,57.3102242672527,87.6706682543469,"Rough","Max. Reward Condition",20,"1",5,1,107,393,"Short",0.0723351087802855,0.723216959622049,NA,0.344962581664101,"localGP"
"12165",50,13,8,9,65.659951662905,87.6706682543469,"Rough","Max. Reward Condition",20,"1",5,2,108,393,"Short",0.0723351087802855,0.723216959622049,NA,0.344962581664101,"localGP"
"12166",50,14,8,10,47.7263891292854,87.6706682543469,"Rough","Max. Reward Condition",20,"1",5,9,119,393,"Short",0.0723351087802855,0.723216959622049,NA,0.344962581664101,"localGP"
"12167",50,15,9,8,81.2433897221898,87.6706682543469,"Rough","Max. Reward Condition",20,"1",5,1,98,393,"Short",0.0723351087802855,0.723216959622049,NA,0.344962581664101,"localGP"
"12168",50,16,9,7,82.2639339178051,87.6706682543469,"Rough","Max. Reward Condition",20,"1",5,2,87,393,"Short",0.0723351087802855,0.723216959622049,NA,0.344962581664101,"localGP"
"12169",50,17,10,7,69.0054960754502,87.6706682543469,"Rough","Max. Reward Condition",20,"1",5,1,88,393,"Short",0.0723351087802855,0.723216959622049,NA,0.344962581664101,"localGP"
"12170",50,18,10,8,69.5510436536212,87.6706682543469,"Rough","Max. Reward Condition",20,"1",5,2,99,393,"Short",0.0723351087802855,0.723216959622049,NA,0.344962581664101,"localGP"
"12171",50,19,10,8,69.5510436536212,87.6706682543469,"Rough","Max. Reward Condition",20,"1",5,1,99,393,"Short",0.0723351087802855,0.723216959622049,NA,0.344962581664101,"localGP"
"12172",50,20,9,9,52.4834712967987,87.6706682543469,"Rough","Max. Reward Condition",20,"1",5,2,109,393,"Short",0.0723351087802855,0.723216959622049,NA,0.344962581664101,"localGP"
"12173",50,21,9,8,81.2433897221898,87.6706682543469,"Rough","Max. Reward Condition",20,"1",5,1,98,393,"Short",0.0723351087802855,0.723216959622049,NA,0.344962581664101,"localGP"
"12174",50,1,3,1,47.7421922410749,47.7421922410749,"Rough","Max. Reward Condition",40,"2",7,NA,15,394,"Long",0.0735326534651165,0.737327796413689,NA,0.420335838635934,"localGP"
"12175",50,2,2,1,55.2110009040143,55.2110009040143,"Rough","Max. Reward Condition",40,"2",7,8,14,394,"Long",0.0735326534651165,0.737327796413689,NA,0.420335838635934,"localGP"
"12176",50,3,1,1,63.5014861824236,63.5014861824236,"Rough","Max. Reward Condition",40,"2",7,8,13,394,"Long",0.0735326534651165,0.737327796413689,NA,0.420335838635934,"localGP"
"12177",50,4,0,1,60.7247402859948,63.5014861824236,"Rough","Max. Reward Condition",40,"2",7,6,12,394,"Long",0.0735326534651165,0.737327796413689,NA,0.420335838635934,"localGP"
"12178",50,5,5,0,33.6288335225116,63.5014861824236,"Rough","Max. Reward Condition",40,"2",7,12,6,394,"Long",0.0735326534651165,0.737327796413689,NA,0.420335838635934,"localGP"
"12179",50,6,3,5,100,100,"Rough","Max. Reward Condition",40,"2",7,8,59,394,"Long",0.0735326534651165,0.737327796413689,NA,0.420335838635934,"localGP"
"12180",50,7,3,4,62.4304276826515,100,"Rough","Max. Reward Condition",40,"2",7,1,48,394,"Long",0.0735326534651165,0.737327796413689,NA,0.420335838635934,"localGP"
"12181",50,8,4,3,38.855169036226,100,"Rough","Max. Reward Condition",40,"2",7,2,38,394,"Long",0.0735326534651165,0.737327796413689,NA,0.420335838635934,"localGP"
"12182",50,9,5,3,72.1298350478396,100,"Rough","Max. Reward Condition",40,"2",7,1,39,394,"Long",0.0735326534651165,0.737327796413689,NA,0.420335838635934,"localGP"
"12183",50,10,4,1,58.9317872709638,100,"Rough","Max. Reward Condition",40,"2",7,1,16,394,"Long",0.0735326534651165,0.737327796413689,NA,0.420335838635934,"localGP"
"12184",50,11,4,2,51.1248580268457,100,"Rough","Max. Reward Condition",40,"2",7,2,27,394,"Long",0.0735326534651165,0.737327796413689,NA,0.420335838635934,"localGP"
"12185",50,12,5,2,72.8242545616826,100,"Rough","Max. Reward Condition",40,"2",7,1,28,394,"Long",0.0735326534651165,0.737327796413689,NA,0.420335838635934,"localGP"
"12186",50,13,6,2,61.16747892044,100,"Rough","Max. Reward Condition",40,"2",7,1,29,394,"Long",0.0735326534651165,0.737327796413689,NA,0.420335838635934,"localGP"
"12187",50,14,9,3,45.8562384067227,100,"Rough","Max. Reward Condition",40,"2",7,1,43,394,"Long",0.0735326534651165,0.737327796413689,NA,0.420335838635934,"localGP"
"12188",50,15,10,3,34.6736524203448,100,"Rough","Max. Reward Condition",40,"2",7,1,44,394,"Long",0.0735326534651165,0.737327796413689,NA,0.420335838635934,"localGP"
"12189",50,16,10,1,28.1522296386813,100,"Rough","Max. Reward Condition",40,"2",7,1,22,394,"Long",0.0735326534651165,0.737327796413689,NA,0.420335838635934,"localGP"
"12190",50,17,9,1,32.884325467042,100,"Rough","Max. Reward Condition",40,"2",7,1,21,394,"Long",0.0735326534651165,0.737327796413689,NA,0.420335838635934,"localGP"
"12191",50,18,8,1,64.1561620326148,100,"Rough","Max. Reward Condition",40,"2",7,2,20,394,"Long",0.0735326534651165,0.737327796413689,NA,0.420335838635934,"localGP"
"12192",50,19,8,0,57.570971716758,100,"Rough","Max. Reward Condition",40,"2",7,2,9,394,"Long",0.0735326534651165,0.737327796413689,NA,0.420335838635934,"localGP"
"12193",50,20,7,1,64.1520185583196,100,"Rough","Max. Reward Condition",40,"2",7,1,19,394,"Long",0.0735326534651165,0.737327796413689,NA,0.420335838635934,"localGP"
"12194",50,21,1,2,29.6498568268542,100,"Rough","Max. Reward Condition",40,"2",7,2,24,394,"Long",0.0735326534651165,0.737327796413689,NA,0.420335838635934,"localGP"
"12195",50,22,2,2,50.4691115170586,100,"Rough","Max. Reward Condition",40,"2",7,1,25,394,"Long",0.0735326534651165,0.737327796413689,NA,0.420335838635934,"localGP"
"12196",50,23,1,0,29.6758982233628,100,"Rough","Max. Reward Condition",40,"2",7,1,2,394,"Long",0.0735326534651165,0.737327796413689,NA,0.420335838635934,"localGP"
"12197",50,24,0,0,29.3377515264284,100,"Rough","Max. Reward Condition",40,"2",7,2,1,394,"Long",0.0735326534651165,0.737327796413689,NA,0.420335838635934,"localGP"
"12198",50,25,6,9,21.4314674691678,100,"Rough","Max. Reward Condition",40,"2",7,1,106,394,"Long",0.0735326534651165,0.737327796413689,NA,0.420335838635934,"localGP"
"12199",50,26,8,8,50.5250509128817,100,"Rough","Max. Reward Condition",40,"2",7,2,97,394,"Long",0.0735326534651165,0.737327796413689,NA,0.420335838635934,"localGP"
"12200",50,27,3,2,49.0962017529778,100,"Rough","Max. Reward Condition",40,"2",7,1,26,394,"Long",0.0735326534651165,0.737327796413689,NA,0.420335838635934,"localGP"
"12201",50,28,2,3,45.6969453717705,100,"Rough","Max. Reward Condition",40,"2",7,2,36,394,"Long",0.0735326534651165,0.737327796413689,NA,0.420335838635934,"localGP"
"12202",50,29,1,4,71.7748626014639,100,"Rough","Max. Reward Condition",40,"2",7,1,46,394,"Long",0.0735326534651165,0.737327796413689,NA,0.420335838635934,"localGP"
"12203",50,30,1,5,56.0329470036267,100,"Rough","Max. Reward Condition",40,"2",7,3,57,394,"Long",0.0735326534651165,0.737327796413689,NA,0.420335838635934,"localGP"
"12204",50,31,2,5,81.410941886626,100,"Rough","Max. Reward Condition",40,"2",7,1,58,394,"Long",0.0735326534651165,0.737327796413689,NA,0.420335838635934,"localGP"
"12205",50,32,2,4,69.0845854443266,100,"Rough","Max. Reward Condition",40,"2",7,2,47,394,"Long",0.0735326534651165,0.737327796413689,NA,0.420335838635934,"localGP"
"12206",50,33,5,7,44.3097388070505,100,"Rough","Max. Reward Condition",40,"2",7,2,83,394,"Long",0.0735326534651165,0.737327796413689,NA,0.420335838635934,"localGP"
"12207",50,34,3,5,100,100,"Rough","Max. Reward Condition",40,"2",7,0,59,394,"Long",0.0735326534651165,0.737327796413689,NA,0.420335838635934,"localGP"
"12208",50,35,3,6,90.5286582157079,100,"Rough","Max. Reward Condition",40,"2",7,1,70,394,"Long",0.0735326534651165,0.737327796413689,NA,0.420335838635934,"localGP"
"12209",50,36,3,5,100,100,"Rough","Max. Reward Condition",40,"2",7,1,59,394,"Long",0.0735326534651165,0.737327796413689,NA,0.420335838635934,"localGP"
"12210",50,37,4,5,66.807827900394,100,"Rough","Max. Reward Condition",40,"2",7,9,60,394,"Long",0.0735326534651165,0.737327796413689,NA,0.420335838635934,"localGP"
"12211",50,38,5,5,44.5106092443796,100,"Rough","Max. Reward Condition",40,"2",7,4,61,394,"Long",0.0735326534651165,0.737327796413689,NA,0.420335838635934,"localGP"
"12212",50,39,5,4,43.7941876820187,100,"Rough","Max. Reward Condition",40,"2",7,3,50,394,"Long",0.0735326534651165,0.737327796413689,NA,0.420335838635934,"localGP"
"12213",50,40,4,10,49.1017404834783,100,"Rough","Max. Reward Condition",40,"2",7,1,115,394,"Long",0.0735326534651165,0.737327796413689,NA,0.420335838635934,"localGP"
"12214",50,41,3,10,17.3902460818447,100,"Rough","Max. Reward Condition",40,"2",7,1,114,394,"Long",0.0735326534651165,0.737327796413689,NA,0.420335838635934,"localGP"
"12215",50,1,9,9,48.2469413431705,48.2469413431705,"Rough","Max. Reward Condition",20,"3",16,NA,109,395,"Short",0.0613245842751078,0.748959014581936,NA,0.34101238232811,"localGP"
"12216",50,2,9,10,29.5582991168429,48.2469413431705,"Rough","Max. Reward Condition",20,"3",16,9,120,395,"Short",0.0613245842751078,0.748959014581936,NA,0.34101238232811,"localGP"
"12217",50,3,7,9,31.0713174604534,48.2469413431705,"Rough","Max. Reward Condition",20,"3",16,6,107,395,"Short",0.0613245842751078,0.748959014581936,NA,0.34101238232811,"localGP"
"12218",50,4,6,7,11.109165355926,48.2469413431705,"Rough","Max. Reward Condition",20,"3",16,8,84,395,"Short",0.0613245842751078,0.748959014581936,NA,0.34101238232811,"localGP"
"12219",50,5,4,7,38.4038441768744,48.2469413431705,"Rough","Max. Reward Condition",20,"3",16,2,82,395,"Short",0.0613245842751078,0.748959014581936,NA,0.34101238232811,"localGP"
"12220",50,6,4,6,48.5193217731592,48.5193217731592,"Rough","Max. Reward Condition",20,"3",16,1,71,395,"Short",0.0613245842751078,0.748959014581936,NA,0.34101238232811,"localGP"
"12221",50,7,6,4,32.9227848500965,48.5193217731592,"Rough","Max. Reward Condition",20,"3",16,2,51,395,"Short",0.0613245842751078,0.748959014581936,NA,0.34101238232811,"localGP"
"12222",50,8,5,4,27.745691269728,48.5193217731592,"Rough","Max. Reward Condition",20,"3",16,2,50,395,"Short",0.0613245842751078,0.748959014581936,NA,0.34101238232811,"localGP"
"12223",50,9,4,5,56.5702647427263,56.5702647427263,"Rough","Max. Reward Condition",20,"3",16,1,60,395,"Short",0.0613245842751078,0.748959014581936,NA,0.34101238232811,"localGP"
"12224",50,10,1,5,4.1424885441266,56.5702647427263,"Rough","Max. Reward Condition",20,"3",16,1,57,395,"Short",0.0613245842751078,0.748959014581936,NA,0.34101238232811,"localGP"
"12225",50,11,3,9,73.328444338372,73.328444338372,"Rough","Max. Reward Condition",20,"3",16,1,103,395,"Short",0.0613245842751078,0.748959014581936,NA,0.34101238232811,"localGP"
"12226",50,12,3,10,53.1177540166695,73.328444338372,"Rough","Max. Reward Condition",20,"3",16,1,114,395,"Short",0.0613245842751078,0.748959014581936,NA,0.34101238232811,"localGP"
"12227",50,13,2,10,27.4676161449989,73.328444338372,"Rough","Max. Reward Condition",20,"3",16,5,113,395,"Short",0.0613245842751078,0.748959014581936,NA,0.34101238232811,"localGP"
"12228",50,14,4,9,52.7069887453694,73.328444338372,"Rough","Max. Reward Condition",20,"3",16,1,104,395,"Short",0.0613245842751078,0.748959014581936,NA,0.34101238232811,"localGP"
"12229",50,15,4,10,54.7578057805641,73.328444338372,"Rough","Max. Reward Condition",20,"3",16,3,115,395,"Short",0.0613245842751078,0.748959014581936,NA,0.34101238232811,"localGP"
"12230",50,16,2,8,47.6806943266492,73.328444338372,"Rough","Max. Reward Condition",20,"3",16,8,91,395,"Short",0.0613245842751078,0.748959014581936,NA,0.34101238232811,"localGP"
"12231",50,17,5,10,12.2429925631197,73.328444338372,"Rough","Max. Reward Condition",20,"3",16,1,116,395,"Short",0.0613245842751078,0.748959014581936,NA,0.34101238232811,"localGP"
"12232",50,18,10,6,87.869042125599,87.869042125599,"Rough","Max. Reward Condition",20,"3",16,1,77,395,"Short",0.0613245842751078,0.748959014581936,NA,0.34101238232811,"localGP"
"12233",50,19,10,7,85.439763813076,87.869042125599,"Rough","Max. Reward Condition",20,"3",16,3,88,395,"Short",0.0613245842751078,0.748959014581936,NA,0.34101238232811,"localGP"
"12234",50,20,10,7,85.439763813076,87.869042125599,"Rough","Max. Reward Condition",20,"3",16,1,88,395,"Short",0.0613245842751078,0.748959014581936,NA,0.34101238232811,"localGP"
"12235",50,21,9,7,82.1507669313946,87.869042125599,"Rough","Max. Reward Condition",20,"3",16,2,87,395,"Short",0.0613245842751078,0.748959014581936,NA,0.34101238232811,"localGP"
"12236",50,1,0,1,65.3456129286578,65.3456129286578,"Rough","Max. Reward Condition",40,"4",4,NA,12,396,"Long",0.0788036490450549,0.76153226703595,NA,0.470340060574774,"localGP"
"12237",50,2,0,0,43.5642695283009,65.3456129286578,"Rough","Max. Reward Condition",40,"4",4,1,1,396,"Long",0.0788036490450549,0.76153226703595,NA,0.470340060574774,"localGP"
"12238",50,3,1,9,44.6574479048921,65.3456129286578,"Rough","Max. Reward Condition",40,"4",4,7,101,396,"Long",0.0788036490450549,0.76153226703595,NA,0.470340060574774,"localGP"
"12239",50,4,1,8,27.6316672751783,65.3456129286578,"Rough","Max. Reward Condition",40,"4",4,2,90,396,"Long",0.0788036490450549,0.76153226703595,NA,0.470340060574774,"localGP"
"12240",50,5,2,0,60.1885036644996,65.3456129286578,"Rough","Max. Reward Condition",40,"4",4,11,3,396,"Long",0.0788036490450549,0.76153226703595,NA,0.470340060574774,"localGP"
"12241",50,6,2,1,51.6085825276977,65.3456129286578,"Rough","Max. Reward Condition",40,"4",4,1,14,396,"Long",0.0788036490450549,0.76153226703595,NA,0.470340060574774,"localGP"
"12242",50,7,1,1,71.1759996690276,71.1759996690276,"Rough","Max. Reward Condition",40,"4",4,1,13,396,"Long",0.0788036490450549,0.76153226703595,NA,0.470340060574774,"localGP"
"12243",50,8,4,1,36.6948932499117,71.1759996690276,"Rough","Max. Reward Condition",40,"4",4,1,16,396,"Long",0.0788036490450549,0.76153226703595,NA,0.470340060574774,"localGP"
"12244",50,9,4,0,27.757926963594,71.1759996690276,"Rough","Max. Reward Condition",40,"4",4,1,5,396,"Long",0.0788036490450549,0.76153226703595,NA,0.470340060574774,"localGP"
"12245",50,10,10,0,28.2339071863812,71.1759996690276,"Rough","Max. Reward Condition",40,"4",4,1,11,396,"Long",0.0788036490450549,0.76153226703595,NA,0.470340060574774,"localGP"
"12246",50,11,8,0,39.2746651521329,71.1759996690276,"Rough","Max. Reward Condition",40,"4",4,1,9,396,"Long",0.0788036490450549,0.76153226703595,NA,0.470340060574774,"localGP"
"12247",50,12,7,0,47.3215439823763,71.1759996690276,"Rough","Max. Reward Condition",40,"4",4,1,8,396,"Long",0.0788036490450549,0.76153226703595,NA,0.470340060574774,"localGP"
"12248",50,13,7,1,40.8192453000824,71.1759996690276,"Rough","Max. Reward Condition",40,"4",4,3,19,396,"Long",0.0788036490450549,0.76153226703595,NA,0.470340060574774,"localGP"
"12249",50,14,7,2,55.9275751413252,71.1759996690276,"Rough","Max. Reward Condition",40,"4",4,3,30,396,"Long",0.0788036490450549,0.76153226703595,NA,0.470340060574774,"localGP"
"12250",50,15,9,4,51.3835658310019,71.1759996690276,"Rough","Max. Reward Condition",40,"4",4,1,54,396,"Long",0.0788036490450549,0.76153226703595,NA,0.470340060574774,"localGP"
"12251",50,16,10,4,26.9255221357028,71.1759996690276,"Rough","Max. Reward Condition",40,"4",4,13,55,396,"Long",0.0788036490450549,0.76153226703595,NA,0.470340060574774,"localGP"
"12252",50,17,8,4,73.0063845921063,73.0063845921063,"Rough","Max. Reward Condition",40,"4",4,5,53,396,"Long",0.0788036490450549,0.76153226703595,NA,0.470340060574774,"localGP"
"12253",50,18,5,9,23.8348743374816,73.0063845921063,"Rough","Max. Reward Condition",40,"4",4,8,105,396,"Long",0.0788036490450549,0.76153226703595,NA,0.470340060574774,"localGP"
"12254",50,19,8,5,68.1580149592583,73.0063845921063,"Rough","Max. Reward Condition",40,"4",4,8,64,396,"Long",0.0788036490450549,0.76153226703595,NA,0.470340060574774,"localGP"
"12255",50,20,8,6,34.6398496168061,73.0063845921063,"Rough","Max. Reward Condition",40,"4",4,1,75,396,"Long",0.0788036490450549,0.76153226703595,NA,0.470340060574774,"localGP"
"12256",50,21,6,8,40.2396617091543,73.0063845921063,"Rough","Max. Reward Condition",40,"4",4,8,95,396,"Long",0.0788036490450549,0.76153226703595,NA,0.470340060574774,"localGP"
"12257",50,22,7,8,22.9940684366215,73.0063845921063,"Rough","Max. Reward Condition",40,"4",4,7,96,396,"Long",0.0788036490450549,0.76153226703595,NA,0.470340060574774,"localGP"
"12258",50,23,4,5,36.1447579478145,73.0063845921063,"Rough","Max. Reward Condition",40,"4",4,1,60,396,"Long",0.0788036490450549,0.76153226703595,NA,0.470340060574774,"localGP"
"12259",50,24,3,3,61.9515693449088,73.0063845921063,"Rough","Max. Reward Condition",40,"4",4,3,37,396,"Long",0.0788036490450549,0.76153226703595,NA,0.470340060574774,"localGP"
"12260",50,25,2,3,28.2357872462132,73.0063845921063,"Rough","Max. Reward Condition",40,"4",4,7,36,396,"Long",0.0788036490450549,0.76153226703595,NA,0.470340060574774,"localGP"
"12261",50,26,8,2,61.3718007278431,73.0063845921063,"Rough","Max. Reward Condition",40,"4",4,3,31,396,"Long",0.0788036490450549,0.76153226703595,NA,0.470340060574774,"localGP"
"12262",50,27,9,2,58.1650037764681,73.0063845921063,"Rough","Max. Reward Condition",40,"4",4,4,32,396,"Long",0.0788036490450549,0.76153226703595,NA,0.470340060574774,"localGP"
"12263",50,28,10,2,51.2894760836585,73.0063845921063,"Rough","Max. Reward Condition",40,"4",4,1,33,396,"Long",0.0788036490450549,0.76153226703595,NA,0.470340060574774,"localGP"
"12264",50,29,6,3,49.7582235748205,73.0063845921063,"Rough","Max. Reward Condition",40,"4",4,2,40,396,"Long",0.0788036490450549,0.76153226703595,NA,0.470340060574774,"localGP"
"12265",50,30,4,3,94.794324286051,94.794324286051,"Rough","Max. Reward Condition",40,"4",4,1,38,396,"Long",0.0788036490450549,0.76153226703595,NA,0.470340060574774,"localGP"
"12266",50,31,4,3,94.794324286051,94.794324286051,"Rough","Max. Reward Condition",40,"4",4,1,38,396,"Long",0.0788036490450549,0.76153226703595,NA,0.470340060574774,"localGP"
"12267",50,32,4,3,94.794324286051,94.794324286051,"Rough","Max. Reward Condition",40,"4",4,2,38,396,"Long",0.0788036490450549,0.76153226703595,NA,0.470340060574774,"localGP"
"12268",50,33,4,2,100,100,"Rough","Max. Reward Condition",40,"4",4,1,27,396,"Long",0.0788036490450549,0.76153226703595,NA,0.470340060574774,"localGP"
"12269",50,34,4,2,100,100,"Rough","Max. Reward Condition",40,"4",4,2,27,396,"Long",0.0788036490450549,0.76153226703595,NA,0.470340060574774,"localGP"
"12270",50,35,4,2,100,100,"Rough","Max. Reward Condition",40,"4",4,1,27,396,"Long",0.0788036490450549,0.76153226703595,NA,0.470340060574774,"localGP"
"12271",50,36,5,2,88.4170710697694,100,"Rough","Max. Reward Condition",40,"4",4,2,28,396,"Long",0.0788036490450549,0.76153226703595,NA,0.470340060574774,"localGP"
"12272",50,37,5,3,80.7551191777029,100,"Rough","Max. Reward Condition",40,"4",4,1,39,396,"Long",0.0788036490450549,0.76153226703595,NA,0.470340060574774,"localGP"
"12273",50,38,4,3,94.794324286051,100,"Rough","Max. Reward Condition",40,"4",4,11,38,396,"Long",0.0788036490450549,0.76153226703595,NA,0.470340060574774,"localGP"
"12274",50,39,4,2,100,100,"Rough","Max. Reward Condition",40,"4",4,8,27,396,"Long",0.0788036490450549,0.76153226703595,NA,0.470340060574774,"localGP"
"12275",50,40,3,2,48.6711536627271,100,"Rough","Max. Reward Condition",40,"4",4,5,26,396,"Long",0.0788036490450549,0.76153226703595,NA,0.470340060574774,"localGP"
"12276",50,41,4,2,100,100,"Rough","Max. Reward Condition",40,"4",4,10,27,396,"Long",0.0788036490450549,0.76153226703595,NA,0.470340060574774,"localGP"
"12277",50,1,9,0,42.7227287180246,42.7227287180246,"Rough","Max. Reward Condition",20,"5",6,NA,10,397,"Short",0.0665811428983068,0.778859891689247,NA,0.387988548874617,"localGP"
"12278",50,2,7,2,60.5825002841952,60.5825002841952,"Rough","Max. Reward Condition",20,"5",6,12,30,397,"Short",0.0665811428983068,0.778859891689247,NA,0.387988548874617,"localGP"
"12279",50,3,7,3,29.6760895076296,60.5825002841952,"Rough","Max. Reward Condition",20,"5",6,6,41,397,"Short",0.0665811428983068,0.778859891689247,NA,0.387988548874617,"localGP"
"12280",50,4,10,6,56.8143010916022,60.5825002841952,"Rough","Max. Reward Condition",20,"5",6,4,77,397,"Short",0.0665811428983068,0.778859891689247,NA,0.387988548874617,"localGP"
"12281",50,5,9,6,38.8361127963237,60.5825002841952,"Rough","Max. Reward Condition",20,"5",6,1,76,397,"Short",0.0665811428983068,0.778859891689247,NA,0.387988548874617,"localGP"
"12282",50,6,3,8,24.7062704261568,60.5825002841952,"Rough","Max. Reward Condition",20,"5",6,1,92,397,"Short",0.0665811428983068,0.778859891689247,NA,0.387988548874617,"localGP"
"12283",50,7,7,8,41.2867547239503,60.5825002841952,"Rough","Max. Reward Condition",20,"5",6,3,96,397,"Short",0.0665811428983068,0.778859891689247,NA,0.387988548874617,"localGP"
"12284",50,8,6,8,47.1218833343134,60.5825002841952,"Rough","Max. Reward Condition",20,"5",6,1,95,397,"Short",0.0665811428983068,0.778859891689247,NA,0.387988548874617,"localGP"
"12285",50,9,5,8,46.7235740972404,60.5825002841952,"Rough","Max. Reward Condition",20,"5",6,2,94,397,"Short",0.0665811428983068,0.778859891689247,NA,0.387988548874617,"localGP"
"12286",50,10,6,1,58.9505924012191,60.5825002841952,"Rough","Max. Reward Condition",20,"5",6,18,18,397,"Short",0.0665811428983068,0.778859891689247,NA,0.387988548874617,"localGP"
"12287",50,11,6,5,31.686870799894,60.5825002841952,"Rough","Max. Reward Condition",20,"5",6,1,62,397,"Short",0.0665811428983068,0.778859891689247,NA,0.387988548874617,"localGP"
"12288",50,12,10,4,30.3789218972409,60.5825002841952,"Rough","Max. Reward Condition",20,"5",6,11,55,397,"Short",0.0665811428983068,0.778859891689247,NA,0.387988548874617,"localGP"
"12289",50,13,10,1,30.7993403815016,60.5825002841952,"Rough","Max. Reward Condition",20,"5",6,8,22,397,"Short",0.0665811428983068,0.778859891689247,NA,0.387988548874617,"localGP"
"12290",50,14,8,9,49.0885670492111,60.5825002841952,"Rough","Max. Reward Condition",20,"5",6,5,108,397,"Short",0.0665811428983068,0.778859891689247,NA,0.387988548874617,"localGP"
"12291",50,15,0,2,64.4680936879448,64.4680936879448,"Rough","Max. Reward Condition",20,"5",6,7,23,397,"Short",0.0665811428983068,0.778859891689247,NA,0.387988548874617,"localGP"
"12292",50,16,0,3,82.5721379784096,82.5721379784096,"Rough","Max. Reward Condition",20,"5",6,14,34,397,"Short",0.0665811428983068,0.778859891689247,NA,0.387988548874617,"localGP"
"12293",50,17,0,3,82.5721379784096,82.5721379784096,"Rough","Max. Reward Condition",20,"5",6,13,34,397,"Short",0.0665811428983068,0.778859891689247,NA,0.387988548874617,"localGP"
"12294",50,18,0,4,74.8791108715427,82.5721379784096,"Rough","Max. Reward Condition",20,"5",6,1,45,397,"Short",0.0665811428983068,0.778859891689247,NA,0.387988548874617,"localGP"
"12295",50,19,1,4,80.1452331951454,82.5721379784096,"Rough","Max. Reward Condition",20,"5",6,2,46,397,"Short",0.0665811428983068,0.778859891689247,NA,0.387988548874617,"localGP"
"12296",50,20,1,5,100,100,"Rough","Max. Reward Condition",20,"5",6,1,57,397,"Short",0.0665811428983068,0.778859891689247,NA,0.387988548874617,"localGP"
"12297",50,21,2,5,39.0984637940291,100,"Rough","Max. Reward Condition",20,"5",6,2,58,397,"Short",0.0665811428983068,0.778859891689247,NA,0.387988548874617,"localGP"
"12298",50,1,4,8,45.2794014613118,45.2794014613118,"Rough","Max. Reward Condition",40,"6",18,NA,93,398,"Long",0.076230146637476,0.733854254675094,NA,0.420779455484308,"localGP"
"12299",50,2,3,8,43.809517415815,45.2794014613118,"Rough","Max. Reward Condition",40,"6",18,4,92,398,"Long",0.076230146637476,0.733854254675094,NA,0.420779455484308,"localGP"
"12300",50,3,3,5,60.9956565134491,60.9956565134491,"Rough","Max. Reward Condition",40,"6",18,3,59,398,"Long",0.076230146637476,0.733854254675094,NA,0.420779455484308,"localGP"
"12301",50,4,3,4,56.8504124991032,60.9956565134491,"Rough","Max. Reward Condition",40,"6",18,2,48,398,"Long",0.076230146637476,0.733854254675094,NA,0.420779455484308,"localGP"
"12302",50,5,2,4,35.9082246738817,60.9956565134491,"Rough","Max. Reward Condition",40,"6",18,1,47,398,"Long",0.076230146637476,0.733854254675094,NA,0.420779455484308,"localGP"
"12303",50,6,2,3,53.5961483472986,60.9956565134491,"Rough","Max. Reward Condition",40,"6",18,2,36,398,"Long",0.076230146637476,0.733854254675094,NA,0.420779455484308,"localGP"
"12304",50,7,4,5,66.1329906623103,66.1329906623103,"Rough","Max. Reward Condition",40,"6",18,1,60,398,"Long",0.076230146637476,0.733854254675094,NA,0.420779455484308,"localGP"
"12305",50,8,1,5,10.6858485286314,66.1329906623103,"Rough","Max. Reward Condition",40,"6",18,2,57,398,"Long",0.076230146637476,0.733854254675094,NA,0.420779455484308,"localGP"
"12306",50,9,1,2,56.0034935119072,66.1329906623103,"Rough","Max. Reward Condition",40,"6",18,3,24,398,"Long",0.076230146637476,0.733854254675094,NA,0.420779455484308,"localGP"
"12307",50,10,0,9,63.7273848369045,66.1329906623103,"Rough","Max. Reward Condition",40,"6",18,1,100,398,"Long",0.076230146637476,0.733854254675094,NA,0.420779455484308,"localGP"
"12308",50,11,1,9,58.9073420651609,66.1329906623103,"Rough","Max. Reward Condition",40,"6",18,2,101,398,"Long",0.076230146637476,0.733854254675094,NA,0.420779455484308,"localGP"
"12309",50,12,2,10,25.2569128061938,66.1329906623103,"Rough","Max. Reward Condition",40,"6",18,2,113,398,"Long",0.076230146637476,0.733854254675094,NA,0.420779455484308,"localGP"
"12310",50,13,3,10,32.5695318981662,66.1329906623103,"Rough","Max. Reward Condition",40,"6",18,1,114,398,"Long",0.076230146637476,0.733854254675094,NA,0.420779455484308,"localGP"
"12311",50,14,10,10,40.9300790469513,66.1329906623103,"Rough","Max. Reward Condition",40,"6",18,2,121,398,"Long",0.076230146637476,0.733854254675094,NA,0.420779455484308,"localGP"
"12312",50,15,10,9,68.5571263747788,68.5571263747788,"Rough","Max. Reward Condition",40,"6",18,2,110,398,"Long",0.076230146637476,0.733854254675094,NA,0.420779455484308,"localGP"
"12313",50,16,8,3,32.1774726570329,68.5571263747788,"Rough","Max. Reward Condition",40,"6",18,1,42,398,"Long",0.076230146637476,0.733854254675094,NA,0.420779455484308,"localGP"
"12314",50,17,9,3,52.6770087163606,68.5571263747788,"Rough","Max. Reward Condition",40,"6",18,2,43,398,"Long",0.076230146637476,0.733854254675094,NA,0.420779455484308,"localGP"
"12315",50,18,9,2,46.2486687787869,68.5571263747788,"Rough","Max. Reward Condition",40,"6",18,2,32,398,"Long",0.076230146637476,0.733854254675094,NA,0.420779455484308,"localGP"
"12316",50,19,9,1,36.0277373757591,68.5571263747788,"Rough","Max. Reward Condition",40,"6",18,2,21,398,"Long",0.076230146637476,0.733854254675094,NA,0.420779455484308,"localGP"
"12317",50,20,5,4,37.8791272787462,68.5571263747788,"Rough","Max. Reward Condition",40,"6",18,1,50,398,"Long",0.076230146637476,0.733854254675094,NA,0.420779455484308,"localGP"
"12318",50,21,5,5,61.5391732787472,68.5571263747788,"Rough","Max. Reward Condition",40,"6",18,1,61,398,"Long",0.076230146637476,0.733854254675094,NA,0.420779455484308,"localGP"
"12319",50,22,6,7,45.7922377623339,68.5571263747788,"Rough","Max. Reward Condition",40,"6",18,3,84,398,"Long",0.076230146637476,0.733854254675094,NA,0.420779455484308,"localGP"
"12320",50,23,7,7,26.6472142919114,68.5571263747788,"Rough","Max. Reward Condition",40,"6",18,1,85,398,"Long",0.076230146637476,0.733854254675094,NA,0.420779455484308,"localGP"
"12321",50,24,3,0,28.442618018304,68.5571263747788,"Rough","Max. Reward Condition",40,"6",18,3,4,398,"Long",0.076230146637476,0.733854254675094,NA,0.420779455484308,"localGP"
"12322",50,25,2,1,70.0239835784985,70.0239835784985,"Rough","Max. Reward Condition",40,"6",18,10,14,398,"Long",0.076230146637476,0.733854254675094,NA,0.420779455484308,"localGP"
"12323",50,26,2,1,70.0239835784985,70.0239835784985,"Rough","Max. Reward Condition",40,"6",18,1,14,398,"Long",0.076230146637476,0.733854254675094,NA,0.420779455484308,"localGP"
"12324",50,27,1,1,48.0935875031168,70.0239835784985,"Rough","Max. Reward Condition",40,"6",18,2,13,398,"Long",0.076230146637476,0.733854254675094,NA,0.420779455484308,"localGP"
"12325",50,28,3,1,75.1442624365829,75.1442624365829,"Rough","Max. Reward Condition",40,"6",18,2,15,398,"Long",0.076230146637476,0.733854254675094,NA,0.420779455484308,"localGP"
"12326",50,29,3,2,87.0484650270771,87.0484650270771,"Rough","Max. Reward Condition",40,"6",18,1,26,398,"Long",0.076230146637476,0.733854254675094,NA,0.420779455484308,"localGP"
"12327",50,30,2,2,100,100,"Rough","Max. Reward Condition",40,"6",18,3,25,398,"Long",0.076230146637476,0.733854254675094,NA,0.420779455484308,"localGP"
"12328",50,31,2,2,100,100,"Rough","Max. Reward Condition",40,"6",18,1,25,398,"Long",0.076230146637476,0.733854254675094,NA,0.420779455484308,"localGP"
"12329",50,32,4,6,56.6641694320835,100,"Rough","Max. Reward Condition",40,"6",18,5,71,398,"Long",0.076230146637476,0.733854254675094,NA,0.420779455484308,"localGP"
"12330",50,33,0,8,40.1557616499508,100,"Rough","Max. Reward Condition",40,"6",18,1,89,398,"Long",0.076230146637476,0.733854254675094,NA,0.420779455484308,"localGP"
"12331",50,34,9,10,51.7164759770516,100,"Rough","Max. Reward Condition",40,"6",18,1,120,398,"Long",0.076230146637476,0.733854254675094,NA,0.420779455484308,"localGP"
"12332",50,35,8,10,43.0920417226209,100,"Rough","Max. Reward Condition",40,"6",18,1,119,398,"Long",0.076230146637476,0.733854254675094,NA,0.420779455484308,"localGP"
"12333",50,36,0,1,37.2422418931396,100,"Rough","Max. Reward Condition",40,"6",18,3,12,398,"Long",0.076230146637476,0.733854254675094,NA,0.420779455484308,"localGP"
"12334",50,37,4,1,62.7752571733289,100,"Rough","Max. Reward Condition",40,"6",18,1,16,398,"Long",0.076230146637476,0.733854254675094,NA,0.420779455484308,"localGP"
"12335",50,38,5,2,52.4052015124445,100,"Rough","Max. Reward Condition",40,"6",18,2,28,398,"Long",0.076230146637476,0.733854254675094,NA,0.420779455484308,"localGP"
"12336",50,39,5,1,44.0731143129656,100,"Rough","Max. Reward Condition",40,"6",18,1,17,398,"Long",0.076230146637476,0.733854254675094,NA,0.420779455484308,"localGP"
"12337",50,40,6,1,34.7009695996788,100,"Rough","Max. Reward Condition",40,"6",18,1,18,398,"Long",0.076230146637476,0.733854254675094,NA,0.420779455484308,"localGP"
"12338",50,41,2,0,34.0203157022651,100,"Rough","Max. Reward Condition",40,"6",18,1,3,398,"Long",0.076230146637476,0.733854254675094,NA,0.420779455484308,"localGP"
"12339",50,1,5,9,35.5439910651726,35.5439910651726,"Rough","Max. Reward Condition",20,"7",19,NA,105,399,"Short",0.0857636680827962,0.761102478867009,NA,0.467380963504952,"localGP"
"12340",50,2,6,9,48.6880190782751,48.6880190782751,"Rough","Max. Reward Condition",20,"7",19,4,106,399,"Short",0.0857636680827962,0.761102478867009,NA,0.467380963504952,"localGP"
"12341",50,3,7,9,29.4654937800479,48.6880190782751,"Rough","Max. Reward Condition",20,"7",19,1,107,399,"Short",0.0857636680827962,0.761102478867009,NA,0.467380963504952,"localGP"
"12342",50,4,8,6,77.0215365379863,77.0215365379863,"Rough","Max. Reward Condition",20,"7",19,6,75,399,"Short",0.0857636680827962,0.761102478867009,NA,0.467380963504952,"localGP"
"12343",50,5,8,5,62.1217741531308,77.0215365379863,"Rough","Max. Reward Condition",20,"7",19,1,64,399,"Short",0.0857636680827962,0.761102478867009,NA,0.467380963504952,"localGP"
"12344",50,6,9,4,63.2727485984867,77.0215365379863,"Rough","Max. Reward Condition",20,"7",19,7,54,399,"Short",0.0857636680827962,0.761102478867009,NA,0.467380963504952,"localGP"
"12345",50,7,9,3,70.6956959323297,77.0215365379863,"Rough","Max. Reward Condition",20,"7",19,1,43,399,"Short",0.0857636680827962,0.761102478867009,NA,0.467380963504952,"localGP"
"12346",50,8,8,3,65.6372493724856,77.0215365379863,"Rough","Max. Reward Condition",20,"7",19,0,42,399,"Short",0.0857636680827962,0.761102478867009,NA,0.467380963504952,"localGP"
"12347",50,9,8,2,57.747723924339,77.0215365379863,"Rough","Max. Reward Condition",20,"7",19,2,31,399,"Short",0.0857636680827962,0.761102478867009,NA,0.467380963504952,"localGP"
"12348",50,10,1,10,47.2084328445394,77.0215365379863,"Rough","Max. Reward Condition",20,"7",19,1,112,399,"Short",0.0857636680827962,0.761102478867009,NA,0.467380963504952,"localGP"
"12349",50,11,0,8,57.2031215387433,77.0215365379863,"Rough","Max. Reward Condition",20,"7",19,1,89,399,"Short",0.0857636680827962,0.761102478867009,NA,0.467380963504952,"localGP"
"12350",50,12,6,4,77.7374692379335,77.7374692379335,"Rough","Max. Reward Condition",20,"7",19,1,51,399,"Short",0.0857636680827962,0.761102478867009,NA,0.467380963504952,"localGP"
"12351",50,13,7,4,73.3248485001287,77.7374692379335,"Rough","Max. Reward Condition",20,"7",19,1,52,399,"Short",0.0857636680827962,0.761102478867009,NA,0.467380963504952,"localGP"
"12352",50,14,7,5,82.9053550398923,82.9053550398923,"Rough","Max. Reward Condition",20,"7",19,1,63,399,"Short",0.0857636680827962,0.761102478867009,NA,0.467380963504952,"localGP"
"12353",50,15,0,8,57.2031215387433,82.9053550398923,"Rough","Max. Reward Condition",20,"7",19,0,89,399,"Short",0.0857636680827962,0.761102478867009,NA,0.467380963504952,"localGP"
"12354",50,16,0,9,66.1261892289375,82.9053550398923,"Rough","Max. Reward Condition",20,"7",19,1,100,399,"Short",0.0857636680827962,0.761102478867009,NA,0.467380963504952,"localGP"
"12355",50,17,1,9,27.2962837582995,82.9053550398923,"Rough","Max. Reward Condition",20,"7",19,2,101,399,"Short",0.0857636680827962,0.761102478867009,NA,0.467380963504952,"localGP"
"12356",50,18,0,10,60.8079360936337,82.9053550398923,"Rough","Max. Reward Condition",20,"7",19,1,111,399,"Short",0.0857636680827962,0.761102478867009,NA,0.467380963504952,"localGP"
"12357",50,19,3,9,35.7001551410624,82.9053550398923,"Rough","Max. Reward Condition",20,"7",19,1,103,399,"Short",0.0857636680827962,0.761102478867009,NA,0.467380963504952,"localGP"
"12358",50,20,0,7,33.3808770491381,82.9053550398923,"Rough","Max. Reward Condition",20,"7",19,1,78,399,"Short",0.0857636680827962,0.761102478867009,NA,0.467380963504952,"localGP"
"12359",50,21,8,7,93.2880256740387,93.2880256740387,"Rough","Max. Reward Condition",20,"7",19,1,86,399,"Short",0.0857636680827962,0.761102478867009,NA,0.467380963504952,"localGP"
"12360",50,1,8,7,44.4895686177393,44.4895686177393,"Rough","Max. Reward Condition",40,"8",11,NA,86,400,"Long",0.081067503811445,0.761750457731074,NA,0.470616040199115,"localGP"
"12361",50,2,7,7,41.1147763409862,44.4895686177393,"Rough","Max. Reward Condition",40,"8",11,3,85,400,"Long",0.081067503811445,0.761750457731074,NA,0.470616040199115,"localGP"
"12362",50,3,7,8,32.5498412116833,44.4895686177393,"Rough","Max. Reward Condition",40,"8",11,1,96,400,"Long",0.081067503811445,0.761750457731074,NA,0.470616040199115,"localGP"
"12363",50,4,3,3,18.93685736026,44.4895686177393,"Rough","Max. Reward Condition",40,"8",11,1,37,400,"Long",0.081067503811445,0.761750457731074,NA,0.470616040199115,"localGP"
"12364",50,5,3,7,59.6140621219219,59.6140621219219,"Rough","Max. Reward Condition",40,"8",11,3,81,400,"Long",0.081067503811445,0.761750457731074,NA,0.470616040199115,"localGP"
"12365",50,6,3,8,64.4887240517494,64.4887240517494,"Rough","Max. Reward Condition",40,"8",11,1,92,400,"Long",0.081067503811445,0.761750457731074,NA,0.470616040199115,"localGP"
"12366",50,7,4,8,79.4784884383396,79.4784884383396,"Rough","Max. Reward Condition",40,"8",11,3,93,400,"Long",0.081067503811445,0.761750457731074,NA,0.470616040199115,"localGP"
"12367",50,8,5,8,54.8387102771574,79.4784884383396,"Rough","Max. Reward Condition",40,"8",11,2,94,400,"Long",0.081067503811445,0.761750457731074,NA,0.470616040199115,"localGP"
"12368",50,9,3,5,0,79.4784884383396,"Rough","Max. Reward Condition",40,"8",11,1,59,400,"Long",0.081067503811445,0.761750457731074,NA,0.470616040199115,"localGP"
"12369",50,10,1,10,22.1436361165022,79.4784884383396,"Rough","Max. Reward Condition",40,"8",11,2,112,400,"Long",0.081067503811445,0.761750457731074,NA,0.470616040199115,"localGP"
"12370",50,11,4,9,78.163385341713,79.4784884383396,"Rough","Max. Reward Condition",40,"8",11,12,104,400,"Long",0.081067503811445,0.761750457731074,NA,0.470616040199115,"localGP"
"12371",50,12,4,10,100,100,"Rough","Max. Reward Condition",40,"8",11,2,115,400,"Long",0.081067503811445,0.761750457731074,NA,0.470616040199115,"localGP"
"12372",50,13,3,10,47.1514098553432,100,"Rough","Max. Reward Condition",40,"8",11,5,114,400,"Long",0.081067503811445,0.761750457731074,NA,0.470616040199115,"localGP"
"12373",50,14,0,8,67.5757211779263,100,"Rough","Max. Reward Condition",40,"8",11,3,89,400,"Long",0.081067503811445,0.761750457731074,NA,0.470616040199115,"localGP"
"12374",50,15,0,9,39.2599045989107,100,"Rough","Max. Reward Condition",40,"8",11,18,100,400,"Long",0.081067503811445,0.761750457731074,NA,0.470616040199115,"localGP"
"12375",50,16,2,3,41.0550340200253,100,"Rough","Max. Reward Condition",40,"8",11,6,36,400,"Long",0.081067503811445,0.761750457731074,NA,0.470616040199115,"localGP"
"12376",50,17,7,9,39.2512889710385,100,"Rough","Max. Reward Condition",40,"8",11,6,107,400,"Long",0.081067503811445,0.761750457731074,NA,0.470616040199115,"localGP"
"12377",50,18,6,8,28.6530615090915,100,"Rough","Max. Reward Condition",40,"8",11,8,95,400,"Long",0.081067503811445,0.761750457731074,NA,0.470616040199115,"localGP"
"12378",50,19,5,10,87.2658829250153,100,"Rough","Max. Reward Condition",40,"8",11,4,116,400,"Long",0.081067503811445,0.761750457731074,NA,0.470616040199115,"localGP"
"12379",50,20,9,10,19.2437103402709,100,"Rough","Max. Reward Condition",40,"8",11,1,120,400,"Long",0.081067503811445,0.761750457731074,NA,0.470616040199115,"localGP"
"12380",50,21,4,6,31.0378764516063,100,"Rough","Max. Reward Condition",40,"8",11,2,71,400,"Long",0.081067503811445,0.761750457731074,NA,0.470616040199115,"localGP"
"12381",50,22,9,8,43.5318799562685,100,"Rough","Max. Reward Condition",40,"8",11,1,98,400,"Long",0.081067503811445,0.761750457731074,NA,0.470616040199115,"localGP"
"12382",50,23,9,9,48.1183497019652,100,"Rough","Max. Reward Condition",40,"8",11,1,109,400,"Long",0.081067503811445,0.761750457731074,NA,0.470616040199115,"localGP"
"12383",50,24,10,9,24.963535638827,100,"Rough","Max. Reward Condition",40,"8",11,1,110,400,"Long",0.081067503811445,0.761750457731074,NA,0.470616040199115,"localGP"
"12384",50,25,5,9,67.3684283417963,100,"Rough","Max. Reward Condition",40,"8",11,1,105,400,"Long",0.081067503811445,0.761750457731074,NA,0.470616040199115,"localGP"
"12385",50,26,9,0,14.1036247824297,100,"Rough","Max. Reward Condition",40,"8",11,2,10,400,"Long",0.081067503811445,0.761750457731074,NA,0.470616040199115,"localGP"
"12386",50,27,9,2,22.5222349190201,100,"Rough","Max. Reward Condition",40,"8",11,1,32,400,"Long",0.081067503811445,0.761750457731074,NA,0.470616040199115,"localGP"
"12387",50,28,2,0,19.407077744957,100,"Rough","Max. Reward Condition",40,"8",11,3,3,400,"Long",0.081067503811445,0.761750457731074,NA,0.470616040199115,"localGP"
"12388",50,29,0,1,42.1655197788006,100,"Rough","Max. Reward Condition",40,"8",11,2,12,400,"Long",0.081067503811445,0.761750457731074,NA,0.470616040199115,"localGP"
"12389",50,30,0,2,46.5877000271828,100,"Rough","Max. Reward Condition",40,"8",11,1,23,400,"Long",0.081067503811445,0.761750457731074,NA,0.470616040199115,"localGP"
"12390",50,31,0,3,52.5672318356315,100,"Rough","Max. Reward Condition",40,"8",11,2,34,400,"Long",0.081067503811445,0.761750457731074,NA,0.470616040199115,"localGP"
"12391",50,32,0,4,39.3974743760866,100,"Rough","Max. Reward Condition",40,"8",11,1,45,400,"Long",0.081067503811445,0.761750457731074,NA,0.470616040199115,"localGP"
"12392",50,33,1,4,21.9699335445303,100,"Rough","Max. Reward Condition",40,"8",11,1,46,400,"Long",0.081067503811445,0.761750457731074,NA,0.470616040199115,"localGP"
"12393",50,34,2,6,16.8739975298769,100,"Rough","Max. Reward Condition",40,"8",11,3,69,400,"Long",0.081067503811445,0.761750457731074,NA,0.470616040199115,"localGP"
"12394",50,35,10,6,33.4645988807569,100,"Rough","Max. Reward Condition",40,"8",11,1,77,400,"Long",0.081067503811445,0.761750457731074,NA,0.470616040199115,"localGP"
"12395",50,36,9,6,44.0877983401219,100,"Rough","Max. Reward Condition",40,"8",11,9,76,400,"Long",0.081067503811445,0.761750457731074,NA,0.470616040199115,"localGP"
"12396",50,37,1,2,66.3313254646448,100,"Rough","Max. Reward Condition",40,"8",11,1,24,400,"Long",0.081067503811445,0.761750457731074,NA,0.470616040199115,"localGP"
"12397",50,38,2,2,56.4101435079015,100,"Rough","Max. Reward Condition",40,"8",11,1,25,400,"Long",0.081067503811445,0.761750457731074,NA,0.470616040199115,"localGP"
"12398",50,39,6,0,24.4563131020633,100,"Rough","Max. Reward Condition",40,"8",11,1,7,400,"Long",0.081067503811445,0.761750457731074,NA,0.470616040199115,"localGP"
"12399",50,40,7,1,43.7686366704455,100,"Rough","Max. Reward Condition",40,"8",11,2,19,400,"Long",0.081067503811445,0.761750457731074,NA,0.470616040199115,"localGP"
"12400",50,41,8,1,46.3164104609932,100,"Rough","Max. Reward Condition",40,"8",11,1,20,400,"Long",0.081067503811445,0.761750457731074,NA,0.470616040199115,"localGP"
"12401",51,1,3,3,30.1477778754891,30.1477778754891,"Rough","Max. Reward Condition",40,"1",5,NA,37,401,"Long",0.0867534012534022,0.758439346359632,NA,0.563286534902715,"localGP"
"12402",51,2,2,3,50.3035066578995,50.3035066578995,"Rough","Max. Reward Condition",40,"1",5,7,36,401,"Long",0.0867534012534022,0.758439346359632,NA,0.563286534902715,"localGP"
"12403",51,3,2,2,61.7436417215084,61.7436417215084,"Rough","Max. Reward Condition",40,"1",5,4,25,401,"Long",0.0867534012534022,0.758439346359632,NA,0.563286534902715,"localGP"
"12404",51,4,2,1,65.1261244784447,65.1261244784447,"Rough","Max. Reward Condition",40,"1",5,1,14,401,"Long",0.0867534012534022,0.758439346359632,NA,0.563286534902715,"localGP"
"12405",51,5,2,0,77.0544773481124,77.0544773481124,"Rough","Max. Reward Condition",40,"1",5,1,3,401,"Long",0.0867534012534022,0.758439346359632,NA,0.563286534902715,"localGP"
"12406",51,6,1,0,96.5592273768924,96.5592273768924,"Rough","Max. Reward Condition",40,"1",5,1,2,401,"Long",0.0867534012534022,0.758439346359632,NA,0.563286534902715,"localGP"
"12407",51,7,0,0,76.5662850402658,96.5592273768924,"Rough","Max. Reward Condition",40,"1",5,1,1,401,"Long",0.0867534012534022,0.758439346359632,NA,0.563286534902715,"localGP"
"12408",51,8,1,0,96.5592273768924,96.5592273768924,"Rough","Max. Reward Condition",40,"1",5,2,2,401,"Long",0.0867534012534022,0.758439346359632,NA,0.563286534902715,"localGP"
"12409",51,9,1,1,76.3592435056854,96.5592273768924,"Rough","Max. Reward Condition",40,"1",5,1,13,401,"Long",0.0867534012534022,0.758439346359632,NA,0.563286534902715,"localGP"
"12410",51,10,0,1,66.1941053311197,96.5592273768924,"Rough","Max. Reward Condition",40,"1",5,1,12,401,"Long",0.0867534012534022,0.758439346359632,NA,0.563286534902715,"localGP"
"12411",51,11,8,3,73.4939072834287,96.5592273768924,"Rough","Max. Reward Condition",40,"1",5,1,42,401,"Long",0.0867534012534022,0.758439346359632,NA,0.563286534902715,"localGP"
"12412",51,12,8,4,50.6311411543037,96.5592273768924,"Rough","Max. Reward Condition",40,"1",5,2,53,401,"Long",0.0867534012534022,0.758439346359632,NA,0.563286534902715,"localGP"
"12413",51,13,5,1,65.3608725522841,96.5592273768924,"Rough","Max. Reward Condition",40,"1",5,2,17,401,"Long",0.0867534012534022,0.758439346359632,NA,0.563286534902715,"localGP"
"12414",51,14,5,0,55.5275348715588,96.5592273768924,"Rough","Max. Reward Condition",40,"1",5,1,6,401,"Long",0.0867534012534022,0.758439346359632,NA,0.563286534902715,"localGP"
"12415",51,15,6,0,63.3442305024088,96.5592273768924,"Rough","Max. Reward Condition",40,"1",5,11,7,401,"Long",0.0867534012534022,0.758439346359632,NA,0.563286534902715,"localGP"
"12416",51,16,7,0,68.4752649344305,96.5592273768924,"Rough","Max. Reward Condition",40,"1",5,8,8,401,"Long",0.0867534012534022,0.758439346359632,NA,0.563286534902715,"localGP"
"12417",51,17,8,0,96.125082157983,96.5592273768924,"Rough","Max. Reward Condition",40,"1",5,5,9,401,"Long",0.0867534012534022,0.758439346359632,NA,0.563286534902715,"localGP"
"12418",51,18,8,1,86.7518912658619,96.5592273768924,"Rough","Max. Reward Condition",40,"1",5,1,20,401,"Long",0.0867534012534022,0.758439346359632,NA,0.563286534902715,"localGP"
"12419",51,19,7,1,81.9911885215714,96.5592273768924,"Rough","Max. Reward Condition",40,"1",5,2,19,401,"Long",0.0867534012534022,0.758439346359632,NA,0.563286534902715,"localGP"
"12420",51,20,6,1,87.877786509451,96.5592273768924,"Rough","Max. Reward Condition",40,"1",5,1,18,401,"Long",0.0867534012534022,0.758439346359632,NA,0.563286534902715,"localGP"
"12421",51,21,6,2,51.6560216281502,96.5592273768924,"Rough","Max. Reward Condition",40,"1",5,1,29,401,"Long",0.0867534012534022,0.758439346359632,NA,0.563286534902715,"localGP"
"12422",51,22,6,6,86.9756652326962,96.5592273768924,"Rough","Max. Reward Condition",40,"1",5,1,73,401,"Long",0.0867534012534022,0.758439346359632,NA,0.563286534902715,"localGP"
"12423",51,23,6,5,19.3202384321572,96.5592273768924,"Rough","Max. Reward Condition",40,"1",5,1,62,401,"Long",0.0867534012534022,0.758439346359632,NA,0.563286534902715,"localGP"
"12424",51,24,7,10,38.4917850519421,96.5592273768924,"Rough","Max. Reward Condition",40,"1",5,1,118,401,"Long",0.0867534012534022,0.758439346359632,NA,0.563286534902715,"localGP"
"12425",51,25,8,10,47.7263891292854,96.5592273768924,"Rough","Max. Reward Condition",40,"1",5,1,119,401,"Long",0.0867534012534022,0.758439346359632,NA,0.563286534902715,"localGP"
"12426",51,26,9,10,60.0774941518744,96.5592273768924,"Rough","Max. Reward Condition",40,"1",5,1,120,401,"Long",0.0867534012534022,0.758439346359632,NA,0.563286534902715,"localGP"
"12427",51,27,9,9,52.4834712967987,96.5592273768924,"Rough","Max. Reward Condition",40,"1",5,1,109,401,"Long",0.0867534012534022,0.758439346359632,NA,0.563286534902715,"localGP"
"12428",51,28,5,7,50.9750480071235,96.5592273768924,"Rough","Max. Reward Condition",40,"1",5,1,83,401,"Long",0.0867534012534022,0.758439346359632,NA,0.563286534902715,"localGP"
"12429",51,29,6,7,60.8864429943102,96.5592273768924,"Rough","Max. Reward Condition",40,"1",5,1,84,401,"Long",0.0867534012534022,0.758439346359632,NA,0.563286534902715,"localGP"
"12430",51,30,10,8,69.5510436536212,96.5592273768924,"Rough","Max. Reward Condition",40,"1",5,1,99,401,"Long",0.0867534012534022,0.758439346359632,NA,0.563286534902715,"localGP"
"12431",51,31,10,7,69.0054960754502,96.5592273768924,"Rough","Max. Reward Condition",40,"1",5,1,88,401,"Long",0.0867534012534022,0.758439346359632,NA,0.563286534902715,"localGP"
"12432",51,32,10,6,82.4387014347711,96.5592273768924,"Rough","Max. Reward Condition",40,"1",5,1,77,401,"Long",0.0867534012534022,0.758439346359632,NA,0.563286534902715,"localGP"
"12433",51,33,9,6,62.6880904214702,96.5592273768924,"Rough","Max. Reward Condition",40,"1",5,3,76,401,"Long",0.0867534012534022,0.758439346359632,NA,0.563286534902715,"localGP"
"12434",51,34,9,5,12.8213865416785,96.5592273768924,"Rough","Max. Reward Condition",40,"1",5,1,65,401,"Long",0.0867534012534022,0.758439346359632,NA,0.563286534902715,"localGP"
"12435",51,35,8,3,73.4939072834287,96.5592273768924,"Rough","Max. Reward Condition",40,"1",5,2,42,401,"Long",0.0867534012534022,0.758439346359632,NA,0.563286534902715,"localGP"
"12436",51,36,9,3,37.6653431839329,96.5592273768924,"Rough","Max. Reward Condition",40,"1",5,7,43,401,"Long",0.0867534012534022,0.758439346359632,NA,0.563286534902715,"localGP"
"12437",51,37,2,5,55.6706913285101,96.5592273768924,"Rough","Max. Reward Condition",40,"1",5,2,58,401,"Long",0.0867534012534022,0.758439346359632,NA,0.563286534902715,"localGP"
"12438",51,38,9,6,62.6880904214702,96.5592273768924,"Rough","Max. Reward Condition",40,"1",5,3,76,401,"Long",0.0867534012534022,0.758439346359632,NA,0.563286534902715,"localGP"
"12439",51,39,0,8,60.0699780954412,96.5592273768924,"Rough","Max. Reward Condition",40,"1",5,4,89,401,"Long",0.0867534012534022,0.758439346359632,NA,0.563286534902715,"localGP"
"12440",51,40,0,9,38.8483371292891,96.5592273768924,"Rough","Max. Reward Condition",40,"1",5,11,100,401,"Long",0.0867534012534022,0.758439346359632,NA,0.563286534902715,"localGP"
"12441",51,41,5,3,47.725265337293,96.5592273768924,"Rough","Max. Reward Condition",40,"1",5,1,39,401,"Long",0.0867534012534022,0.758439346359632,NA,0.563286534902715,"localGP"
"12442",51,1,4,1,66.1495990392583,66.1495990392583,"Rough","Max. Reward Condition",20,"2",11,NA,16,402,"Short",0.0929008242795189,0.785617565800907,NA,0.510355774195036,"localGP"
"12443",51,2,4,2,52.3985197221421,66.1495990392583,"Rough","Max. Reward Condition",20,"2",11,1,27,402,"Short",0.0929008242795189,0.785617565800907,NA,0.510355774195036,"localGP"
"12444",51,3,5,3,37.4787684417098,66.1495990392583,"Rough","Max. Reward Condition",20,"2",11,2,39,402,"Short",0.0929008242795189,0.785617565800907,NA,0.510355774195036,"localGP"
"12445",51,4,6,4,60.614772799294,66.1495990392583,"Rough","Max. Reward Condition",20,"2",11,2,51,402,"Short",0.0929008242795189,0.785617565800907,NA,0.510355774195036,"localGP"
"12446",51,5,8,3,49.8615329660386,66.1495990392583,"Rough","Max. Reward Condition",20,"2",11,2,42,402,"Short",0.0929008242795189,0.785617565800907,NA,0.510355774195036,"localGP"
"12447",51,6,7,3,55.8044866187351,66.1495990392583,"Rough","Max. Reward Condition",20,"2",11,3,41,402,"Short",0.0929008242795189,0.785617565800907,NA,0.510355774195036,"localGP"
"12448",51,7,5,5,40.8445443747299,66.1495990392583,"Rough","Max. Reward Condition",20,"2",11,9,61,402,"Short",0.0929008242795189,0.785617565800907,NA,0.510355774195036,"localGP"
"12449",51,8,3,3,18.93685736026,66.1495990392583,"Rough","Max. Reward Condition",20,"2",11,7,37,402,"Short",0.0929008242795189,0.785617565800907,NA,0.510355774195036,"localGP"
"12450",51,9,10,2,3.70972504488681,66.1495990392583,"Rough","Max. Reward Condition",20,"2",11,8,33,402,"Short",0.0929008242795189,0.785617565800907,NA,0.510355774195036,"localGP"
"12451",51,10,8,4,42.7763415301342,66.1495990392583,"Rough","Max. Reward Condition",20,"2",11,1,53,402,"Short",0.0929008242795189,0.785617565800907,NA,0.510355774195036,"localGP"
"12452",51,11,8,5,25.4104652088754,66.1495990392583,"Rough","Max. Reward Condition",20,"2",11,1,64,402,"Short",0.0929008242795189,0.785617565800907,NA,0.510355774195036,"localGP"
"12453",51,12,7,4,66.5199662009468,66.5199662009468,"Rough","Max. Reward Condition",20,"2",11,3,52,402,"Short",0.0929008242795189,0.785617565800907,NA,0.510355774195036,"localGP"
"12454",51,13,7,0,40.544681620344,66.5199662009468,"Rough","Max. Reward Condition",20,"2",11,1,8,402,"Short",0.0929008242795189,0.785617565800907,NA,0.510355774195036,"localGP"
"12455",51,14,6,0,24.4563131020633,66.5199662009468,"Rough","Max. Reward Condition",20,"2",11,2,7,402,"Short",0.0929008242795189,0.785617565800907,NA,0.510355774195036,"localGP"
"12456",51,15,1,1,53.9274395779777,66.5199662009468,"Rough","Max. Reward Condition",20,"2",11,1,13,402,"Short",0.0929008242795189,0.785617565800907,NA,0.510355774195036,"localGP"
"12457",51,16,4,10,100,100,"Rough","Max. Reward Condition",20,"2",11,1,115,402,"Short",0.0929008242795189,0.785617565800907,NA,0.510355774195036,"localGP"
"12458",51,17,1,7,66.3320145159087,100,"Rough","Max. Reward Condition",20,"2",11,2,79,402,"Short",0.0929008242795189,0.785617565800907,NA,0.510355774195036,"localGP"
"12459",51,18,1,8,56.1053689232527,100,"Rough","Max. Reward Condition",20,"2",11,1,90,402,"Short",0.0929008242795189,0.785617565800907,NA,0.510355774195036,"localGP"
"12460",51,19,1,9,30.7743395295189,100,"Rough","Max. Reward Condition",20,"2",11,2,101,402,"Short",0.0929008242795189,0.785617565800907,NA,0.510355774195036,"localGP"
"12461",51,20,3,10,47.1514098553432,100,"Rough","Max. Reward Condition",20,"2",11,2,114,402,"Short",0.0929008242795189,0.785617565800907,NA,0.510355774195036,"localGP"
"12462",51,21,3,2,46.913663419152,100,"Rough","Max. Reward Condition",20,"2",11,3,26,402,"Short",0.0929008242795189,0.785617565800907,NA,0.510355774195036,"localGP"
"12463",51,1,9,2,54.6848187444457,54.6848187444457,"Rough","Max. Reward Condition",40,"3",9,NA,32,403,"Long",0.0890367155991733,0.744251295395886,NA,0.575414819992609,"localGP"
"12464",51,2,10,2,30.5516555716526,54.6848187444457,"Rough","Max. Reward Condition",40,"3",9,8,33,403,"Long",0.0890367155991733,0.744251295395886,NA,0.575414819992609,"localGP"
"12465",51,3,10,1,42.9509969441746,54.6848187444457,"Rough","Max. Reward Condition",40,"3",9,1,22,403,"Long",0.0890367155991733,0.744251295395886,NA,0.575414819992609,"localGP"
"12466",51,4,9,1,31.5526478854245,54.6848187444457,"Rough","Max. Reward Condition",40,"3",9,1,21,403,"Long",0.0890367155991733,0.744251295395886,NA,0.575414819992609,"localGP"
"12467",51,5,5,1,62.2178044014381,62.2178044014381,"Rough","Max. Reward Condition",40,"3",9,1,17,403,"Long",0.0890367155991733,0.744251295395886,NA,0.575414819992609,"localGP"
"12468",51,6,5,3,31.7363408535339,62.2178044014381,"Rough","Max. Reward Condition",40,"3",9,2,39,403,"Long",0.0890367155991733,0.744251295395886,NA,0.575414819992609,"localGP"
"12469",51,7,6,0,42.0165877631551,62.2178044014381,"Rough","Max. Reward Condition",40,"3",9,2,7,403,"Long",0.0890367155991733,0.744251295395886,NA,0.575414819992609,"localGP"
"12470",51,8,5,0,63.7023993468335,63.7023993468335,"Rough","Max. Reward Condition",40,"3",9,1,6,403,"Long",0.0890367155991733,0.744251295395886,NA,0.575414819992609,"localGP"
"12471",51,9,1,0,83.523634481826,83.523634481826,"Rough","Max. Reward Condition",40,"3",9,4,2,403,"Long",0.0890367155991733,0.744251295395886,NA,0.575414819992609,"localGP"
"12472",51,10,2,0,46.5810288004854,83.523634481826,"Rough","Max. Reward Condition",40,"3",9,5,3,403,"Long",0.0890367155991733,0.744251295395886,NA,0.575414819992609,"localGP"
"12473",51,11,3,4,44.2234113272728,83.523634481826,"Rough","Max. Reward Condition",40,"3",9,1,48,403,"Long",0.0890367155991733,0.744251295395886,NA,0.575414819992609,"localGP"
"12474",51,12,4,4,44.1531168030834,83.523634481826,"Rough","Max. Reward Condition",40,"3",9,2,49,403,"Long",0.0890367155991733,0.744251295395886,NA,0.575414819992609,"localGP"
"12475",51,13,4,5,65.4711627445738,83.523634481826,"Rough","Max. Reward Condition",40,"3",9,1,60,403,"Long",0.0890367155991733,0.744251295395886,NA,0.575414819992609,"localGP"
"12476",51,14,5,5,60.2282366593648,83.523634481826,"Rough","Max. Reward Condition",40,"3",9,7,61,403,"Long",0.0890367155991733,0.744251295395886,NA,0.575414819992609,"localGP"
"12477",51,15,5,6,33.1152517472353,83.523634481826,"Rough","Max. Reward Condition",40,"3",9,3,72,403,"Long",0.0890367155991733,0.744251295395886,NA,0.575414819992609,"localGP"
"12478",51,16,6,6,30.335879587278,83.523634481826,"Rough","Max. Reward Condition",40,"3",9,1,73,403,"Long",0.0890367155991733,0.744251295395886,NA,0.575414819992609,"localGP"
"12479",51,17,6,5,36.7517013773069,83.523634481826,"Rough","Max. Reward Condition",40,"3",9,1,62,403,"Long",0.0890367155991733,0.744251295395886,NA,0.575414819992609,"localGP"
"12480",51,18,1,10,50.2356022974188,83.523634481826,"Rough","Max. Reward Condition",40,"3",9,1,112,403,"Long",0.0890367155991733,0.744251295395886,NA,0.575414819992609,"localGP"
"12481",51,19,1,9,56.0236308128228,83.523634481826,"Rough","Max. Reward Condition",40,"3",9,3,101,403,"Long",0.0890367155991733,0.744251295395886,NA,0.575414819992609,"localGP"
"12482",51,20,1,8,35.1070926300529,83.523634481826,"Rough","Max. Reward Condition",40,"3",9,4,90,403,"Long",0.0890367155991733,0.744251295395886,NA,0.575414819992609,"localGP"
"12483",51,21,6,6,30.335879587278,83.523634481826,"Rough","Max. Reward Condition",40,"3",9,8,73,403,"Long",0.0890367155991733,0.744251295395886,NA,0.575414819992609,"localGP"
"12484",51,22,0,6,96.5524227911389,96.5524227911389,"Rough","Max. Reward Condition",40,"3",9,1,67,403,"Long",0.0890367155991733,0.744251295395886,NA,0.575414819992609,"localGP"
"12485",51,23,0,7,63.762860531431,96.5524227911389,"Rough","Max. Reward Condition",40,"3",9,1,78,403,"Long",0.0890367155991733,0.744251295395886,NA,0.575414819992609,"localGP"
"12486",51,24,0,8,46.0959126703329,96.5524227911389,"Rough","Max. Reward Condition",40,"3",9,1,89,403,"Long",0.0890367155991733,0.744251295395886,NA,0.575414819992609,"localGP"
"12487",51,25,10,8,84.8321481843009,96.5524227911389,"Rough","Max. Reward Condition",40,"3",9,2,99,403,"Long",0.0890367155991733,0.744251295395886,NA,0.575414819992609,"localGP"
"12488",51,26,10,9,64.7402218310995,96.5524227911389,"Rough","Max. Reward Condition",40,"3",9,2,110,403,"Long",0.0890367155991733,0.744251295395886,NA,0.575414819992609,"localGP"
"12489",51,27,10,10,20.1449124623771,96.5524227911389,"Rough","Max. Reward Condition",40,"3",9,1,121,403,"Long",0.0890367155991733,0.744251295395886,NA,0.575414819992609,"localGP"
"12490",51,28,9,7,82.8870600418845,96.5524227911389,"Rough","Max. Reward Condition",40,"3",9,1,87,403,"Long",0.0890367155991733,0.744251295395886,NA,0.575414819992609,"localGP"
"12491",51,29,8,7,42.1666103712664,96.5524227911389,"Rough","Max. Reward Condition",40,"3",9,1,86,403,"Long",0.0890367155991733,0.744251295395886,NA,0.575414819992609,"localGP"
"12492",51,30,8,6,1.80796018647668,96.5524227911389,"Rough","Max. Reward Condition",40,"3",9,1,75,403,"Long",0.0890367155991733,0.744251295395886,NA,0.575414819992609,"localGP"
"12493",51,31,2,5,39.0745307223915,96.5524227911389,"Rough","Max. Reward Condition",40,"3",9,3,58,403,"Long",0.0890367155991733,0.744251295395886,NA,0.575414819992609,"localGP"
"12494",51,32,0,3,20.3156192085015,96.5524227911389,"Rough","Max. Reward Condition",40,"3",9,1,34,403,"Long",0.0890367155991733,0.744251295395886,NA,0.575414819992609,"localGP"
"12495",51,33,1,3,7.73707960033028,96.5524227911389,"Rough","Max. Reward Condition",40,"3",9,1,35,403,"Long",0.0890367155991733,0.744251295395886,NA,0.575414819992609,"localGP"
"12496",51,34,3,1,40.3499664940064,96.5524227911389,"Rough","Max. Reward Condition",40,"3",9,2,15,403,"Long",0.0890367155991733,0.744251295395886,NA,0.575414819992609,"localGP"
"12497",51,35,4,1,66.1540959055095,96.5524227911389,"Rough","Max. Reward Condition",40,"3",9,7,16,403,"Long",0.0890367155991733,0.744251295395886,NA,0.575414819992609,"localGP"
"12498",51,36,4,0,79.9431598436755,96.5524227911389,"Rough","Max. Reward Condition",40,"3",9,1,5,403,"Long",0.0890367155991733,0.744251295395886,NA,0.575414819992609,"localGP"
"12499",51,37,1,9,56.0236308128228,96.5524227911389,"Rough","Max. Reward Condition",40,"3",9,1,101,403,"Long",0.0890367155991733,0.744251295395886,NA,0.575414819992609,"localGP"
"12500",51,38,0,9,58.8852993976115,96.5524227911389,"Rough","Max. Reward Condition",40,"3",9,2,100,403,"Long",0.0890367155991733,0.744251295395886,NA,0.575414819992609,"localGP"
"12501",51,39,0,10,40.1320586753249,96.5524227911389,"Rough","Max. Reward Condition",40,"3",9,1,111,403,"Long",0.0890367155991733,0.744251295395886,NA,0.575414819992609,"localGP"
"12502",51,40,2,9,51.5479444865926,96.5524227911389,"Rough","Max. Reward Condition",40,"3",9,2,102,403,"Long",0.0890367155991733,0.744251295395886,NA,0.575414819992609,"localGP"
"12503",51,41,5,9,75.2199907218667,96.5524227911389,"Rough","Max. Reward Condition",40,"3",9,1,105,403,"Long",0.0890367155991733,0.744251295395886,NA,0.575414819992609,"localGP"
"12504",51,1,6,4,24.0248838436953,24.0248838436953,"Rough","Max. Reward Condition",20,"4",18,NA,51,404,"Short",0.0952239149834831,0.799948407945465,NA,0.553879031129362,"localGP"
"12505",51,2,4,7,47.8263633972584,47.8263633972584,"Rough","Max. Reward Condition",20,"4",18,1,82,404,"Short",0.0952239149834831,0.799948407945465,NA,0.553879031129362,"localGP"
"12506",51,3,5,7,60.8656482156471,60.8656482156471,"Rough","Max. Reward Condition",20,"4",18,2,83,404,"Short",0.0952239149834831,0.799948407945465,NA,0.553879031129362,"localGP"
"12507",51,4,10,1,51.8458396113601,60.8656482156471,"Rough","Max. Reward Condition",20,"4",18,1,22,404,"Short",0.0952239149834831,0.799948407945465,NA,0.553879031129362,"localGP"
"12508",51,5,10,0,38.2617250048476,60.8656482156471,"Rough","Max. Reward Condition",20,"4",18,1,11,404,"Short",0.0952239149834831,0.799948407945465,NA,0.553879031129362,"localGP"
"12509",51,6,8,0,49.6392731518266,60.8656482156471,"Rough","Max. Reward Condition",20,"4",18,1,9,404,"Short",0.0952239149834831,0.799948407945465,NA,0.553879031129362,"localGP"
"12510",51,7,6,7,45.7922377623339,60.8656482156471,"Rough","Max. Reward Condition",20,"4",18,4,84,404,"Short",0.0952239149834831,0.799948407945465,NA,0.553879031129362,"localGP"
"12511",51,8,7,7,26.6472142919114,60.8656482156471,"Rough","Max. Reward Condition",20,"4",18,1,85,404,"Short",0.0952239149834831,0.799948407945465,NA,0.553879031129362,"localGP"
"12512",51,9,7,8,41.2424197528624,60.8656482156471,"Rough","Max. Reward Condition",20,"4",18,1,96,404,"Short",0.0952239149834831,0.799948407945465,NA,0.553879031129362,"localGP"
"12513",51,10,6,8,37.9736257778301,60.8656482156471,"Rough","Max. Reward Condition",20,"4",18,4,95,404,"Short",0.0952239149834831,0.799948407945465,NA,0.553879031129362,"localGP"
"12514",51,11,6,0,37.7168186975526,60.8656482156471,"Rough","Max. Reward Condition",20,"4",18,1,7,404,"Short",0.0952239149834831,0.799948407945465,NA,0.553879031129362,"localGP"
"12515",51,12,7,0,42.9589109344854,60.8656482156471,"Rough","Max. Reward Condition",20,"4",18,4,8,404,"Short",0.0952239149834831,0.799948407945465,NA,0.553879031129362,"localGP"
"12516",51,13,8,1,22.4638703652577,60.8656482156471,"Rough","Max. Reward Condition",20,"4",18,5,20,404,"Short",0.0952239149834831,0.799948407945465,NA,0.553879031129362,"localGP"
"12517",51,14,6,3,2.55804621582689,60.8656482156471,"Rough","Max. Reward Condition",20,"4",18,6,40,404,"Short",0.0952239149834831,0.799948407945465,NA,0.553879031129362,"localGP"
"12518",51,15,1,5,10.6858485286314,60.8656482156471,"Rough","Max. Reward Condition",20,"4",18,4,57,404,"Short",0.0952239149834831,0.799948407945465,NA,0.553879031129362,"localGP"
"12519",51,16,0,7,18.2389240639338,60.8656482156471,"Rough","Max. Reward Condition",20,"4",18,3,78,404,"Short",0.0952239149834831,0.799948407945465,NA,0.553879031129362,"localGP"
"12520",51,17,1,1,48.0935875031168,60.8656482156471,"Rough","Max. Reward Condition",20,"4",18,2,13,404,"Short",0.0952239149834831,0.799948407945465,NA,0.553879031129362,"localGP"
"12521",51,18,1,0,52.4795285472342,60.8656482156471,"Rough","Max. Reward Condition",20,"4",18,3,2,404,"Short",0.0952239149834831,0.799948407945465,NA,0.553879031129362,"localGP"
"12522",51,19,2,0,34.0203157022651,60.8656482156471,"Rough","Max. Reward Condition",20,"4",18,10,3,404,"Short",0.0952239149834831,0.799948407945465,NA,0.553879031129362,"localGP"
"12523",51,20,3,0,28.442618018304,60.8656482156471,"Rough","Max. Reward Condition",20,"4",18,3,4,404,"Short",0.0952239149834831,0.799948407945465,NA,0.553879031129362,"localGP"
"12524",51,21,3,1,75.1442624365829,75.1442624365829,"Rough","Max. Reward Condition",20,"4",18,3,15,404,"Short",0.0952239149834831,0.799948407945465,NA,0.553879031129362,"localGP"
"12525",51,1,3,10,38.2936585715873,38.2936585715873,"Rough","Max. Reward Condition",40,"5",12,NA,114,405,"Long",0.0884299084394179,0.761477453924634,NA,0.570844497988871,"localGP"
"12526",51,2,5,10,25.3370988879531,38.2936585715873,"Rough","Max. Reward Condition",40,"5",12,1,116,405,"Long",0.0884299084394179,0.761477453924634,NA,0.570844497988871,"localGP"
"12527",51,3,9,1,72.9706833593443,72.9706833593443,"Rough","Max. Reward Condition",40,"5",12,2,21,405,"Long",0.0884299084394179,0.761477453924634,NA,0.570844497988871,"localGP"
"12528",51,4,9,0,53.2886694001557,72.9706833593443,"Rough","Max. Reward Condition",40,"5",12,1,10,405,"Long",0.0884299084394179,0.761477453924634,NA,0.570844497988871,"localGP"
"12529",51,5,8,0,73.9756184562908,73.9756184562908,"Rough","Max. Reward Condition",40,"5",12,1,9,405,"Long",0.0884299084394179,0.761477453924634,NA,0.570844497988871,"localGP"
"12530",51,6,7,0,73.3448619452636,73.9756184562908,"Rough","Max. Reward Condition",40,"5",12,1,8,405,"Long",0.0884299084394179,0.761477453924634,NA,0.570844497988871,"localGP"
"12531",51,7,7,1,80.4403331972244,80.4403331972244,"Rough","Max. Reward Condition",40,"5",12,1,19,405,"Long",0.0884299084394179,0.761477453924634,NA,0.570844497988871,"localGP"
"12532",51,8,8,1,63.22858219745,80.4403331972244,"Rough","Max. Reward Condition",40,"5",12,1,20,405,"Long",0.0884299084394179,0.761477453924634,NA,0.570844497988871,"localGP"
"12533",51,9,8,2,39.4299130293933,80.4403331972244,"Rough","Max. Reward Condition",40,"5",12,3,31,405,"Long",0.0884299084394179,0.761477453924634,NA,0.570844497988871,"localGP"
"12534",51,10,7,2,67.7479443661215,80.4403331972244,"Rough","Max. Reward Condition",40,"5",12,1,30,405,"Long",0.0884299084394179,0.761477453924634,NA,0.570844497988871,"localGP"
"12535",51,11,6,2,67.1671387107325,80.4403331972244,"Rough","Max. Reward Condition",40,"5",12,2,29,405,"Long",0.0884299084394179,0.761477453924634,NA,0.570844497988871,"localGP"
"12536",51,12,4,3,65.5943555027251,80.4403331972244,"Rough","Max. Reward Condition",40,"5",12,2,38,405,"Long",0.0884299084394179,0.761477453924634,NA,0.570844497988871,"localGP"
"12537",51,13,2,3,54.2459554545329,80.4403331972244,"Rough","Max. Reward Condition",40,"5",12,1,36,405,"Long",0.0884299084394179,0.761477453924634,NA,0.570844497988871,"localGP"
"12538",51,14,2,2,75.2998584228021,80.4403331972244,"Rough","Max. Reward Condition",40,"5",12,2,25,405,"Long",0.0884299084394179,0.761477453924634,NA,0.570844497988871,"localGP"
"12539",51,15,1,2,35.7010889135408,80.4403331972244,"Rough","Max. Reward Condition",40,"5",12,5,24,405,"Long",0.0884299084394179,0.761477453924634,NA,0.570844497988871,"localGP"
"12540",51,16,5,10,25.3370988879531,80.4403331972244,"Rough","Max. Reward Condition",40,"5",12,1,116,405,"Long",0.0884299084394179,0.761477453924634,NA,0.570844497988871,"localGP"
"12541",51,17,6,6,97.0143306966023,97.0143306966023,"Rough","Max. Reward Condition",40,"5",12,2,73,405,"Long",0.0884299084394179,0.761477453924634,NA,0.570844497988871,"localGP"
"12542",51,18,6,7,79.1421963160271,97.0143306966023,"Rough","Max. Reward Condition",40,"5",12,1,84,405,"Long",0.0884299084394179,0.761477453924634,NA,0.570844497988871,"localGP"
"12543",51,19,5,7,95.4475396391107,97.0143306966023,"Rough","Max. Reward Condition",40,"5",12,1,83,405,"Long",0.0884299084394179,0.761477453924634,NA,0.570844497988871,"localGP"
"12544",51,20,4,7,71.8109228804708,97.0143306966023,"Rough","Max. Reward Condition",40,"5",12,4,82,405,"Long",0.0884299084394179,0.761477453924634,NA,0.570844497988871,"localGP"
"12545",51,21,3,7,42.7325962499658,97.0143306966023,"Rough","Max. Reward Condition",40,"5",12,1,81,405,"Long",0.0884299084394179,0.761477453924634,NA,0.570844497988871,"localGP"
"12546",51,22,2,8,43.3826449218407,97.0143306966023,"Rough","Max. Reward Condition",40,"5",12,10,91,405,"Long",0.0884299084394179,0.761477453924634,NA,0.570844497988871,"localGP"
"12547",51,23,3,8,33.3403735872843,97.0143306966023,"Rough","Max. Reward Condition",40,"5",12,2,92,405,"Long",0.0884299084394179,0.761477453924634,NA,0.570844497988871,"localGP"
"12548",51,24,1,10,44.7478719806417,97.0143306966023,"Rough","Max. Reward Condition",40,"5",12,1,112,405,"Long",0.0884299084394179,0.761477453924634,NA,0.570844497988871,"localGP"
"12549",51,25,8,5,68.8394216351871,97.0143306966023,"Rough","Max. Reward Condition",40,"5",12,2,64,405,"Long",0.0884299084394179,0.761477453924634,NA,0.570844497988871,"localGP"
"12550",51,26,8,4,57.9281093850076,97.0143306966023,"Rough","Max. Reward Condition",40,"5",12,1,53,405,"Long",0.0884299084394179,0.761477453924634,NA,0.570844497988871,"localGP"
"12551",51,27,7,4,50.9267348648604,97.0143306966023,"Rough","Max. Reward Condition",40,"5",12,1,52,405,"Long",0.0884299084394179,0.761477453924634,NA,0.570844497988871,"localGP"
"12552",51,28,7,3,39.8382948822968,97.0143306966023,"Rough","Max. Reward Condition",40,"5",12,2,41,405,"Long",0.0884299084394179,0.761477453924634,NA,0.570844497988871,"localGP"
"12553",51,29,0,7,44.8614559760383,97.0143306966023,"Rough","Max. Reward Condition",40,"5",12,1,78,405,"Long",0.0884299084394179,0.761477453924634,NA,0.570844497988871,"localGP"
"12554",51,30,1,7,41.3820434825426,97.0143306966023,"Rough","Max. Reward Condition",40,"5",12,2,79,405,"Long",0.0884299084394179,0.761477453924634,NA,0.570844497988871,"localGP"
"12555",51,31,8,7,81.8274104004157,97.0143306966023,"Rough","Max. Reward Condition",40,"5",12,1,86,405,"Long",0.0884299084394179,0.761477453924634,NA,0.570844497988871,"localGP"
"12556",51,32,7,5,86.8061250260335,97.0143306966023,"Rough","Max. Reward Condition",40,"5",12,1,63,405,"Long",0.0884299084394179,0.761477453924634,NA,0.570844497988871,"localGP"
"12557",51,33,8,7,81.8274104004157,97.0143306966023,"Rough","Max. Reward Condition",40,"5",12,1,86,405,"Long",0.0884299084394179,0.761477453924634,NA,0.570844497988871,"localGP"
"12558",51,34,9,7,78.9152227809253,97.0143306966023,"Rough","Max. Reward Condition",40,"5",12,2,87,405,"Long",0.0884299084394179,0.761477453924634,NA,0.570844497988871,"localGP"
"12559",51,35,9,8,85.7573935505375,97.0143306966023,"Rough","Max. Reward Condition",40,"5",12,1,98,405,"Long",0.0884299084394179,0.761477453924634,NA,0.570844497988871,"localGP"
"12560",51,36,9,9,79.9813230498627,97.0143306966023,"Rough","Max. Reward Condition",40,"5",12,2,109,405,"Long",0.0884299084394179,0.761477453924634,NA,0.570844497988871,"localGP"
"12561",51,37,10,9,82.6126094041151,97.0143306966023,"Rough","Max. Reward Condition",40,"5",12,1,110,405,"Long",0.0884299084394179,0.761477453924634,NA,0.570844497988871,"localGP"
"12562",51,38,10,8,81.5439013979377,97.0143306966023,"Rough","Max. Reward Condition",40,"5",12,1,99,405,"Long",0.0884299084394179,0.761477453924634,NA,0.570844497988871,"localGP"
"12563",51,39,10,7,59.9919604087236,97.0143306966023,"Rough","Max. Reward Condition",40,"5",12,2,88,405,"Long",0.0884299084394179,0.761477453924634,NA,0.570844497988871,"localGP"
"12564",51,40,9,9,79.9813230498627,97.0143306966023,"Rough","Max. Reward Condition",40,"5",12,4,109,405,"Long",0.0884299084394179,0.761477453924634,NA,0.570844497988871,"localGP"
"12565",51,41,9,10,67.4802551534836,97.0143306966023,"Rough","Max. Reward Condition",40,"5",12,1,120,405,"Long",0.0884299084394179,0.761477453924634,NA,0.570844497988871,"localGP"
"12566",51,1,4,0,76.6677425610664,76.6677425610664,"Rough","Max. Reward Condition",20,"6",13,NA,5,406,"Short",0.0910046548475742,0.890862498432422,NA,0.553842609208475,"localGP"
"12567",51,2,4,1,46.8486236737456,76.6677425610664,"Rough","Max. Reward Condition",20,"6",13,1,16,406,"Short",0.0910046548475742,0.890862498432422,NA,0.553842609208475,"localGP"
"12568",51,3,4,2,29.018522629385,76.6677425610664,"Rough","Max. Reward Condition",20,"6",13,1,27,406,"Short",0.0910046548475742,0.890862498432422,NA,0.553842609208475,"localGP"
"12569",51,4,7,6,59.1670306987151,76.6677425610664,"Rough","Max. Reward Condition",20,"6",13,2,74,406,"Short",0.0910046548475742,0.890862498432422,NA,0.553842609208475,"localGP"
"12570",51,5,9,1,33.2193816371395,76.6677425610664,"Rough","Max. Reward Condition",20,"6",13,1,21,406,"Short",0.0910046548475742,0.890862498432422,NA,0.553842609208475,"localGP"
"12571",51,6,6,0,42.2635733296854,76.6677425610664,"Rough","Max. Reward Condition",20,"6",13,1,7,406,"Short",0.0910046548475742,0.890862498432422,NA,0.553842609208475,"localGP"
"12572",51,7,6,2,4.35555688035975,76.6677425610664,"Rough","Max. Reward Condition",20,"6",13,2,29,406,"Short",0.0910046548475742,0.890862498432422,NA,0.553842609208475,"localGP"
"12573",51,8,7,3,27.7085834681235,76.6677425610664,"Rough","Max. Reward Condition",20,"6",13,1,41,406,"Short",0.0910046548475742,0.890862498432422,NA,0.553842609208475,"localGP"
"12574",51,9,7,7,65.4024008297737,76.6677425610664,"Rough","Max. Reward Condition",20,"6",13,2,85,406,"Short",0.0910046548475742,0.890862498432422,NA,0.553842609208475,"localGP"
"12575",51,10,6,7,61.746746813945,76.6677425610664,"Rough","Max. Reward Condition",20,"6",13,1,84,406,"Short",0.0910046548475742,0.890862498432422,NA,0.553842609208475,"localGP"
"12576",51,11,5,7,44.9495290274255,76.6677425610664,"Rough","Max. Reward Condition",20,"6",13,3,83,406,"Short",0.0910046548475742,0.890862498432422,NA,0.553842609208475,"localGP"
"12577",51,12,10,4,46.4286824642032,76.6677425610664,"Rough","Max. Reward Condition",20,"6",13,1,55,406,"Short",0.0910046548475742,0.890862498432422,NA,0.553842609208475,"localGP"
"12578",51,13,10,5,36.4623399771375,76.6677425610664,"Rough","Max. Reward Condition",20,"6",13,3,66,406,"Short",0.0910046548475742,0.890862498432422,NA,0.553842609208475,"localGP"
"12579",51,14,10,6,43.7834189744313,76.6677425610664,"Rough","Max. Reward Condition",20,"6",13,6,77,406,"Short",0.0910046548475742,0.890862498432422,NA,0.553842609208475,"localGP"
"12580",51,15,6,4,11.152859969979,76.6677425610664,"Rough","Max. Reward Condition",20,"6",13,2,51,406,"Short",0.0910046548475742,0.890862498432422,NA,0.553842609208475,"localGP"
"12581",51,16,0,4,32.731169027758,76.6677425610664,"Rough","Max. Reward Condition",20,"6",13,1,45,406,"Short",0.0910046548475742,0.890862498432422,NA,0.553842609208475,"localGP"
"12582",51,17,1,5,64.6815173963215,76.6677425610664,"Rough","Max. Reward Condition",20,"6",13,2,57,406,"Short",0.0910046548475742,0.890862498432422,NA,0.553842609208475,"localGP"
"12583",51,18,0,5,57.5103295606755,76.6677425610664,"Rough","Max. Reward Condition",20,"6",13,2,56,406,"Short",0.0910046548475742,0.890862498432422,NA,0.553842609208475,"localGP"
"12584",51,19,1,8,49.5943667659217,76.6677425610664,"Rough","Max. Reward Condition",20,"6",13,1,90,406,"Short",0.0910046548475742,0.890862498432422,NA,0.553842609208475,"localGP"
"12585",51,20,1,7,39.7333701144124,76.6677425610664,"Rough","Max. Reward Condition",20,"6",13,10,79,406,"Short",0.0910046548475742,0.890862498432422,NA,0.553842609208475,"localGP"
"12586",51,21,2,6,46.1154151661553,76.6677425610664,"Rough","Max. Reward Condition",20,"6",13,4,69,406,"Short",0.0910046548475742,0.890862498432422,NA,0.553842609208475,"localGP"
"12587",51,1,1,5,38.9803477901221,38.9803477901221,"Rough","Max. Reward Condition",40,"7",3,NA,57,407,"Long",0.0834365732495468,0.76861498030734,NA,0.567426421852398,"localGP"
"12588",51,2,1,4,28.2772225047423,38.9803477901221,"Rough","Max. Reward Condition",40,"7",3,2,46,407,"Long",0.0834365732495468,0.76861498030734,NA,0.567426421852398,"localGP"
"12589",51,3,3,7,41.1726557910907,41.1726557910907,"Rough","Max. Reward Condition",40,"7",3,5,81,407,"Long",0.0834365732495468,0.76861498030734,NA,0.567426421852398,"localGP"
"12590",51,4,4,7,73.9799406731188,73.9799406731188,"Rough","Max. Reward Condition",40,"7",3,6,82,407,"Long",0.0834365732495468,0.76861498030734,NA,0.567426421852398,"localGP"
"12591",51,5,4,6,65.0620615185849,73.9799406731188,"Rough","Max. Reward Condition",40,"7",3,1,71,407,"Long",0.0834365732495468,0.76861498030734,NA,0.567426421852398,"localGP"
"12592",51,6,5,6,47.8129336861214,73.9799406731188,"Rough","Max. Reward Condition",40,"7",3,1,72,407,"Long",0.0834365732495468,0.76861498030734,NA,0.567426421852398,"localGP"
"12593",51,7,5,7,56.1612856920817,73.9799406731188,"Rough","Max. Reward Condition",40,"7",3,2,83,407,"Long",0.0834365732495468,0.76861498030734,NA,0.567426421852398,"localGP"
"12594",51,8,5,8,64.8105739200729,73.9799406731188,"Rough","Max. Reward Condition",40,"7",3,2,94,407,"Long",0.0834365732495468,0.76861498030734,NA,0.567426421852398,"localGP"
"12595",51,9,4,8,67.6195096925002,73.9799406731188,"Rough","Max. Reward Condition",40,"7",3,2,93,407,"Long",0.0834365732495468,0.76861498030734,NA,0.567426421852398,"localGP"
"12596",51,10,4,9,39.9254255955642,73.9799406731188,"Rough","Max. Reward Condition",40,"7",3,1,104,407,"Long",0.0834365732495468,0.76861498030734,NA,0.567426421852398,"localGP"
"12597",51,11,3,9,34.2308196007598,73.9799406731188,"Rough","Max. Reward Condition",40,"7",3,1,103,407,"Long",0.0834365732495468,0.76861498030734,NA,0.567426421852398,"localGP"
"12598",51,12,3,10,27.8257568342711,73.9799406731188,"Rough","Max. Reward Condition",40,"7",3,3,114,407,"Long",0.0834365732495468,0.76861498030734,NA,0.567426421852398,"localGP"
"12599",51,13,9,6,44.7930308508045,73.9799406731188,"Rough","Max. Reward Condition",40,"7",3,1,76,407,"Long",0.0834365732495468,0.76861498030734,NA,0.567426421852398,"localGP"
"12600",51,14,6,3,72.3648366559739,73.9799406731188,"Rough","Max. Reward Condition",40,"7",3,1,40,407,"Long",0.0834365732495468,0.76861498030734,NA,0.567426421852398,"localGP"
"12601",51,15,6,2,71.6274675486182,73.9799406731188,"Rough","Max. Reward Condition",40,"7",3,3,29,407,"Long",0.0834365732495468,0.76861498030734,NA,0.567426421852398,"localGP"
"12602",51,16,5,2,41.5069107029267,73.9799406731188,"Rough","Max. Reward Condition",40,"7",3,3,28,407,"Long",0.0834365732495468,0.76861498030734,NA,0.567426421852398,"localGP"
"12603",51,17,2,3,30.603751713123,73.9799406731188,"Rough","Max. Reward Condition",40,"7",3,1,36,407,"Long",0.0834365732495468,0.76861498030734,NA,0.567426421852398,"localGP"
"12604",51,18,2,1,54.3500137878214,73.9799406731188,"Rough","Max. Reward Condition",40,"7",3,2,14,407,"Long",0.0834365732495468,0.76861498030734,NA,0.567426421852398,"localGP"
"12605",51,19,3,1,50.2535839853103,73.9799406731188,"Rough","Max. Reward Condition",40,"7",3,1,15,407,"Long",0.0834365732495468,0.76861498030734,NA,0.567426421852398,"localGP"
"12606",51,20,4,1,12.1703970520116,73.9799406731188,"Rough","Max. Reward Condition",40,"7",3,5,16,407,"Long",0.0834365732495468,0.76861498030734,NA,0.567426421852398,"localGP"
"12607",51,21,1,5,38.9803477901221,73.9799406731188,"Rough","Max. Reward Condition",40,"7",3,6,57,407,"Long",0.0834365732495468,0.76861498030734,NA,0.567426421852398,"localGP"
"12608",51,22,10,0,39.4294452948652,73.9799406731188,"Rough","Max. Reward Condition",40,"7",3,1,11,407,"Long",0.0834365732495468,0.76861498030734,NA,0.567426421852398,"localGP"
"12609",51,23,9,0,0,73.9799406731188,"Rough","Max. Reward Condition",40,"7",3,4,10,407,"Long",0.0834365732495468,0.76861498030734,NA,0.567426421852398,"localGP"
"12610",51,24,1,1,55.6104424370959,73.9799406731188,"Rough","Max. Reward Condition",40,"7",3,1,13,407,"Long",0.0834365732495468,0.76861498030734,NA,0.567426421852398,"localGP"
"12611",51,25,1,2,73.9442731369025,73.9799406731188,"Rough","Max. Reward Condition",40,"7",3,10,24,407,"Long",0.0834365732495468,0.76861498030734,NA,0.567426421852398,"localGP"
"12612",51,26,5,6,47.8129336861214,73.9799406731188,"Rough","Max. Reward Condition",40,"7",3,1,72,407,"Long",0.0834365732495468,0.76861498030734,NA,0.567426421852398,"localGP"
"12613",51,27,0,8,24.0810609048184,73.9799406731188,"Rough","Max. Reward Condition",40,"7",3,1,89,407,"Long",0.0834365732495468,0.76861498030734,NA,0.567426421852398,"localGP"
"12614",51,28,1,8,25.0569515805629,73.9799406731188,"Rough","Max. Reward Condition",40,"7",3,4,90,407,"Long",0.0834365732495468,0.76861498030734,NA,0.567426421852398,"localGP"
"12615",51,29,1,9,29.3784802379892,73.9799406731188,"Rough","Max. Reward Condition",40,"7",3,1,101,407,"Long",0.0834365732495468,0.76861498030734,NA,0.567426421852398,"localGP"
"12616",51,30,2,7,23.1709699491118,73.9799406731188,"Rough","Max. Reward Condition",40,"7",3,1,80,407,"Long",0.0834365732495468,0.76861498030734,NA,0.567426421852398,"localGP"
"12617",51,31,3,8,33.5669254612635,73.9799406731188,"Rough","Max. Reward Condition",40,"7",3,2,92,407,"Long",0.0834365732495468,0.76861498030734,NA,0.567426421852398,"localGP"
"12618",51,32,3,4,49.3373531062478,73.9799406731188,"Rough","Max. Reward Condition",40,"7",3,3,48,407,"Long",0.0834365732495468,0.76861498030734,NA,0.567426421852398,"localGP"
"12619",51,33,3,5,45.7673029552207,73.9799406731188,"Rough","Max. Reward Condition",40,"7",3,1,59,407,"Long",0.0834365732495468,0.76861498030734,NA,0.567426421852398,"localGP"
"12620",51,34,4,5,54.5351061532027,73.9799406731188,"Rough","Max. Reward Condition",40,"7",3,1,60,407,"Long",0.0834365732495468,0.76861498030734,NA,0.567426421852398,"localGP"
"12621",51,35,2,6,23.2904809961193,73.9799406731188,"Rough","Max. Reward Condition",40,"7",3,1,69,407,"Long",0.0834365732495468,0.76861498030734,NA,0.567426421852398,"localGP"
"12622",51,36,7,9,92.1104494537164,92.1104494537164,"Rough","Max. Reward Condition",40,"7",3,1,107,407,"Long",0.0834365732495468,0.76861498030734,NA,0.567426421852398,"localGP"
"12623",51,37,7,8,100,100,"Rough","Max. Reward Condition",40,"7",3,5,96,407,"Long",0.0834365732495468,0.76861498030734,NA,0.567426421852398,"localGP"
"12624",51,38,8,8,86.9112548531245,100,"Rough","Max. Reward Condition",40,"7",3,1,97,407,"Long",0.0834365732495468,0.76861498030734,NA,0.567426421852398,"localGP"
"12625",51,39,8,7,70.5152140178525,100,"Rough","Max. Reward Condition",40,"7",3,3,86,407,"Long",0.0834365732495468,0.76861498030734,NA,0.567426421852398,"localGP"
"12626",51,40,7,7,84.838078337325,100,"Rough","Max. Reward Condition",40,"7",3,2,85,407,"Long",0.0834365732495468,0.76861498030734,NA,0.567426421852398,"localGP"
"12627",51,41,0,10,19.846069221029,100,"Rough","Max. Reward Condition",40,"7",3,1,111,407,"Long",0.0834365732495468,0.76861498030734,NA,0.567426421852398,"localGP"
"12628",51,1,5,1,54.5671632518635,54.5671632518635,"Rough","Max. Reward Condition",20,"8",14,NA,17,408,"Short",0.0903341460338743,0.831757535548589,NA,0.523914842841957,"localGP"
"12629",51,2,5,2,56.3291955901051,56.3291955901051,"Rough","Max. Reward Condition",20,"8",14,3,28,408,"Short",0.0903341460338743,0.831757535548589,NA,0.523914842841957,"localGP"
"12630",51,3,4,2,87.5181735479042,87.5181735479042,"Rough","Max. Reward Condition",20,"8",14,4,27,408,"Short",0.0903341460338743,0.831757535548589,NA,0.523914842841957,"localGP"
"12631",51,4,2,1,53.6211624173466,87.5181735479042,"Rough","Max. Reward Condition",20,"8",14,1,14,408,"Short",0.0903341460338743,0.831757535548589,NA,0.523914842841957,"localGP"
"12632",51,5,0,5,69.5175079321684,87.5181735479042,"Rough","Max. Reward Condition",20,"8",14,1,56,408,"Short",0.0903341460338743,0.831757535548589,NA,0.523914842841957,"localGP"
"12633",51,6,3,2,76.7507190028061,87.5181735479042,"Rough","Max. Reward Condition",20,"8",14,1,26,408,"Short",0.0903341460338743,0.831757535548589,NA,0.523914842841957,"localGP"
"12634",51,7,3,3,70.0835209190621,87.5181735479042,"Rough","Max. Reward Condition",20,"8",14,5,37,408,"Short",0.0903341460338743,0.831757535548589,NA,0.523914842841957,"localGP"
"12635",51,8,3,8,65.8667223880299,87.5181735479042,"Rough","Max. Reward Condition",20,"8",14,2,92,408,"Short",0.0903341460338743,0.831757535548589,NA,0.523914842841957,"localGP"
"12636",51,9,3,7,83.336671792531,87.5181735479042,"Rough","Max. Reward Condition",20,"8",14,1,81,408,"Short",0.0903341460338743,0.831757535548589,NA,0.523914842841957,"localGP"
"12637",51,10,4,7,79.6870668844462,87.5181735479042,"Rough","Max. Reward Condition",20,"8",14,9,82,408,"Short",0.0903341460338743,0.831757535548589,NA,0.523914842841957,"localGP"
"12638",51,11,4,8,61.073766397803,87.5181735479042,"Rough","Max. Reward Condition",20,"8",14,1,93,408,"Short",0.0903341460338743,0.831757535548589,NA,0.523914842841957,"localGP"
"12639",51,12,5,9,30.8764007888026,87.5181735479042,"Rough","Max. Reward Condition",20,"8",14,2,105,408,"Short",0.0903341460338743,0.831757535548589,NA,0.523914842841957,"localGP"
"12640",51,13,6,8,53.0492949372385,87.5181735479042,"Rough","Max. Reward Condition",20,"8",14,2,95,408,"Short",0.0903341460338743,0.831757535548589,NA,0.523914842841957,"localGP"
"12641",51,14,6,10,40.244981968157,87.5181735479042,"Rough","Max. Reward Condition",20,"8",14,2,117,408,"Short",0.0903341460338743,0.831757535548589,NA,0.523914842841957,"localGP"
"12642",51,15,5,3,53.3657371426027,87.5181735479042,"Rough","Max. Reward Condition",20,"8",14,1,39,408,"Short",0.0903341460338743,0.831757535548589,NA,0.523914842841957,"localGP"
"12643",51,16,4,3,65.3292450203886,87.5181735479042,"Rough","Max. Reward Condition",20,"8",14,7,38,408,"Short",0.0903341460338743,0.831757535548589,NA,0.523914842841957,"localGP"
"12644",51,17,8,2,41.7677475298492,87.5181735479042,"Rough","Max. Reward Condition",20,"8",14,4,31,408,"Short",0.0903341460338743,0.831757535548589,NA,0.523914842841957,"localGP"
"12645",51,18,8,1,32.7569952824828,87.5181735479042,"Rough","Max. Reward Condition",20,"8",14,2,20,408,"Short",0.0903341460338743,0.831757535548589,NA,0.523914842841957,"localGP"
"12646",51,19,7,1,25.1625322047614,87.5181735479042,"Rough","Max. Reward Condition",20,"8",14,1,19,408,"Short",0.0903341460338743,0.831757535548589,NA,0.523914842841957,"localGP"
"12647",51,20,7,10,53.2320602280266,87.5181735479042,"Rough","Max. Reward Condition",20,"8",14,1,118,408,"Short",0.0903341460338743,0.831757535548589,NA,0.523914842841957,"localGP"
"12648",51,21,8,9,77.111237702123,87.5181735479042,"Rough","Max. Reward Condition",20,"8",14,1,108,408,"Short",0.0903341460338743,0.831757535548589,NA,0.523914842841957,"localGP"
"12649",52,1,0,5,72.1267915674782,72.1267915674782,"Smooth","Max. Reward Condition",20,"1",8,NA,56,409,"Short",0.0942637202937038,0.764675634883438,NA,0.518954470420838,"localGP"
"12650",52,2,0,6,53.3749498153178,72.1267915674782,"Smooth","Max. Reward Condition",20,"1",8,1,67,409,"Short",0.0942637202937038,0.764675634883438,NA,0.518954470420838,"localGP"
"12651",52,3,1,10,55.500663546292,72.1267915674782,"Smooth","Max. Reward Condition",20,"1",8,1,112,409,"Short",0.0942637202937038,0.764675634883438,NA,0.518954470420838,"localGP"
"12652",52,4,2,10,80.310641709381,80.310641709381,"Smooth","Max. Reward Condition",20,"1",8,1,113,409,"Short",0.0942637202937038,0.764675634883438,NA,0.518954470420838,"localGP"
"12653",52,5,3,10,63.8923159509584,80.310641709381,"Smooth","Max. Reward Condition",20,"1",8,1,114,409,"Short",0.0942637202937038,0.764675634883438,NA,0.518954470420838,"localGP"
"12654",52,6,4,10,41.3626992316202,80.310641709381,"Smooth","Max. Reward Condition",20,"1",8,1,115,409,"Short",0.0942637202937038,0.764675634883438,NA,0.518954470420838,"localGP"
"12655",52,7,4,6,92.5612285235121,92.5612285235121,"Smooth","Max. Reward Condition",20,"1",8,2,71,409,"Short",0.0942637202937038,0.764675634883438,NA,0.518954470420838,"localGP"
"12656",52,8,4,7,87.7929185379322,92.5612285235121,"Smooth","Max. Reward Condition",20,"1",8,1,82,409,"Short",0.0942637202937038,0.764675634883438,NA,0.518954470420838,"localGP"
"12657",52,9,5,7,35.7264911415369,92.5612285235121,"Smooth","Max. Reward Condition",20,"1",8,2,83,409,"Short",0.0942637202937038,0.764675634883438,NA,0.518954470420838,"localGP"
"12658",52,10,4,7,87.7929185379322,92.5612285235121,"Smooth","Max. Reward Condition",20,"1",8,1,82,409,"Short",0.0942637202937038,0.764675634883438,NA,0.518954470420838,"localGP"
"12659",52,11,3,7,79.3800074226317,92.5612285235121,"Smooth","Max. Reward Condition",20,"1",8,1,81,409,"Short",0.0942637202937038,0.764675634883438,NA,0.518954470420838,"localGP"
"12660",52,12,2,7,48.3499832145675,92.5612285235121,"Smooth","Max. Reward Condition",20,"1",8,1,80,409,"Short",0.0942637202937038,0.764675634883438,NA,0.518954470420838,"localGP"
"12661",52,13,2,6,63.82023009432,92.5612285235121,"Smooth","Max. Reward Condition",20,"1",8,4,69,409,"Short",0.0942637202937038,0.764675634883438,NA,0.518954470420838,"localGP"
"12662",52,14,2,5,73.2302297303204,92.5612285235121,"Smooth","Max. Reward Condition",20,"1",8,1,58,409,"Short",0.0942637202937038,0.764675634883438,NA,0.518954470420838,"localGP"
"12663",52,15,1,5,69.9793335818367,92.5612285235121,"Smooth","Max. Reward Condition",20,"1",8,1,57,409,"Short",0.0942637202937038,0.764675634883438,NA,0.518954470420838,"localGP"
"12664",52,16,7,8,32.7481973120659,92.5612285235121,"Smooth","Max. Reward Condition",20,"1",8,1,96,409,"Short",0.0942637202937038,0.764675634883438,NA,0.518954470420838,"localGP"
"12665",52,17,1,4,55.5969206133783,92.5612285235121,"Smooth","Max. Reward Condition",20,"1",8,1,46,409,"Short",0.0942637202937038,0.764675634883438,NA,0.518954470420838,"localGP"
"12666",52,18,1,5,69.9793335818367,92.5612285235121,"Smooth","Max. Reward Condition",20,"1",8,1,57,409,"Short",0.0942637202937038,0.764675634883438,NA,0.518954470420838,"localGP"
"12667",52,19,6,8,52.2947513271063,92.5612285235121,"Smooth","Max. Reward Condition",20,"1",8,1,95,409,"Short",0.0942637202937038,0.764675634883438,NA,0.518954470420838,"localGP"
"12668",52,20,6,10,32.8333952900599,92.5612285235121,"Smooth","Max. Reward Condition",20,"1",8,1,117,409,"Short",0.0942637202937038,0.764675634883438,NA,0.518954470420838,"localGP"
"12669",52,21,3,2,5.15807402836249,92.5612285235121,"Smooth","Max. Reward Condition",20,"1",8,1,26,409,"Short",0.0942637202937038,0.764675634883438,NA,0.518954470420838,"localGP"
"12670",52,1,2,2,65.3400315275743,65.3400315275743,"Smooth","Max. Reward Condition",40,"2",0,NA,25,410,"Long",0.11421030648594,0.739588597170585,NA,0.556936157330233,"localGP"
"12671",52,2,10,5,1.48105880791409,65.3400315275743,"Smooth","Max. Reward Condition",40,"2",0,1,66,410,"Long",0.11421030648594,0.739588597170585,NA,0.556936157330233,"localGP"
"12672",52,3,10,6,47.7902004449391,65.3400315275743,"Smooth","Max. Reward Condition",40,"2",0,2,77,410,"Long",0.11421030648594,0.739588597170585,NA,0.556936157330233,"localGP"
"12673",52,4,10,8,76.6171334634599,76.6171334634599,"Smooth","Max. Reward Condition",40,"2",0,1,99,410,"Long",0.11421030648594,0.739588597170585,NA,0.556936157330233,"localGP"
"12674",52,5,2,1,57.0497014200341,76.6171334634599,"Smooth","Max. Reward Condition",40,"2",0,1,14,410,"Long",0.11421030648594,0.739588597170585,NA,0.556936157330233,"localGP"
"12675",52,6,2,6,50.7364669239803,76.6171334634599,"Smooth","Max. Reward Condition",40,"2",0,2,69,410,"Long",0.11421030648594,0.739588597170585,NA,0.556936157330233,"localGP"
"12676",52,7,9,9,79.2865457179187,79.2865457179187,"Smooth","Max. Reward Condition",40,"2",0,2,109,410,"Long",0.11421030648594,0.739588597170585,NA,0.556936157330233,"localGP"
"12677",52,8,9,8,92.8491332342499,92.8491332342499,"Smooth","Max. Reward Condition",40,"2",0,1,98,410,"Long",0.11421030648594,0.739588597170585,NA,0.556936157330233,"localGP"
"12678",52,9,8,8,88.0084195550964,92.8491332342499,"Smooth","Max. Reward Condition",40,"2",0,2,97,410,"Long",0.11421030648594,0.739588597170585,NA,0.556936157330233,"localGP"
"12679",52,10,7,8,55.9864237907349,92.8491332342499,"Smooth","Max. Reward Condition",40,"2",0,2,96,410,"Long",0.11421030648594,0.739588597170585,NA,0.556936157330233,"localGP"
"12680",52,11,6,9,38.5462096801416,92.8491332342499,"Smooth","Max. Reward Condition",40,"2",0,2,106,410,"Long",0.11421030648594,0.739588597170585,NA,0.556936157330233,"localGP"
"12681",52,12,10,9,53.0594493428652,92.8491332342499,"Smooth","Max. Reward Condition",40,"2",0,1,110,410,"Long",0.11421030648594,0.739588597170585,NA,0.556936157330233,"localGP"
"12682",52,13,3,3,58.6757331286265,92.8491332342499,"Smooth","Max. Reward Condition",40,"2",0,1,37,410,"Long",0.11421030648594,0.739588597170585,NA,0.556936157330233,"localGP"
"12683",52,14,3,2,44.1450806306014,92.8491332342499,"Smooth","Max. Reward Condition",40,"2",0,6,26,410,"Long",0.11421030648594,0.739588597170585,NA,0.556936157330233,"localGP"
"12684",52,15,10,2,46.7186953634037,92.8491332342499,"Smooth","Max. Reward Condition",40,"2",0,3,33,410,"Long",0.11421030648594,0.739588597170585,NA,0.556936157330233,"localGP"
"12685",52,16,0,8,68.7533579586689,92.8491332342499,"Smooth","Max. Reward Condition",40,"2",0,2,89,410,"Long",0.11421030648594,0.739588597170585,NA,0.556936157330233,"localGP"
"12686",52,17,0,7,100,100,"Smooth","Max. Reward Condition",40,"2",0,1,78,410,"Long",0.11421030648594,0.739588597170585,NA,0.556936157330233,"localGP"
"12687",52,18,4,6,4.57974265293169,100,"Smooth","Max. Reward Condition",40,"2",0,2,71,410,"Long",0.11421030648594,0.739588597170585,NA,0.556936157330233,"localGP"
"12688",52,19,5,1,27.9959182394562,100,"Smooth","Max. Reward Condition",40,"2",0,1,17,410,"Long",0.11421030648594,0.739588597170585,NA,0.556936157330233,"localGP"
"12689",52,20,5,2,21.0941848731246,100,"Smooth","Max. Reward Condition",40,"2",0,1,28,410,"Long",0.11421030648594,0.739588597170585,NA,0.556936157330233,"localGP"
"12690",52,21,6,2,14.151020308226,100,"Smooth","Max. Reward Condition",40,"2",0,1,29,410,"Long",0.11421030648594,0.739588597170585,NA,0.556936157330233,"localGP"
"12691",52,22,1,5,62.1319695197463,100,"Smooth","Max. Reward Condition",40,"2",0,1,57,410,"Long",0.11421030648594,0.739588597170585,NA,0.556936157330233,"localGP"
"12692",52,23,2,4,52.0374453788032,100,"Smooth","Max. Reward Condition",40,"2",0,1,47,410,"Long",0.11421030648594,0.739588597170585,NA,0.556936157330233,"localGP"
"12693",52,24,1,10,30.39108048243,100,"Smooth","Max. Reward Condition",40,"2",0,3,112,410,"Long",0.11421030648594,0.739588597170585,NA,0.556936157330233,"localGP"
"12694",52,25,0,9,31.7722689774849,100,"Smooth","Max. Reward Condition",40,"2",0,1,100,410,"Long",0.11421030648594,0.739588597170585,NA,0.556936157330233,"localGP"
"12695",52,26,9,4,26.0631617428535,100,"Smooth","Max. Reward Condition",40,"2",0,2,54,410,"Long",0.11421030648594,0.739588597170585,NA,0.556936157330233,"localGP"
"12696",52,27,5,4,41.9694329426613,100,"Smooth","Max. Reward Condition",40,"2",0,2,50,410,"Long",0.11421030648594,0.739588597170585,NA,0.556936157330233,"localGP"
"12697",52,28,1,4,70.1094548150881,100,"Smooth","Max. Reward Condition",40,"2",0,6,46,410,"Long",0.11421030648594,0.739588597170585,NA,0.556936157330233,"localGP"
"12698",52,29,0,2,53.4074849522853,100,"Smooth","Max. Reward Condition",40,"2",0,2,23,410,"Long",0.11421030648594,0.739588597170585,NA,0.556936157330233,"localGP"
"12699",52,30,0,3,67.8002087512036,100,"Smooth","Max. Reward Condition",40,"2",0,5,34,410,"Long",0.11421030648594,0.739588597170585,NA,0.556936157330233,"localGP"
"12700",52,31,8,10,35.964674339905,100,"Smooth","Max. Reward Condition",40,"2",0,4,119,410,"Long",0.11421030648594,0.739588597170585,NA,0.556936157330233,"localGP"
"12701",52,32,3,7,55.5467645036046,100,"Smooth","Max. Reward Condition",40,"2",0,1,81,410,"Long",0.11421030648594,0.739588597170585,NA,0.556936157330233,"localGP"
"12702",52,33,4,7,56.8581816389781,100,"Smooth","Max. Reward Condition",40,"2",0,1,82,410,"Long",0.11421030648594,0.739588597170585,NA,0.556936157330233,"localGP"
"12703",52,34,5,7,46.7426538325774,100,"Smooth","Max. Reward Condition",40,"2",0,3,83,410,"Long",0.11421030648594,0.739588597170585,NA,0.556936157330233,"localGP"
"12704",52,35,1,8,57.1437083477446,100,"Smooth","Max. Reward Condition",40,"2",0,2,90,410,"Long",0.11421030648594,0.739588597170585,NA,0.556936157330233,"localGP"
"12705",52,36,1,7,65.8282604254796,100,"Smooth","Max. Reward Condition",40,"2",0,1,79,410,"Long",0.11421030648594,0.739588597170585,NA,0.556936157330233,"localGP"
"12706",52,37,7,6,58.4137969202167,100,"Smooth","Max. Reward Condition",40,"2",0,3,74,410,"Long",0.11421030648594,0.739588597170585,NA,0.556936157330233,"localGP"
"12707",52,38,7,4,41.500031362003,100,"Smooth","Max. Reward Condition",40,"2",0,1,52,410,"Long",0.11421030648594,0.739588597170585,NA,0.556936157330233,"localGP"
"12708",52,39,9,6,52.7533090833761,100,"Smooth","Max. Reward Condition",40,"2",0,1,76,410,"Long",0.11421030648594,0.739588597170585,NA,0.556936157330233,"localGP"
"12709",52,40,8,6,65.2396135357156,100,"Smooth","Max. Reward Condition",40,"2",0,1,75,410,"Long",0.11421030648594,0.739588597170585,NA,0.556936157330233,"localGP"
"12710",52,41,2,0,73.189103748547,100,"Smooth","Max. Reward Condition",40,"2",0,2,3,410,"Long",0.11421030648594,0.739588597170585,NA,0.556936157330233,"localGP"
"12711",52,1,0,1,65.1431397571806,65.1431397571806,"Smooth","Max. Reward Condition",20,"3",2,NA,12,411,"Short",0.0898095261467841,0.670356628318123,NA,0.538019109555985,"localGP"
"12712",52,2,0,0,59.752754852951,65.1431397571806,"Smooth","Max. Reward Condition",20,"3",2,1,1,411,"Short",0.0898095261467841,0.670356628318123,NA,0.538019109555985,"localGP"
"12713",52,3,10,1,54.3733183659496,65.1431397571806,"Smooth","Max. Reward Condition",20,"3",2,1,22,411,"Short",0.0898095261467841,0.670356628318123,NA,0.538019109555985,"localGP"
"12714",52,4,10,2,42.6956940217487,65.1431397571806,"Smooth","Max. Reward Condition",20,"3",2,1,33,411,"Short",0.0898095261467841,0.670356628318123,NA,0.538019109555985,"localGP"
"12715",52,5,9,2,19.7845577092185,65.1431397571806,"Smooth","Max. Reward Condition",20,"3",2,1,32,411,"Short",0.0898095261467841,0.670356628318123,NA,0.538019109555985,"localGP"
"12716",52,6,10,6,72.5002768176028,72.5002768176028,"Smooth","Max. Reward Condition",20,"3",2,1,77,411,"Short",0.0898095261467841,0.670356628318123,NA,0.538019109555985,"localGP"
"12717",52,7,10,5,64.3703869882263,72.5002768176028,"Smooth","Max. Reward Condition",20,"3",2,1,66,411,"Short",0.0898095261467841,0.670356628318123,NA,0.538019109555985,"localGP"
"12718",52,8,9,5,74.2282844948157,74.2282844948157,"Smooth","Max. Reward Condition",20,"3",2,2,65,411,"Short",0.0898095261467841,0.670356628318123,NA,0.538019109555985,"localGP"
"12719",52,9,9,6,60.9966324493762,74.2282844948157,"Smooth","Max. Reward Condition",20,"3",2,1,76,411,"Short",0.0898095261467841,0.670356628318123,NA,0.538019109555985,"localGP"
"12720",52,10,8,7,27.4177147480502,74.2282844948157,"Smooth","Max. Reward Condition",20,"3",2,3,86,411,"Short",0.0898095261467841,0.670356628318123,NA,0.538019109555985,"localGP"
"12721",52,11,1,7,39.0259379253794,74.2282844948157,"Smooth","Max. Reward Condition",20,"3",2,4,79,411,"Short",0.0898095261467841,0.670356628318123,NA,0.538019109555985,"localGP"
"12722",52,12,1,6,25.7521416904729,74.2282844948157,"Smooth","Max. Reward Condition",20,"3",2,1,68,411,"Short",0.0898095261467841,0.670356628318123,NA,0.538019109555985,"localGP"
"12723",52,13,2,6,31.0882445544401,74.2282844948157,"Smooth","Max. Reward Condition",20,"3",2,1,69,411,"Short",0.0898095261467841,0.670356628318123,NA,0.538019109555985,"localGP"
"12724",52,14,3,8,78.6066779803956,78.6066779803956,"Smooth","Max. Reward Condition",20,"3",2,2,92,411,"Short",0.0898095261467841,0.670356628318123,NA,0.538019109555985,"localGP"
"12725",52,15,2,8,88.5776069712184,88.5776069712184,"Smooth","Max. Reward Condition",20,"3",2,2,91,411,"Short",0.0898095261467841,0.670356628318123,NA,0.538019109555985,"localGP"
"12726",52,16,2,9,94.3317374885778,94.3317374885778,"Smooth","Max. Reward Condition",20,"3",2,1,102,411,"Short",0.0898095261467841,0.670356628318123,NA,0.538019109555985,"localGP"
"12727",52,17,1,9,45.0686328655171,94.3317374885778,"Smooth","Max. Reward Condition",20,"3",2,2,101,411,"Short",0.0898095261467841,0.670356628318123,NA,0.538019109555985,"localGP"
"12728",52,18,0,9,29.897358776593,94.3317374885778,"Smooth","Max. Reward Condition",20,"3",2,2,100,411,"Short",0.0898095261467841,0.670356628318123,NA,0.538019109555985,"localGP"
"12729",52,19,9,7,24.6631121599105,94.3317374885778,"Smooth","Max. Reward Condition",20,"3",2,1,87,411,"Short",0.0898095261467841,0.670356628318123,NA,0.538019109555985,"localGP"
"12730",52,20,10,7,56.407307630686,94.3317374885778,"Smooth","Max. Reward Condition",20,"3",2,1,88,411,"Short",0.0898095261467841,0.670356628318123,NA,0.538019109555985,"localGP"
"12731",52,21,9,9,13.4815428060423,94.3317374885778,"Smooth","Max. Reward Condition",20,"3",2,1,109,411,"Short",0.0898095261467841,0.670356628318123,NA,0.538019109555985,"localGP"
"12732",52,1,6,7,34.4381373712981,34.4381373712981,"Smooth","Max. Reward Condition",40,"4",11,NA,84,412,"Long",0.0984033194410776,0.748158915653468,NA,0.514925437056408,"localGP"
"12733",52,2,9,5,4.84185863158433,34.4381373712981,"Smooth","Max. Reward Condition",40,"4",11,7,65,412,"Long",0.0984033194410776,0.748158915653468,NA,0.514925437056408,"localGP"
"12734",52,3,8,3,49.8615329660386,49.8615329660386,"Smooth","Max. Reward Condition",40,"4",11,1,42,412,"Long",0.0984033194410776,0.748158915653468,NA,0.514925437056408,"localGP"
"12735",52,4,8,2,27.9169058810438,49.8615329660386,"Smooth","Max. Reward Condition",40,"4",11,3,31,412,"Long",0.0984033194410776,0.748158915653468,NA,0.514925437056408,"localGP"
"12736",52,5,0,2,46.5877000271828,49.8615329660386,"Smooth","Max. Reward Condition",40,"4",11,4,23,412,"Long",0.0984033194410776,0.748158915653468,NA,0.514925437056408,"localGP"
"12737",52,6,7,0,40.544681620344,49.8615329660386,"Smooth","Max. Reward Condition",40,"4",11,1,8,412,"Long",0.0984033194410776,0.748158915653468,NA,0.514925437056408,"localGP"
"12738",52,7,3,5,0,49.8615329660386,"Smooth","Max. Reward Condition",40,"4",11,1,59,412,"Long",0.0984033194410776,0.748158915653468,NA,0.514925437056408,"localGP"
"12739",52,8,5,5,40.8445443747299,49.8615329660386,"Smooth","Max. Reward Condition",40,"4",11,2,61,412,"Long",0.0984033194410776,0.748158915653468,NA,0.514925437056408,"localGP"
"12740",52,9,6,5,71.4465704662512,71.4465704662512,"Smooth","Max. Reward Condition",40,"4",11,2,62,412,"Long",0.0984033194410776,0.748158915653468,NA,0.514925437056408,"localGP"
"12741",52,10,7,5,74.6263346102851,74.6263346102851,"Smooth","Max. Reward Condition",40,"4",11,1,63,412,"Long",0.0984033194410776,0.748158915653468,NA,0.514925437056408,"localGP"
"12742",52,11,7,6,78.20301873206,78.20301873206,"Smooth","Max. Reward Condition",40,"4",11,2,74,412,"Long",0.0984033194410776,0.748158915653468,NA,0.514925437056408,"localGP"
"12743",52,12,10,8,36.9684379010422,78.20301873206,"Smooth","Max. Reward Condition",40,"4",11,1,99,412,"Long",0.0984033194410776,0.748158915653468,NA,0.514925437056408,"localGP"
"12744",52,13,10,9,24.963535638827,78.20301873206,"Smooth","Max. Reward Condition",40,"4",11,2,110,412,"Long",0.0984033194410776,0.748158915653468,NA,0.514925437056408,"localGP"
"12745",52,14,7,6,78.20301873206,78.20301873206,"Smooth","Max. Reward Condition",40,"4",11,1,74,412,"Long",0.0984033194410776,0.748158915653468,NA,0.514925437056408,"localGP"
"12746",52,15,7,7,41.1147763409862,78.20301873206,"Smooth","Max. Reward Condition",40,"4",11,2,85,412,"Long",0.0984033194410776,0.748158915653468,NA,0.514925437056408,"localGP"
"12747",52,16,9,7,46.7520963310915,78.20301873206,"Smooth","Max. Reward Condition",40,"4",11,2,87,412,"Long",0.0984033194410776,0.748158915653468,NA,0.514925437056408,"localGP"
"12748",52,17,8,7,44.4895686177393,78.20301873206,"Smooth","Max. Reward Condition",40,"4",11,1,86,412,"Long",0.0984033194410776,0.748158915653468,NA,0.514925437056408,"localGP"
"12749",52,18,7,8,32.5498412116833,78.20301873206,"Smooth","Max. Reward Condition",40,"4",11,1,96,412,"Long",0.0984033194410776,0.748158915653468,NA,0.514925437056408,"localGP"
"12750",52,19,6,9,46.6920205360619,78.20301873206,"Smooth","Max. Reward Condition",40,"4",11,2,106,412,"Long",0.0984033194410776,0.748158915653468,NA,0.514925437056408,"localGP"
"12751",52,20,5,9,67.3684283417963,78.20301873206,"Smooth","Max. Reward Condition",40,"4",11,1,105,412,"Long",0.0984033194410776,0.748158915653468,NA,0.514925437056408,"localGP"
"12752",52,21,5,8,54.8387102771574,78.20301873206,"Smooth","Max. Reward Condition",40,"4",11,2,94,412,"Long",0.0984033194410776,0.748158915653468,NA,0.514925437056408,"localGP"
"12753",52,22,3,3,18.93685736026,78.20301873206,"Smooth","Max. Reward Condition",40,"4",11,1,37,412,"Long",0.0984033194410776,0.748158915653468,NA,0.514925437056408,"localGP"
"12754",52,23,2,5,2.60066814407864,78.20301873206,"Smooth","Max. Reward Condition",40,"4",11,4,58,412,"Long",0.0984033194410776,0.748158915653468,NA,0.514925437056408,"localGP"
"12755",52,24,1,9,30.7743395295189,78.20301873206,"Smooth","Max. Reward Condition",40,"4",11,1,101,412,"Long",0.0984033194410776,0.748158915653468,NA,0.514925437056408,"localGP"
"12756",52,25,4,9,78.163385341713,78.20301873206,"Smooth","Max. Reward Condition",40,"4",11,2,104,412,"Long",0.0984033194410776,0.748158915653468,NA,0.514925437056408,"localGP"
"12757",52,26,4,9,78.163385341713,78.20301873206,"Smooth","Max. Reward Condition",40,"4",11,1,104,412,"Long",0.0984033194410776,0.748158915653468,NA,0.514925437056408,"localGP"
"12758",52,27,3,9,46.9814894388447,78.20301873206,"Smooth","Max. Reward Condition",40,"4",11,6,103,412,"Long",0.0984033194410776,0.748158915653468,NA,0.514925437056408,"localGP"
"12759",52,28,3,7,59.6140621219219,78.20301873206,"Smooth","Max. Reward Condition",40,"4",11,5,81,412,"Long",0.0984033194410776,0.748158915653468,NA,0.514925437056408,"localGP"
"12760",52,29,2,7,55.5981513858235,78.20301873206,"Smooth","Max. Reward Condition",40,"4",11,8,80,412,"Long",0.0984033194410776,0.748158915653468,NA,0.514925437056408,"localGP"
"12761",52,30,1,7,66.3320145159087,78.20301873206,"Smooth","Max. Reward Condition",40,"4",11,3,79,412,"Long",0.0984033194410776,0.748158915653468,NA,0.514925437056408,"localGP"
"12762",52,31,0,7,87.1881878039336,87.1881878039336,"Smooth","Max. Reward Condition",40,"4",11,4,78,412,"Long",0.0984033194410776,0.748158915653468,NA,0.514925437056408,"localGP"
"12763",52,32,1,2,66.3313254646448,87.1881878039336,"Smooth","Max. Reward Condition",40,"4",11,2,24,412,"Long",0.0984033194410776,0.748158915653468,NA,0.514925437056408,"localGP"
"12764",52,33,1,3,57.3052531096848,87.1881878039336,"Smooth","Max. Reward Condition",40,"4",11,1,35,412,"Long",0.0984033194410776,0.748158915653468,NA,0.514925437056408,"localGP"
"12765",52,34,0,3,52.5672318356315,87.1881878039336,"Smooth","Max. Reward Condition",40,"4",11,12,34,412,"Long",0.0984033194410776,0.748158915653468,NA,0.514925437056408,"localGP"
"12766",52,35,0,5,32.447397425839,87.1881878039336,"Smooth","Max. Reward Condition",40,"4",11,11,56,412,"Long",0.0984033194410776,0.748158915653468,NA,0.514925437056408,"localGP"
"12767",52,36,0,7,87.1881878039336,87.1881878039336,"Smooth","Max. Reward Condition",40,"4",11,5,78,412,"Long",0.0984033194410776,0.748158915653468,NA,0.514925437056408,"localGP"
"12768",52,37,0,7,87.1881878039336,87.1881878039336,"Smooth","Max. Reward Condition",40,"4",11,1,78,412,"Long",0.0984033194410776,0.748158915653468,NA,0.514925437056408,"localGP"
"12769",52,38,0,8,67.5757211779263,87.1881878039336,"Smooth","Max. Reward Condition",40,"4",11,6,89,412,"Long",0.0984033194410776,0.748158915653468,NA,0.514925437056408,"localGP"
"12770",52,39,8,10,41.6884701008907,87.1881878039336,"Smooth","Max. Reward Condition",40,"4",11,1,119,412,"Long",0.0984033194410776,0.748158915653468,NA,0.514925437056408,"localGP"
"12771",52,40,1,10,22.1436361165022,87.1881878039336,"Smooth","Max. Reward Condition",40,"4",11,1,112,412,"Long",0.0984033194410776,0.748158915653468,NA,0.514925437056408,"localGP"
"12772",52,41,9,0,14.1036247824297,87.1881878039336,"Smooth","Max. Reward Condition",40,"4",11,3,10,412,"Long",0.0984033194410776,0.748158915653468,NA,0.514925437056408,"localGP"
"12773",52,1,1,10,69.8575262469171,69.8575262469171,"Smooth","Max. Reward Condition",20,"5",15,NA,112,413,"Short",0.10527983855359,0.683230362403326,NA,0.633792768111998,"localGP"
"12774",52,2,2,10,36.5421304439871,69.8575262469171,"Smooth","Max. Reward Condition",20,"5",15,9,113,413,"Short",0.10527983855359,0.683230362403326,NA,0.633792768111998,"localGP"
"12775",52,3,3,10,42.3400534005875,69.8575262469171,"Smooth","Max. Reward Condition",20,"5",15,7,114,413,"Short",0.10527983855359,0.683230362403326,NA,0.633792768111998,"localGP"
"12776",52,4,4,10,83.5723455325822,83.5723455325822,"Smooth","Max. Reward Condition",20,"5",15,3,115,413,"Short",0.10527983855359,0.683230362403326,NA,0.633792768111998,"localGP"
"12777",52,5,5,10,83.4515170389364,83.5723455325822,"Smooth","Max. Reward Condition",20,"5",15,1,116,413,"Short",0.10527983855359,0.683230362403326,NA,0.633792768111998,"localGP"
"12778",52,6,5,9,47.9731744721056,83.5723455325822,"Smooth","Max. Reward Condition",20,"5",15,1,105,413,"Short",0.10527983855359,0.683230362403326,NA,0.633792768111998,"localGP"
"12779",52,7,4,9,44.2682340241461,83.5723455325822,"Smooth","Max. Reward Condition",20,"5",15,2,104,413,"Short",0.10527983855359,0.683230362403326,NA,0.633792768111998,"localGP"
"12780",52,8,0,9,24.6902821477312,83.5723455325822,"Smooth","Max. Reward Condition",20,"5",15,1,100,413,"Short",0.10527983855359,0.683230362403326,NA,0.633792768111998,"localGP"
"12781",52,9,1,9,59.498137940736,83.5723455325822,"Smooth","Max. Reward Condition",20,"5",15,2,101,413,"Short",0.10527983855359,0.683230362403326,NA,0.633792768111998,"localGP"
"12782",52,10,1,7,64.4115911025455,83.5723455325822,"Smooth","Max. Reward Condition",20,"5",15,1,79,413,"Short",0.10527983855359,0.683230362403326,NA,0.633792768111998,"localGP"
"12783",52,11,0,7,33.8332215321882,83.5723455325822,"Smooth","Max. Reward Condition",20,"5",15,3,78,413,"Short",0.10527983855359,0.683230362403326,NA,0.633792768111998,"localGP"
"12784",52,12,10,9,61.3102358777366,83.5723455325822,"Smooth","Max. Reward Condition",20,"5",15,1,110,413,"Short",0.10527983855359,0.683230362403326,NA,0.633792768111998,"localGP"
"12785",52,13,8,9,59.3788752580905,83.5723455325822,"Smooth","Max. Reward Condition",20,"5",15,1,108,413,"Short",0.10527983855359,0.683230362403326,NA,0.633792768111998,"localGP"
"12786",52,14,4,4,91.6833131282772,91.6833131282772,"Smooth","Max. Reward Condition",20,"5",15,1,49,413,"Short",0.10527983855359,0.683230362403326,NA,0.633792768111998,"localGP"
"12787",52,15,4,3,81.4050752772215,91.6833131282772,"Smooth","Max. Reward Condition",20,"5",15,3,38,413,"Short",0.10527983855359,0.683230362403326,NA,0.633792768111998,"localGP"
"12788",52,16,4,2,50.1084005844682,91.6833131282772,"Smooth","Max. Reward Condition",20,"5",15,1,27,413,"Short",0.10527983855359,0.683230362403326,NA,0.633792768111998,"localGP"
"12789",52,17,4,1,33.8608437670612,91.6833131282772,"Smooth","Max. Reward Condition",20,"5",15,1,16,413,"Short",0.10527983855359,0.683230362403326,NA,0.633792768111998,"localGP"
"12790",52,18,4,0,68.1149801380177,91.6833131282772,"Smooth","Max. Reward Condition",20,"5",15,4,5,413,"Short",0.10527983855359,0.683230362403326,NA,0.633792768111998,"localGP"
"12791",52,19,3,0,54.228682490005,91.6833131282772,"Smooth","Max. Reward Condition",20,"5",15,1,4,413,"Short",0.10527983855359,0.683230362403326,NA,0.633792768111998,"localGP"
"12792",52,20,3,1,45.7237040394925,91.6833131282772,"Smooth","Max. Reward Condition",20,"5",15,2,15,413,"Short",0.10527983855359,0.683230362403326,NA,0.633792768111998,"localGP"
"12793",52,21,3,2,46.0666798716987,91.6833131282772,"Smooth","Max. Reward Condition",20,"5",15,1,26,413,"Short",0.10527983855359,0.683230362403326,NA,0.633792768111998,"localGP"
"12794",52,1,0,2,64.4409661109689,64.4409661109689,"Smooth","Max. Reward Condition",40,"6",4,NA,23,414,"Long",0.113472549690252,0.704391380869525,NA,0.563167266955938,"localGP"
"12795",52,2,0,1,65.3456129286578,65.3456129286578,"Smooth","Max. Reward Condition",40,"6",4,8,12,414,"Long",0.113472549690252,0.704391380869525,NA,0.563167266955938,"localGP"
"12796",52,3,0,0,43.5642695283009,65.3456129286578,"Smooth","Max. Reward Condition",40,"6",4,8,1,414,"Long",0.113472549690252,0.704391380869525,NA,0.563167266955938,"localGP"
"12797",52,4,2,0,60.1885036644996,65.3456129286578,"Smooth","Max. Reward Condition",40,"6",4,1,3,414,"Long",0.113472549690252,0.704391380869525,NA,0.563167266955938,"localGP"
"12798",52,5,5,2,88.4170710697694,88.4170710697694,"Smooth","Max. Reward Condition",40,"6",4,2,28,414,"Long",0.113472549690252,0.704391380869525,NA,0.563167266955938,"localGP"
"12799",52,6,2,2,35.4180456791571,88.4170710697694,"Smooth","Max. Reward Condition",40,"6",4,1,25,414,"Long",0.113472549690252,0.704391380869525,NA,0.563167266955938,"localGP"
"12800",52,7,2,3,28.2357872462132,88.4170710697694,"Smooth","Max. Reward Condition",40,"6",4,1,36,414,"Long",0.113472549690252,0.704391380869525,NA,0.563167266955938,"localGP"
"12801",52,8,4,2,100,100,"Smooth","Max. Reward Condition",40,"6",4,1,27,414,"Long",0.113472549690252,0.704391380869525,NA,0.563167266955938,"localGP"
"12802",52,9,4,4,49.5091600763757,100,"Smooth","Max. Reward Condition",40,"6",4,1,49,414,"Long",0.113472549690252,0.704391380869525,NA,0.563167266955938,"localGP"
"12803",52,10,4,3,94.794324286051,100,"Smooth","Max. Reward Condition",40,"6",4,2,38,414,"Long",0.113472549690252,0.704391380869525,NA,0.563167266955938,"localGP"
"12804",52,11,5,3,80.7551191777029,100,"Smooth","Max. Reward Condition",40,"6",4,1,39,414,"Long",0.113472549690252,0.704391380869525,NA,0.563167266955938,"localGP"
"12805",52,12,5,2,88.4170710697694,100,"Smooth","Max. Reward Condition",40,"6",4,1,28,414,"Long",0.113472549690252,0.704391380869525,NA,0.563167266955938,"localGP"
"12806",52,13,6,0,33.2351530302692,100,"Smooth","Max. Reward Condition",40,"6",4,3,7,414,"Long",0.113472549690252,0.704391380869525,NA,0.563167266955938,"localGP"
"12807",52,14,8,0,39.2746651521329,100,"Smooth","Max. Reward Condition",40,"6",4,7,9,414,"Long",0.113472549690252,0.704391380869525,NA,0.563167266955938,"localGP"
"12808",52,15,6,1,31.833699427692,100,"Smooth","Max. Reward Condition",40,"6",4,5,18,414,"Long",0.113472549690252,0.704391380869525,NA,0.563167266955938,"localGP"
"12809",52,16,2,1,51.6085825276977,100,"Smooth","Max. Reward Condition",40,"6",4,4,14,414,"Long",0.113472549690252,0.704391380869525,NA,0.563167266955938,"localGP"
"12810",52,17,3,8,66.9283199969529,100,"Smooth","Max. Reward Condition",40,"6",4,1,92,414,"Long",0.113472549690252,0.704391380869525,NA,0.563167266955938,"localGP"
"12811",52,18,5,2,88.4170710697694,100,"Smooth","Max. Reward Condition",40,"6",4,1,28,414,"Long",0.113472549690252,0.704391380869525,NA,0.563167266955938,"localGP"
"12812",52,19,5,1,45.7416086837136,100,"Smooth","Max. Reward Condition",40,"6",4,8,17,414,"Long",0.113472549690252,0.704391380869525,NA,0.563167266955938,"localGP"
"12813",52,20,4,1,36.6948932499117,100,"Smooth","Max. Reward Condition",40,"6",4,7,16,414,"Long",0.113472549690252,0.704391380869525,NA,0.563167266955938,"localGP"
"12814",52,21,4,2,100,100,"Smooth","Max. Reward Condition",40,"6",4,1,27,414,"Long",0.113472549690252,0.704391380869525,NA,0.563167266955938,"localGP"
"12815",52,22,4,2,100,100,"Smooth","Max. Reward Condition",40,"6",4,1,27,414,"Long",0.113472549690252,0.704391380869525,NA,0.563167266955938,"localGP"
"12816",52,23,4,3,94.794324286051,100,"Smooth","Max. Reward Condition",40,"6",4,1,38,414,"Long",0.113472549690252,0.704391380869525,NA,0.563167266955938,"localGP"
"12817",52,24,3,3,61.9515693449088,100,"Smooth","Max. Reward Condition",40,"6",4,4,37,414,"Long",0.113472549690252,0.704391380869525,NA,0.563167266955938,"localGP"
"12818",52,25,3,2,48.6711536627271,100,"Smooth","Max. Reward Condition",40,"6",4,1,26,414,"Long",0.113472549690252,0.704391380869525,NA,0.563167266955938,"localGP"
"12819",52,26,4,5,36.1447579478145,100,"Smooth","Max. Reward Condition",40,"6",4,1,60,414,"Long",0.113472549690252,0.704391380869525,NA,0.563167266955938,"localGP"
"12820",52,27,1,4,31.2670409305907,100,"Smooth","Max. Reward Condition",40,"6",4,2,46,414,"Long",0.113472549690252,0.704391380869525,NA,0.563167266955938,"localGP"
"12821",52,28,10,4,26.9255221357028,100,"Smooth","Max. Reward Condition",40,"6",4,1,55,414,"Long",0.113472549690252,0.704391380869525,NA,0.563167266955938,"localGP"
"12822",52,29,9,5,68.6489850017742,100,"Smooth","Max. Reward Condition",40,"6",4,1,65,414,"Long",0.113472549690252,0.704391380869525,NA,0.563167266955938,"localGP"
"12823",52,30,9,6,37.8754043106106,100,"Smooth","Max. Reward Condition",40,"6",4,1,76,414,"Long",0.113472549690252,0.704391380869525,NA,0.563167266955938,"localGP"
"12824",52,31,6,3,49.7582235748205,100,"Smooth","Max. Reward Condition",40,"6",4,3,40,414,"Long",0.113472549690252,0.704391380869525,NA,0.563167266955938,"localGP"
"12825",52,32,7,4,41.2492240825344,100,"Smooth","Max. Reward Condition",40,"6",4,1,52,414,"Long",0.113472549690252,0.704391380869525,NA,0.563167266955938,"localGP"
"12826",52,33,0,5,22.8294473469867,100,"Smooth","Max. Reward Condition",40,"6",4,2,56,414,"Long",0.113472549690252,0.704391380869525,NA,0.563167266955938,"localGP"
"12827",52,34,3,8,66.9283199969529,100,"Smooth","Max. Reward Condition",40,"6",4,1,92,414,"Long",0.113472549690252,0.704391380869525,NA,0.563167266955938,"localGP"
"12828",52,35,9,9,55.0944127232389,100,"Smooth","Max. Reward Condition",40,"6",4,1,109,414,"Long",0.113472549690252,0.704391380869525,NA,0.563167266955938,"localGP"
"12829",52,36,5,3,80.7551191777029,100,"Smooth","Max. Reward Condition",40,"6",4,1,39,414,"Long",0.113472549690252,0.704391380869525,NA,0.563167266955938,"localGP"
"12830",52,37,10,2,51.2894760836585,100,"Smooth","Max. Reward Condition",40,"6",4,3,33,414,"Long",0.113472549690252,0.704391380869525,NA,0.563167266955938,"localGP"
"12831",52,38,9,2,58.1650037764681,100,"Smooth","Max. Reward Condition",40,"6",4,1,32,414,"Long",0.113472549690252,0.704391380869525,NA,0.563167266955938,"localGP"
"12832",52,39,8,5,68.1580149592583,100,"Smooth","Max. Reward Condition",40,"6",4,2,64,414,"Long",0.113472549690252,0.704391380869525,NA,0.563167266955938,"localGP"
"12833",52,40,8,6,34.6398496168061,100,"Smooth","Max. Reward Condition",40,"6",4,5,75,414,"Long",0.113472549690252,0.704391380869525,NA,0.563167266955938,"localGP"
"12834",52,41,0,10,18.0477374151467,100,"Smooth","Max. Reward Condition",40,"6",4,4,111,414,"Long",0.113472549690252,0.704391380869525,NA,0.563167266955938,"localGP"
"12835",52,1,10,1,42.9509969441746,42.9509969441746,"Smooth","Max. Reward Condition",20,"7",9,NA,22,415,"Short",0.0947992924006417,0.691363005785183,NA,0.606892282778992,"localGP"
"12836",52,2,10,0,73.1299582594774,73.1299582594774,"Smooth","Max. Reward Condition",20,"7",9,9,11,415,"Short",0.0947992924006417,0.691363005785183,NA,0.606892282778992,"localGP"
"12837",52,3,9,0,18.5206183987232,73.1299582594774,"Smooth","Max. Reward Condition",20,"7",9,6,10,415,"Short",0.0947992924006417,0.691363005785183,NA,0.606892282778992,"localGP"
"12838",52,4,5,5,60.2282366593648,73.1299582594774,"Smooth","Max. Reward Condition",20,"7",9,1,61,415,"Short",0.0947992924006417,0.691363005785183,NA,0.606892282778992,"localGP"
"12839",52,5,5,4,31.7569987981429,73.1299582594774,"Smooth","Max. Reward Condition",20,"7",9,1,50,415,"Short",0.0947992924006417,0.691363005785183,NA,0.606892282778992,"localGP"
"12840",52,6,0,4,52.8064485464723,73.1299582594774,"Smooth","Max. Reward Condition",20,"7",9,1,45,415,"Short",0.0947992924006417,0.691363005785183,NA,0.606892282778992,"localGP"
"12841",52,7,0,3,20.3156192085015,73.1299582594774,"Smooth","Max. Reward Condition",20,"7",9,1,34,415,"Short",0.0947992924006417,0.691363005785183,NA,0.606892282778992,"localGP"
"12842",52,8,6,6,30.335879587278,73.1299582594774,"Smooth","Max. Reward Condition",20,"7",9,1,73,415,"Short",0.0947992924006417,0.691363005785183,NA,0.606892282778992,"localGP"
"12843",52,9,6,5,36.7517013773069,73.1299582594774,"Smooth","Max. Reward Condition",20,"7",9,1,62,415,"Short",0.0947992924006417,0.691363005785183,NA,0.606892282778992,"localGP"
"12844",52,10,6,3,42.903174760405,73.1299582594774,"Smooth","Max. Reward Condition",20,"7",9,1,40,415,"Short",0.0947992924006417,0.691363005785183,NA,0.606892282778992,"localGP"
"12845",52,11,7,3,18.1076390436013,73.1299582594774,"Smooth","Max. Reward Condition",20,"7",9,1,41,415,"Short",0.0947992924006417,0.691363005785183,NA,0.606892282778992,"localGP"
"12846",52,12,7,2,45.3020225853978,73.1299582594774,"Smooth","Max. Reward Condition",20,"7",9,1,30,415,"Short",0.0947992924006417,0.691363005785183,NA,0.606892282778992,"localGP"
"12847",52,13,7,1,45.4129619985676,73.1299582594774,"Smooth","Max. Reward Condition",20,"7",9,5,19,415,"Short",0.0947992924006417,0.691363005785183,NA,0.606892282778992,"localGP"
"12848",52,14,6,1,54.5470744987009,73.1299582594774,"Smooth","Max. Reward Condition",20,"7",9,3,18,415,"Short",0.0947992924006417,0.691363005785183,NA,0.606892282778992,"localGP"
"12849",52,15,6,2,57.8143678139961,73.1299582594774,"Smooth","Max. Reward Condition",20,"7",9,1,29,415,"Short",0.0947992924006417,0.691363005785183,NA,0.606892282778992,"localGP"
"12850",52,16,7,6,18.3179262510229,73.1299582594774,"Smooth","Max. Reward Condition",20,"7",9,2,74,415,"Short",0.0947992924006417,0.691363005785183,NA,0.606892282778992,"localGP"
"12851",52,17,3,7,43.3114026076978,73.1299582594774,"Smooth","Max. Reward Condition",20,"7",9,3,81,415,"Short",0.0947992924006417,0.691363005785183,NA,0.606892282778992,"localGP"
"12852",52,18,5,7,31.1556847928287,73.1299582594774,"Smooth","Max. Reward Condition",20,"7",9,2,83,415,"Short",0.0947992924006417,0.691363005785183,NA,0.606892282778992,"localGP"
"12853",52,19,1,2,36.7054218908071,73.1299582594774,"Smooth","Max. Reward Condition",20,"7",9,4,24,415,"Short",0.0947992924006417,0.691363005785183,NA,0.606892282778992,"localGP"
"12854",52,20,1,1,49.8229804022981,73.1299582594774,"Smooth","Max. Reward Condition",20,"7",9,7,13,415,"Short",0.0947992924006417,0.691363005785183,NA,0.606892282778992,"localGP"
"12855",52,21,2,1,14.59231424238,73.1299582594774,"Smooth","Max. Reward Condition",20,"7",9,1,14,415,"Short",0.0947992924006417,0.691363005785183,NA,0.606892282778992,"localGP"
"12856",52,1,2,10,25.2569128061938,25.2569128061938,"Smooth","Max. Reward Condition",40,"8",18,NA,113,416,"Long",0.097514497831005,0.74636632589352,NA,0.524400744005636,"localGP"
"12857",52,2,2,9,54.5359599883725,54.5359599883725,"Smooth","Max. Reward Condition",40,"8",18,11,102,416,"Long",0.097514497831005,0.74636632589352,NA,0.524400744005636,"localGP"
"12858",52,3,2,8,43.6561164584679,54.5359599883725,"Smooth","Max. Reward Condition",40,"8",18,5,91,416,"Long",0.097514497831005,0.74636632589352,NA,0.524400744005636,"localGP"
"12859",52,4,0,7,18.2389240639338,54.5359599883725,"Smooth","Max. Reward Condition",40,"8",18,1,78,416,"Long",0.097514497831005,0.74636632589352,NA,0.524400744005636,"localGP"
"12860",52,5,0,8,40.1557616499508,54.5359599883725,"Smooth","Max. Reward Condition",40,"8",18,1,89,416,"Long",0.097514497831005,0.74636632589352,NA,0.524400744005636,"localGP"
"12861",52,6,10,4,53.5685725301176,54.5359599883725,"Smooth","Max. Reward Condition",40,"8",18,1,55,416,"Long",0.097514497831005,0.74636632589352,NA,0.524400744005636,"localGP"
"12862",52,7,10,5,37.8302996702739,54.5359599883725,"Smooth","Max. Reward Condition",40,"8",18,2,66,416,"Long",0.097514497831005,0.74636632589352,NA,0.524400744005636,"localGP"
"12863",52,8,9,6,46.7105802523154,54.5359599883725,"Smooth","Max. Reward Condition",40,"8",18,1,76,416,"Long",0.097514497831005,0.74636632589352,NA,0.524400744005636,"localGP"
"12864",52,9,8,6,52.3875490141336,54.5359599883725,"Smooth","Max. Reward Condition",40,"8",18,2,75,416,"Long",0.097514497831005,0.74636632589352,NA,0.524400744005636,"localGP"
"12865",52,10,7,6,35.0970793586,54.5359599883725,"Smooth","Max. Reward Condition",40,"8",18,1,74,416,"Long",0.097514497831005,0.74636632589352,NA,0.524400744005636,"localGP"
"12866",52,11,9,7,72.9623547713888,72.9623547713888,"Smooth","Max. Reward Condition",40,"8",18,4,87,416,"Long",0.097514497831005,0.74636632589352,NA,0.524400744005636,"localGP"
"12867",52,12,9,8,80.6519418863633,80.6519418863633,"Smooth","Max. Reward Condition",40,"8",18,2,98,416,"Long",0.097514497831005,0.74636632589352,NA,0.524400744005636,"localGP"
"12868",52,13,9,9,61.1848749174221,80.6519418863633,"Smooth","Max. Reward Condition",40,"8",18,3,109,416,"Long",0.097514497831005,0.74636632589352,NA,0.524400744005636,"localGP"
"12869",52,14,8,9,44.1981806048447,80.6519418863633,"Smooth","Max. Reward Condition",40,"8",18,2,108,416,"Long",0.097514497831005,0.74636632589352,NA,0.524400744005636,"localGP"
"12870",52,15,8,8,58.8343770395875,80.6519418863633,"Smooth","Max. Reward Condition",40,"8",18,4,97,416,"Long",0.097514497831005,0.74636632589352,NA,0.524400744005636,"localGP"
"12871",52,16,6,7,45.7922377623339,80.6519418863633,"Smooth","Max. Reward Condition",40,"8",18,1,84,416,"Long",0.097514497831005,0.74636632589352,NA,0.524400744005636,"localGP"
"12872",52,17,5,7,60.8656482156471,80.6519418863633,"Smooth","Max. Reward Condition",40,"8",18,2,83,416,"Long",0.097514497831005,0.74636632589352,NA,0.524400744005636,"localGP"
"12873",52,18,8,10,43.0920417226209,80.6519418863633,"Smooth","Max. Reward Condition",40,"8",18,2,119,416,"Long",0.097514497831005,0.74636632589352,NA,0.524400744005636,"localGP"
"12874",52,19,9,10,51.7164759770516,80.6519418863633,"Smooth","Max. Reward Condition",40,"8",18,3,120,416,"Long",0.097514497831005,0.74636632589352,NA,0.524400744005636,"localGP"
"12875",52,20,10,3,47.7289893692748,80.6519418863633,"Smooth","Max. Reward Condition",40,"8",18,2,44,416,"Long",0.097514497831005,0.74636632589352,NA,0.524400744005636,"localGP"
"12876",52,21,10,5,37.8302996702739,80.6519418863633,"Smooth","Max. Reward Condition",40,"8",18,4,66,416,"Long",0.097514497831005,0.74636632589352,NA,0.524400744005636,"localGP"
"12877",52,22,3,10,32.5695318981662,80.6519418863633,"Smooth","Max. Reward Condition",40,"8",18,3,114,416,"Long",0.097514497831005,0.74636632589352,NA,0.524400744005636,"localGP"
"12878",52,23,4,10,41.5348285805763,80.6519418863633,"Smooth","Max. Reward Condition",40,"8",18,7,115,416,"Long",0.097514497831005,0.74636632589352,NA,0.524400744005636,"localGP"
"12879",52,24,6,10,34.4746445894491,80.6519418863633,"Smooth","Max. Reward Condition",40,"8",18,1,117,416,"Long",0.097514497831005,0.74636632589352,NA,0.524400744005636,"localGP"
"12880",52,25,1,0,52.4795285472342,80.6519418863633,"Smooth","Max. Reward Condition",40,"8",18,2,2,416,"Long",0.097514497831005,0.74636632589352,NA,0.524400744005636,"localGP"
"12881",52,26,0,0,58.6812427635904,80.6519418863633,"Smooth","Max. Reward Condition",40,"8",18,1,1,416,"Long",0.097514497831005,0.74636632589352,NA,0.524400744005636,"localGP"
"12882",52,27,0,1,37.2422418931396,80.6519418863633,"Smooth","Max. Reward Condition",40,"8",18,1,12,416,"Long",0.097514497831005,0.74636632589352,NA,0.524400744005636,"localGP"
"12883",52,28,6,1,34.7009695996788,80.6519418863633,"Smooth","Max. Reward Condition",40,"8",18,17,18,416,"Long",0.097514497831005,0.74636632589352,NA,0.524400744005636,"localGP"
"12884",52,29,2,7,5.78700600623116,80.6519418863633,"Smooth","Max. Reward Condition",40,"8",18,4,80,416,"Long",0.097514497831005,0.74636632589352,NA,0.524400744005636,"localGP"
"12885",52,30,2,6,9.85315561544602,80.6519418863633,"Smooth","Max. Reward Condition",40,"8",18,6,69,416,"Long",0.097514497831005,0.74636632589352,NA,0.524400744005636,"localGP"
"12886",52,31,6,4,24.0248838436953,80.6519418863633,"Smooth","Max. Reward Condition",40,"8",18,1,51,416,"Long",0.097514497831005,0.74636632589352,NA,0.524400744005636,"localGP"
"12887",52,32,3,4,56.8504124991032,80.6519418863633,"Smooth","Max. Reward Condition",40,"8",18,2,48,416,"Long",0.097514497831005,0.74636632589352,NA,0.524400744005636,"localGP"
"12888",52,33,3,3,53.9768384538052,80.6519418863633,"Smooth","Max. Reward Condition",40,"8",18,2,37,416,"Long",0.097514497831005,0.74636632589352,NA,0.524400744005636,"localGP"
"12889",52,34,2,2,100,100,"Smooth","Max. Reward Condition",40,"8",18,8,25,416,"Long",0.097514497831005,0.74636632589352,NA,0.524400744005636,"localGP"
"12890",52,35,1,2,56.0034935119072,100,"Smooth","Max. Reward Condition",40,"8",18,4,24,416,"Long",0.097514497831005,0.74636632589352,NA,0.524400744005636,"localGP"
"12891",52,36,4,6,56.6641694320835,100,"Smooth","Max. Reward Condition",40,"8",18,11,71,416,"Long",0.097514497831005,0.74636632589352,NA,0.524400744005636,"localGP"
"12892",52,37,5,6,67.4717782812046,100,"Smooth","Max. Reward Condition",40,"8",18,4,72,416,"Long",0.097514497831005,0.74636632589352,NA,0.524400744005636,"localGP"
"12893",52,38,3,4,56.8504124991032,100,"Smooth","Max. Reward Condition",40,"8",18,1,48,416,"Long",0.097514497831005,0.74636632589352,NA,0.524400744005636,"localGP"
"12894",52,39,4,3,63.7013527592454,100,"Smooth","Max. Reward Condition",40,"8",18,4,38,416,"Long",0.097514497831005,0.74636632589352,NA,0.524400744005636,"localGP"
"12895",52,40,4,4,52.24416387013,100,"Smooth","Max. Reward Condition",40,"8",18,5,49,416,"Long",0.097514497831005,0.74636632589352,NA,0.524400744005636,"localGP"
"12896",52,41,1,3,23.743412126775,100,"Smooth","Max. Reward Condition",40,"8",18,1,35,416,"Long",0.097514497831005,0.74636632589352,NA,0.524400744005636,"localGP"
"12897",53,1,7,5,29.412889108469,29.412889108469,"Smooth","Max. Reward Condition",40,"1",3,NA,63,417,"Long",0.121925401825428,1.15918700131861,NA,0.582804901962147,"localGP"
"12898",53,2,3,1,50.2535839853103,50.2535839853103,"Smooth","Max. Reward Condition",40,"1",3,5,15,417,"Long",0.121925401825428,1.15918700131861,NA,0.582804901962147,"localGP"
"12899",53,3,3,0,54.3215308277362,54.3215308277362,"Smooth","Max. Reward Condition",40,"1",3,1,4,417,"Long",0.121925401825428,1.15918700131861,NA,0.582804901962147,"localGP"
"12900",53,4,8,3,39.0577365841797,54.3215308277362,"Smooth","Max. Reward Condition",40,"1",3,5,42,417,"Long",0.121925401825428,1.15918700131861,NA,0.582804901962147,"localGP"
"12901",53,5,3,10,27.8257568342711,54.3215308277362,"Smooth","Max. Reward Condition",40,"1",3,4,114,417,"Long",0.121925401825428,1.15918700131861,NA,0.582804901962147,"localGP"
"12902",53,6,4,6,65.0620615185849,65.0620615185849,"Smooth","Max. Reward Condition",40,"1",3,8,71,417,"Long",0.121925401825428,1.15918700131861,NA,0.582804901962147,"localGP"
"12903",53,7,2,5,22.080089893032,65.0620615185849,"Smooth","Max. Reward Condition",40,"1",3,7,58,417,"Long",0.121925401825428,1.15918700131861,NA,0.582804901962147,"localGP"
"12904",53,8,8,4,40.0633709552843,65.0620615185849,"Smooth","Max. Reward Condition",40,"1",3,1,53,417,"Long",0.121925401825428,1.15918700131861,NA,0.582804901962147,"localGP"
"12905",53,9,9,5,55.8126955341154,65.0620615185849,"Smooth","Max. Reward Condition",40,"1",3,1,65,417,"Long",0.121925401825428,1.15918700131861,NA,0.582804901962147,"localGP"
"12906",53,10,10,5,66.5733513621972,66.5733513621972,"Smooth","Max. Reward Condition",40,"1",3,2,66,417,"Long",0.121925401825428,1.15918700131861,NA,0.582804901962147,"localGP"
"12907",53,11,9,5,55.8126955341154,66.5733513621972,"Smooth","Max. Reward Condition",40,"1",3,1,65,417,"Long",0.121925401825428,1.15918700131861,NA,0.582804901962147,"localGP"
"12908",53,12,8,0,15.9935523633461,66.5733513621972,"Smooth","Max. Reward Condition",40,"1",3,2,9,417,"Long",0.121925401825428,1.15918700131861,NA,0.582804901962147,"localGP"
"12909",53,13,6,9,72.1740224383506,72.1740224383506,"Smooth","Max. Reward Condition",40,"1",3,1,106,417,"Long",0.121925401825428,1.15918700131861,NA,0.582804901962147,"localGP"
"12910",53,14,6,8,72.494296563532,72.494296563532,"Smooth","Max. Reward Condition",40,"1",3,1,95,417,"Long",0.121925401825428,1.15918700131861,NA,0.582804901962147,"localGP"
"12911",53,15,7,8,100,100,"Smooth","Max. Reward Condition",40,"1",3,3,96,417,"Long",0.121925401825428,1.15918700131861,NA,0.582804901962147,"localGP"
"12912",53,16,7,9,92.1104494537164,100,"Smooth","Max. Reward Condition",40,"1",3,8,107,417,"Long",0.121925401825428,1.15918700131861,NA,0.582804901962147,"localGP"
"12913",53,17,8,8,86.9112548531245,100,"Smooth","Max. Reward Condition",40,"1",3,12,97,417,"Long",0.121925401825428,1.15918700131861,NA,0.582804901962147,"localGP"
"12914",53,18,8,9,62.9374230938864,100,"Smooth","Max. Reward Condition",40,"1",3,5,108,417,"Long",0.121925401825428,1.15918700131861,NA,0.582804901962147,"localGP"
"12915",53,19,7,7,84.838078337325,100,"Smooth","Max. Reward Condition",40,"1",3,11,85,417,"Long",0.121925401825428,1.15918700131861,NA,0.582804901962147,"localGP"
"12916",53,20,7,1,45.1385973531357,100,"Smooth","Max. Reward Condition",40,"1",3,6,19,417,"Long",0.121925401825428,1.15918700131861,NA,0.582804901962147,"localGP"
"12917",53,21,5,3,63.6314304033713,100,"Smooth","Max. Reward Condition",40,"1",3,13,39,417,"Long",0.121925401825428,1.15918700131861,NA,0.582804901962147,"localGP"
"12918",53,22,2,9,31.0318046943567,100,"Smooth","Max. Reward Condition",40,"1",3,7,102,417,"Long",0.121925401825428,1.15918700131861,NA,0.582804901962147,"localGP"
"12919",53,23,5,3,63.6314304033713,100,"Smooth","Max. Reward Condition",40,"1",3,4,39,417,"Long",0.121925401825428,1.15918700131861,NA,0.582804901962147,"localGP"
"12920",53,24,7,3,65.2894287443007,100,"Smooth","Max. Reward Condition",40,"1",3,2,41,417,"Long",0.121925401825428,1.15918700131861,NA,0.582804901962147,"localGP"
"12921",53,25,5,2,41.5069107029267,100,"Smooth","Max. Reward Condition",40,"1",3,3,28,417,"Long",0.121925401825428,1.15918700131861,NA,0.582804901962147,"localGP"
"12922",53,26,0,2,79.3285213093921,100,"Smooth","Max. Reward Condition",40,"1",3,12,23,417,"Long",0.121925401825428,1.15918700131861,NA,0.582804901962147,"localGP"
"12923",53,27,0,3,46.9181544218078,100,"Smooth","Max. Reward Condition",40,"1",3,5,34,417,"Long",0.121925401825428,1.15918700131861,NA,0.582804901962147,"localGP"
"12924",53,28,10,5,66.5733513621972,100,"Smooth","Max. Reward Condition",40,"1",3,3,66,417,"Long",0.121925401825428,1.15918700131861,NA,0.582804901962147,"localGP"
"12925",53,29,10,6,69.1638610636693,100,"Smooth","Max. Reward Condition",40,"1",3,7,77,417,"Long",0.121925401825428,1.15918700131861,NA,0.582804901962147,"localGP"
"12926",53,30,0,8,24.0810609048184,100,"Smooth","Max. Reward Condition",40,"1",3,2,89,417,"Long",0.121925401825428,1.15918700131861,NA,0.582804901962147,"localGP"
"12927",53,31,2,0,30.4119730955053,100,"Smooth","Max. Reward Condition",40,"1",3,7,3,417,"Long",0.121925401825428,1.15918700131861,NA,0.582804901962147,"localGP"
"12928",53,32,8,9,62.9374230938864,100,"Smooth","Max. Reward Condition",40,"1",3,15,108,417,"Long",0.121925401825428,1.15918700131861,NA,0.582804901962147,"localGP"
"12929",53,33,3,7,41.1726557910907,100,"Smooth","Max. Reward Condition",40,"1",3,12,81,417,"Long",0.121925401825428,1.15918700131861,NA,0.582804901962147,"localGP"
"12930",53,34,3,4,49.3373531062478,100,"Smooth","Max. Reward Condition",40,"1",3,1,48,417,"Long",0.121925401825428,1.15918700131861,NA,0.582804901962147,"localGP"
"12931",53,35,9,2,37.0588416723866,100,"Smooth","Max. Reward Condition",40,"1",3,1,32,417,"Long",0.121925401825428,1.15918700131861,NA,0.582804901962147,"localGP"
"12932",53,36,7,2,63.8501760294012,100,"Smooth","Max. Reward Condition",40,"1",3,1,30,417,"Long",0.121925401825428,1.15918700131861,NA,0.582804901962147,"localGP"
"12933",53,37,4,5,54.5351061532027,100,"Smooth","Max. Reward Condition",40,"1",3,1,60,417,"Long",0.121925401825428,1.15918700131861,NA,0.582804901962147,"localGP"
"12934",53,38,4,1,12.1703970520116,100,"Smooth","Max. Reward Condition",40,"1",3,1,16,417,"Long",0.121925401825428,1.15918700131861,NA,0.582804901962147,"localGP"
"12935",53,39,8,10,41.0809609626061,100,"Smooth","Max. Reward Condition",40,"1",3,2,119,417,"Long",0.121925401825428,1.15918700131861,NA,0.582804901962147,"localGP"
"12936",53,40,7,6,45.7319528653263,100,"Smooth","Max. Reward Condition",40,"1",3,2,74,417,"Long",0.121925401825428,1.15918700131861,NA,0.582804901962147,"localGP"
"12937",53,41,4,0,28.6800847238269,100,"Smooth","Max. Reward Condition",40,"1",3,1,5,417,"Long",0.121925401825428,1.15918700131861,NA,0.582804901962147,"localGP"
"12938",53,1,10,10,31.7453717496263,31.7453717496263,"Smooth","Max. Reward Condition",20,"2",8,NA,121,418,"Short",0.109436478534262,1.04110662271705,NA,0.466770452174067,"localGP"
"12939",53,2,8,7,14.1323595247913,31.7453717496263,"Smooth","Max. Reward Condition",20,"2",8,13,86,418,"Short",0.109436478534262,1.04110662271705,NA,0.466770452174067,"localGP"
"12940",53,3,7,3,34.6479005726558,34.6479005726558,"Smooth","Max. Reward Condition",20,"2",8,1,41,418,"Short",0.109436478534262,1.04110662271705,NA,0.466770452174067,"localGP"
"12941",53,4,8,3,54.3441668023564,54.3441668023564,"Smooth","Max. Reward Condition",20,"2",8,2,42,418,"Short",0.109436478534262,1.04110662271705,NA,0.466770452174067,"localGP"
"12942",53,5,3,7,79.3800074226317,79.3800074226317,"Smooth","Max. Reward Condition",20,"2",8,1,81,418,"Short",0.109436478534262,1.04110662271705,NA,0.466770452174067,"localGP"
"12943",53,6,3,6,92.3422522413602,92.3422522413602,"Smooth","Max. Reward Condition",20,"2",8,1,70,418,"Short",0.109436478534262,1.04110662271705,NA,0.466770452174067,"localGP"
"12944",53,7,4,6,92.5612285235121,92.5612285235121,"Smooth","Max. Reward Condition",20,"2",8,1,71,418,"Short",0.109436478534262,1.04110662271705,NA,0.466770452174067,"localGP"
"12945",53,8,4,7,87.7929185379322,92.5612285235121,"Smooth","Max. Reward Condition",20,"2",8,1,82,418,"Short",0.109436478534262,1.04110662271705,NA,0.466770452174067,"localGP"
"12946",53,9,3,7,79.3800074226317,92.5612285235121,"Smooth","Max. Reward Condition",20,"2",8,1,81,418,"Short",0.109436478534262,1.04110662271705,NA,0.466770452174067,"localGP"
"12947",53,10,4,7,87.7929185379322,92.5612285235121,"Smooth","Max. Reward Condition",20,"2",8,4,82,418,"Short",0.109436478534262,1.04110662271705,NA,0.466770452174067,"localGP"
"12948",53,11,4,8,69.4439461709685,92.5612285235121,"Smooth","Max. Reward Condition",20,"2",8,5,93,418,"Short",0.109436478534262,1.04110662271705,NA,0.466770452174067,"localGP"
"12949",53,12,5,8,45.4136649367735,92.5612285235121,"Smooth","Max. Reward Condition",20,"2",8,1,94,418,"Short",0.109436478534262,1.04110662271705,NA,0.466770452174067,"localGP"
"12950",53,13,7,3,34.6479005726558,92.5612285235121,"Smooth","Max. Reward Condition",20,"2",8,2,41,418,"Short",0.109436478534262,1.04110662271705,NA,0.466770452174067,"localGP"
"12951",53,14,3,4,81.3649995175119,92.5612285235121,"Smooth","Max. Reward Condition",20,"2",8,2,48,418,"Short",0.109436478534262,1.04110662271705,NA,0.466770452174067,"localGP"
"12952",53,15,3,5,100,100,"Smooth","Max. Reward Condition",20,"2",8,1,59,418,"Short",0.109436478534262,1.04110662271705,NA,0.466770452174067,"localGP"
"12953",53,16,4,5,81.9160830308222,100,"Smooth","Max. Reward Condition",20,"2",8,1,60,418,"Short",0.109436478534262,1.04110662271705,NA,0.466770452174067,"localGP"
"12954",53,17,4,6,92.5612285235121,100,"Smooth","Max. Reward Condition",20,"2",8,1,71,418,"Short",0.109436478534262,1.04110662271705,NA,0.466770452174067,"localGP"
"12955",53,18,4,5,81.9160830308222,100,"Smooth","Max. Reward Condition",20,"2",8,1,60,418,"Short",0.109436478534262,1.04110662271705,NA,0.466770452174067,"localGP"
"12956",53,19,4,6,92.5612285235121,100,"Smooth","Max. Reward Condition",20,"2",8,1,71,418,"Short",0.109436478534262,1.04110662271705,NA,0.466770452174067,"localGP"
"12957",53,20,3,6,92.3422522413602,100,"Smooth","Max. Reward Condition",20,"2",8,1,70,418,"Short",0.109436478534262,1.04110662271705,NA,0.466770452174067,"localGP"
"12958",53,21,8,6,48.7868527107397,100,"Smooth","Max. Reward Condition",20,"2",8,2,75,418,"Short",0.109436478534262,1.04110662271705,NA,0.466770452174067,"localGP"
"12959",53,1,1,3,7.73707960033028,7.73707960033028,"Smooth","Max. Reward Condition",40,"3",9,NA,35,419,"Long",0.119333813636987,1.30604289462223,NA,0.630353700368288,"localGP"
"12960",53,2,5,7,31.1556847928287,31.1556847928287,"Smooth","Max. Reward Condition",40,"3",9,1,83,419,"Long",0.119333813636987,1.30604289462223,NA,0.630353700368288,"localGP"
"12961",53,3,4,7,31.2245968865116,31.2245968865116,"Smooth","Max. Reward Condition",40,"3",9,2,82,419,"Long",0.119333813636987,1.30604289462223,NA,0.630353700368288,"localGP"
"12962",53,4,4,8,60.4776805465143,60.4776805465143,"Smooth","Max. Reward Condition",40,"3",9,1,93,419,"Long",0.119333813636987,1.30604289462223,NA,0.630353700368288,"localGP"
"12963",53,5,7,4,7.61116353320149,60.4776805465143,"Smooth","Max. Reward Condition",40,"3",9,1,52,419,"Long",0.119333813636987,1.30604289462223,NA,0.630353700368288,"localGP"
"12964",53,6,7,6,18.3179262510229,60.4776805465143,"Smooth","Max. Reward Condition",40,"3",9,3,74,419,"Long",0.119333813636987,1.30604289462223,NA,0.630353700368288,"localGP"
"12965",53,7,3,3,37.5306230011578,60.4776805465143,"Smooth","Max. Reward Condition",40,"3",9,2,37,419,"Long",0.119333813636987,1.30604289462223,NA,0.630353700368288,"localGP"
"12966",53,8,2,0,46.5810288004854,60.4776805465143,"Smooth","Max. Reward Condition",40,"3",9,1,3,419,"Long",0.119333813636987,1.30604289462223,NA,0.630353700368288,"localGP"
"12967",53,9,3,6,56.4526333659953,60.4776805465143,"Smooth","Max. Reward Condition",40,"3",9,2,70,419,"Long",0.119333813636987,1.30604289462223,NA,0.630353700368288,"localGP"
"12968",53,10,2,6,36.7603971386675,60.4776805465143,"Smooth","Max. Reward Condition",40,"3",9,2,69,419,"Long",0.119333813636987,1.30604289462223,NA,0.630353700368288,"localGP"
"12969",53,11,9,7,82.8870600418845,82.8870600418845,"Smooth","Max. Reward Condition",40,"3",9,9,87,419,"Long",0.119333813636987,1.30604289462223,NA,0.630353700368288,"localGP"
"12970",53,12,10,7,64.0304826931053,82.8870600418845,"Smooth","Max. Reward Condition",40,"3",9,6,88,419,"Long",0.119333813636987,1.30604289462223,NA,0.630353700368288,"localGP"
"12971",53,13,9,6,26.8828036594209,82.8870600418845,"Smooth","Max. Reward Condition",40,"3",9,6,76,419,"Long",0.119333813636987,1.30604289462223,NA,0.630353700368288,"localGP"
"12972",53,14,9,8,100,100,"Smooth","Max. Reward Condition",40,"3",9,4,98,419,"Long",0.119333813636987,1.30604289462223,NA,0.630353700368288,"localGP"
"12973",53,15,10,0,73.1299582594774,100,"Smooth","Max. Reward Condition",40,"3",9,1,11,419,"Long",0.119333813636987,1.30604289462223,NA,0.630353700368288,"localGP"
"12974",53,16,10,1,42.9509969441746,100,"Smooth","Max. Reward Condition",40,"3",9,1,22,419,"Long",0.119333813636987,1.30604289462223,NA,0.630353700368288,"localGP"
"12975",53,17,10,1,42.9509969441746,100,"Smooth","Max. Reward Condition",40,"3",9,1,22,419,"Long",0.119333813636987,1.30604289462223,NA,0.630353700368288,"localGP"
"12976",53,18,2,10,28.9056526912457,100,"Smooth","Max. Reward Condition",40,"3",9,2,113,419,"Long",0.119333813636987,1.30604289462223,NA,0.630353700368288,"localGP"
"12977",53,19,1,3,7.73707960033028,100,"Smooth","Max. Reward Condition",40,"3",9,1,35,419,"Long",0.119333813636987,1.30604289462223,NA,0.630353700368288,"localGP"
"12978",53,20,6,9,70.5892702957914,100,"Smooth","Max. Reward Condition",40,"3",9,3,106,419,"Long",0.119333813636987,1.30604289462223,NA,0.630353700368288,"localGP"
"12979",53,21,0,3,20.3156192085015,100,"Smooth","Max. Reward Condition",40,"3",9,12,34,419,"Long",0.119333813636987,1.30604289462223,NA,0.630353700368288,"localGP"
"12980",53,22,4,8,60.4776805465143,100,"Smooth","Max. Reward Condition",40,"3",9,1,93,419,"Long",0.119333813636987,1.30604289462223,NA,0.630353700368288,"localGP"
"12981",53,23,4,9,76.5336766063453,100,"Smooth","Max. Reward Condition",40,"3",9,2,104,419,"Long",0.119333813636987,1.30604289462223,NA,0.630353700368288,"localGP"
"12982",53,24,5,8,61.7105758678251,100,"Smooth","Max. Reward Condition",40,"3",9,11,94,419,"Long",0.119333813636987,1.30604289462223,NA,0.630353700368288,"localGP"
"12983",53,25,4,9,76.5336766063453,100,"Smooth","Max. Reward Condition",40,"3",9,1,104,419,"Long",0.119333813636987,1.30604289462223,NA,0.630353700368288,"localGP"
"12984",53,26,7,3,18.1076390436013,100,"Smooth","Max. Reward Condition",40,"3",9,2,41,419,"Long",0.119333813636987,1.30604289462223,NA,0.630353700368288,"localGP"
"12985",53,27,5,7,31.1556847928287,100,"Smooth","Max. Reward Condition",40,"3",9,2,83,419,"Long",0.119333813636987,1.30604289462223,NA,0.630353700368288,"localGP"
"12986",53,28,3,6,56.4526333659953,100,"Smooth","Max. Reward Condition",40,"3",9,1,70,419,"Long",0.119333813636987,1.30604289462223,NA,0.630353700368288,"localGP"
"12987",53,29,3,5,65.8441011417539,100,"Smooth","Max. Reward Condition",40,"3",9,1,59,419,"Long",0.119333813636987,1.30604289462223,NA,0.630353700368288,"localGP"
"12988",53,30,7,8,48.5069548575254,100,"Smooth","Max. Reward Condition",40,"3",9,3,96,419,"Long",0.119333813636987,1.30604289462223,NA,0.630353700368288,"localGP"
"12989",53,31,1,5,55.4257093623145,100,"Smooth","Max. Reward Condition",40,"3",9,4,57,419,"Long",0.119333813636987,1.30604289462223,NA,0.630353700368288,"localGP"
"12990",53,32,10,4,62.6723256804465,100,"Smooth","Max. Reward Condition",40,"3",9,3,55,419,"Long",0.119333813636987,1.30604289462223,NA,0.630353700368288,"localGP"
"12991",53,33,4,1,66.1540959055095,100,"Smooth","Max. Reward Condition",40,"3",9,5,16,419,"Long",0.119333813636987,1.30604289462223,NA,0.630353700368288,"localGP"
"12992",53,34,3,1,40.3499664940064,100,"Smooth","Max. Reward Condition",40,"3",9,5,15,419,"Long",0.119333813636987,1.30604289462223,NA,0.630353700368288,"localGP"
"12993",53,35,4,3,30.449935821985,100,"Smooth","Max. Reward Condition",40,"3",9,2,38,419,"Long",0.119333813636987,1.30604289462223,NA,0.630353700368288,"localGP"
"12994",53,36,0,4,52.8064485464723,100,"Smooth","Max. Reward Condition",40,"3",9,2,45,419,"Long",0.119333813636987,1.30604289462223,NA,0.630353700368288,"localGP"
"12995",53,37,2,5,39.0745307223915,100,"Smooth","Max. Reward Condition",40,"3",9,7,58,419,"Long",0.119333813636987,1.30604289462223,NA,0.630353700368288,"localGP"
"12996",53,38,3,10,39.8581222940404,100,"Smooth","Max. Reward Condition",40,"3",9,9,114,419,"Long",0.119333813636987,1.30604289462223,NA,0.630353700368288,"localGP"
"12997",53,39,4,10,47.1833228393405,100,"Smooth","Max. Reward Condition",40,"3",9,1,115,419,"Long",0.119333813636987,1.30604289462223,NA,0.630353700368288,"localGP"
"12998",53,40,4,0,79.9431598436755,100,"Smooth","Max. Reward Condition",40,"3",9,2,5,419,"Long",0.119333813636987,1.30604289462223,NA,0.630353700368288,"localGP"
"12999",53,41,5,1,62.2178044014381,100,"Smooth","Max. Reward Condition",40,"3",9,1,17,419,"Long",0.119333813636987,1.30604289462223,NA,0.630353700368288,"localGP"
"13000",53,1,0,5,77.2112954701878,77.2112954701878,"Smooth","Max. Reward Condition",20,"4",12,NA,56,420,"Short",0.0852325109172527,1.06364667274237,NA,0.4581548074729,"localGP"
"13001",53,2,1,4,55.4418868810273,77.2112954701878,"Smooth","Max. Reward Condition",20,"4",12,10,46,420,"Short",0.0852325109172527,1.06364667274237,NA,0.4581548074729,"localGP"
"13002",53,3,2,4,17.0886518121554,77.2112954701878,"Smooth","Max. Reward Condition",20,"4",12,10,47,420,"Short",0.0852325109172527,1.06364667274237,NA,0.4581548074729,"localGP"
"13003",53,4,0,10,57.0348841839944,77.2112954701878,"Smooth","Max. Reward Condition",20,"4",12,10,111,420,"Short",0.0852325109172527,1.06364667274237,NA,0.4581548074729,"localGP"
"13004",53,5,1,10,44.7478719806417,77.2112954701878,"Smooth","Max. Reward Condition",20,"4",12,9,112,420,"Short",0.0852325109172527,1.06364667274237,NA,0.4581548074729,"localGP"
"13005",53,6,0,0,25.5148442084491,77.2112954701878,"Smooth","Max. Reward Condition",20,"4",12,1,1,420,"Short",0.0852325109172527,1.06364667274237,NA,0.4581548074729,"localGP"
"13006",53,7,8,8,74.2665096632298,77.2112954701878,"Smooth","Max. Reward Condition",20,"4",12,1,97,420,"Short",0.0852325109172527,1.06364667274237,NA,0.4581548074729,"localGP"
"13007",53,8,8,7,81.8274104004157,81.8274104004157,"Smooth","Max. Reward Condition",20,"4",12,2,86,420,"Short",0.0852325109172527,1.06364667274237,NA,0.4581548074729,"localGP"
"13008",53,9,7,7,63.3946973965317,81.8274104004157,"Smooth","Max. Reward Condition",20,"4",12,1,85,420,"Short",0.0852325109172527,1.06364667274237,NA,0.4581548074729,"localGP"
"13009",53,10,7,6,92.2608433233279,92.2608433233279,"Smooth","Max. Reward Condition",20,"4",12,1,74,420,"Short",0.0852325109172527,1.06364667274237,NA,0.4581548074729,"localGP"
"13010",53,11,7,5,86.8061250260335,92.2608433233279,"Smooth","Max. Reward Condition",20,"4",12,3,63,420,"Short",0.0852325109172527,1.06364667274237,NA,0.4581548074729,"localGP"
"13011",53,12,7,6,92.2608433233279,92.2608433233279,"Smooth","Max. Reward Condition",20,"4",12,8,74,420,"Short",0.0852325109172527,1.06364667274237,NA,0.4581548074729,"localGP"
"13012",53,13,8,6,87.8662142990348,92.2608433233279,"Smooth","Max. Reward Condition",20,"4",12,1,75,420,"Short",0.0852325109172527,1.06364667274237,NA,0.4581548074729,"localGP"
"13013",53,14,9,6,67.9862039342171,92.2608433233279,"Smooth","Max. Reward Condition",20,"4",12,2,76,420,"Short",0.0852325109172527,1.06364667274237,NA,0.4581548074729,"localGP"
"13014",53,15,9,5,58.7716718822745,92.2608433233279,"Smooth","Max. Reward Condition",20,"4",12,2,65,420,"Short",0.0852325109172527,1.06364667274237,NA,0.4581548074729,"localGP"
"13015",53,16,10,5,62.8520083349877,92.2608433233279,"Smooth","Max. Reward Condition",20,"4",12,2,66,420,"Short",0.0852325109172527,1.06364667274237,NA,0.4581548074729,"localGP"
"13016",53,17,10,4,64.149923662819,92.2608433233279,"Smooth","Max. Reward Condition",20,"4",12,3,55,420,"Short",0.0852325109172527,1.06364667274237,NA,0.4581548074729,"localGP"
"13017",53,18,10,2,40.3253784101298,92.2608433233279,"Smooth","Max. Reward Condition",20,"4",12,2,33,420,"Short",0.0852325109172527,1.06364667274237,NA,0.4581548074729,"localGP"
"13018",53,19,4,0,44.6746717399541,92.2608433233279,"Smooth","Max. Reward Condition",20,"4",12,2,5,420,"Short",0.0852325109172527,1.06364667274237,NA,0.4581548074729,"localGP"
"13019",53,20,6,0,32.1906110791016,92.2608433233279,"Smooth","Max. Reward Condition",20,"4",12,3,7,420,"Short",0.0852325109172527,1.06364667274237,NA,0.4581548074729,"localGP"
"13020",53,21,9,3,31.6251889945826,92.2608433233279,"Smooth","Max. Reward Condition",20,"4",12,2,43,420,"Short",0.0852325109172527,1.06364667274237,NA,0.4581548074729,"localGP"
"13021",53,1,2,3,75.7021822863485,75.7021822863485,"Smooth","Max. Reward Condition",40,"5",6,NA,36,421,"Long",0.111841958782333,1.16280338375007,NA,0.550120659580925,"localGP"
"13022",53,2,1,7,34.3269334073576,75.7021822863485,"Smooth","Max. Reward Condition",40,"5",6,7,79,421,"Long",0.111841958782333,1.16280338375007,NA,0.550120659580925,"localGP"
"13023",53,3,2,6,41.8450334706291,75.7021822863485,"Smooth","Max. Reward Condition",40,"5",6,10,69,421,"Long",0.111841958782333,1.16280338375007,NA,0.550120659580925,"localGP"
"13024",53,4,4,1,54.7263505752768,75.7021822863485,"Smooth","Max. Reward Condition",40,"5",6,10,16,421,"Long",0.111841958782333,1.16280338375007,NA,0.550120659580925,"localGP"
"13025",53,5,8,5,61.1665881936145,75.7021822863485,"Smooth","Max. Reward Condition",40,"5",6,10,64,421,"Long",0.111841958782333,1.16280338375007,NA,0.550120659580925,"localGP"
"13026",53,6,5,8,46.7235740972404,75.7021822863485,"Smooth","Max. Reward Condition",40,"5",6,5,94,421,"Long",0.111841958782333,1.16280338375007,NA,0.550120659580925,"localGP"
"13027",53,7,6,8,47.1218833343134,75.7021822863485,"Smooth","Max. Reward Condition",40,"5",6,1,95,421,"Long",0.111841958782333,1.16280338375007,NA,0.550120659580925,"localGP"
"13028",53,8,6,10,20.3520060539049,75.7021822863485,"Smooth","Max. Reward Condition",40,"5",6,2,117,421,"Long",0.111841958782333,1.16280338375007,NA,0.550120659580925,"localGP"
"13029",53,9,6,6,15.4430797014751,75.7021822863485,"Smooth","Max. Reward Condition",40,"5",6,2,73,421,"Long",0.111841958782333,1.16280338375007,NA,0.550120659580925,"localGP"
"13030",53,10,7,6,39.4865899773576,75.7021822863485,"Smooth","Max. Reward Condition",40,"5",6,1,74,421,"Long",0.111841958782333,1.16280338375007,NA,0.550120659580925,"localGP"
"13031",53,11,7,7,33.8108043843731,75.7021822863485,"Smooth","Max. Reward Condition",40,"5",6,10,85,421,"Long",0.111841958782333,1.16280338375007,NA,0.550120659580925,"localGP"
"13032",53,12,7,7,33.8108043843731,75.7021822863485,"Smooth","Max. Reward Condition",40,"5",6,10,85,421,"Long",0.111841958782333,1.16280338375007,NA,0.550120659580925,"localGP"
"13033",53,13,7,9,30.1286651387231,75.7021822863485,"Smooth","Max. Reward Condition",40,"5",6,10,107,421,"Long",0.111841958782333,1.16280338375007,NA,0.550120659580925,"localGP"
"13034",53,14,3,7,37.0565054700231,75.7021822863485,"Smooth","Max. Reward Condition",40,"5",6,6,81,421,"Long",0.111841958782333,1.16280338375007,NA,0.550120659580925,"localGP"
"13035",53,15,0,7,56.7102070439247,75.7021822863485,"Smooth","Max. Reward Condition",40,"5",6,1,78,421,"Long",0.111841958782333,1.16280338375007,NA,0.550120659580925,"localGP"
"13036",53,16,1,10,67.9554499447788,75.7021822863485,"Smooth","Max. Reward Condition",40,"5",6,6,112,421,"Long",0.111841958782333,1.16280338375007,NA,0.550120659580925,"localGP"
"13037",53,17,0,10,82.527541309215,82.527541309215,"Smooth","Max. Reward Condition",40,"5",6,12,111,421,"Long",0.111841958782333,1.16280338375007,NA,0.550120659580925,"localGP"
"13038",53,18,0,9,70.7016784293051,82.527541309215,"Smooth","Max. Reward Condition",40,"5",6,6,100,421,"Long",0.111841958782333,1.16280338375007,NA,0.550120659580925,"localGP"
"13039",53,19,5,4,30.2017705880364,82.527541309215,"Smooth","Max. Reward Condition",40,"5",6,2,50,421,"Long",0.111841958782333,1.16280338375007,NA,0.550120659580925,"localGP"
"13040",53,20,3,0,63.3554027374264,82.527541309215,"Smooth","Max. Reward Condition",40,"5",6,1,4,421,"Long",0.111841958782333,1.16280338375007,NA,0.550120659580925,"localGP"
"13041",53,21,3,1,50.2100304142553,82.527541309215,"Smooth","Max. Reward Condition",40,"5",6,2,15,421,"Long",0.111841958782333,1.16280338375007,NA,0.550120659580925,"localGP"
"13042",53,22,1,3,70.5820098602199,82.527541309215,"Smooth","Max. Reward Condition",40,"5",6,2,35,421,"Long",0.111841958782333,1.16280338375007,NA,0.550120659580925,"localGP"
"13043",53,23,1,1,22.2975838808084,82.527541309215,"Smooth","Max. Reward Condition",40,"5",6,2,13,421,"Long",0.111841958782333,1.16280338375007,NA,0.550120659580925,"localGP"
"13044",53,24,3,2,33.1157535503822,82.527541309215,"Smooth","Max. Reward Condition",40,"5",6,1,26,421,"Long",0.111841958782333,1.16280338375007,NA,0.550120659580925,"localGP"
"13045",53,25,1,0,52.332367066322,82.527541309215,"Smooth","Max. Reward Condition",40,"5",6,2,2,421,"Long",0.111841958782333,1.16280338375007,NA,0.550120659580925,"localGP"
"13046",53,26,0,0,47.2297106742419,82.527541309215,"Smooth","Max. Reward Condition",40,"5",6,9,1,421,"Long",0.111841958782333,1.16280338375007,NA,0.550120659580925,"localGP"
"13047",53,27,3,4,19.5910841909591,82.527541309215,"Smooth","Max. Reward Condition",40,"5",6,3,48,421,"Long",0.111841958782333,1.16280338375007,NA,0.550120659580925,"localGP"
"13048",53,28,2,4,50.1349691465134,82.527541309215,"Smooth","Max. Reward Condition",40,"5",6,4,47,421,"Long",0.111841958782333,1.16280338375007,NA,0.550120659580925,"localGP"
"13049",53,29,3,1,50.2100304142553,82.527541309215,"Smooth","Max. Reward Condition",40,"5",6,3,15,421,"Long",0.111841958782333,1.16280338375007,NA,0.550120659580925,"localGP"
"13050",53,30,5,0,91.7432297732024,91.7432297732024,"Smooth","Max. Reward Condition",40,"5",6,8,6,421,"Long",0.111841958782333,1.16280338375007,NA,0.550120659580925,"localGP"
"13051",53,31,4,0,55.5674013625867,91.7432297732024,"Smooth","Max. Reward Condition",40,"5",6,2,5,421,"Long",0.111841958782333,1.16280338375007,NA,0.550120659580925,"localGP"
"13052",53,32,9,0,42.7227287180246,91.7432297732024,"Smooth","Max. Reward Condition",40,"5",6,6,10,421,"Long",0.111841958782333,1.16280338375007,NA,0.550120659580925,"localGP"
"13053",53,33,7,3,29.6760895076296,91.7432297732024,"Smooth","Max. Reward Condition",40,"5",6,5,41,421,"Long",0.111841958782333,1.16280338375007,NA,0.550120659580925,"localGP"
"13054",53,34,3,2,33.1157535503822,91.7432297732024,"Smooth","Max. Reward Condition",40,"5",6,5,26,421,"Long",0.111841958782333,1.16280338375007,NA,0.550120659580925,"localGP"
"13055",53,35,2,2,34.5579265575561,91.7432297732024,"Smooth","Max. Reward Condition",40,"5",6,3,25,421,"Long",0.111841958782333,1.16280338375007,NA,0.550120659580925,"localGP"
"13056",53,36,9,2,38.9021292283964,91.7432297732024,"Smooth","Max. Reward Condition",40,"5",6,12,32,421,"Long",0.111841958782333,1.16280338375007,NA,0.550120659580925,"localGP"
"13057",53,37,7,1,83.5475141176989,91.7432297732024,"Smooth","Max. Reward Condition",40,"5",6,5,19,421,"Long",0.111841958782333,1.16280338375007,NA,0.550120659580925,"localGP"
"13058",53,38,6,1,58.9505924012191,91.7432297732024,"Smooth","Max. Reward Condition",40,"5",6,7,18,421,"Long",0.111841958782333,1.16280338375007,NA,0.550120659580925,"localGP"
"13059",53,39,6,0,94.4963050018738,94.4963050018738,"Smooth","Max. Reward Condition",40,"5",6,12,7,421,"Long",0.111841958782333,1.16280338375007,NA,0.550120659580925,"localGP"
"13060",53,40,7,0,94.4174730147353,94.4963050018738,"Smooth","Max. Reward Condition",40,"5",6,4,8,421,"Long",0.111841958782333,1.16280338375007,NA,0.550120659580925,"localGP"
"13061",53,41,1,8,26.3468808811105,94.4963050018738,"Smooth","Max. Reward Condition",40,"5",6,6,90,421,"Long",0.111841958782333,1.16280338375007,NA,0.550120659580925,"localGP"
"13062",53,1,10,7,85.439763813076,85.439763813076,"Smooth","Max. Reward Condition",20,"6",16,NA,88,422,"Short",0.102110993996491,0.874560775291524,NA,0.485993896754087,"localGP"
"13063",53,2,6,6,48.4419076535345,85.439763813076,"Smooth","Max. Reward Condition",20,"6",16,3,73,422,"Short",0.102110993996491,0.874560775291524,NA,0.485993896754087,"localGP"
"13064",53,3,5,8,10.0194048265648,85.439763813076,"Smooth","Max. Reward Condition",20,"6",16,1,94,422,"Short",0.102110993996491,0.874560775291524,NA,0.485993896754087,"localGP"
"13065",53,4,8,5,55.4827017867846,85.439763813076,"Smooth","Max. Reward Condition",20,"6",16,1,64,422,"Short",0.102110993996491,0.874560775291524,NA,0.485993896754087,"localGP"
"13066",53,5,9,5,54.5094189956315,85.439763813076,"Smooth","Max. Reward Condition",20,"6",16,1,65,422,"Short",0.102110993996491,0.874560775291524,NA,0.485993896754087,"localGP"
"13067",53,6,10,9,72.5110425569696,85.439763813076,"Smooth","Max. Reward Condition",20,"6",16,3,110,422,"Short",0.102110993996491,0.874560775291524,NA,0.485993896754087,"localGP"
"13068",53,7,9,9,48.2469413431705,85.439763813076,"Smooth","Max. Reward Condition",20,"6",16,18,109,422,"Short",0.102110993996491,0.874560775291524,NA,0.485993896754087,"localGP"
"13069",53,8,4,1,0,85.439763813076,"Smooth","Max. Reward Condition",20,"6",16,6,16,422,"Short",0.102110993996491,0.874560775291524,NA,0.485993896754087,"localGP"
"13070",53,9,7,0,35.3153428371359,85.439763813076,"Smooth","Max. Reward Condition",20,"6",16,4,8,422,"Short",0.102110993996491,0.874560775291524,NA,0.485993896754087,"localGP"
"13071",53,10,8,0,40.9698985324636,85.439763813076,"Smooth","Max. Reward Condition",20,"6",16,3,9,422,"Short",0.102110993996491,0.874560775291524,NA,0.485993896754087,"localGP"
"13072",53,11,10,2,56.4762656457171,85.439763813076,"Smooth","Max. Reward Condition",20,"6",16,4,33,422,"Short",0.102110993996491,0.874560775291524,NA,0.485993896754087,"localGP"
"13073",53,12,10,3,46.319630109496,85.439763813076,"Smooth","Max. Reward Condition",20,"6",16,9,44,422,"Short",0.102110993996491,0.874560775291524,NA,0.485993896754087,"localGP"
"13074",53,13,6,5,62.1197165528081,85.439763813076,"Smooth","Max. Reward Condition",20,"6",16,5,62,422,"Short",0.102110993996491,0.874560775291524,NA,0.485993896754087,"localGP"
"13075",53,14,5,6,65.7919203460871,85.439763813076,"Smooth","Max. Reward Condition",20,"6",16,3,72,422,"Short",0.102110993996491,0.874560775291524,NA,0.485993896754087,"localGP"
"13076",53,15,6,9,20.6620608534217,85.439763813076,"Smooth","Max. Reward Condition",20,"6",16,3,106,422,"Short",0.102110993996491,0.874560775291524,NA,0.485993896754087,"localGP"
"13077",53,16,4,2,29.6795865237045,85.439763813076,"Smooth","Max. Reward Condition",20,"6",16,4,27,422,"Short",0.102110993996491,0.874560775291524,NA,0.485993896754087,"localGP"
"13078",53,17,3,3,100,100,"Smooth","Max. Reward Condition",20,"6",16,7,37,422,"Short",0.102110993996491,0.874560775291524,NA,0.485993896754087,"localGP"
"13079",53,18,3,4,78.314172567177,100,"Smooth","Max. Reward Condition",20,"6",16,3,48,422,"Short",0.102110993996491,0.874560775291524,NA,0.485993896754087,"localGP"
"13080",53,19,6,1,69.9924833118535,100,"Smooth","Max. Reward Condition",20,"6",16,2,18,422,"Short",0.102110993996491,0.874560775291524,NA,0.485993896754087,"localGP"
"13081",53,20,9,6,72.6451286930569,100,"Smooth","Max. Reward Condition",20,"6",16,2,76,422,"Short",0.102110993996491,0.874560775291524,NA,0.485993896754087,"localGP"
"13082",53,21,3,8,58.2164648696967,100,"Smooth","Max. Reward Condition",20,"6",16,15,92,422,"Short",0.102110993996491,0.874560775291524,NA,0.485993896754087,"localGP"
"13083",53,1,3,4,59.6168211558576,59.6168211558576,"Smooth","Max. Reward Condition",40,"7",2,NA,48,423,"Long",0.119864603332963,1.14172314552557,NA,0.578259423024526,"localGP"
"13084",53,2,4,4,50.4349667237655,59.6168211558576,"Smooth","Max. Reward Condition",40,"7",2,3,49,423,"Long",0.119864603332963,1.14172314552557,NA,0.578259423024526,"localGP"
"13085",53,3,3,2,43.186831415249,59.6168211558576,"Smooth","Max. Reward Condition",40,"7",2,10,26,423,"Long",0.119864603332963,1.14172314552557,NA,0.578259423024526,"localGP"
"13086",53,4,2,2,34.4224100731259,59.6168211558576,"Smooth","Max. Reward Condition",40,"7",2,1,25,423,"Long",0.119864603332963,1.14172314552557,NA,0.578259423024526,"localGP"
"13087",53,5,4,0,28.8799240167031,59.6168211558576,"Smooth","Max. Reward Condition",40,"7",2,1,5,423,"Long",0.119864603332963,1.14172314552557,NA,0.578259423024526,"localGP"
"13088",53,6,0,9,29.897358776593,59.6168211558576,"Smooth","Max. Reward Condition",40,"7",2,1,100,423,"Long",0.119864603332963,1.14172314552557,NA,0.578259423024526,"localGP"
"13089",53,7,2,0,27.6666761639388,59.6168211558576,"Smooth","Max. Reward Condition",40,"7",2,1,3,423,"Long",0.119864603332963,1.14172314552557,NA,0.578259423024526,"localGP"
"13090",53,8,7,1,46.9542697073233,59.6168211558576,"Smooth","Max. Reward Condition",40,"7",2,4,19,423,"Long",0.119864603332963,1.14172314552557,NA,0.578259423024526,"localGP"
"13091",53,9,6,2,42.0874642193021,59.6168211558576,"Smooth","Max. Reward Condition",40,"7",2,8,29,423,"Long",0.119864603332963,1.14172314552557,NA,0.578259423024526,"localGP"
"13092",53,10,0,6,25.9307979377378,59.6168211558576,"Smooth","Max. Reward Condition",40,"7",2,10,67,423,"Long",0.119864603332963,1.14172314552557,NA,0.578259423024526,"localGP"
"13093",53,11,4,7,40.1763342885389,59.6168211558576,"Smooth","Max. Reward Condition",40,"7",2,4,82,423,"Long",0.119864603332963,1.14172314552557,NA,0.578259423024526,"localGP"
"13094",53,12,2,5,29.9250214426935,59.6168211558576,"Smooth","Max. Reward Condition",40,"7",2,6,58,423,"Long",0.119864603332963,1.14172314552557,NA,0.578259423024526,"localGP"
"13095",53,13,3,5,7.23441579303476,59.6168211558576,"Smooth","Max. Reward Condition",40,"7",2,5,59,423,"Long",0.119864603332963,1.14172314552557,NA,0.578259423024526,"localGP"
"13096",53,14,4,8,47.2350737016185,59.6168211558576,"Smooth","Max. Reward Condition",40,"7",2,8,93,423,"Long",0.119864603332963,1.14172314552557,NA,0.578259423024526,"localGP"
"13097",53,15,8,6,74.3893540286675,74.3893540286675,"Smooth","Max. Reward Condition",40,"7",2,1,75,423,"Long",0.119864603332963,1.14172314552557,NA,0.578259423024526,"localGP"
"13098",53,16,8,7,27.4177147480502,74.3893540286675,"Smooth","Max. Reward Condition",40,"7",2,2,86,423,"Long",0.119864603332963,1.14172314552557,NA,0.578259423024526,"localGP"
"13099",53,17,8,5,82.1154481139937,82.1154481139937,"Smooth","Max. Reward Condition",40,"7",2,2,64,423,"Long",0.119864603332963,1.14172314552557,NA,0.578259423024526,"localGP"
"13100",53,18,7,5,65.2858713745774,82.1154481139937,"Smooth","Max. Reward Condition",40,"7",2,2,63,423,"Long",0.119864603332963,1.14172314552557,NA,0.578259423024526,"localGP"
"13101",53,19,8,1,43.3216867242377,82.1154481139937,"Smooth","Max. Reward Condition",40,"7",2,1,20,423,"Long",0.119864603332963,1.14172314552557,NA,0.578259423024526,"localGP"
"13102",53,20,8,0,48.9039411316688,82.1154481139937,"Smooth","Max. Reward Condition",40,"7",2,2,9,423,"Long",0.119864603332963,1.14172314552557,NA,0.578259423024526,"localGP"
"13103",53,21,8,7,27.4177147480502,82.1154481139937,"Smooth","Max. Reward Condition",40,"7",2,2,86,423,"Long",0.119864603332963,1.14172314552557,NA,0.578259423024526,"localGP"
"13104",53,22,7,5,65.2858713745774,82.1154481139937,"Smooth","Max. Reward Condition",40,"7",2,4,63,423,"Long",0.119864603332963,1.14172314552557,NA,0.578259423024526,"localGP"
"13105",53,23,7,6,53.9752952053274,82.1154481139937,"Smooth","Max. Reward Condition",40,"7",2,8,74,423,"Long",0.119864603332963,1.14172314552557,NA,0.578259423024526,"localGP"
"13106",53,24,9,6,60.9966324493762,82.1154481139937,"Smooth","Max. Reward Condition",40,"7",2,5,76,423,"Long",0.119864603332963,1.14172314552557,NA,0.578259423024526,"localGP"
"13107",53,25,7,5,65.2858713745774,82.1154481139937,"Smooth","Max. Reward Condition",40,"7",2,3,63,423,"Long",0.119864603332963,1.14172314552557,NA,0.578259423024526,"localGP"
"13108",53,26,9,0,39.4161310997979,82.1154481139937,"Smooth","Max. Reward Condition",40,"7",2,3,10,423,"Long",0.119864603332963,1.14172314552557,NA,0.578259423024526,"localGP"
"13109",53,27,2,9,94.3317374885778,94.3317374885778,"Smooth","Max. Reward Condition",40,"7",2,1,102,423,"Long",0.119864603332963,1.14172314552557,NA,0.578259423024526,"localGP"
"13110",53,28,1,9,45.0686328655171,94.3317374885778,"Smooth","Max. Reward Condition",40,"7",2,2,101,423,"Long",0.119864603332963,1.14172314552557,NA,0.578259423024526,"localGP"
"13111",53,29,1,10,33.6796759387102,94.3317374885778,"Smooth","Max. Reward Condition",40,"7",2,2,112,423,"Long",0.119864603332963,1.14172314552557,NA,0.578259423024526,"localGP"
"13112",53,30,2,10,55.8905706539792,94.3317374885778,"Smooth","Max. Reward Condition",40,"7",2,1,113,423,"Long",0.119864603332963,1.14172314552557,NA,0.578259423024526,"localGP"
"13113",53,31,4,2,17.4226376876341,94.3317374885778,"Smooth","Max. Reward Condition",40,"7",2,3,27,423,"Long",0.119864603332963,1.14172314552557,NA,0.578259423024526,"localGP"
"13114",53,32,0,0,59.752754852951,94.3317374885778,"Smooth","Max. Reward Condition",40,"7",2,1,1,423,"Long",0.119864603332963,1.14172314552557,NA,0.578259423024526,"localGP"
"13115",53,33,6,5,58.989470043494,94.3317374885778,"Smooth","Max. Reward Condition",40,"7",2,2,62,423,"Long",0.119864603332963,1.14172314552557,NA,0.578259423024526,"localGP"
"13116",53,34,5,7,38.2641941861674,94.3317374885778,"Smooth","Max. Reward Condition",40,"7",2,1,83,423,"Long",0.119864603332963,1.14172314552557,NA,0.578259423024526,"localGP"
"13117",53,35,2,1,41.6870799554234,94.3317374885778,"Smooth","Max. Reward Condition",40,"7",2,10,14,423,"Long",0.119864603332963,1.14172314552557,NA,0.578259423024526,"localGP"
"13118",53,36,1,1,53.5541131096444,94.3317374885778,"Smooth","Max. Reward Condition",40,"7",2,5,13,423,"Long",0.119864603332963,1.14172314552557,NA,0.578259423024526,"localGP"
"13119",53,37,0,1,65.1431397571806,94.3317374885778,"Smooth","Max. Reward Condition",40,"7",2,3,12,423,"Long",0.119864603332963,1.14172314552557,NA,0.578259423024526,"localGP"
"13120",53,38,2,7,36.5665227563517,94.3317374885778,"Smooth","Max. Reward Condition",40,"7",2,2,80,423,"Long",0.119864603332963,1.14172314552557,NA,0.578259423024526,"localGP"
"13121",53,39,2,8,88.5776069712184,94.3317374885778,"Smooth","Max. Reward Condition",40,"7",2,4,91,423,"Long",0.119864603332963,1.14172314552557,NA,0.578259423024526,"localGP"
"13122",53,40,2,9,94.3317374885778,94.3317374885778,"Smooth","Max. Reward Condition",40,"7",2,11,102,423,"Long",0.119864603332963,1.14172314552557,NA,0.578259423024526,"localGP"
"13123",53,41,0,8,30.123955458874,94.3317374885778,"Smooth","Max. Reward Condition",40,"7",2,7,89,423,"Long",0.119864603332963,1.14172314552557,NA,0.578259423024526,"localGP"
"13124",53,1,8,10,42.4353725916264,42.4353725916264,"Smooth","Max. Reward Condition",20,"8",10,NA,119,424,"Short",0.111899941817416,0.944099762393301,NA,0.514728035847326,"localGP"
"13125",53,2,9,0,60.0001478018408,60.0001478018408,"Smooth","Max. Reward Condition",20,"8",10,11,10,424,"Short",0.111899941817416,0.944099762393301,NA,0.514728035847326,"localGP"
"13126",53,3,9,2,45.2192972308501,60.0001478018408,"Smooth","Max. Reward Condition",20,"8",10,10,32,424,"Short",0.111899941817416,0.944099762393301,NA,0.514728035847326,"localGP"
"13127",53,4,9,3,43.0768959430653,60.0001478018408,"Smooth","Max. Reward Condition",20,"8",10,10,43,424,"Short",0.111899941817416,0.944099762393301,NA,0.514728035847326,"localGP"
"13128",53,5,6,9,48.7652106612823,60.0001478018408,"Smooth","Max. Reward Condition",20,"8",10,10,106,424,"Short",0.111899941817416,0.944099762393301,NA,0.514728035847326,"localGP"
"13129",53,6,6,8,69.1708615458563,69.1708615458563,"Smooth","Max. Reward Condition",20,"8",10,1,95,424,"Short",0.111899941817416,0.944099762393301,NA,0.514728035847326,"localGP"
"13130",53,7,5,8,39.6481933267656,69.1708615458563,"Smooth","Max. Reward Condition",20,"8",10,2,94,424,"Short",0.111899941817416,0.944099762393301,NA,0.514728035847326,"localGP"
"13131",53,8,2,7,63.6213705397212,69.1708615458563,"Smooth","Max. Reward Condition",20,"8",10,1,80,424,"Short",0.111899941817416,0.944099762393301,NA,0.514728035847326,"localGP"
"13132",53,9,5,6,44.3936408013236,69.1708615458563,"Smooth","Max. Reward Condition",20,"8",10,1,72,424,"Short",0.111899941817416,0.944099762393301,NA,0.514728035847326,"localGP"
"13133",53,10,7,2,56.4176187347025,69.1708615458563,"Smooth","Max. Reward Condition",20,"8",10,1,30,424,"Short",0.111899941817416,0.944099762393301,NA,0.514728035847326,"localGP"
"13134",53,11,7,3,51.9507469793725,69.1708615458563,"Smooth","Max. Reward Condition",20,"8",10,3,41,424,"Short",0.111899941817416,0.944099762393301,NA,0.514728035847326,"localGP"
"13135",53,12,7,4,67.8088166465802,69.1708615458563,"Smooth","Max. Reward Condition",20,"8",10,1,52,424,"Short",0.111899941817416,0.944099762393301,NA,0.514728035847326,"localGP"
"13136",53,13,5,6,44.3936408013236,69.1708615458563,"Smooth","Max. Reward Condition",20,"8",10,2,72,424,"Short",0.111899941817416,0.944099762393301,NA,0.514728035847326,"localGP"
"13137",53,14,7,3,51.9507469793725,69.1708615458563,"Smooth","Max. Reward Condition",20,"8",10,1,41,424,"Short",0.111899941817416,0.944099762393301,NA,0.514728035847326,"localGP"
"13138",53,15,8,0,51.8507217555431,69.1708615458563,"Smooth","Max. Reward Condition",20,"8",10,2,9,424,"Short",0.111899941817416,0.944099762393301,NA,0.514728035847326,"localGP"
"13139",53,16,8,1,54.5000391285094,69.1708615458563,"Smooth","Max. Reward Condition",20,"8",10,1,20,424,"Short",0.111899941817416,0.944099762393301,NA,0.514728035847326,"localGP"
"13140",53,17,8,7,36.5898536730988,69.1708615458563,"Smooth","Max. Reward Condition",20,"8",10,3,86,424,"Short",0.111899941817416,0.944099762393301,NA,0.514728035847326,"localGP"
"13141",53,18,9,9,50.1504839805643,69.1708615458563,"Smooth","Max. Reward Condition",20,"8",10,5,109,424,"Short",0.111899941817416,0.944099762393301,NA,0.514728035847326,"localGP"
"13142",53,19,2,6,66.3176566242465,69.1708615458563,"Smooth","Max. Reward Condition",20,"8",10,4,69,424,"Short",0.111899941817416,0.944099762393301,NA,0.514728035847326,"localGP"
"13143",53,20,3,6,70.1588765725944,70.1588765725944,"Smooth","Max. Reward Condition",20,"8",10,8,70,424,"Short",0.111899941817416,0.944099762393301,NA,0.514728035847326,"localGP"
"13144",53,21,3,4,73.1932360426665,73.1932360426665,"Smooth","Max. Reward Condition",20,"8",10,1,48,424,"Short",0.111899941817416,0.944099762393301,NA,0.514728035847326,"localGP"
"13145",54,1,3,3,30.1477778754891,30.1477778754891,"Rough","Avg. Reward Condition",20,"1",5,NA,37,425,"Short",0.0749091817139119,0.776153491030237,NA,0.459151682044462,"localGP"
"13146",54,2,9,0,92.5470885084956,92.5470885084956,"Rough","Avg. Reward Condition",20,"1",5,1,10,425,"Short",0.0749091817139119,0.776153491030237,NA,0.459151682044462,"localGP"
"13147",54,3,8,0,96.125082157983,96.125082157983,"Rough","Avg. Reward Condition",20,"1",5,2,9,425,"Short",0.0749091817139119,0.776153491030237,NA,0.459151682044462,"localGP"
"13148",54,4,8,1,86.7518912658619,96.125082157983,"Rough","Avg. Reward Condition",20,"1",5,1,20,425,"Short",0.0749091817139119,0.776153491030237,NA,0.459151682044462,"localGP"
"13149",54,5,9,1,68.5223309875422,96.125082157983,"Rough","Avg. Reward Condition",20,"1",5,1,21,425,"Short",0.0749091817139119,0.776153491030237,NA,0.459151682044462,"localGP"
"13150",54,6,10,0,60.7914007542761,96.125082157983,"Rough","Avg. Reward Condition",20,"1",5,1,11,425,"Short",0.0749091817139119,0.776153491030237,NA,0.459151682044462,"localGP"
"13151",54,7,7,2,61.2330802415628,96.125082157983,"Rough","Avg. Reward Condition",20,"1",5,2,30,425,"Short",0.0749091817139119,0.776153491030237,NA,0.459151682044462,"localGP"
"13152",54,8,7,1,81.9911885215714,96.125082157983,"Rough","Avg. Reward Condition",20,"1",5,3,19,425,"Short",0.0749091817139119,0.776153491030237,NA,0.459151682044462,"localGP"
"13153",54,9,7,0,68.4752649344305,96.125082157983,"Rough","Avg. Reward Condition",20,"1",5,2,8,425,"Short",0.0749091817139119,0.776153491030237,NA,0.459151682044462,"localGP"
"13154",54,10,10,1,59.8039431461058,96.125082157983,"Rough","Avg. Reward Condition",20,"1",5,1,22,425,"Short",0.0749091817139119,0.776153491030237,NA,0.459151682044462,"localGP"
"13155",54,11,6,3,31.2645262268698,96.125082157983,"Rough","Avg. Reward Condition",20,"1",5,1,40,425,"Short",0.0749091817139119,0.776153491030237,NA,0.459151682044462,"localGP"
"13156",54,12,5,4,54.3126092330093,96.125082157983,"Rough","Avg. Reward Condition",20,"1",5,1,50,425,"Short",0.0749091817139119,0.776153491030237,NA,0.459151682044462,"localGP"
"13157",54,13,6,4,31.2378142572628,96.125082157983,"Rough","Avg. Reward Condition",20,"1",5,1,51,425,"Short",0.0749091817139119,0.776153491030237,NA,0.459151682044462,"localGP"
"13158",54,14,2,6,69.3656436525534,96.125082157983,"Rough","Avg. Reward Condition",20,"1",5,1,69,425,"Short",0.0749091817139119,0.776153491030237,NA,0.459151682044462,"localGP"
"13159",54,15,1,6,35.5836136671524,96.125082157983,"Rough","Avg. Reward Condition",20,"1",5,0,68,425,"Short",0.0749091817139119,0.776153491030237,NA,0.459151682044462,"localGP"
"13160",54,16,2,7,63.0009414809194,96.125082157983,"Rough","Avg. Reward Condition",20,"1",5,1,80,425,"Short",0.0749091817139119,0.776153491030237,NA,0.459151682044462,"localGP"
"13161",54,17,2,4,23.662499097667,96.125082157983,"Rough","Avg. Reward Condition",20,"1",5,1,47,425,"Short",0.0749091817139119,0.776153491030237,NA,0.459151682044462,"localGP"
"13162",54,18,2,5,55.6706913285101,96.125082157983,"Rough","Avg. Reward Condition",20,"1",5,2,58,425,"Short",0.0749091817139119,0.776153491030237,NA,0.459151682044462,"localGP"
"13163",54,19,3,5,31.9706635707149,96.125082157983,"Rough","Avg. Reward Condition",20,"1",5,1,59,425,"Short",0.0749091817139119,0.776153491030237,NA,0.459151682044462,"localGP"
"13164",54,20,3,7,57.0516260288864,96.125082157983,"Rough","Avg. Reward Condition",20,"1",5,1,81,425,"Short",0.0749091817139119,0.776153491030237,NA,0.459151682044462,"localGP"
"13165",54,21,6,7,60.8864429943102,96.125082157983,"Rough","Avg. Reward Condition",20,"1",5,3,84,425,"Short",0.0749091817139119,0.776153491030237,NA,0.459151682044462,"localGP"
"13166",54,1,5,9,38.2276325889547,38.2276325889547,"Rough","Avg. Reward Condition",40,"2",0,NA,105,426,"Long",0.0891149639602743,0.72991725526562,NA,0.500106126471801,"localGP"
"13167",54,2,4,8,67.9616061763023,67.9616061763023,"Rough","Avg. Reward Condition",40,"2",0,1,93,426,"Long",0.0891149639602743,0.72991725526562,NA,0.500106126471801,"localGP"
"13168",54,3,3,10,32.167524099138,67.9616061763023,"Rough","Avg. Reward Condition",40,"2",0,1,114,426,"Long",0.0891149639602743,0.72991725526562,NA,0.500106126471801,"localGP"
"13169",54,4,4,2,25.7389872414226,67.9616061763023,"Rough","Avg. Reward Condition",40,"2",0,1,27,426,"Long",0.0891149639602743,0.72991725526562,NA,0.500106126471801,"localGP"
"13170",54,5,0,2,53.4074849522853,67.9616061763023,"Rough","Avg. Reward Condition",40,"2",0,1,23,426,"Long",0.0891149639602743,0.72991725526562,NA,0.500106126471801,"localGP"
"13171",54,6,0,3,67.8002087512036,67.9616061763023,"Rough","Avg. Reward Condition",40,"2",0,1,34,426,"Long",0.0891149639602743,0.72991725526562,NA,0.500106126471801,"localGP"
"13172",54,7,1,3,82.5162957459714,82.5162957459714,"Rough","Avg. Reward Condition",40,"2",0,2,35,426,"Long",0.0891149639602743,0.72991725526562,NA,0.500106126471801,"localGP"
"13173",54,8,6,0,31.7584982892941,82.5162957459714,"Rough","Avg. Reward Condition",40,"2",0,1,7,426,"Long",0.0891149639602743,0.72991725526562,NA,0.500106126471801,"localGP"
"13174",54,9,7,0,21.4630619894753,82.5162957459714,"Rough","Avg. Reward Condition",40,"2",0,1,8,426,"Long",0.0891149639602743,0.72991725526562,NA,0.500106126471801,"localGP"
"13175",54,10,8,2,37.9601847511936,82.5162957459714,"Rough","Avg. Reward Condition",40,"2",0,1,31,426,"Long",0.0891149639602743,0.72991725526562,NA,0.500106126471801,"localGP"
"13176",54,11,5,3,61.5900335380626,82.5162957459714,"Rough","Avg. Reward Condition",40,"2",0,1,39,426,"Long",0.0891149639602743,0.72991725526562,NA,0.500106126471801,"localGP"
"13177",54,12,7,4,41.500031362003,82.5162957459714,"Rough","Avg. Reward Condition",40,"2",0,1,52,426,"Long",0.0891149639602743,0.72991725526562,NA,0.500106126471801,"localGP"
"13178",54,13,7,2,5.67992727418949,82.5162957459714,"Rough","Avg. Reward Condition",40,"2",0,1,30,426,"Long",0.0891149639602743,0.72991725526562,NA,0.500106126471801,"localGP"
"13179",54,14,3,8,52.5458075522518,82.5162957459714,"Rough","Avg. Reward Condition",40,"2",0,1,92,426,"Long",0.0891149639602743,0.72991725526562,NA,0.500106126471801,"localGP"
"13180",54,15,2,8,43.1292001162466,82.5162957459714,"Rough","Avg. Reward Condition",40,"2",0,1,91,426,"Long",0.0891149639602743,0.72991725526562,NA,0.500106126471801,"localGP"
"13181",54,16,6,2,14.151020308226,82.5162957459714,"Rough","Avg. Reward Condition",40,"2",0,1,29,426,"Long",0.0891149639602743,0.72991725526562,NA,0.500106126471801,"localGP"
"13182",54,17,9,6,52.7533090833761,82.5162957459714,"Rough","Avg. Reward Condition",40,"2",0,1,76,426,"Long",0.0891149639602743,0.72991725526562,NA,0.500106126471801,"localGP"
"13183",54,18,10,6,47.7902004449391,82.5162957459714,"Rough","Avg. Reward Condition",40,"2",0,1,77,426,"Long",0.0891149639602743,0.72991725526562,NA,0.500106126471801,"localGP"
"13184",54,19,10,7,82.7698657970911,82.7698657970911,"Rough","Avg. Reward Condition",40,"2",0,1,88,426,"Long",0.0891149639602743,0.72991725526562,NA,0.500106126471801,"localGP"
"13185",54,20,7,6,58.4137969202167,82.7698657970911,"Rough","Avg. Reward Condition",40,"2",0,1,74,426,"Long",0.0891149639602743,0.72991725526562,NA,0.500106126471801,"localGP"
"13186",54,21,7,5,54.6376414443385,82.7698657970911,"Rough","Avg. Reward Condition",40,"2",0,1,63,426,"Long",0.0891149639602743,0.72991725526562,NA,0.500106126471801,"localGP"
"13187",54,22,8,5,25.4664364845841,82.7698657970911,"Rough","Avg. Reward Condition",40,"2",0,1,64,426,"Long",0.0891149639602743,0.72991725526562,NA,0.500106126471801,"localGP"
"13188",54,23,5,5,2.28166204896147,82.7698657970911,"Rough","Avg. Reward Condition",40,"2",0,1,61,426,"Long",0.0891149639602743,0.72991725526562,NA,0.500106126471801,"localGP"
"13189",54,24,8,9,62.5269000754681,82.7698657970911,"Rough","Avg. Reward Condition",40,"2",0,4,108,426,"Long",0.0891149639602743,0.72991725526562,NA,0.500106126471801,"localGP"
"13190",54,25,8,8,88.0084195550964,88.0084195550964,"Rough","Avg. Reward Condition",40,"2",0,1,97,426,"Long",0.0891149639602743,0.72991725526562,NA,0.500106126471801,"localGP"
"13191",54,26,8,7,98.0758057854271,98.0758057854271,"Rough","Avg. Reward Condition",40,"2",0,6,86,426,"Long",0.0891149639602743,0.72991725526562,NA,0.500106126471801,"localGP"
"13192",54,27,9,7,93.0900522357202,98.0758057854271,"Rough","Avg. Reward Condition",40,"2",0,1,87,426,"Long",0.0891149639602743,0.72991725526562,NA,0.500106126471801,"localGP"
"13193",54,28,9,8,92.8491332342499,98.0758057854271,"Rough","Avg. Reward Condition",40,"2",0,7,98,426,"Long",0.0891149639602743,0.72991725526562,NA,0.500106126471801,"localGP"
"13194",54,29,10,8,76.6171334634599,98.0758057854271,"Rough","Avg. Reward Condition",40,"2",0,1,99,426,"Long",0.0891149639602743,0.72991725526562,NA,0.500106126471801,"localGP"
"13195",54,30,4,9,40.5959555269918,98.0758057854271,"Rough","Avg. Reward Condition",40,"2",0,2,104,426,"Long",0.0891149639602743,0.72991725526562,NA,0.500106126471801,"localGP"
"13196",54,31,2,9,15.2735933162074,98.0758057854271,"Rough","Avg. Reward Condition",40,"2",0,4,102,426,"Long",0.0891149639602743,0.72991725526562,NA,0.500106126471801,"localGP"
"13197",54,32,0,9,31.7722689774849,98.0758057854271,"Rough","Avg. Reward Condition",40,"2",0,1,100,426,"Long",0.0891149639602743,0.72991725526562,NA,0.500106126471801,"localGP"
"13198",54,33,0,10,14.8843519517488,98.0758057854271,"Rough","Avg. Reward Condition",40,"2",0,1,111,426,"Long",0.0891149639602743,0.72991725526562,NA,0.500106126471801,"localGP"
"13199",54,34,0,6,86.6558005262952,98.0758057854271,"Rough","Avg. Reward Condition",40,"2",0,1,67,426,"Long",0.0891149639602743,0.72991725526562,NA,0.500106126471801,"localGP"
"13200",54,35,0,5,65.7958331067151,98.0758057854271,"Rough","Avg. Reward Condition",40,"2",0,1,56,426,"Long",0.0891149639602743,0.72991725526562,NA,0.500106126471801,"localGP"
"13201",54,36,9,5,7.18281505521625,98.0758057854271,"Rough","Avg. Reward Condition",40,"2",0,2,65,426,"Long",0.0891149639602743,0.72991725526562,NA,0.500106126471801,"localGP"
"13202",54,37,9,4,26.0631617428535,98.0758057854271,"Rough","Avg. Reward Condition",40,"2",0,1,54,426,"Long",0.0891149639602743,0.72991725526562,NA,0.500106126471801,"localGP"
"13203",54,38,6,10,20.7252504989893,98.0758057854271,"Rough","Avg. Reward Condition",40,"2",0,1,117,426,"Long",0.0891149639602743,0.72991725526562,NA,0.500106126471801,"localGP"
"13204",54,39,0,7,100,100,"Rough","Avg. Reward Condition",40,"2",0,1,78,426,"Long",0.0891149639602743,0.72991725526562,NA,0.500106126471801,"localGP"
"13205",54,40,4,1,16.9242628027693,100,"Rough","Avg. Reward Condition",40,"2",0,7,16,426,"Long",0.0891149639602743,0.72991725526562,NA,0.500106126471801,"localGP"
"13206",54,41,1,1,60.5425505864623,100,"Rough","Avg. Reward Condition",40,"2",0,5,13,426,"Long",0.0891149639602743,0.72991725526562,NA,0.500106126471801,"localGP"
"13207",54,1,7,2,13.4842610715727,13.4842610715727,"Rough","Avg. Reward Condition",20,"3",13,NA,30,427,"Short",0.0701557973941238,0.784740266937369,NA,0.45669689839061,"localGP"
"13208",54,2,4,0,76.6677425610664,76.6677425610664,"Rough","Avg. Reward Condition",20,"3",13,12,5,427,"Short",0.0701557973941238,0.784740266937369,NA,0.45669689839061,"localGP"
"13209",54,3,3,0,52.2562561155338,76.6677425610664,"Rough","Avg. Reward Condition",20,"3",13,1,4,427,"Short",0.0701557973941238,0.784740266937369,NA,0.45669689839061,"localGP"
"13210",54,4,3,1,57.0124014871528,76.6677425610664,"Rough","Avg. Reward Condition",20,"3",13,1,15,427,"Short",0.0701557973941238,0.784740266937369,NA,0.45669689839061,"localGP"
"13211",54,5,3,2,75.9223381375201,76.6677425610664,"Rough","Avg. Reward Condition",20,"3",13,1,26,427,"Short",0.0701557973941238,0.784740266937369,NA,0.45669689839061,"localGP"
"13212",54,6,2,2,91.2685637119397,91.2685637119397,"Rough","Avg. Reward Condition",20,"3",13,1,25,427,"Short",0.0701557973941238,0.784740266937369,NA,0.45669689839061,"localGP"
"13213",54,7,2,3,88.3048631958372,91.2685637119397,"Rough","Avg. Reward Condition",20,"3",13,1,36,427,"Short",0.0701557973941238,0.784740266937369,NA,0.45669689839061,"localGP"
"13214",54,8,3,3,80.5615551663229,91.2685637119397,"Rough","Avg. Reward Condition",20,"3",13,1,37,427,"Short",0.0701557973941238,0.784740266937369,NA,0.45669689839061,"localGP"
"13215",54,9,2,2,91.2685637119397,91.2685637119397,"Rough","Avg. Reward Condition",20,"3",13,1,25,427,"Short",0.0701557973941238,0.784740266937369,NA,0.45669689839061,"localGP"
"13216",54,10,1,2,38.3504915671492,91.2685637119397,"Rough","Avg. Reward Condition",20,"3",13,1,24,427,"Short",0.0701557973941238,0.784740266937369,NA,0.45669689839061,"localGP"
"13217",54,11,0,2,22.53914607483,91.2685637119397,"Rough","Avg. Reward Condition",20,"3",13,1,23,427,"Short",0.0701557973941238,0.784740266937369,NA,0.45669689839061,"localGP"
"13218",54,12,6,10,0.313800419129401,91.2685637119397,"Rough","Avg. Reward Condition",20,"3",13,1,117,427,"Short",0.0701557973941238,0.784740266937369,NA,0.45669689839061,"localGP"
"13219",54,13,6,9,20.5227228082924,91.2685637119397,"Rough","Avg. Reward Condition",20,"3",13,1,106,427,"Short",0.0701557973941238,0.784740266937369,NA,0.45669689839061,"localGP"
"13220",54,14,7,10,6.16027342838367,91.2685637119397,"Rough","Avg. Reward Condition",20,"3",13,2,118,427,"Short",0.0701557973941238,0.784740266937369,NA,0.45669689839061,"localGP"
"13221",54,15,8,8,57.8542961251915,91.2685637119397,"Rough","Avg. Reward Condition",20,"3",13,3,97,427,"Short",0.0701557973941238,0.784740266937369,NA,0.45669689839061,"localGP"
"13222",54,16,0,9,38.6067834675174,91.2685637119397,"Rough","Avg. Reward Condition",20,"3",13,2,100,427,"Short",0.0701557973941238,0.784740266937369,NA,0.45669689839061,"localGP"
"13223",54,17,0,10,14.4853168820776,91.2685637119397,"Rough","Avg. Reward Condition",20,"3",13,4,111,427,"Short",0.0701557973941238,0.784740266937369,NA,0.45669689839061,"localGP"
"13224",54,18,3,2,75.9223381375201,91.2685637119397,"Rough","Avg. Reward Condition",20,"3",13,1,26,427,"Short",0.0701557973941238,0.784740266937369,NA,0.45669689839061,"localGP"
"13225",54,19,10,0,100,100,"Rough","Avg. Reward Condition",20,"3",13,4,11,427,"Short",0.0701557973941238,0.784740266937369,NA,0.45669689839061,"localGP"
"13226",54,20,10,1,84.1387204630061,100,"Rough","Avg. Reward Condition",20,"3",13,2,22,427,"Short",0.0701557973941238,0.784740266937369,NA,0.45669689839061,"localGP"
"13227",54,21,10,0,100,100,"Rough","Avg. Reward Condition",20,"3",13,2,11,427,"Short",0.0701557973941238,0.784740266937369,NA,0.45669689839061,"localGP"
"13228",54,1,6,3,37.4132597632544,37.4132597632544,"Rough","Avg. Reward Condition",40,"4",6,NA,40,428,"Long",0.0866742231447818,0.665561189317266,NA,0.522358161301458,"localGP"
"13229",54,2,7,4,44.475034820107,44.475034820107,"Rough","Avg. Reward Condition",40,"4",6,9,52,428,"Long",0.0866742231447818,0.665561189317266,NA,0.522358161301458,"localGP"
"13230",54,3,7,5,62.7685778639352,62.7685778639352,"Rough","Avg. Reward Condition",40,"4",6,1,63,428,"Long",0.0866742231447818,0.665561189317266,NA,0.522358161301458,"localGP"
"13231",54,4,9,6,38.8361127963237,62.7685778639352,"Rough","Avg. Reward Condition",40,"4",6,2,76,428,"Long",0.0866742231447818,0.665561189317266,NA,0.522358161301458,"localGP"
"13232",54,5,8,6,60.0245821381091,62.7685778639352,"Rough","Avg. Reward Condition",40,"4",6,2,75,428,"Long",0.0866742231447818,0.665561189317266,NA,0.522358161301458,"localGP"
"13233",54,6,7,6,39.4865899773576,62.7685778639352,"Rough","Avg. Reward Condition",40,"4",6,1,74,428,"Long",0.0866742231447818,0.665561189317266,NA,0.522358161301458,"localGP"
"13234",54,7,0,1,36.3388197833164,62.7685778639352,"Rough","Avg. Reward Condition",40,"4",6,1,12,428,"Long",0.0866742231447818,0.665561189317266,NA,0.522358161301458,"localGP"
"13235",54,8,1,1,22.2975838808084,62.7685778639352,"Rough","Avg. Reward Condition",40,"4",6,1,13,428,"Long",0.0866742231447818,0.665561189317266,NA,0.522358161301458,"localGP"
"13236",54,9,5,10,51.4215648628106,62.7685778639352,"Rough","Avg. Reward Condition",40,"4",6,2,116,428,"Long",0.0866742231447818,0.665561189317266,NA,0.522358161301458,"localGP"
"13237",54,10,4,10,76.3931212257129,76.3931212257129,"Rough","Avg. Reward Condition",40,"4",6,1,115,428,"Long",0.0866742231447818,0.665561189317266,NA,0.522358161301458,"localGP"
"13238",54,11,3,9,26.2253245390007,76.3931212257129,"Rough","Avg. Reward Condition",40,"4",6,2,103,428,"Long",0.0866742231447818,0.665561189317266,NA,0.522358161301458,"localGP"
"13239",54,12,2,9,26.1687678921862,76.3931212257129,"Rough","Avg. Reward Condition",40,"4",6,4,102,428,"Long",0.0866742231447818,0.665561189317266,NA,0.522358161301458,"localGP"
"13240",54,13,10,4,30.3789218972409,76.3931212257129,"Rough","Avg. Reward Condition",40,"4",6,1,55,428,"Long",0.0866742231447818,0.665561189317266,NA,0.522358161301458,"localGP"
"13241",54,14,8,4,54.5470358257258,76.3931212257129,"Rough","Avg. Reward Condition",40,"4",6,4,53,428,"Long",0.0866742231447818,0.665561189317266,NA,0.522358161301458,"localGP"
"13242",54,15,9,2,38.9021292283964,76.3931212257129,"Rough","Avg. Reward Condition",40,"4",6,1,32,428,"Long",0.0866742231447818,0.665561189317266,NA,0.522358161301458,"localGP"
"13243",54,16,9,3,30.7578099709399,76.3931212257129,"Rough","Avg. Reward Condition",40,"4",6,2,43,428,"Long",0.0866742231447818,0.665561189317266,NA,0.522358161301458,"localGP"
"13244",54,17,1,9,36.7437798963148,76.3931212257129,"Rough","Avg. Reward Condition",40,"4",6,7,101,428,"Long",0.0866742231447818,0.665561189317266,NA,0.522358161301458,"localGP"
"13245",54,18,4,8,46.9524514765954,76.3931212257129,"Rough","Avg. Reward Condition",40,"4",6,1,93,428,"Long",0.0866742231447818,0.665561189317266,NA,0.522358161301458,"localGP"
"13246",54,19,8,5,61.1665881936145,76.3931212257129,"Rough","Avg. Reward Condition",40,"4",6,1,64,428,"Long",0.0866742231447818,0.665561189317266,NA,0.522358161301458,"localGP"
"13247",54,20,9,4,38.9053928738071,76.3931212257129,"Rough","Avg. Reward Condition",40,"4",6,1,54,428,"Long",0.0866742231447818,0.665561189317266,NA,0.522358161301458,"localGP"
"13248",54,21,8,6,60.0245821381091,76.3931212257129,"Rough","Avg. Reward Condition",40,"4",6,2,75,428,"Long",0.0866742231447818,0.665561189317266,NA,0.522358161301458,"localGP"
"13249",54,22,10,7,45.5021698511978,76.3931212257129,"Rough","Avg. Reward Condition",40,"4",6,1,88,428,"Long",0.0866742231447818,0.665561189317266,NA,0.522358161301458,"localGP"
"13250",54,23,3,5,0,76.3931212257129,"Rough","Avg. Reward Condition",40,"4",6,1,59,428,"Long",0.0866742231447818,0.665561189317266,NA,0.522358161301458,"localGP"
"13251",54,24,3,6,26.5559672712073,76.3931212257129,"Rough","Avg. Reward Condition",40,"4",6,1,70,428,"Long",0.0866742231447818,0.665561189317266,NA,0.522358161301458,"localGP"
"13252",54,25,1,5,100,100,"Rough","Avg. Reward Condition",40,"4",6,2,57,428,"Long",0.0866742231447818,0.665561189317266,NA,0.522358161301458,"localGP"
"13253",54,26,2,5,39.0984637940291,100,"Rough","Avg. Reward Condition",40,"4",6,1,58,428,"Long",0.0866742231447818,0.665561189317266,NA,0.522358161301458,"localGP"
"13254",54,27,2,6,41.8450334706291,100,"Rough","Avg. Reward Condition",40,"4",6,1,69,428,"Long",0.0866742231447818,0.665561189317266,NA,0.522358161301458,"localGP"
"13255",54,28,1,6,54.3370472689451,100,"Rough","Avg. Reward Condition",40,"4",6,3,68,428,"Long",0.0866742231447818,0.665561189317266,NA,0.522358161301458,"localGP"
"13256",54,29,1,5,100,100,"Rough","Avg. Reward Condition",40,"4",6,2,57,428,"Long",0.0866742231447818,0.665561189317266,NA,0.522358161301458,"localGP"
"13257",54,30,1,4,80.1452331951454,100,"Rough","Avg. Reward Condition",40,"4",6,1,46,428,"Long",0.0866742231447818,0.665561189317266,NA,0.522358161301458,"localGP"
"13258",54,31,1,3,70.5820098602199,100,"Rough","Avg. Reward Condition",40,"4",6,2,35,428,"Long",0.0866742231447818,0.665561189317266,NA,0.522358161301458,"localGP"
"13259",54,32,0,3,82.5721379784096,100,"Rough","Avg. Reward Condition",40,"4",6,13,34,428,"Long",0.0866742231447818,0.665561189317266,NA,0.522358161301458,"localGP"
"13260",54,33,0,4,74.8791108715427,100,"Rough","Avg. Reward Condition",40,"4",6,7,45,428,"Long",0.0866742231447818,0.665561189317266,NA,0.522358161301458,"localGP"
"13261",54,34,0,5,85.1317086337792,100,"Rough","Avg. Reward Condition",40,"4",6,5,56,428,"Long",0.0866742231447818,0.665561189317266,NA,0.522358161301458,"localGP"
"13262",54,35,0,6,46.0544782889019,100,"Rough","Avg. Reward Condition",40,"4",6,7,67,428,"Long",0.0866742231447818,0.665561189317266,NA,0.522358161301458,"localGP"
"13263",54,36,7,4,44.475034820107,100,"Rough","Avg. Reward Condition",40,"4",6,3,52,428,"Long",0.0866742231447818,0.665561189317266,NA,0.522358161301458,"localGP"
"13264",54,37,7,3,29.6760895076296,100,"Rough","Avg. Reward Condition",40,"4",6,3,41,428,"Long",0.0866742231447818,0.665561189317266,NA,0.522358161301458,"localGP"
"13265",54,38,9,0,42.7227287180246,100,"Rough","Avg. Reward Condition",40,"4",6,8,10,428,"Long",0.0866742231447818,0.665561189317266,NA,0.522358161301458,"localGP"
"13266",54,39,8,0,72.9354979095338,100,"Rough","Avg. Reward Condition",40,"4",6,7,9,428,"Long",0.0866742231447818,0.665561189317266,NA,0.522358161301458,"localGP"
"13267",54,40,8,1,68.8502438954186,100,"Rough","Avg. Reward Condition",40,"4",6,2,20,428,"Long",0.0866742231447818,0.665561189317266,NA,0.522358161301458,"localGP"
"13268",54,41,7,1,83.5475141176989,100,"Rough","Avg. Reward Condition",40,"4",6,6,19,428,"Long",0.0866742231447818,0.665561189317266,NA,0.522358161301458,"localGP"
"13269",54,1,0,0,17.04487034963,17.04487034963,"Rough","Avg. Reward Condition",20,"5",19,NA,1,429,"Short",0.0714095766022189,0.768142808064841,NA,0.458147312293469,"localGP"
"13270",54,2,1,0,30.9199294769584,30.9199294769584,"Rough","Avg. Reward Condition",20,"5",19,11,2,429,"Short",0.0714095766022189,0.768142808064841,NA,0.458147312293469,"localGP"
"13271",54,3,1,1,44.7148827500089,44.7148827500089,"Rough","Avg. Reward Condition",20,"5",19,8,13,429,"Short",0.0714095766022189,0.768142808064841,NA,0.458147312293469,"localGP"
"13272",54,4,1,2,57.7851669507592,57.7851669507592,"Rough","Avg. Reward Condition",20,"5",19,1,24,429,"Short",0.0714095766022189,0.768142808064841,NA,0.458147312293469,"localGP"
"13273",54,5,1,3,45.9782806867717,57.7851669507592,"Rough","Avg. Reward Condition",20,"5",19,1,35,429,"Short",0.0714095766022189,0.768142808064841,NA,0.458147312293469,"localGP"
"13274",54,6,1,6,4.45883887214333,57.7851669507592,"Rough","Avg. Reward Condition",20,"5",19,1,68,429,"Short",0.0714095766022189,0.768142808064841,NA,0.458147312293469,"localGP"
"13275",54,7,1,8,17.4720562138762,57.7851669507592,"Rough","Avg. Reward Condition",20,"5",19,2,90,429,"Short",0.0714095766022189,0.768142808064841,NA,0.458147312293469,"localGP"
"13276",54,8,4,6,66.9336804964909,66.9336804964909,"Rough","Avg. Reward Condition",20,"5",19,1,71,429,"Short",0.0714095766022189,0.768142808064841,NA,0.458147312293469,"localGP"
"13277",54,9,4,5,30.6880368467941,66.9336804964909,"Rough","Avg. Reward Condition",20,"5",19,1,60,429,"Short",0.0714095766022189,0.768142808064841,NA,0.458147312293469,"localGP"
"13278",54,10,4,7,70.1082193743666,70.1082193743666,"Rough","Avg. Reward Condition",20,"5",19,1,82,429,"Short",0.0714095766022189,0.768142808064841,NA,0.458147312293469,"localGP"
"13279",54,11,4,8,46.6192983438383,70.1082193743666,"Rough","Avg. Reward Condition",20,"5",19,1,93,429,"Short",0.0714095766022189,0.768142808064841,NA,0.458147312293469,"localGP"
"13280",54,12,6,9,48.6880190782751,70.1082193743666,"Rough","Avg. Reward Condition",20,"5",19,1,106,429,"Short",0.0714095766022189,0.768142808064841,NA,0.458147312293469,"localGP"
"13281",54,13,6,10,74.1112237297594,74.1112237297594,"Rough","Avg. Reward Condition",20,"5",19,1,117,429,"Short",0.0714095766022189,0.768142808064841,NA,0.458147312293469,"localGP"
"13282",54,14,5,10,47.8987262992674,74.1112237297594,"Rough","Avg. Reward Condition",20,"5",19,1,116,429,"Short",0.0714095766022189,0.768142808064841,NA,0.458147312293469,"localGP"
"13283",54,15,7,10,33.7979649487254,74.1112237297594,"Rough","Avg. Reward Condition",20,"5",19,2,118,429,"Short",0.0714095766022189,0.768142808064841,NA,0.458147312293469,"localGP"
"13284",54,16,8,10,46.913830316066,74.1112237297594,"Rough","Avg. Reward Condition",20,"5",19,4,119,429,"Short",0.0714095766022189,0.768142808064841,NA,0.458147312293469,"localGP"
"13285",54,17,9,10,65.8121215823365,74.1112237297594,"Rough","Avg. Reward Condition",20,"5",19,4,120,429,"Short",0.0714095766022189,0.768142808064841,NA,0.458147312293469,"localGP"
"13286",54,18,9,1,60.8910168599768,74.1112237297594,"Rough","Avg. Reward Condition",20,"5",19,1,21,429,"Short",0.0714095766022189,0.768142808064841,NA,0.458147312293469,"localGP"
"13287",54,19,9,2,72.7930930430247,74.1112237297594,"Rough","Avg. Reward Condition",20,"5",19,1,32,429,"Short",0.0714095766022189,0.768142808064841,NA,0.458147312293469,"localGP"
"13288",54,20,10,2,77.6423295803119,77.6423295803119,"Rough","Avg. Reward Condition",20,"5",19,1,33,429,"Short",0.0714095766022189,0.768142808064841,NA,0.458147312293469,"localGP"
"13289",54,21,10,3,69.2905062907233,77.6423295803119,"Rough","Avg. Reward Condition",20,"5",19,1,44,429,"Short",0.0714095766022189,0.768142808064841,NA,0.458147312293469,"localGP"
"13290",54,1,1,9,58.9073420651609,58.9073420651609,"Rough","Avg. Reward Condition",40,"6",18,NA,101,430,"Long",0.0883102426990298,0.708027992636148,NA,0.534342805231194,"localGP"
"13291",54,2,2,9,54.5359599883725,58.9073420651609,"Rough","Avg. Reward Condition",40,"6",18,12,102,430,"Long",0.0883102426990298,0.708027992636148,NA,0.534342805231194,"localGP"
"13292",54,3,10,2,47.0470762762012,58.9073420651609,"Rough","Avg. Reward Condition",40,"6",18,8,33,430,"Long",0.0883102426990298,0.708027992636148,NA,0.534342805231194,"localGP"
"13293",54,4,4,4,52.24416387013,58.9073420651609,"Rough","Avg. Reward Condition",40,"6",18,14,49,430,"Long",0.0883102426990298,0.708027992636148,NA,0.534342805231194,"localGP"
"13294",54,5,4,10,41.5348285805763,58.9073420651609,"Rough","Avg. Reward Condition",40,"6",18,1,115,430,"Long",0.0883102426990298,0.708027992636148,NA,0.534342805231194,"localGP"
"13295",54,6,3,10,32.5695318981662,58.9073420651609,"Rough","Avg. Reward Condition",40,"6",18,2,114,430,"Long",0.0883102426990298,0.708027992636148,NA,0.534342805231194,"localGP"
"13296",54,7,7,4,21.5751534071113,58.9073420651609,"Rough","Avg. Reward Condition",40,"6",18,2,52,430,"Long",0.0883102426990298,0.708027992636148,NA,0.534342805231194,"localGP"
"13297",54,8,10,4,53.5685725301176,58.9073420651609,"Rough","Avg. Reward Condition",40,"6",18,1,55,430,"Long",0.0883102426990298,0.708027992636148,NA,0.534342805231194,"localGP"
"13298",54,9,9,7,72.9623547713888,72.9623547713888,"Rough","Avg. Reward Condition",40,"6",18,1,87,430,"Long",0.0883102426990298,0.708027992636148,NA,0.534342805231194,"localGP"
"13299",54,10,9,8,80.6519418863633,80.6519418863633,"Rough","Avg. Reward Condition",40,"6",18,1,98,430,"Long",0.0883102426990298,0.708027992636148,NA,0.534342805231194,"localGP"
"13300",54,11,8,8,58.8343770395875,80.6519418863633,"Rough","Avg. Reward Condition",40,"6",18,2,97,430,"Long",0.0883102426990298,0.708027992636148,NA,0.534342805231194,"localGP"
"13301",54,12,7,8,41.2424197528624,80.6519418863633,"Rough","Avg. Reward Condition",40,"6",18,1,96,430,"Long",0.0883102426990298,0.708027992636148,NA,0.534342805231194,"localGP"
"13302",54,13,5,6,67.4717782812046,80.6519418863633,"Rough","Avg. Reward Condition",40,"6",18,2,72,430,"Long",0.0883102426990298,0.708027992636148,NA,0.534342805231194,"localGP"
"13303",54,14,1,0,52.4795285472342,80.6519418863633,"Rough","Avg. Reward Condition",40,"6",18,1,2,430,"Long",0.0883102426990298,0.708027992636148,NA,0.534342805231194,"localGP"
"13304",54,15,5,3,28.2693028674169,80.6519418863633,"Rough","Avg. Reward Condition",40,"6",18,3,39,430,"Long",0.0883102426990298,0.708027992636148,NA,0.534342805231194,"localGP"
"13305",54,16,5,1,44.0731143129656,80.6519418863633,"Rough","Avg. Reward Condition",40,"6",18,1,17,430,"Long",0.0883102426990298,0.708027992636148,NA,0.534342805231194,"localGP"
"13306",54,17,2,10,25.2569128061938,80.6519418863633,"Rough","Avg. Reward Condition",40,"6",18,2,113,430,"Long",0.0883102426990298,0.708027992636148,NA,0.534342805231194,"localGP"
"13307",54,18,6,10,34.4746445894491,80.6519418863633,"Rough","Avg. Reward Condition",40,"6",18,1,117,430,"Long",0.0883102426990298,0.708027992636148,NA,0.534342805231194,"localGP"
"13308",54,19,5,9,24.0405194815787,80.6519418863633,"Rough","Avg. Reward Condition",40,"6",18,3,105,430,"Long",0.0883102426990298,0.708027992636148,NA,0.534342805231194,"localGP"
"13309",54,20,8,2,23.7481836425879,80.6519418863633,"Rough","Avg. Reward Condition",40,"6",18,1,31,430,"Long",0.0883102426990298,0.708027992636148,NA,0.534342805231194,"localGP"
"13310",54,21,6,2,24.0265388631754,80.6519418863633,"Rough","Avg. Reward Condition",40,"6",18,3,29,430,"Long",0.0883102426990298,0.708027992636148,NA,0.534342805231194,"localGP"
"13311",54,22,2,6,9.85315561544602,80.6519418863633,"Rough","Avg. Reward Condition",40,"6",18,1,69,430,"Long",0.0883102426990298,0.708027992636148,NA,0.534342805231194,"localGP"
"13312",54,23,3,6,31.7774943870089,80.6519418863633,"Rough","Avg. Reward Condition",40,"6",18,6,70,430,"Long",0.0883102426990298,0.708027992636148,NA,0.534342805231194,"localGP"
"13313",54,24,4,6,56.6641694320835,80.6519418863633,"Rough","Avg. Reward Condition",40,"6",18,1,71,430,"Long",0.0883102426990298,0.708027992636148,NA,0.534342805231194,"localGP"
"13314",54,25,4,5,66.1329906623103,80.6519418863633,"Rough","Avg. Reward Condition",40,"6",18,1,60,430,"Long",0.0883102426990298,0.708027992636148,NA,0.534342805231194,"localGP"
"13315",54,26,5,5,61.5391732787472,80.6519418863633,"Rough","Avg. Reward Condition",40,"6",18,2,61,430,"Long",0.0883102426990298,0.708027992636148,NA,0.534342805231194,"localGP"
"13316",54,27,6,5,39.8371872215826,80.6519418863633,"Rough","Avg. Reward Condition",40,"6",18,1,62,430,"Long",0.0883102426990298,0.708027992636148,NA,0.534342805231194,"localGP"
"13317",54,28,5,4,37.8791272787462,80.6519418863633,"Rough","Avg. Reward Condition",40,"6",18,2,50,430,"Long",0.0883102426990298,0.708027992636148,NA,0.534342805231194,"localGP"
"13318",54,29,6,4,24.0248838436953,80.6519418863633,"Rough","Avg. Reward Condition",40,"6",18,1,51,430,"Long",0.0883102426990298,0.708027992636148,NA,0.534342805231194,"localGP"
"13319",54,30,0,7,18.2389240639338,80.6519418863633,"Rough","Avg. Reward Condition",40,"6",18,1,78,430,"Long",0.0883102426990298,0.708027992636148,NA,0.534342805231194,"localGP"
"13320",54,31,4,1,62.7752571733289,80.6519418863633,"Rough","Avg. Reward Condition",40,"6",18,1,16,430,"Long",0.0883102426990298,0.708027992636148,NA,0.534342805231194,"localGP"
"13321",54,32,3,1,75.1442624365829,80.6519418863633,"Rough","Avg. Reward Condition",40,"6",18,2,15,430,"Long",0.0883102426990298,0.708027992636148,NA,0.534342805231194,"localGP"
"13322",54,33,3,2,87.0484650270771,87.0484650270771,"Rough","Avg. Reward Condition",40,"6",18,3,26,430,"Long",0.0883102426990298,0.708027992636148,NA,0.534342805231194,"localGP"
"13323",54,34,3,3,53.9768384538052,87.0484650270771,"Rough","Avg. Reward Condition",40,"6",18,4,37,430,"Long",0.0883102426990298,0.708027992636148,NA,0.534342805231194,"localGP"
"13324",54,35,2,3,53.5961483472986,87.0484650270771,"Rough","Avg. Reward Condition",40,"6",18,2,36,430,"Long",0.0883102426990298,0.708027992636148,NA,0.534342805231194,"localGP"
"13325",54,36,2,3,53.5961483472986,87.0484650270771,"Rough","Avg. Reward Condition",40,"6",18,2,36,430,"Long",0.0883102426990298,0.708027992636148,NA,0.534342805231194,"localGP"
"13326",54,37,2,2,100,100,"Rough","Avg. Reward Condition",40,"6",18,8,25,430,"Long",0.0883102426990298,0.708027992636148,NA,0.534342805231194,"localGP"
"13327",54,38,0,4,2.73847542307962,100,"Rough","Avg. Reward Condition",40,"6",18,12,45,430,"Long",0.0883102426990298,0.708027992636148,NA,0.534342805231194,"localGP"
"13328",54,39,5,1,44.0731143129656,100,"Rough","Avg. Reward Condition",40,"6",18,1,17,430,"Long",0.0883102426990298,0.708027992636148,NA,0.534342805231194,"localGP"
"13329",54,40,6,7,45.7922377623339,100,"Rough","Avg. Reward Condition",40,"6",18,1,84,430,"Long",0.0883102426990298,0.708027992636148,NA,0.534342805231194,"localGP"
"13330",54,41,5,7,60.8656482156471,100,"Rough","Avg. Reward Condition",40,"6",18,2,83,430,"Long",0.0883102426990298,0.708027992636148,NA,0.534342805231194,"localGP"
"13331",54,1,2,10,17.4994853434702,17.4994853434702,"Rough","Avg. Reward Condition",20,"7",11,NA,113,431,"Short",0.0724977056622286,0.767394763712138,NA,0.494260714557897,"localGP"
"13332",54,2,10,10,11.4208125415598,17.4994853434702,"Rough","Avg. Reward Condition",20,"7",11,10,121,431,"Short",0.0724977056622286,0.767394763712138,NA,0.494260714557897,"localGP"
"13333",54,3,8,10,41.6884701008907,41.6884701008907,"Rough","Avg. Reward Condition",20,"7",11,8,119,431,"Short",0.0724977056622286,0.767394763712138,NA,0.494260714557897,"localGP"
"13334",54,4,8,9,60.550993033302,60.550993033302,"Rough","Avg. Reward Condition",20,"7",11,8,108,431,"Short",0.0724977056622286,0.767394763712138,NA,0.494260714557897,"localGP"
"13335",54,5,7,9,39.2512889710385,60.550993033302,"Rough","Avg. Reward Condition",20,"7",11,8,107,431,"Short",0.0724977056622286,0.767394763712138,NA,0.494260714557897,"localGP"
"13336",54,6,5,9,67.3684283417963,67.3684283417963,"Rough","Avg. Reward Condition",20,"7",11,1,105,431,"Short",0.0724977056622286,0.767394763712138,NA,0.494260714557897,"localGP"
"13337",54,7,4,9,78.163385341713,78.163385341713,"Rough","Avg. Reward Condition",20,"7",11,2,104,431,"Short",0.0724977056622286,0.767394763712138,NA,0.494260714557897,"localGP"
"13338",54,8,4,10,100,100,"Rough","Avg. Reward Condition",20,"7",11,1,115,431,"Short",0.0724977056622286,0.767394763712138,NA,0.494260714557897,"localGP"
"13339",54,9,5,10,87.2658829250153,100,"Rough","Avg. Reward Condition",20,"7",11,2,116,431,"Short",0.0724977056622286,0.767394763712138,NA,0.494260714557897,"localGP"
"13340",54,10,6,10,64.4156192445451,100,"Rough","Avg. Reward Condition",20,"7",11,2,117,431,"Short",0.0724977056622286,0.767394763712138,NA,0.494260714557897,"localGP"
"13341",54,11,5,10,87.2658829250153,100,"Rough","Avg. Reward Condition",20,"7",11,1,116,431,"Short",0.0724977056622286,0.767394763712138,NA,0.494260714557897,"localGP"
"13342",54,12,4,10,100,100,"Rough","Avg. Reward Condition",20,"7",11,1,115,431,"Short",0.0724977056622286,0.767394763712138,NA,0.494260714557897,"localGP"
"13343",54,13,1,4,21.9699335445303,100,"Rough","Avg. Reward Condition",20,"7",11,1,46,431,"Short",0.0724977056622286,0.767394763712138,NA,0.494260714557897,"localGP"
"13344",54,14,2,4,24.879382735305,100,"Rough","Avg. Reward Condition",20,"7",11,8,47,431,"Short",0.0724977056622286,0.767394763712138,NA,0.494260714557897,"localGP"
"13345",54,15,2,5,2.60066814407864,100,"Rough","Avg. Reward Condition",20,"7",11,4,58,431,"Short",0.0724977056622286,0.767394763712138,NA,0.494260714557897,"localGP"
"13346",54,16,2,7,55.5981513858235,100,"Rough","Avg. Reward Condition",20,"7",11,1,80,431,"Short",0.0724977056622286,0.767394763712138,NA,0.494260714557897,"localGP"
"13347",54,17,8,5,25.4104652088754,100,"Rough","Avg. Reward Condition",20,"7",11,2,64,431,"Short",0.0724977056622286,0.767394763712138,NA,0.494260714557897,"localGP"
"13348",54,18,1,10,22.1436361165022,100,"Rough","Avg. Reward Condition",20,"7",11,2,112,431,"Short",0.0724977056622286,0.767394763712138,NA,0.494260714557897,"localGP"
"13349",54,19,0,10,38.3017166206563,100,"Rough","Avg. Reward Condition",20,"7",11,2,111,431,"Short",0.0724977056622286,0.767394763712138,NA,0.494260714557897,"localGP"
"13350",54,20,0,9,39.2599045989107,100,"Rough","Avg. Reward Condition",20,"7",11,1,100,431,"Short",0.0724977056622286,0.767394763712138,NA,0.494260714557897,"localGP"
"13351",54,21,5,1,51.6981708043446,100,"Rough","Avg. Reward Condition",20,"7",11,2,17,431,"Short",0.0724977056622286,0.767394763712138,NA,0.494260714557897,"localGP"
"13352",54,1,10,10,65.1732478778687,65.1732478778687,"Rough","Avg. Reward Condition",40,"8",17,NA,121,432,"Long",0.0803257776016823,0.700625890573383,NA,0.506689990066279,"localGP"
"13353",54,2,9,10,51.9374709842096,65.1732478778687,"Rough","Avg. Reward Condition",40,"8",17,15,120,432,"Long",0.0803257776016823,0.700625890573383,NA,0.506689990066279,"localGP"
"13354",54,3,5,10,36.7071587772784,65.1732478778687,"Rough","Avg. Reward Condition",40,"8",17,13,116,432,"Long",0.0803257776016823,0.700625890573383,NA,0.506689990066279,"localGP"
"13355",54,4,2,0,54.8642131935896,65.1732478778687,"Rough","Avg. Reward Condition",40,"8",17,2,3,432,"Long",0.0803257776016823,0.700625890573383,NA,0.506689990066279,"localGP"
"13356",54,5,1,0,56.6190027883909,65.1732478778687,"Rough","Avg. Reward Condition",40,"8",17,4,2,432,"Long",0.0803257776016823,0.700625890573383,NA,0.506689990066279,"localGP"
"13357",54,6,1,1,33.7566886392353,65.1732478778687,"Rough","Avg. Reward Condition",40,"8",17,7,13,432,"Long",0.0803257776016823,0.700625890573383,NA,0.506689990066279,"localGP"
"13358",54,7,0,2,36.3094858806942,65.1732478778687,"Rough","Avg. Reward Condition",40,"8",17,2,23,432,"Long",0.0803257776016823,0.700625890573383,NA,0.506689990066279,"localGP"
"13359",54,8,0,3,53.5211844117636,65.1732478778687,"Rough","Avg. Reward Condition",40,"8",17,3,34,432,"Long",0.0803257776016823,0.700625890573383,NA,0.506689990066279,"localGP"
"13360",54,9,1,3,74.4820518548536,74.4820518548536,"Rough","Avg. Reward Condition",40,"8",17,2,35,432,"Long",0.0803257776016823,0.700625890573383,NA,0.506689990066279,"localGP"
"13361",54,10,2,3,51.4694994418352,74.4820518548536,"Rough","Avg. Reward Condition",40,"8",17,1,36,432,"Long",0.0803257776016823,0.700625890573383,NA,0.506689990066279,"localGP"
"13362",54,11,2,2,22.1855612210246,74.4820518548536,"Rough","Avg. Reward Condition",40,"8",17,1,25,432,"Long",0.0803257776016823,0.700625890573383,NA,0.506689990066279,"localGP"
"13363",54,12,1,2,37.0468880357367,74.4820518548536,"Rough","Avg. Reward Condition",40,"8",17,2,24,432,"Long",0.0803257776016823,0.700625890573383,NA,0.506689990066279,"localGP"
"13364",54,13,3,6,61.6521718992743,74.4820518548536,"Rough","Avg. Reward Condition",40,"8",17,3,70,432,"Long",0.0803257776016823,0.700625890573383,NA,0.506689990066279,"localGP"
"13365",54,14,3,5,100,100,"Rough","Avg. Reward Condition",40,"8",17,1,59,432,"Long",0.0803257776016823,0.700625890573383,NA,0.506689990066279,"localGP"
"13366",54,15,4,5,82.6609311486781,100,"Rough","Avg. Reward Condition",40,"8",17,1,60,432,"Long",0.0803257776016823,0.700625890573383,NA,0.506689990066279,"localGP"
"13367",54,16,4,6,52.4710109761759,100,"Rough","Avg. Reward Condition",40,"8",17,2,71,432,"Long",0.0803257776016823,0.700625890573383,NA,0.506689990066279,"localGP"
"13368",54,17,6,5,17.9186730443507,100,"Rough","Avg. Reward Condition",40,"8",17,1,62,432,"Long",0.0803257776016823,0.700625890573383,NA,0.506689990066279,"localGP"
"13369",54,18,1,8,61.4248560336744,100,"Rough","Avg. Reward Condition",40,"8",17,2,90,432,"Long",0.0803257776016823,0.700625890573383,NA,0.506689990066279,"localGP"
"13370",54,19,2,7,55.9761738528466,100,"Rough","Avg. Reward Condition",40,"8",17,2,80,432,"Long",0.0803257776016823,0.700625890573383,NA,0.506689990066279,"localGP"
"13371",54,20,10,6,67.2792889568495,100,"Rough","Avg. Reward Condition",40,"8",17,0,77,432,"Long",0.0803257776016823,0.700625890573383,NA,0.506689990066279,"localGP"
"13372",54,21,10,5,66.9387480102746,100,"Rough","Avg. Reward Condition",40,"8",17,1,66,432,"Long",0.0803257776016823,0.700625890573383,NA,0.506689990066279,"localGP"
"13373",54,22,10,4,60.9323536427728,100,"Rough","Avg. Reward Condition",40,"8",17,9,55,432,"Long",0.0803257776016823,0.700625890573383,NA,0.506689990066279,"localGP"
"13374",54,23,9,4,37.4189636336299,100,"Rough","Avg. Reward Condition",40,"8",17,1,54,432,"Long",0.0803257776016823,0.700625890573383,NA,0.506689990066279,"localGP"
"13375",54,24,7,5,24.4140130068995,100,"Rough","Avg. Reward Condition",40,"8",17,1,63,432,"Long",0.0803257776016823,0.700625890573383,NA,0.506689990066279,"localGP"
"13376",54,25,0,3,53.5211844117636,100,"Rough","Avg. Reward Condition",40,"8",17,2,34,432,"Long",0.0803257776016823,0.700625890573383,NA,0.506689990066279,"localGP"
"13377",54,26,0,4,42.8036360256074,100,"Rough","Avg. Reward Condition",40,"8",17,1,45,432,"Long",0.0803257776016823,0.700625890573383,NA,0.506689990066279,"localGP"
"13378",54,27,0,5,32.850086686041,100,"Rough","Avg. Reward Condition",40,"8",17,2,56,432,"Long",0.0803257776016823,0.700625890573383,NA,0.506689990066279,"localGP"
"13379",54,28,0,6,45.728251505355,100,"Rough","Avg. Reward Condition",40,"8",17,3,67,432,"Long",0.0803257776016823,0.700625890573383,NA,0.506689990066279,"localGP"
"13380",54,29,0,9,6.38846062924272,100,"Rough","Avg. Reward Condition",40,"8",17,1,100,432,"Long",0.0803257776016823,0.700625890573383,NA,0.506689990066279,"localGP"
"13381",54,30,1,7,56.599176854759,100,"Rough","Avg. Reward Condition",40,"8",17,2,79,432,"Long",0.0803257776016823,0.700625890573383,NA,0.506689990066279,"localGP"
"13382",54,31,1,10,38.833322433852,100,"Rough","Avg. Reward Condition",40,"8",17,1,112,432,"Long",0.0803257776016823,0.700625890573383,NA,0.506689990066279,"localGP"
"13383",54,32,2,10,64.0452624101058,100,"Rough","Avg. Reward Condition",40,"8",17,1,113,432,"Long",0.0803257776016823,0.700625890573383,NA,0.506689990066279,"localGP"
"13384",54,33,2,10,64.0452624101058,100,"Rough","Avg. Reward Condition",40,"8",17,1,113,432,"Long",0.0803257776016823,0.700625890573383,NA,0.506689990066279,"localGP"
"13385",54,34,2,9,69.3281763432378,100,"Rough","Avg. Reward Condition",40,"8",17,2,102,432,"Long",0.0803257776016823,0.700625890573383,NA,0.506689990066279,"localGP"
"13386",54,35,3,9,57.8931465906352,100,"Rough","Avg. Reward Condition",40,"8",17,1,103,432,"Long",0.0803257776016823,0.700625890573383,NA,0.506689990066279,"localGP"
"13387",54,36,3,8,42.84962574602,100,"Rough","Avg. Reward Condition",40,"8",17,1,92,432,"Long",0.0803257776016823,0.700625890573383,NA,0.506689990066279,"localGP"
"13388",54,37,2,8,56.749621146005,100,"Rough","Avg. Reward Condition",40,"8",17,4,91,432,"Long",0.0803257776016823,0.700625890573383,NA,0.506689990066279,"localGP"
"13389",54,38,1,7,56.599176854759,100,"Rough","Avg. Reward Condition",40,"8",17,1,79,432,"Long",0.0803257776016823,0.700625890573383,NA,0.506689990066279,"localGP"
"13390",54,39,1,6,46.8743954250285,100,"Rough","Avg. Reward Condition",40,"8",17,1,68,432,"Long",0.0803257776016823,0.700625890573383,NA,0.506689990066279,"localGP"
"13391",54,40,2,6,67.9735102315088,100,"Rough","Avg. Reward Condition",40,"8",17,5,69,432,"Long",0.0803257776016823,0.700625890573383,NA,0.506689990066279,"localGP"
"13392",54,41,2,5,96.5712701527156,100,"Rough","Avg. Reward Condition",40,"8",17,1,58,432,"Long",0.0803257776016823,0.700625890573383,NA,0.506689990066279,"localGP"
"13393",55,1,7,10,39.5407952471519,39.5407952471519,"Rough","Avg. Reward Condition",40,"1",18,NA,118,433,"Long",0.0905936378448989,0.766489394990576,NA,0.439772338591377,"localGP"
"13394",55,2,9,5,25.5809293587448,39.5407952471519,"Rough","Avg. Reward Condition",40,"1",18,11,65,433,"Long",0.0905936378448989,0.766489394990576,NA,0.439772338591377,"localGP"
"13395",55,3,8,5,35.8126072041007,39.5407952471519,"Rough","Avg. Reward Condition",40,"1",18,8,64,433,"Long",0.0905936378448989,0.766489394990576,NA,0.439772338591377,"localGP"
"13396",55,4,7,3,0,39.5407952471519,"Rough","Avg. Reward Condition",40,"1",18,15,41,433,"Long",0.0905936378448989,0.766489394990576,NA,0.439772338591377,"localGP"
"13397",55,5,7,2,4.89701301731659,39.5407952471519,"Rough","Avg. Reward Condition",40,"1",18,8,30,433,"Long",0.0905936378448989,0.766489394990576,NA,0.439772338591377,"localGP"
"13398",55,6,4,3,63.7013527592454,63.7013527592454,"Rough","Avg. Reward Condition",40,"1",18,1,38,433,"Long",0.0905936378448989,0.766489394990576,NA,0.439772338591377,"localGP"
"13399",55,7,3,3,53.9768384538052,63.7013527592454,"Rough","Avg. Reward Condition",40,"1",18,2,37,433,"Long",0.0905936378448989,0.766489394990576,NA,0.439772338591377,"localGP"
"13400",55,8,8,10,43.0920417226209,63.7013527592454,"Rough","Avg. Reward Condition",40,"1",18,1,119,433,"Long",0.0905936378448989,0.766489394990576,NA,0.439772338591377,"localGP"
"13401",55,9,8,9,44.1981806048447,63.7013527592454,"Rough","Avg. Reward Condition",40,"1",18,2,108,433,"Long",0.0905936378448989,0.766489394990576,NA,0.439772338591377,"localGP"
"13402",55,10,8,7,51.6253344127728,63.7013527592454,"Rough","Avg. Reward Condition",40,"1",18,2,86,433,"Long",0.0905936378448989,0.766489394990576,NA,0.439772338591377,"localGP"
"13403",55,11,7,7,26.6472142919114,63.7013527592454,"Rough","Avg. Reward Condition",40,"1",18,1,85,433,"Long",0.0905936378448989,0.766489394990576,NA,0.439772338591377,"localGP"
"13404",55,12,4,0,48.2728545381987,63.7013527592454,"Rough","Avg. Reward Condition",40,"1",18,4,5,433,"Long",0.0905936378448989,0.766489394990576,NA,0.439772338591377,"localGP"
"13405",55,13,6,8,37.9736257778301,63.7013527592454,"Rough","Avg. Reward Condition",40,"1",18,2,95,433,"Long",0.0905936378448989,0.766489394990576,NA,0.439772338591377,"localGP"
"13406",55,14,8,9,44.1981806048447,63.7013527592454,"Rough","Avg. Reward Condition",40,"1",18,1,108,433,"Long",0.0905936378448989,0.766489394990576,NA,0.439772338591377,"localGP"
"13407",55,15,0,4,2.73847542307962,63.7013527592454,"Rough","Avg. Reward Condition",40,"1",18,1,45,433,"Long",0.0905936378448989,0.766489394990576,NA,0.439772338591377,"localGP"
"13408",55,16,5,8,32.0305817810502,63.7013527592454,"Rough","Avg. Reward Condition",40,"1",18,2,94,433,"Long",0.0905936378448989,0.766489394990576,NA,0.439772338591377,"localGP"
"13409",55,17,1,7,8.31794726790205,63.7013527592454,"Rough","Avg. Reward Condition",40,"1",18,2,79,433,"Long",0.0905936378448989,0.766489394990576,NA,0.439772338591377,"localGP"
"13410",55,18,0,6,15.0068435971623,63.7013527592454,"Rough","Avg. Reward Condition",40,"1",18,6,67,433,"Long",0.0905936378448989,0.766489394990576,NA,0.439772338591377,"localGP"
"13411",55,19,0,8,40.1557616499508,63.7013527592454,"Rough","Avg. Reward Condition",40,"1",18,2,89,433,"Long",0.0905936378448989,0.766489394990576,NA,0.439772338591377,"localGP"
"13412",55,20,6,5,39.8371872215826,63.7013527592454,"Rough","Avg. Reward Condition",40,"1",18,1,62,433,"Long",0.0905936378448989,0.766489394990576,NA,0.439772338591377,"localGP"
"13413",55,21,8,2,23.7481836425879,63.7013527592454,"Rough","Avg. Reward Condition",40,"1",18,1,31,433,"Long",0.0905936378448989,0.766489394990576,NA,0.439772338591377,"localGP"
"13414",55,22,6,2,24.0265388631754,63.7013527592454,"Rough","Avg. Reward Condition",40,"1",18,1,29,433,"Long",0.0905936378448989,0.766489394990576,NA,0.439772338591377,"localGP"
"13415",55,23,3,2,87.0484650270771,87.0484650270771,"Rough","Avg. Reward Condition",40,"1",18,2,26,433,"Long",0.0905936378448989,0.766489394990576,NA,0.439772338591377,"localGP"
"13416",55,24,3,1,75.1442624365829,87.0484650270771,"Rough","Avg. Reward Condition",40,"1",18,2,15,433,"Long",0.0905936378448989,0.766489394990576,NA,0.439772338591377,"localGP"
"13417",55,25,4,2,74.4058624133972,87.0484650270771,"Rough","Avg. Reward Condition",40,"1",18,1,27,433,"Long",0.0905936378448989,0.766489394990576,NA,0.439772338591377,"localGP"
"13418",55,26,9,3,52.6770087163606,87.0484650270771,"Rough","Avg. Reward Condition",40,"1",18,2,43,433,"Long",0.0905936378448989,0.766489394990576,NA,0.439772338591377,"localGP"
"13419",55,27,10,3,47.7289893692748,87.0484650270771,"Rough","Avg. Reward Condition",40,"1",18,1,44,433,"Long",0.0905936378448989,0.766489394990576,NA,0.439772338591377,"localGP"
"13420",55,28,10,1,51.8458396113601,87.0484650270771,"Rough","Avg. Reward Condition",40,"1",18,3,22,433,"Long",0.0905936378448989,0.766489394990576,NA,0.439772338591377,"localGP"
"13421",55,29,10,2,47.0470762762012,87.0484650270771,"Rough","Avg. Reward Condition",40,"1",18,1,33,433,"Long",0.0905936378448989,0.766489394990576,NA,0.439772338591377,"localGP"
"13422",55,30,10,8,59.2407992793453,87.0484650270771,"Rough","Avg. Reward Condition",40,"1",18,3,99,433,"Long",0.0905936378448989,0.766489394990576,NA,0.439772338591377,"localGP"
"13423",55,31,10,9,68.5571263747788,87.0484650270771,"Rough","Avg. Reward Condition",40,"1",18,1,110,433,"Long",0.0905936378448989,0.766489394990576,NA,0.439772338591377,"localGP"
"13424",55,32,10,10,40.9300790469513,87.0484650270771,"Rough","Avg. Reward Condition",40,"1",18,1,121,433,"Long",0.0905936378448989,0.766489394990576,NA,0.439772338591377,"localGP"
"13425",55,33,0,5,18.0799924222245,87.0484650270771,"Rough","Avg. Reward Condition",40,"1",18,2,56,433,"Long",0.0905936378448989,0.766489394990576,NA,0.439772338591377,"localGP"
"13426",55,34,1,5,10.6858485286314,87.0484650270771,"Rough","Avg. Reward Condition",40,"1",18,5,57,433,"Long",0.0905936378448989,0.766489394990576,NA,0.439772338591377,"localGP"
"13427",55,35,1,1,48.0935875031168,87.0484650270771,"Rough","Avg. Reward Condition",40,"1",18,4,13,433,"Long",0.0905936378448989,0.766489394990576,NA,0.439772338591377,"localGP"
"13428",55,36,1,0,52.4795285472342,87.0484650270771,"Rough","Avg. Reward Condition",40,"1",18,1,2,433,"Long",0.0905936378448989,0.766489394990576,NA,0.439772338591377,"localGP"
"13429",55,37,2,0,34.0203157022651,87.0484650270771,"Rough","Avg. Reward Condition",40,"1",18,9,3,433,"Long",0.0905936378448989,0.766489394990576,NA,0.439772338591377,"localGP"
"13430",55,38,7,9,43.7178093969653,87.0484650270771,"Rough","Avg. Reward Condition",40,"1",18,4,107,433,"Long",0.0905936378448989,0.766489394990576,NA,0.439772338591377,"localGP"
"13431",55,39,6,10,34.4746445894491,87.0484650270771,"Rough","Avg. Reward Condition",40,"1",18,11,117,433,"Long",0.0905936378448989,0.766489394990576,NA,0.439772338591377,"localGP"
"13432",55,40,4,10,41.5348285805763,87.0484650270771,"Rough","Avg. Reward Condition",40,"1",18,10,115,433,"Long",0.0905936378448989,0.766489394990576,NA,0.439772338591377,"localGP"
"13433",55,41,10,5,37.8302996702739,87.0484650270771,"Rough","Avg. Reward Condition",40,"1",18,1,66,433,"Long",0.0905936378448989,0.766489394990576,NA,0.439772338591377,"localGP"
"13434",55,1,3,8,30.5083687411474,30.5083687411474,"Rough","Avg. Reward Condition",20,"2",1,NA,92,434,"Short",0.0984934022933939,0.739570322605195,NA,0.455995909212721,"localGP"
"13435",55,2,5,6,69.9155090037251,69.9155090037251,"Rough","Avg. Reward Condition",20,"2",1,9,72,434,"Short",0.0984934022933939,0.739570322605195,NA,0.455995909212721,"localGP"
"13436",55,3,4,6,37.058891508221,69.9155090037251,"Rough","Avg. Reward Condition",20,"2",1,5,71,434,"Short",0.0984934022933939,0.739570322605195,NA,0.455995909212721,"localGP"
"13437",55,4,2,5,32.535407260204,69.9155090037251,"Rough","Avg. Reward Condition",20,"2",1,1,58,434,"Short",0.0984934022933939,0.739570322605195,NA,0.455995909212721,"localGP"
"13438",55,5,5,3,69.3021428353684,69.9155090037251,"Rough","Avg. Reward Condition",20,"2",1,1,39,434,"Short",0.0984934022933939,0.739570322605195,NA,0.455995909212721,"localGP"
"13439",55,6,4,3,31.9757973887754,69.9155090037251,"Rough","Avg. Reward Condition",20,"2",1,2,38,434,"Short",0.0984934022933939,0.739570322605195,NA,0.455995909212721,"localGP"
"13440",55,7,2,10,52.565154764264,69.9155090037251,"Rough","Avg. Reward Condition",20,"2",1,1,113,434,"Short",0.0984934022933939,0.739570322605195,NA,0.455995909212721,"localGP"
"13441",55,8,0,2,31.3251454168042,69.9155090037251,"Rough","Avg. Reward Condition",20,"2",1,2,23,434,"Short",0.0984934022933939,0.739570322605195,NA,0.455995909212721,"localGP"
"13442",55,9,0,3,48.8719334165686,69.9155090037251,"Rough","Avg. Reward Condition",20,"2",1,3,34,434,"Short",0.0984934022933939,0.739570322605195,NA,0.455995909212721,"localGP"
"13443",55,10,3,8,30.5083687411474,69.9155090037251,"Rough","Avg. Reward Condition",20,"2",1,1,92,434,"Short",0.0984934022933939,0.739570322605195,NA,0.455995909212721,"localGP"
"13444",55,11,5,5,89.574494748802,89.574494748802,"Rough","Avg. Reward Condition",20,"2",1,2,61,434,"Short",0.0984934022933939,0.739570322605195,NA,0.455995909212721,"localGP"
"13445",55,12,7,5,77.3624039749998,89.574494748802,"Rough","Avg. Reward Condition",20,"2",1,1,63,434,"Short",0.0984934022933939,0.739570322605195,NA,0.455995909212721,"localGP"
"13446",55,13,0,1,23.2578204525749,89.574494748802,"Rough","Avg. Reward Condition",20,"2",1,2,12,434,"Short",0.0984934022933939,0.739570322605195,NA,0.455995909212721,"localGP"
"13447",55,14,0,9,85.6539294273783,89.574494748802,"Rough","Avg. Reward Condition",20,"2",1,2,100,434,"Short",0.0984934022933939,0.739570322605195,NA,0.455995909212721,"localGP"
"13448",55,15,0,10,65.0870540007068,89.574494748802,"Rough","Avg. Reward Condition",20,"2",1,1,111,434,"Short",0.0984934022933939,0.739570322605195,NA,0.455995909212721,"localGP"
"13449",55,16,7,10,39.1305006812837,89.574494748802,"Rough","Avg. Reward Condition",20,"2",1,2,118,434,"Short",0.0984934022933939,0.739570322605195,NA,0.455995909212721,"localGP"
"13450",55,17,6,10,30.4281577841895,89.574494748802,"Rough","Avg. Reward Condition",20,"2",1,2,117,434,"Short",0.0984934022933939,0.739570322605195,NA,0.455995909212721,"localGP"
"13451",55,18,6,9,34.2500725757816,89.574494748802,"Rough","Avg. Reward Condition",20,"2",1,1,106,434,"Short",0.0984934022933939,0.739570322605195,NA,0.455995909212721,"localGP"
"13452",55,19,8,7,45.4982579252398,89.574494748802,"Rough","Avg. Reward Condition",20,"2",1,1,86,434,"Short",0.0984934022933939,0.739570322605195,NA,0.455995909212721,"localGP"
"13453",55,20,8,0,51.4039748132034,89.574494748802,"Rough","Avg. Reward Condition",20,"2",1,2,9,434,"Short",0.0984934022933939,0.739570322605195,NA,0.455995909212721,"localGP"
"13454",55,21,8,1,53.2226407105471,89.574494748802,"Rough","Avg. Reward Condition",20,"2",1,1,20,434,"Short",0.0984934022933939,0.739570322605195,NA,0.455995909212721,"localGP"
"13455",55,1,3,9,100,100,"Rough","Avg. Reward Condition",40,"3",2,NA,103,435,"Long",0.0949350972193794,0.730684237554356,NA,0.45786427072022,"localGP"
"13456",55,2,3,9,100,100,"Rough","Avg. Reward Condition",40,"3",2,1,103,435,"Long",0.0949350972193794,0.730684237554356,NA,0.45786427072022,"localGP"
"13457",55,3,2,9,94.3317374885778,100,"Rough","Avg. Reward Condition",40,"3",2,2,102,435,"Long",0.0949350972193794,0.730684237554356,NA,0.45786427072022,"localGP"
"13458",55,4,2,8,88.5776069712184,100,"Rough","Avg. Reward Condition",40,"3",2,2,91,435,"Long",0.0949350972193794,0.730684237554356,NA,0.45786427072022,"localGP"
"13459",55,5,1,8,53.0522742783677,100,"Rough","Avg. Reward Condition",40,"3",2,1,90,435,"Long",0.0949350972193794,0.730684237554356,NA,0.45786427072022,"localGP"
"13460",55,6,0,8,30.123955458874,100,"Rough","Avg. Reward Condition",40,"3",2,2,89,435,"Long",0.0949350972193794,0.730684237554356,NA,0.45786427072022,"localGP"
"13461",55,7,1,6,25.7521416904729,100,"Rough","Avg. Reward Condition",40,"3",2,1,68,435,"Long",0.0949350972193794,0.730684237554356,NA,0.45786427072022,"localGP"
"13462",55,8,3,0,45.8336686523861,100,"Rough","Avg. Reward Condition",40,"3",2,2,4,435,"Long",0.0949350972193794,0.730684237554356,NA,0.45786427072022,"localGP"
"13463",55,9,1,3,37.158323481837,100,"Rough","Avg. Reward Condition",40,"3",2,1,35,435,"Long",0.0949350972193794,0.730684237554356,NA,0.45786427072022,"localGP"
"13464",55,10,2,2,34.4224100731259,100,"Rough","Avg. Reward Condition",40,"3",2,2,25,435,"Long",0.0949350972193794,0.730684237554356,NA,0.45786427072022,"localGP"
"13465",55,11,9,2,19.7845577092185,100,"Rough","Avg. Reward Condition",40,"3",2,2,32,435,"Long",0.0949350972193794,0.730684237554356,NA,0.45786427072022,"localGP"
"13466",55,12,7,2,36.6509044186879,100,"Rough","Avg. Reward Condition",40,"3",2,1,30,435,"Long",0.0949350972193794,0.730684237554356,NA,0.45786427072022,"localGP"
"13467",55,13,7,9,45.2247389588236,100,"Rough","Avg. Reward Condition",40,"3",2,2,107,435,"Long",0.0949350972193794,0.730684237554356,NA,0.45786427072022,"localGP"
"13468",55,14,7,10,82.2172279121399,100,"Rough","Avg. Reward Condition",40,"3",2,2,118,435,"Long",0.0949350972193794,0.730684237554356,NA,0.45786427072022,"localGP"
"13469",55,15,8,10,50.0631766898922,100,"Rough","Avg. Reward Condition",40,"3",2,2,119,435,"Long",0.0949350972193794,0.730684237554356,NA,0.45786427072022,"localGP"
"13470",55,16,9,10,39.8149202593405,100,"Rough","Avg. Reward Condition",40,"3",2,3,120,435,"Long",0.0949350972193794,0.730684237554356,NA,0.45786427072022,"localGP"
"13471",55,17,4,8,47.2350737016185,100,"Rough","Avg. Reward Condition",40,"3",2,1,93,435,"Long",0.0949350972193794,0.730684237554356,NA,0.45786427072022,"localGP"
"13472",55,18,3,8,78.6066779803956,100,"Rough","Avg. Reward Condition",40,"3",2,1,92,435,"Long",0.0949350972193794,0.730684237554356,NA,0.45786427072022,"localGP"
"13473",55,19,0,7,39.2104381953876,100,"Rough","Avg. Reward Condition",40,"3",2,2,78,435,"Long",0.0949350972193794,0.730684237554356,NA,0.45786427072022,"localGP"
"13474",55,20,2,6,31.0882445544401,100,"Rough","Avg. Reward Condition",40,"3",2,2,69,435,"Long",0.0949350972193794,0.730684237554356,NA,0.45786427072022,"localGP"
"13475",55,21,2,7,36.5665227563517,100,"Rough","Avg. Reward Condition",40,"3",2,1,80,435,"Long",0.0949350972193794,0.730684237554356,NA,0.45786427072022,"localGP"
"13476",55,22,2,3,39.2617782530789,100,"Rough","Avg. Reward Condition",40,"3",2,1,36,435,"Long",0.0949350972193794,0.730684237554356,NA,0.45786427072022,"localGP"
"13477",55,23,2,2,34.4224100731259,100,"Rough","Avg. Reward Condition",40,"3",2,2,25,435,"Long",0.0949350972193794,0.730684237554356,NA,0.45786427072022,"localGP"
"13478",55,24,2,7,36.5665227563517,100,"Rough","Avg. Reward Condition",40,"3",2,9,80,435,"Long",0.0949350972193794,0.730684237554356,NA,0.45786427072022,"localGP"
"13479",55,25,2,8,88.5776069712184,100,"Rough","Avg. Reward Condition",40,"3",2,7,91,435,"Long",0.0949350972193794,0.730684237554356,NA,0.45786427072022,"localGP"
"13480",55,26,2,9,94.3317374885778,100,"Rough","Avg. Reward Condition",40,"3",2,6,102,435,"Long",0.0949350972193794,0.730684237554356,NA,0.45786427072022,"localGP"
"13481",55,27,1,9,45.0686328655171,100,"Rough","Avg. Reward Condition",40,"3",2,10,101,435,"Long",0.0949350972193794,0.730684237554356,NA,0.45786427072022,"localGP"
"13482",55,28,3,7,29.4414947856435,100,"Rough","Avg. Reward Condition",40,"3",2,11,81,435,"Long",0.0949350972193794,0.730684237554356,NA,0.45786427072022,"localGP"
"13483",55,29,1,9,45.0686328655171,100,"Rough","Avg. Reward Condition",40,"3",2,1,101,435,"Long",0.0949350972193794,0.730684237554356,NA,0.45786427072022,"localGP"
"13484",55,30,4,3,49.0806625951853,100,"Rough","Avg. Reward Condition",40,"3",2,2,38,435,"Long",0.0949350972193794,0.730684237554356,NA,0.45786427072022,"localGP"
"13485",55,31,9,3,35.2167011218061,100,"Rough","Avg. Reward Condition",40,"3",2,2,43,435,"Long",0.0949350972193794,0.730684237554356,NA,0.45786427072022,"localGP"
"13486",55,32,10,9,30.0844410154341,100,"Rough","Avg. Reward Condition",40,"3",2,1,110,435,"Long",0.0949350972193794,0.730684237554356,NA,0.45786427072022,"localGP"
"13487",55,33,6,4,48.9201172957826,100,"Rough","Avg. Reward Condition",40,"3",2,2,51,435,"Long",0.0949350972193794,0.730684237554356,NA,0.45786427072022,"localGP"
"13488",55,34,7,4,44.3010414414356,100,"Rough","Avg. Reward Condition",40,"3",2,4,52,435,"Long",0.0949350972193794,0.730684237554356,NA,0.45786427072022,"localGP"
"13489",55,35,10,3,60.6679429845796,100,"Rough","Avg. Reward Condition",40,"3",2,4,44,435,"Long",0.0949350972193794,0.730684237554356,NA,0.45786427072022,"localGP"
"13490",55,36,3,3,64.0855788300758,100,"Rough","Avg. Reward Condition",40,"3",2,5,37,435,"Long",0.0949350972193794,0.730684237554356,NA,0.45786427072022,"localGP"
"13491",55,37,4,5,25.2003501997717,100,"Rough","Avg. Reward Condition",40,"3",2,3,60,435,"Long",0.0949350972193794,0.730684237554356,NA,0.45786427072022,"localGP"
"13492",55,38,4,0,28.8799240167031,100,"Rough","Avg. Reward Condition",40,"3",2,7,5,435,"Long",0.0949350972193794,0.730684237554356,NA,0.45786427072022,"localGP"
"13493",55,39,5,0,15.2054677622905,100,"Rough","Avg. Reward Condition",40,"3",2,1,6,435,"Long",0.0949350972193794,0.730684237554356,NA,0.45786427072022,"localGP"
"13494",55,40,4,5,25.2003501997717,100,"Rough","Avg. Reward Condition",40,"3",2,2,60,435,"Long",0.0949350972193794,0.730684237554356,NA,0.45786427072022,"localGP"
"13495",55,41,0,3,43.0590958702636,100,"Rough","Avg. Reward Condition",40,"3",2,2,34,435,"Long",0.0949350972193794,0.730684237554356,NA,0.45786427072022,"localGP"
"13496",55,1,0,10,40.4307106955409,40.4307106955409,"Rough","Avg. Reward Condition",20,"4",15,NA,111,436,"Short",0.0786572480739341,0.760100059207763,NA,0.377431411840225,"localGP"
"13497",55,2,9,1,71.6538266812366,71.6538266812366,"Rough","Avg. Reward Condition",20,"4",15,14,21,436,"Short",0.0786572480739341,0.760100059207763,NA,0.377431411840225,"localGP"
"13498",55,3,8,1,63.1293377459291,71.6538266812366,"Rough","Avg. Reward Condition",20,"4",15,1,20,436,"Short",0.0786572480739341,0.760100059207763,NA,0.377431411840225,"localGP"
"13499",55,4,8,2,70.4382048809147,71.6538266812366,"Rough","Avg. Reward Condition",20,"4",15,1,31,436,"Short",0.0786572480739341,0.760100059207763,NA,0.377431411840225,"localGP"
"13500",55,5,7,2,69.9700174342543,71.6538266812366,"Rough","Avg. Reward Condition",20,"4",15,2,30,436,"Short",0.0786572480739341,0.760100059207763,NA,0.377431411840225,"localGP"
"13501",55,6,7,3,80.8182816244535,80.8182816244535,"Rough","Avg. Reward Condition",20,"4",15,2,41,436,"Short",0.0786572480739341,0.760100059207763,NA,0.377431411840225,"localGP"
"13502",55,7,7,4,79.1562899569572,80.8182816244535,"Rough","Avg. Reward Condition",20,"4",15,1,52,436,"Short",0.0786572480739341,0.760100059207763,NA,0.377431411840225,"localGP"
"13503",55,8,10,7,33.2572660772245,80.8182816244535,"Rough","Avg. Reward Condition",20,"4",15,2,88,436,"Short",0.0786572480739341,0.760100059207763,NA,0.377431411840225,"localGP"
"13504",55,9,9,6,23.898636191768,80.8182816244535,"Rough","Avg. Reward Condition",20,"4",15,3,76,436,"Short",0.0786572480739341,0.760100059207763,NA,0.377431411840225,"localGP"
"13505",55,10,7,6,24.6279411450351,80.8182816244535,"Rough","Avg. Reward Condition",20,"4",15,1,74,436,"Short",0.0786572480739341,0.760100059207763,NA,0.377431411840225,"localGP"
"13506",55,11,4,7,3.93003367896105,80.8182816244535,"Rough","Avg. Reward Condition",20,"4",15,2,82,436,"Short",0.0786572480739341,0.760100059207763,NA,0.377431411840225,"localGP"
"13507",55,12,3,8,15.8090932567427,80.8182816244535,"Rough","Avg. Reward Condition",20,"4",15,2,92,436,"Short",0.0786572480739341,0.760100059207763,NA,0.377431411840225,"localGP"
"13508",55,13,6,4,54.0696372029281,80.8182816244535,"Rough","Avg. Reward Condition",20,"4",15,2,51,436,"Short",0.0786572480739341,0.760100059207763,NA,0.377431411840225,"localGP"
"13509",55,14,6,9,52.3137546378813,80.8182816244535,"Rough","Avg. Reward Condition",20,"4",15,1,106,436,"Short",0.0786572480739341,0.760100059207763,NA,0.377431411840225,"localGP"
"13510",55,15,10,10,75.4865207153683,80.8182816244535,"Rough","Avg. Reward Condition",20,"4",15,6,121,436,"Short",0.0786572480739341,0.760100059207763,NA,0.377431411840225,"localGP"
"13511",55,16,4,7,3.93003367896105,80.8182816244535,"Rough","Avg. Reward Condition",20,"4",15,3,82,436,"Short",0.0786572480739341,0.760100059207763,NA,0.377431411840225,"localGP"
"13512",55,17,4,3,81.4050752772215,81.4050752772215,"Rough","Avg. Reward Condition",20,"4",15,5,38,436,"Short",0.0786572480739341,0.760100059207763,NA,0.377431411840225,"localGP"
"13513",55,18,4,4,91.6833131282772,91.6833131282772,"Rough","Avg. Reward Condition",20,"4",15,1,49,436,"Short",0.0786572480739341,0.760100059207763,NA,0.377431411840225,"localGP"
"13514",55,19,3,4,73.9807102150318,91.6833131282772,"Rough","Avg. Reward Condition",20,"4",15,1,48,436,"Short",0.0786572480739341,0.760100059207763,NA,0.377431411840225,"localGP"
"13515",55,20,2,8,55.818663051774,91.6833131282772,"Rough","Avg. Reward Condition",20,"4",15,2,91,436,"Short",0.0786572480739341,0.760100059207763,NA,0.377431411840225,"localGP"
"13516",55,21,1,8,56.8465826807023,91.6833131282772,"Rough","Avg. Reward Condition",20,"4",15,3,90,436,"Short",0.0786572480739341,0.760100059207763,NA,0.377431411840225,"localGP"
"13517",55,1,10,7,45.5021698511978,45.5021698511978,"Rough","Avg. Reward Condition",40,"5",6,NA,88,437,"Long",0.079427197445082,0.74977363157703,NA,0.424789227701863,"localGP"
"13518",55,2,10,6,56.8143010916022,56.8143010916022,"Rough","Avg. Reward Condition",40,"5",6,11,77,437,"Long",0.079427197445082,0.74977363157703,NA,0.424789227701863,"localGP"
"13519",55,3,10,5,28.65801545199,56.8143010916022,"Rough","Avg. Reward Condition",40,"5",6,10,66,437,"Long",0.079427197445082,0.74977363157703,NA,0.424789227701863,"localGP"
"13520",55,4,6,5,31.686870799894,56.8143010916022,"Rough","Avg. Reward Condition",40,"5",6,5,62,437,"Long",0.079427197445082,0.74977363157703,NA,0.424789227701863,"localGP"
"13521",55,5,6,4,34.0889045478091,56.8143010916022,"Rough","Avg. Reward Condition",40,"5",6,7,51,437,"Long",0.079427197445082,0.74977363157703,NA,0.424789227701863,"localGP"
"13522",55,6,6,8,47.1218833343134,56.8143010916022,"Rough","Avg. Reward Condition",40,"5",6,10,95,437,"Long",0.079427197445082,0.74977363157703,NA,0.424789227701863,"localGP"
"13523",55,7,6,7,25.9195869145275,56.8143010916022,"Rough","Avg. Reward Condition",40,"5",6,1,84,437,"Long",0.079427197445082,0.74977363157703,NA,0.424789227701863,"localGP"
"13524",55,8,6,1,58.9505924012191,58.9505924012191,"Rough","Avg. Reward Condition",40,"5",6,2,18,437,"Long",0.079427197445082,0.74977363157703,NA,0.424789227701863,"localGP"
"13525",55,9,5,1,54.7135189925466,58.9505924012191,"Rough","Avg. Reward Condition",40,"5",6,2,17,437,"Long",0.079427197445082,0.74977363157703,NA,0.424789227701863,"localGP"
"13526",55,10,5,0,91.7432297732024,91.7432297732024,"Rough","Avg. Reward Condition",40,"5",6,1,6,437,"Long",0.079427197445082,0.74977363157703,NA,0.424789227701863,"localGP"
"13527",55,11,6,0,94.4963050018738,94.4963050018738,"Rough","Avg. Reward Condition",40,"5",6,2,7,437,"Long",0.079427197445082,0.74977363157703,NA,0.424789227701863,"localGP"
"13528",55,12,5,0,91.7432297732024,94.4963050018738,"Rough","Avg. Reward Condition",40,"5",6,1,6,437,"Long",0.079427197445082,0.74977363157703,NA,0.424789227701863,"localGP"
"13529",55,13,4,7,63.6433329496781,94.4963050018738,"Rough","Avg. Reward Condition",40,"5",6,2,82,437,"Long",0.079427197445082,0.74977363157703,NA,0.424789227701863,"localGP"
"13530",55,14,5,6,17.4640278220834,94.4963050018738,"Rough","Avg. Reward Condition",40,"5",6,2,72,437,"Long",0.079427197445082,0.74977363157703,NA,0.424789227701863,"localGP"
"13531",55,15,5,9,24.8190311871749,94.4963050018738,"Rough","Avg. Reward Condition",40,"5",6,1,105,437,"Long",0.079427197445082,0.74977363157703,NA,0.424789227701863,"localGP"
"13532",55,16,6,9,23.3299176414796,94.4963050018738,"Rough","Avg. Reward Condition",40,"5",6,2,106,437,"Long",0.079427197445082,0.74977363157703,NA,0.424789227701863,"localGP"
"13533",55,17,7,7,33.8108043843731,94.4963050018738,"Rough","Avg. Reward Condition",40,"5",6,4,85,437,"Long",0.079427197445082,0.74977363157703,NA,0.424789227701863,"localGP"
"13534",55,18,7,0,94.4174730147353,94.4963050018738,"Rough","Avg. Reward Condition",40,"5",6,12,8,437,"Long",0.079427197445082,0.74977363157703,NA,0.424789227701863,"localGP"
"13535",55,19,7,1,83.5475141176989,94.4963050018738,"Rough","Avg. Reward Condition",40,"5",6,6,19,437,"Long",0.079427197445082,0.74977363157703,NA,0.424789227701863,"localGP"
"13536",55,20,5,8,46.7235740972404,94.4963050018738,"Rough","Avg. Reward Condition",40,"5",6,9,94,437,"Long",0.079427197445082,0.74977363157703,NA,0.424789227701863,"localGP"
"13537",55,21,4,8,46.9524514765954,94.4963050018738,"Rough","Avg. Reward Condition",40,"5",6,7,93,437,"Long",0.079427197445082,0.74977363157703,NA,0.424789227701863,"localGP"
"13538",55,22,3,8,24.7062704261568,94.4963050018738,"Rough","Avg. Reward Condition",40,"5",6,12,92,437,"Long",0.079427197445082,0.74977363157703,NA,0.424789227701863,"localGP"
"13539",55,23,3,7,37.0565054700231,94.4963050018738,"Rough","Avg. Reward Condition",40,"5",6,4,81,437,"Long",0.079427197445082,0.74977363157703,NA,0.424789227701863,"localGP"
"13540",55,24,8,4,54.5470358257258,94.4963050018738,"Rough","Avg. Reward Condition",40,"5",6,4,53,437,"Long",0.079427197445082,0.74977363157703,NA,0.424789227701863,"localGP"
"13541",55,25,8,3,35.8284389219026,94.4963050018738,"Rough","Avg. Reward Condition",40,"5",6,6,42,437,"Long",0.079427197445082,0.74977363157703,NA,0.424789227701863,"localGP"
"13542",55,26,8,2,56.1209576242771,94.4963050018738,"Rough","Avg. Reward Condition",40,"5",6,10,31,437,"Long",0.079427197445082,0.74977363157703,NA,0.424789227701863,"localGP"
"13543",55,27,9,2,38.9021292283964,94.4963050018738,"Rough","Avg. Reward Condition",40,"5",6,4,32,437,"Long",0.079427197445082,0.74977363157703,NA,0.424789227701863,"localGP"
"13544",55,28,10,1,30.7993403815016,94.4963050018738,"Rough","Avg. Reward Condition",40,"5",6,6,22,437,"Long",0.079427197445082,0.74977363157703,NA,0.424789227701863,"localGP"
"13545",55,29,7,5,62.7685778639352,94.4963050018738,"Rough","Avg. Reward Condition",40,"5",6,1,63,437,"Long",0.079427197445082,0.74977363157703,NA,0.424789227701863,"localGP"
"13546",55,30,8,4,54.5470358257258,94.4963050018738,"Rough","Avg. Reward Condition",40,"5",6,5,53,437,"Long",0.079427197445082,0.74977363157703,NA,0.424789227701863,"localGP"
"13547",55,31,8,5,61.1665881936145,94.4963050018738,"Rough","Avg. Reward Condition",40,"5",6,1,64,437,"Long",0.079427197445082,0.74977363157703,NA,0.424789227701863,"localGP"
"13548",55,32,10,5,28.65801545199,94.4963050018738,"Rough","Avg. Reward Condition",40,"5",6,1,66,437,"Long",0.079427197445082,0.74977363157703,NA,0.424789227701863,"localGP"
"13549",55,33,5,8,46.7235740972404,94.4963050018738,"Rough","Avg. Reward Condition",40,"5",6,2,94,437,"Long",0.079427197445082,0.74977363157703,NA,0.424789227701863,"localGP"
"13550",55,34,5,7,40.6549349788525,94.4963050018738,"Rough","Avg. Reward Condition",40,"5",6,1,83,437,"Long",0.079427197445082,0.74977363157703,NA,0.424789227701863,"localGP"
"13551",55,35,3,0,63.3554027374264,94.4963050018738,"Rough","Avg. Reward Condition",40,"5",6,2,4,437,"Long",0.079427197445082,0.74977363157703,NA,0.424789227701863,"localGP"
"13552",55,36,3,1,50.2100304142553,94.4963050018738,"Rough","Avg. Reward Condition",40,"5",6,4,15,437,"Long",0.079427197445082,0.74977363157703,NA,0.424789227701863,"localGP"
"13553",55,37,3,2,33.1157535503822,94.4963050018738,"Rough","Avg. Reward Condition",40,"5",6,5,26,437,"Long",0.079427197445082,0.74977363157703,NA,0.424789227701863,"localGP"
"13554",55,38,0,1,36.3388197833164,94.4963050018738,"Rough","Avg. Reward Condition",40,"5",6,2,12,437,"Long",0.079427197445082,0.74977363157703,NA,0.424789227701863,"localGP"
"13555",55,39,0,0,47.2297106742419,94.4963050018738,"Rough","Avg. Reward Condition",40,"5",6,2,1,437,"Long",0.079427197445082,0.74977363157703,NA,0.424789227701863,"localGP"
"13556",55,40,1,0,52.332367066322,94.4963050018738,"Rough","Avg. Reward Condition",40,"5",6,5,2,437,"Long",0.079427197445082,0.74977363157703,NA,0.424789227701863,"localGP"
"13557",55,41,3,7,37.0565054700231,94.4963050018738,"Rough","Avg. Reward Condition",40,"5",6,1,81,437,"Long",0.079427197445082,0.74977363157703,NA,0.424789227701863,"localGP"
"13558",55,1,2,1,38.8443744327322,38.8443744327322,"Rough","Avg. Reward Condition",20,"6",11,NA,14,438,"Short",21.0720848798071,0.312929064784582,NA,94.971527118413,"localGP"
"13559",55,2,7,1,43.7686366704455,43.7686366704455,"Rough","Avg. Reward Condition",20,"6",11,7,19,438,"Short",21.0720848798071,0.312929064784582,NA,94.971527118413,"localGP"
"13560",55,3,8,0,36.3714446151272,43.7686366704455,"Rough","Avg. Reward Condition",20,"6",11,2,9,438,"Short",21.0720848798071,0.312929064784582,NA,94.971527118413,"localGP"
"13561",55,4,5,1,51.6981708043446,51.6981708043446,"Rough","Avg. Reward Condition",20,"6",11,4,17,438,"Short",21.0720848798071,0.312929064784582,NA,94.971527118413,"localGP"
"13562",55,5,5,0,49.8847811277219,51.6981708043446,"Rough","Avg. Reward Condition",20,"6",11,1,6,438,"Short",21.0720848798071,0.312929064784582,NA,94.971527118413,"localGP"
"13563",55,6,4,0,44.8118345976793,51.6981708043446,"Rough","Avg. Reward Condition",20,"6",11,2,5,438,"Short",21.0720848798071,0.312929064784582,NA,94.971527118413,"localGP"
"13564",55,7,7,4,66.5199662009468,66.5199662009468,"Rough","Avg. Reward Condition",20,"6",11,2,52,438,"Short",21.0720848798071,0.312929064784582,NA,94.971527118413,"localGP"
"13565",55,8,7,3,55.8044866187351,66.5199662009468,"Rough","Avg. Reward Condition",20,"6",11,1,41,438,"Short",21.0720848798071,0.312929064784582,NA,94.971527118413,"localGP"
"13566",55,9,8,1,46.3164104609932,66.5199662009468,"Rough","Avg. Reward Condition",20,"6",11,1,20,438,"Short",21.0720848798071,0.312929064784582,NA,94.971527118413,"localGP"
"13567",55,10,8,2,27.9169058810438,66.5199662009468,"Rough","Avg. Reward Condition",20,"6",11,2,31,438,"Short",21.0720848798071,0.312929064784582,NA,94.971527118413,"localGP"
"13568",55,11,9,2,22.5222349190201,66.5199662009468,"Rough","Avg. Reward Condition",20,"6",11,1,32,438,"Short",21.0720848798071,0.312929064784582,NA,94.971527118413,"localGP"
"13569",55,12,10,2,3.70972504488681,66.5199662009468,"Rough","Avg. Reward Condition",20,"6",11,2,33,438,"Short",21.0720848798071,0.312929064784582,NA,94.971527118413,"localGP"
"13570",55,13,9,4,34.9976006588863,66.5199662009468,"Rough","Avg. Reward Condition",20,"6",11,2,54,438,"Short",21.0720848798071,0.312929064784582,NA,94.971527118413,"localGP"
"13571",55,14,10,4,30.4922270378704,66.5199662009468,"Rough","Avg. Reward Condition",20,"6",11,1,55,438,"Short",21.0720848798071,0.312929064784582,NA,94.971527118413,"localGP"
"13572",55,15,10,5,24.0277528362219,66.5199662009468,"Rough","Avg. Reward Condition",20,"6",11,2,66,438,"Short",21.0720848798071,0.312929064784582,NA,94.971527118413,"localGP"
"13573",55,16,0,3,52.5672318356315,66.5199662009468,"Rough","Avg. Reward Condition",20,"6",11,1,34,438,"Short",21.0720848798071,0.312929064784582,NA,94.971527118413,"localGP"
"13574",55,17,7,6,78.20301873206,78.20301873206,"Rough","Avg. Reward Condition",20,"6",11,3,74,438,"Short",21.0720848798071,0.312929064784582,NA,94.971527118413,"localGP"
"13575",55,18,8,6,60.0661393407619,78.20301873206,"Rough","Avg. Reward Condition",20,"6",11,1,75,438,"Short",21.0720848798071,0.312929064784582,NA,94.971527118413,"localGP"
"13576",55,19,7,5,74.6263346102851,78.20301873206,"Rough","Avg. Reward Condition",20,"6",11,6,63,438,"Short",21.0720848798071,0.312929064784582,NA,94.971527118413,"localGP"
"13577",55,20,8,5,25.4104652088754,78.20301873206,"Rough","Avg. Reward Condition",20,"6",11,3,64,438,"Short",21.0720848798071,0.312929064784582,NA,94.971527118413,"localGP"
"13578",55,21,8,4,42.7763415301342,78.20301873206,"Rough","Avg. Reward Condition",20,"6",11,2,53,438,"Short",21.0720848798071,0.312929064784582,NA,94.971527118413,"localGP"
"13579",55,1,4,3,51.3524506739597,51.3524506739597,"Rough","Avg. Reward Condition",40,"7",10,NA,38,439,"Long",0.0953243985065068,0.768170893328738,NA,0.482057078487537,"localGP"
"13580",55,2,4,2,49.5824885929655,51.3524506739597,"Rough","Avg. Reward Condition",40,"7",10,12,27,439,"Long",0.0953243985065068,0.768170893328738,NA,0.482057078487537,"localGP"
"13581",55,3,3,2,58.9766483666513,58.9766483666513,"Rough","Avg. Reward Condition",40,"7",10,6,26,439,"Long",0.0953243985065068,0.768170893328738,NA,0.482057078487537,"localGP"
"13582",55,4,3,3,87.6831078392133,87.6831078392133,"Rough","Avg. Reward Condition",40,"7",10,3,37,439,"Long",0.0953243985065068,0.768170893328738,NA,0.482057078487537,"localGP"
"13583",55,5,3,4,73.1932360426665,87.6831078392133,"Rough","Avg. Reward Condition",40,"7",10,4,48,439,"Long",0.0953243985065068,0.768170893328738,NA,0.482057078487537,"localGP"
"13584",55,6,8,4,41.0480159470735,87.6831078392133,"Rough","Avg. Reward Condition",40,"7",10,6,53,439,"Long",0.0953243985065068,0.768170893328738,NA,0.482057078487537,"localGP"
"13585",55,7,6,10,22.6054443345279,87.6831078392133,"Rough","Avg. Reward Condition",40,"7",10,4,117,439,"Long",0.0953243985065068,0.768170893328738,NA,0.482057078487537,"localGP"
"13586",55,8,8,8,22.9010925935709,87.6831078392133,"Rough","Avg. Reward Condition",40,"7",10,4,97,439,"Long",0.0953243985065068,0.768170893328738,NA,0.482057078487537,"localGP"
"13587",55,9,9,9,50.1504839805643,87.6831078392133,"Rough","Avg. Reward Condition",40,"7",10,4,109,439,"Long",0.0953243985065068,0.768170893328738,NA,0.482057078487537,"localGP"
"13588",55,10,9,10,42.4594754153395,87.6831078392133,"Rough","Avg. Reward Condition",40,"7",10,10,120,439,"Long",0.0953243985065068,0.768170893328738,NA,0.482057078487537,"localGP"
"13589",55,11,8,10,42.4353725916264,87.6831078392133,"Rough","Avg. Reward Condition",40,"7",10,6,119,439,"Long",0.0953243985065068,0.768170893328738,NA,0.482057078487537,"localGP"
"13590",55,12,9,8,39.8812443557939,87.6831078392133,"Rough","Avg. Reward Condition",40,"7",10,10,98,439,"Long",0.0953243985065068,0.768170893328738,NA,0.482057078487537,"localGP"
"13591",55,13,8,9,49.5506805256934,87.6831078392133,"Rough","Avg. Reward Condition",40,"7",10,2,108,439,"Long",0.0953243985065068,0.768170893328738,NA,0.482057078487537,"localGP"
"13592",55,14,4,4,51.1456416516227,87.6831078392133,"Rough","Avg. Reward Condition",40,"7",10,1,49,439,"Long",0.0953243985065068,0.768170893328738,NA,0.482057078487537,"localGP"
"13593",55,15,4,5,26.1313491177931,87.6831078392133,"Rough","Avg. Reward Condition",40,"7",10,2,60,439,"Long",0.0953243985065068,0.768170893328738,NA,0.482057078487537,"localGP"
"13594",55,16,5,8,39.6481933267656,87.6831078392133,"Rough","Avg. Reward Condition",40,"7",10,3,94,439,"Long",0.0953243985065068,0.768170893328738,NA,0.482057078487537,"localGP"
"13595",55,17,7,9,41.4991659516561,87.6831078392133,"Rough","Avg. Reward Condition",40,"7",10,3,107,439,"Long",0.0953243985065068,0.768170893328738,NA,0.482057078487537,"localGP"
"13596",55,18,0,1,42.7508497784395,87.6831078392133,"Rough","Avg. Reward Condition",40,"7",10,1,12,439,"Long",0.0953243985065068,0.768170893328738,NA,0.482057078487537,"localGP"
"13597",55,19,0,2,68.7680082177569,87.6831078392133,"Rough","Avg. Reward Condition",40,"7",10,2,23,439,"Long",0.0953243985065068,0.768170893328738,NA,0.482057078487537,"localGP"
"13598",55,20,0,3,50.2820074971904,87.6831078392133,"Rough","Avg. Reward Condition",40,"7",10,1,34,439,"Long",0.0953243985065068,0.768170893328738,NA,0.482057078487537,"localGP"
"13599",55,21,5,2,78.8586431174006,87.6831078392133,"Rough","Avg. Reward Condition",40,"7",10,2,28,439,"Long",0.0953243985065068,0.768170893328738,NA,0.482057078487537,"localGP"
"13600",55,22,5,1,61.2403460186364,87.6831078392133,"Rough","Avg. Reward Condition",40,"7",10,1,17,439,"Long",0.0953243985065068,0.768170893328738,NA,0.482057078487537,"localGP"
"13601",55,23,4,1,57.1643827547163,87.6831078392133,"Rough","Avg. Reward Condition",40,"7",10,1,16,439,"Long",0.0953243985065068,0.768170893328738,NA,0.482057078487537,"localGP"
"13602",55,24,4,0,53.850860567956,87.6831078392133,"Rough","Avg. Reward Condition",40,"7",10,1,5,439,"Long",0.0953243985065068,0.768170893328738,NA,0.482057078487537,"localGP"
"13603",55,25,6,0,68.3343050142511,87.6831078392133,"Rough","Avg. Reward Condition",40,"7",10,2,7,439,"Long",0.0953243985065068,0.768170893328738,NA,0.482057078487537,"localGP"
"13604",55,26,7,0,65.3233265309543,87.6831078392133,"Rough","Avg. Reward Condition",40,"7",10,1,8,439,"Long",0.0953243985065068,0.768170893328738,NA,0.482057078487537,"localGP"
"13605",55,27,10,4,38.6013750106334,87.6831078392133,"Rough","Avg. Reward Condition",40,"7",10,2,55,439,"Long",0.0953243985065068,0.768170893328738,NA,0.482057078487537,"localGP"
"13606",55,28,10,5,57.9008365209864,87.6831078392133,"Rough","Avg. Reward Condition",40,"7",10,1,66,439,"Long",0.0953243985065068,0.768170893328738,NA,0.482057078487537,"localGP"
"13607",55,29,10,6,47.8273989223107,87.6831078392133,"Rough","Avg. Reward Condition",40,"7",10,1,77,439,"Long",0.0953243985065068,0.768170893328738,NA,0.482057078487537,"localGP"
"13608",55,30,9,6,37.140783042608,87.6831078392133,"Rough","Avg. Reward Condition",40,"7",10,1,76,439,"Long",0.0953243985065068,0.768170893328738,NA,0.482057078487537,"localGP"
"13609",55,31,3,3,87.6831078392133,87.6831078392133,"Rough","Avg. Reward Condition",40,"7",10,12,37,439,"Long",0.0953243985065068,0.768170893328738,NA,0.482057078487537,"localGP"
"13610",55,32,2,3,100,100,"Rough","Avg. Reward Condition",40,"7",10,6,36,439,"Long",0.0953243985065068,0.768170893328738,NA,0.482057078487537,"localGP"
"13611",55,33,2,4,68.2811565221098,100,"Rough","Avg. Reward Condition",40,"7",10,1,47,439,"Long",0.0953243985065068,0.768170893328738,NA,0.482057078487537,"localGP"
"13612",55,34,2,3,100,100,"Rough","Avg. Reward Condition",40,"7",10,1,36,439,"Long",0.0953243985065068,0.768170893328738,NA,0.482057078487537,"localGP"
"13613",55,35,2,2,84.7630980686561,100,"Rough","Avg. Reward Condition",40,"7",10,1,25,439,"Long",0.0953243985065068,0.768170893328738,NA,0.482057078487537,"localGP"
"13614",55,36,1,2,60.3864830545494,100,"Rough","Avg. Reward Condition",40,"7",10,12,24,439,"Long",0.0953243985065068,0.768170893328738,NA,0.482057078487537,"localGP"
"13615",55,37,1,3,55.7844556265517,100,"Rough","Avg. Reward Condition",40,"7",10,3,35,439,"Long",0.0953243985065068,0.768170893328738,NA,0.482057078487537,"localGP"
"13616",55,38,2,3,100,100,"Rough","Avg. Reward Condition",40,"7",10,1,36,439,"Long",0.0953243985065068,0.768170893328738,NA,0.482057078487537,"localGP"
"13617",55,39,1,5,31.2671140536522,100,"Rough","Avg. Reward Condition",40,"7",10,2,57,439,"Long",0.0953243985065068,0.768170893328738,NA,0.482057078487537,"localGP"
"13618",55,40,2,5,54.3562924005925,100,"Rough","Avg. Reward Condition",40,"7",10,1,58,439,"Long",0.0953243985065068,0.768170893328738,NA,0.482057078487537,"localGP"
"13619",55,41,2,4,68.2811565221098,100,"Rough","Avg. Reward Condition",40,"7",10,1,47,439,"Long",0.0953243985065068,0.768170893328738,NA,0.482057078487537,"localGP"
"13620",55,1,9,1,32.884325467042,32.884325467042,"Rough","Avg. Reward Condition",20,"8",7,NA,21,440,"Short",0.0973540598989638,0.757636987770928,NA,0.499277561485632,"localGP"
"13621",55,2,8,1,64.1561620326148,64.1561620326148,"Rough","Avg. Reward Condition",20,"8",7,9,20,440,"Short",0.0973540598989638,0.757636987770928,NA,0.499277561485632,"localGP"
"13622",55,3,8,2,53.532220554727,64.1561620326148,"Rough","Avg. Reward Condition",20,"8",7,4,31,440,"Short",0.0973540598989638,0.757636987770928,NA,0.499277561485632,"localGP"
"13623",55,4,8,3,69.467939664169,69.467939664169,"Rough","Avg. Reward Condition",20,"8",7,4,42,440,"Short",0.0973540598989638,0.757636987770928,NA,0.499277561485632,"localGP"
"13624",55,5,7,3,81.9279469354685,81.9279469354685,"Rough","Avg. Reward Condition",20,"8",7,5,41,440,"Short",0.0973540598989638,0.757636987770928,NA,0.499277561485632,"localGP"
"13625",55,6,6,2,61.16747892044,81.9279469354685,"Rough","Avg. Reward Condition",20,"8",7,5,29,440,"Short",0.0973540598989638,0.757636987770928,NA,0.499277561485632,"localGP"
"13626",55,7,5,2,72.8242545616826,81.9279469354685,"Rough","Avg. Reward Condition",20,"8",7,3,28,440,"Short",0.0973540598989638,0.757636987770928,NA,0.499277561485632,"localGP"
"13627",55,8,5,3,72.1298350478396,81.9279469354685,"Rough","Avg. Reward Condition",20,"8",7,6,39,440,"Short",0.0973540598989638,0.757636987770928,NA,0.499277561485632,"localGP"
"13628",55,9,5,2,72.8242545616826,81.9279469354685,"Rough","Avg. Reward Condition",20,"8",7,4,28,440,"Short",0.0973540598989638,0.757636987770928,NA,0.499277561485632,"localGP"
"13629",55,10,4,2,51.1248580268457,81.9279469354685,"Rough","Avg. Reward Condition",20,"8",7,8,27,440,"Short",0.0973540598989638,0.757636987770928,NA,0.499277561485632,"localGP"
"13630",55,11,4,3,38.855169036226,81.9279469354685,"Rough","Avg. Reward Condition",20,"8",7,10,38,440,"Short",0.0973540598989638,0.757636987770928,NA,0.499277561485632,"localGP"
"13631",55,12,8,4,92.0072637842279,92.0072637842279,"Rough","Avg. Reward Condition",20,"8",7,12,53,440,"Short",0.0973540598989638,0.757636987770928,NA,0.499277561485632,"localGP"
"13632",55,13,7,4,76.4592320894519,92.0072637842279,"Rough","Avg. Reward Condition",20,"8",7,2,52,440,"Short",0.0973540598989638,0.757636987770928,NA,0.499277561485632,"localGP"
"13633",55,14,6,4,72.5109856479773,92.0072637842279,"Rough","Avg. Reward Condition",20,"8",7,1,51,440,"Short",0.0973540598989638,0.757636987770928,NA,0.499277561485632,"localGP"
"13634",55,15,5,4,43.7941876820187,92.0072637842279,"Rough","Avg. Reward Condition",20,"8",7,2,50,440,"Short",0.0973540598989638,0.757636987770928,NA,0.499277561485632,"localGP"
"13635",55,16,5,5,44.5106092443796,92.0072637842279,"Rough","Avg. Reward Condition",20,"8",7,1,61,440,"Short",0.0973540598989638,0.757636987770928,NA,0.499277561485632,"localGP"
"13636",55,17,8,5,94.611075528205,94.611075528205,"Rough","Avg. Reward Condition",20,"8",7,2,64,440,"Short",0.0973540598989638,0.757636987770928,NA,0.499277561485632,"localGP"
"13637",55,18,8,6,73.8483056301387,94.611075528205,"Rough","Avg. Reward Condition",20,"8",7,1,75,440,"Short",0.0973540598989638,0.757636987770928,NA,0.499277561485632,"localGP"
"13638",55,19,8,5,94.611075528205,94.611075528205,"Rough","Avg. Reward Condition",20,"8",7,1,64,440,"Short",0.0973540598989638,0.757636987770928,NA,0.499277561485632,"localGP"
"13639",55,20,9,5,88.0456624617215,94.611075528205,"Rough","Avg. Reward Condition",20,"8",7,3,65,440,"Short",0.0973540598989638,0.757636987770928,NA,0.499277561485632,"localGP"
"13640",55,21,10,5,58.1563292947862,94.611075528205,"Rough","Avg. Reward Condition",20,"8",7,1,66,440,"Short",0.0973540598989638,0.757636987770928,NA,0.499277561485632,"localGP"
"13641",56,1,4,1,54.7263505752768,54.7263505752768,"Smooth","Avg. Reward Condition",20,"1",6,NA,16,441,"Short",0.0983130465893399,0.748657550071375,NA,0.452608504770946,"localGP"
"13642",56,2,4,2,29.5493469848231,54.7263505752768,"Smooth","Avg. Reward Condition",20,"1",6,2,27,441,"Short",0.0983130465893399,0.748657550071375,NA,0.452608504770946,"localGP"
"13643",56,3,9,4,38.9053928738071,54.7263505752768,"Smooth","Avg. Reward Condition",20,"1",6,2,54,441,"Short",0.0983130465893399,0.748657550071375,NA,0.452608504770946,"localGP"
"13644",56,4,9,3,30.7578099709399,54.7263505752768,"Smooth","Avg. Reward Condition",20,"1",6,1,43,441,"Short",0.0983130465893399,0.748657550071375,NA,0.452608504770946,"localGP"
"13645",56,5,10,2,28.7117658746382,54.7263505752768,"Smooth","Avg. Reward Condition",20,"1",6,3,33,441,"Short",0.0983130465893399,0.748657550071375,NA,0.452608504770946,"localGP"
"13646",56,6,4,0,55.5674013625867,55.5674013625867,"Smooth","Avg. Reward Condition",20,"1",6,3,5,441,"Short",0.0983130465893399,0.748657550071375,NA,0.452608504770946,"localGP"
"13647",56,7,7,4,44.475034820107,55.5674013625867,"Smooth","Avg. Reward Condition",20,"1",6,4,52,441,"Short",0.0983130465893399,0.748657550071375,NA,0.452608504770946,"localGP"
"13648",56,8,1,7,34.3269334073576,55.5674013625867,"Smooth","Avg. Reward Condition",20,"1",6,4,79,441,"Short",0.0983130465893399,0.748657550071375,NA,0.452608504770946,"localGP"
"13649",56,9,9,9,83.6268655538995,83.6268655538995,"Smooth","Avg. Reward Condition",20,"1",6,1,109,441,"Short",0.0983130465893399,0.748657550071375,NA,0.452608504770946,"localGP"
"13650",56,10,10,9,86.1457429128577,86.1457429128577,"Smooth","Avg. Reward Condition",20,"1",6,2,110,441,"Short",0.0983130465893399,0.748657550071375,NA,0.452608504770946,"localGP"
"13651",56,11,10,8,49.0427197755467,86.1457429128577,"Smooth","Avg. Reward Condition",20,"1",6,1,99,441,"Short",0.0983130465893399,0.748657550071375,NA,0.452608504770946,"localGP"
"13652",56,12,2,10,50.1552784295293,86.1457429128577,"Smooth","Avg. Reward Condition",20,"1",6,1,113,441,"Short",0.0983130465893399,0.748657550071375,NA,0.452608504770946,"localGP"
"13653",56,13,1,10,67.9554499447788,86.1457429128577,"Smooth","Avg. Reward Condition",20,"1",6,1,112,441,"Short",0.0983130465893399,0.748657550071375,NA,0.452608504770946,"localGP"
"13654",56,14,0,10,82.527541309215,86.1457429128577,"Smooth","Avg. Reward Condition",20,"1",6,2,111,441,"Short",0.0983130465893399,0.748657550071375,NA,0.452608504770946,"localGP"
"13655",56,15,0,9,70.7016784293051,86.1457429128577,"Smooth","Avg. Reward Condition",20,"1",6,1,100,441,"Short",0.0983130465893399,0.748657550071375,NA,0.452608504770946,"localGP"
"13656",56,16,1,9,36.7437798963148,86.1457429128577,"Smooth","Avg. Reward Condition",20,"1",6,0,101,441,"Short",0.0983130465893399,0.748657550071375,NA,0.452608504770946,"localGP"
"13657",56,17,1,8,26.3468808811105,86.1457429128577,"Smooth","Avg. Reward Condition",20,"1",6,2,90,441,"Short",0.0983130465893399,0.748657550071375,NA,0.452608504770946,"localGP"
"13658",56,18,1,7,34.3269334073576,86.1457429128577,"Smooth","Avg. Reward Condition",20,"1",6,3,79,441,"Short",0.0983130465893399,0.748657550071375,NA,0.452608504770946,"localGP"
"13659",56,19,1,5,100,100,"Smooth","Avg. Reward Condition",20,"1",6,5,57,441,"Short",0.0983130465893399,0.748657550071375,NA,0.452608504770946,"localGP"
"13660",56,20,1,5,100,100,"Smooth","Avg. Reward Condition",20,"1",6,1,57,441,"Short",0.0983130465893399,0.748657550071375,NA,0.452608504770946,"localGP"
"13661",56,21,0,4,74.8791108715427,100,"Smooth","Avg. Reward Condition",20,"1",6,1,45,441,"Short",0.0983130465893399,0.748657550071375,NA,0.452608504770946,"localGP"
"13662",56,1,7,3,40.584194910341,40.584194910341,"Smooth","Avg. Reward Condition",40,"2",14,NA,41,442,"Long",0.0912973176841847,0.693111238238341,NA,0.485454456176035,"localGP"
"13663",56,2,7,4,30.1967224118984,40.584194910341,"Smooth","Avg. Reward Condition",40,"2",14,3,52,442,"Long",0.0912973176841847,0.693111238238341,NA,0.485454456176035,"localGP"
"13664",56,3,6,4,31.7673275946696,40.584194910341,"Smooth","Avg. Reward Condition",40,"2",14,4,51,442,"Long",0.0912973176841847,0.693111238238341,NA,0.485454456176035,"localGP"
"13665",56,4,9,4,13.8089864682808,40.584194910341,"Smooth","Avg. Reward Condition",40,"2",14,3,54,442,"Long",0.0912973176841847,0.693111238238341,NA,0.485454456176035,"localGP"
"13666",56,5,9,6,53.922059162167,53.922059162167,"Smooth","Avg. Reward Condition",40,"2",14,2,76,442,"Long",0.0912973176841847,0.693111238238341,NA,0.485454456176035,"localGP"
"13667",56,6,10,1,68.9533017628341,68.9533017628341,"Smooth","Avg. Reward Condition",40,"2",14,2,22,442,"Long",0.0912973176841847,0.693111238238341,NA,0.485454456176035,"localGP"
"13668",56,7,10,0,54.7041711042587,68.9533017628341,"Smooth","Avg. Reward Condition",40,"2",14,1,11,442,"Long",0.0912973176841847,0.693111238238341,NA,0.485454456176035,"localGP"
"13669",56,8,9,0,31.1577897850161,68.9533017628341,"Smooth","Avg. Reward Condition",40,"2",14,0,10,442,"Long",0.0912973176841847,0.693111238238341,NA,0.485454456176035,"localGP"
"13670",56,9,4,5,31.8484137393175,68.9533017628341,"Smooth","Avg. Reward Condition",40,"2",14,1,60,442,"Long",0.0912973176841847,0.693111238238341,NA,0.485454456176035,"localGP"
"13671",56,10,3,4,32.7929271553822,68.9533017628341,"Smooth","Avg. Reward Condition",40,"2",14,0,48,442,"Long",0.0912973176841847,0.693111238238341,NA,0.485454456176035,"localGP"
"13672",56,11,2,4,34.5094895994283,68.9533017628341,"Smooth","Avg. Reward Condition",40,"2",14,2,47,442,"Long",0.0912973176841847,0.693111238238341,NA,0.485454456176035,"localGP"
"13673",56,12,4,1,65.3463353635867,68.9533017628341,"Smooth","Avg. Reward Condition",40,"2",14,0,16,442,"Long",0.0912973176841847,0.693111238238341,NA,0.485454456176035,"localGP"
"13674",56,13,5,1,54.5671632518635,68.9533017628341,"Smooth","Avg. Reward Condition",40,"2",14,2,17,442,"Long",0.0912973176841847,0.693111238238341,NA,0.485454456176035,"localGP"
"13675",56,14,5,2,56.3291955901051,68.9533017628341,"Smooth","Avg. Reward Condition",40,"2",14,0,28,442,"Long",0.0912973176841847,0.693111238238341,NA,0.485454456176035,"localGP"
"13676",56,15,4,2,87.5181735479042,87.5181735479042,"Smooth","Avg. Reward Condition",40,"2",14,0,27,442,"Long",0.0912973176841847,0.693111238238341,NA,0.485454456176035,"localGP"
"13677",56,16,4,3,65.3292450203886,87.5181735479042,"Smooth","Avg. Reward Condition",40,"2",14,1,38,442,"Long",0.0912973176841847,0.693111238238341,NA,0.485454456176035,"localGP"
"13678",56,17,10,10,16.6581489852358,87.5181735479042,"Smooth","Avg. Reward Condition",40,"2",14,2,121,442,"Long",0.0912973176841847,0.693111238238341,NA,0.485454456176035,"localGP"
"13679",56,18,10,7,61.8713496288932,87.5181735479042,"Smooth","Avg. Reward Condition",40,"2",14,0,88,442,"Long",0.0912973176841847,0.693111238238341,NA,0.485454456176035,"localGP"
"13680",56,19,10,6,54.06781825719,87.5181735479042,"Smooth","Avg. Reward Condition",40,"2",14,1,77,442,"Long",0.0912973176841847,0.693111238238341,NA,0.485454456176035,"localGP"
"13681",56,20,9,7,47.5868272276955,87.5181735479042,"Smooth","Avg. Reward Condition",40,"2",14,1,87,442,"Long",0.0912973176841847,0.693111238238341,NA,0.485454456176035,"localGP"
"13682",56,21,9,8,50.6401868602736,87.5181735479042,"Smooth","Avg. Reward Condition",40,"2",14,2,98,442,"Long",0.0912973176841847,0.693111238238341,NA,0.485454456176035,"localGP"
"13683",56,22,9,2,39.5970533431282,87.5181735479042,"Smooth","Avg. Reward Condition",40,"2",14,0,32,442,"Long",0.0912973176841847,0.693111238238341,NA,0.485454456176035,"localGP"
"13684",56,23,0,4,77.3776317669719,87.5181735479042,"Smooth","Avg. Reward Condition",40,"2",14,4,45,442,"Long",0.0912973176841847,0.693111238238341,NA,0.485454456176035,"localGP"
"13685",56,24,1,4,50.1159622354863,87.5181735479042,"Smooth","Avg. Reward Condition",40,"2",14,1,46,442,"Long",0.0912973176841847,0.693111238238341,NA,0.485454456176035,"localGP"
"13686",56,25,1,3,79.9836672889353,87.5181735479042,"Smooth","Avg. Reward Condition",40,"2",14,1,35,442,"Long",0.0912973176841847,0.693111238238341,NA,0.485454456176035,"localGP"
"13687",56,26,0,3,91.5355338017791,91.5355338017791,"Smooth","Avg. Reward Condition",40,"2",14,1,34,442,"Long",0.0912973176841847,0.693111238238341,NA,0.485454456176035,"localGP"
"13688",56,27,0,2,76.8659090537279,91.5355338017791,"Smooth","Avg. Reward Condition",40,"2",14,1,23,442,"Long",0.0912973176841847,0.693111238238341,NA,0.485454456176035,"localGP"
"13689",56,28,3,0,60.4754384104082,91.5355338017791,"Smooth","Avg. Reward Condition",40,"2",14,1,4,442,"Long",0.0912973176841847,0.693111238238341,NA,0.485454456176035,"localGP"
"13690",56,29,1,0,61.0833370508762,91.5355338017791,"Smooth","Avg. Reward Condition",40,"2",14,1,2,442,"Long",0.0912973176841847,0.693111238238341,NA,0.485454456176035,"localGP"
"13691",56,30,1,1,79.8594953579445,91.5355338017791,"Smooth","Avg. Reward Condition",40,"2",14,0,13,442,"Long",0.0912973176841847,0.693111238238341,NA,0.485454456176035,"localGP"
"13692",56,31,1,2,100,100,"Smooth","Avg. Reward Condition",40,"2",14,1,24,442,"Long",0.0912973176841847,0.693111238238341,NA,0.485454456176035,"localGP"
"13693",56,32,2,2,74.8205512494422,100,"Smooth","Avg. Reward Condition",40,"2",14,8,25,442,"Long",0.0912973176841847,0.693111238238341,NA,0.485454456176035,"localGP"
"13694",56,33,3,2,76.7507190028061,100,"Smooth","Avg. Reward Condition",40,"2",14,1,26,442,"Long",0.0912973176841847,0.693111238238341,NA,0.485454456176035,"localGP"
"13695",56,34,2,2,74.8205512494422,100,"Smooth","Avg. Reward Condition",40,"2",14,2,25,442,"Long",0.0912973176841847,0.693111238238341,NA,0.485454456176035,"localGP"
"13696",56,35,5,8,47.473484519333,100,"Smooth","Avg. Reward Condition",40,"2",14,1,94,442,"Long",0.0912973176841847,0.693111238238341,NA,0.485454456176035,"localGP"
"13697",56,36,4,8,61.073766397803,100,"Smooth","Avg. Reward Condition",40,"2",14,2,93,442,"Long",0.0912973176841847,0.693111238238341,NA,0.485454456176035,"localGP"
"13698",56,37,8,9,77.111237702123,100,"Smooth","Avg. Reward Condition",40,"2",14,2,108,442,"Long",0.0912973176841847,0.693111238238341,NA,0.485454456176035,"localGP"
"13699",56,38,8,10,56.0539932412239,100,"Smooth","Avg. Reward Condition",40,"2",14,1,119,442,"Long",0.0912973176841847,0.693111238238341,NA,0.485454456176035,"localGP"
"13700",56,39,5,9,30.8764007888026,100,"Smooth","Avg. Reward Condition",40,"2",14,3,105,442,"Long",0.0912973176841847,0.693111238238341,NA,0.485454456176035,"localGP"
"13701",56,40,6,9,39.5539935704967,100,"Smooth","Avg. Reward Condition",40,"2",14,1,106,442,"Long",0.0912973176841847,0.693111238238341,NA,0.485454456176035,"localGP"
"13702",56,41,2,9,44.7784563041284,100,"Smooth","Avg. Reward Condition",40,"2",14,2,102,442,"Long",0.0912973176841847,0.693111238238341,NA,0.485454456176035,"localGP"
"13703",56,1,8,10,52.0181459798519,52.0181459798519,"Smooth","Avg. Reward Condition",20,"3",1,NA,119,443,"Short",0.0919003954250806,0.707317808797851,NA,0.433346910033585,"localGP"
"13704",56,2,9,10,49.6139701131598,52.0181459798519,"Smooth","Avg. Reward Condition",20,"3",1,1,120,443,"Short",0.0919003954250806,0.707317808797851,NA,0.433346910033585,"localGP"
"13705",56,3,10,10,43.1852507215821,52.0181459798519,"Smooth","Avg. Reward Condition",20,"3",1,2,121,443,"Short",0.0919003954250806,0.707317808797851,NA,0.433346910033585,"localGP"
"13706",56,4,9,6,61.0773012184803,61.0773012184803,"Smooth","Avg. Reward Condition",20,"3",1,2,76,443,"Short",0.0919003954250806,0.707317808797851,NA,0.433346910033585,"localGP"
"13707",56,5,7,7,63.4190187757228,63.4190187757228,"Smooth","Avg. Reward Condition",20,"3",1,6,85,443,"Short",0.0919003954250806,0.707317808797851,NA,0.433346910033585,"localGP"
"13708",56,6,6,7,56.6570427677056,63.4190187757228,"Smooth","Avg. Reward Condition",20,"3",1,7,84,443,"Short",0.0919003954250806,0.707317808797851,NA,0.433346910033585,"localGP"
"13709",56,7,10,8,40.6942172697369,63.4190187757228,"Smooth","Avg. Reward Condition",20,"3",1,4,99,443,"Short",0.0919003954250806,0.707317808797851,NA,0.433346910033585,"localGP"
"13710",56,8,3,2,40.3832671386769,63.4190187757228,"Smooth","Avg. Reward Condition",20,"3",1,4,26,443,"Short",0.0919003954250806,0.707317808797851,NA,0.433346910033585,"localGP"
"13711",56,9,3,7,33.7034097682275,63.4190187757228,"Smooth","Avg. Reward Condition",20,"3",1,3,81,443,"Short",0.0919003954250806,0.707317808797851,NA,0.433346910033585,"localGP"
"13712",56,10,3,8,30.5083687411474,63.4190187757228,"Smooth","Avg. Reward Condition",20,"3",1,1,92,443,"Short",0.0919003954250806,0.707317808797851,NA,0.433346910033585,"localGP"
"13713",56,11,0,5,38.1968021459426,63.4190187757228,"Smooth","Avg. Reward Condition",20,"3",1,1,56,443,"Short",0.0919003954250806,0.707317808797851,NA,0.433346910033585,"localGP"
"13714",56,12,2,4,44.0628638879187,63.4190187757228,"Smooth","Avg. Reward Condition",20,"3",1,2,47,443,"Short",0.0919003954250806,0.707317808797851,NA,0.433346910033585,"localGP"
"13715",56,13,2,3,35.8335033964718,63.4190187757228,"Smooth","Avg. Reward Condition",20,"3",1,1,36,443,"Short",0.0919003954250806,0.707317808797851,NA,0.433346910033585,"localGP"
"13716",56,14,2,1,66.6031345622885,66.6031345622885,"Smooth","Avg. Reward Condition",20,"3",1,1,14,443,"Short",0.0919003954250806,0.707317808797851,NA,0.433346910033585,"localGP"
"13717",56,15,2,0,70.8875298246222,70.8875298246222,"Smooth","Avg. Reward Condition",20,"3",1,2,3,443,"Short",0.0919003954250806,0.707317808797851,NA,0.433346910033585,"localGP"
"13718",56,16,1,0,84.3956226620629,84.3956226620629,"Smooth","Avg. Reward Condition",20,"3",1,1,2,443,"Short",0.0919003954250806,0.707317808797851,NA,0.433346910033585,"localGP"
"13719",56,17,1,1,29.8781350301425,84.3956226620629,"Smooth","Avg. Reward Condition",20,"3",1,1,13,443,"Short",0.0919003954250806,0.707317808797851,NA,0.433346910033585,"localGP"
"13720",56,18,3,0,22.5301208321615,84.3956226620629,"Smooth","Avg. Reward Condition",20,"3",1,2,4,443,"Short",0.0919003954250806,0.707317808797851,NA,0.433346910033585,"localGP"
"13721",56,19,2,10,52.565154764264,84.3956226620629,"Smooth","Avg. Reward Condition",20,"3",1,2,113,443,"Short",0.0919003954250806,0.707317808797851,NA,0.433346910033585,"localGP"
"13722",56,20,8,3,73.1545333653025,84.3956226620629,"Smooth","Avg. Reward Condition",20,"3",1,1,42,443,"Short",0.0919003954250806,0.707317808797851,NA,0.433346910033585,"localGP"
"13723",56,21,0,5,38.1968021459426,84.3956226620629,"Smooth","Avg. Reward Condition",20,"3",1,2,56,443,"Short",0.0919003954250806,0.707317808797851,NA,0.433346910033585,"localGP"
"13724",56,1,9,4,26.0631617428535,26.0631617428535,"Smooth","Avg. Reward Condition",40,"4",0,NA,54,444,"Long",0.0836460154275485,0.633771201513329,NA,0.416314466088548,"localGP"
"13725",56,2,3,10,32.167524099138,32.167524099138,"Smooth","Avg. Reward Condition",40,"4",0,2,114,444,"Long",0.0836460154275485,0.633771201513329,NA,0.416314466088548,"localGP"
"13726",56,3,2,10,24.8474427773121,32.167524099138,"Smooth","Avg. Reward Condition",40,"4",0,2,113,444,"Long",0.0836460154275485,0.633771201513329,NA,0.416314466088548,"localGP"
"13727",56,4,10,8,76.6171334634599,76.6171334634599,"Smooth","Avg. Reward Condition",40,"4",0,3,99,444,"Long",0.0836460154275485,0.633771201513329,NA,0.416314466088548,"localGP"
"13728",56,5,4,1,16.9242628027693,76.6171334634599,"Smooth","Avg. Reward Condition",40,"4",0,1,16,444,"Long",0.0836460154275485,0.633771201513329,NA,0.416314466088548,"localGP"
"13729",56,6,6,5,38.4802247226953,76.6171334634599,"Smooth","Avg. Reward Condition",40,"4",0,2,62,444,"Long",0.0836460154275485,0.633771201513329,NA,0.416314466088548,"localGP"
"13730",56,7,8,5,25.4664364845841,76.6171334634599,"Smooth","Avg. Reward Condition",40,"4",0,3,64,444,"Long",0.0836460154275485,0.633771201513329,NA,0.416314466088548,"localGP"
"13731",56,8,5,6,18.2149198232476,76.6171334634599,"Smooth","Avg. Reward Condition",40,"4",0,3,72,444,"Long",0.0836460154275485,0.633771201513329,NA,0.416314466088548,"localGP"
"13732",56,9,7,5,54.6376414443385,76.6171334634599,"Smooth","Avg. Reward Condition",40,"4",0,2,63,444,"Long",0.0836460154275485,0.633771201513329,NA,0.416314466088548,"localGP"
"13733",56,10,8,2,37.9601847511936,76.6171334634599,"Smooth","Avg. Reward Condition",40,"4",0,3,31,444,"Long",0.0836460154275485,0.633771201513329,NA,0.416314466088548,"localGP"
"13734",56,11,9,0,44.764827701854,76.6171334634599,"Smooth","Avg. Reward Condition",40,"4",0,4,10,444,"Long",0.0836460154275485,0.633771201513329,NA,0.416314466088548,"localGP"
"13735",56,12,5,8,68.8909705274262,76.6171334634599,"Smooth","Avg. Reward Condition",40,"4",0,1,94,444,"Long",0.0836460154275485,0.633771201513329,NA,0.416314466088548,"localGP"
"13736",56,13,4,8,67.9616061763023,76.6171334634599,"Smooth","Avg. Reward Condition",40,"4",0,2,93,444,"Long",0.0836460154275485,0.633771201513329,NA,0.416314466088548,"localGP"
"13737",56,14,2,7,42.7772511233164,76.6171334634599,"Smooth","Avg. Reward Condition",40,"4",0,1,80,444,"Long",0.0836460154275485,0.633771201513329,NA,0.416314466088548,"localGP"
"13738",56,15,1,7,65.8282604254796,76.6171334634599,"Smooth","Avg. Reward Condition",40,"4",0,2,79,444,"Long",0.0836460154275485,0.633771201513329,NA,0.416314466088548,"localGP"
"13739",56,16,2,6,50.7364669239803,76.6171334634599,"Smooth","Avg. Reward Condition",40,"4",0,1,69,444,"Long",0.0836460154275485,0.633771201513329,NA,0.416314466088548,"localGP"
"13740",56,17,7,10,0,76.6171334634599,"Smooth","Avg. Reward Condition",40,"4",0,1,118,444,"Long",0.0836460154275485,0.633771201513329,NA,0.416314466088548,"localGP"
"13741",56,18,5,10,34.5994838474691,76.6171334634599,"Smooth","Avg. Reward Condition",40,"4",0,1,116,444,"Long",0.0836460154275485,0.633771201513329,NA,0.416314466088548,"localGP"
"13742",56,19,10,9,53.0594493428652,76.6171334634599,"Smooth","Avg. Reward Condition",40,"4",0,1,110,444,"Long",0.0836460154275485,0.633771201513329,NA,0.416314466088548,"localGP"
"13743",56,20,9,9,79.2865457179187,79.2865457179187,"Smooth","Avg. Reward Condition",40,"4",0,4,109,444,"Long",0.0836460154275485,0.633771201513329,NA,0.416314466088548,"localGP"
"13744",56,21,9,10,64.79218841543,79.2865457179187,"Smooth","Avg. Reward Condition",40,"4",0,1,120,444,"Long",0.0836460154275485,0.633771201513329,NA,0.416314466088548,"localGP"
"13745",56,22,7,6,58.4137969202167,79.2865457179187,"Smooth","Avg. Reward Condition",40,"4",0,1,74,444,"Long",0.0836460154275485,0.633771201513329,NA,0.416314466088548,"localGP"
"13746",56,23,5,7,46.7426538325774,79.2865457179187,"Smooth","Avg. Reward Condition",40,"4",0,1,83,444,"Long",0.0836460154275485,0.633771201513329,NA,0.416314466088548,"localGP"
"13747",56,24,6,8,69.9411761225891,79.2865457179187,"Smooth","Avg. Reward Condition",40,"4",0,2,95,444,"Long",0.0836460154275485,0.633771201513329,NA,0.416314466088548,"localGP"
"13748",56,25,3,8,52.5458075522518,79.2865457179187,"Smooth","Avg. Reward Condition",40,"4",0,1,92,444,"Long",0.0836460154275485,0.633771201513329,NA,0.416314466088548,"localGP"
"13749",56,26,3,6,45.9504807109025,79.2865457179187,"Smooth","Avg. Reward Condition",40,"4",0,1,70,444,"Long",0.0836460154275485,0.633771201513329,NA,0.416314466088548,"localGP"
"13750",56,27,3,5,42.0356921571109,79.2865457179187,"Smooth","Avg. Reward Condition",40,"4",0,2,59,444,"Long",0.0836460154275485,0.633771201513329,NA,0.416314466088548,"localGP"
"13751",56,28,3,4,72.1209794617426,79.2865457179187,"Smooth","Avg. Reward Condition",40,"4",0,5,48,444,"Long",0.0836460154275485,0.633771201513329,NA,0.416314466088548,"localGP"
"13752",56,29,4,4,67.056370714112,79.2865457179187,"Smooth","Avg. Reward Condition",40,"4",0,1,49,444,"Long",0.0836460154275485,0.633771201513329,NA,0.416314466088548,"localGP"
"13753",56,30,4,6,4.57974265293169,79.2865457179187,"Smooth","Avg. Reward Condition",40,"4",0,1,71,444,"Long",0.0836460154275485,0.633771201513329,NA,0.416314466088548,"localGP"
"13754",56,31,0,10,14.8843519517488,79.2865457179187,"Smooth","Avg. Reward Condition",40,"4",0,1,111,444,"Long",0.0836460154275485,0.633771201513329,NA,0.416314466088548,"localGP"
"13755",56,32,7,5,54.6376414443385,79.2865457179187,"Smooth","Avg. Reward Condition",40,"4",0,1,63,444,"Long",0.0836460154275485,0.633771201513329,NA,0.416314466088548,"localGP"
"13756",56,33,0,0,35.9067188197196,79.2865457179187,"Smooth","Avg. Reward Condition",40,"4",0,1,1,444,"Long",0.0836460154275485,0.633771201513329,NA,0.416314466088548,"localGP"
"13757",56,34,1,0,67.0136291844954,79.2865457179187,"Smooth","Avg. Reward Condition",40,"4",0,1,2,444,"Long",0.0836460154275485,0.633771201513329,NA,0.416314466088548,"localGP"
"13758",56,35,2,0,73.189103748547,79.2865457179187,"Smooth","Avg. Reward Condition",40,"4",0,1,3,444,"Long",0.0836460154275485,0.633771201513329,NA,0.416314466088548,"localGP"
"13759",56,36,3,0,24.0642449228446,79.2865457179187,"Smooth","Avg. Reward Condition",40,"4",0,3,4,444,"Long",0.0836460154275485,0.633771201513329,NA,0.416314466088548,"localGP"
"13760",56,37,7,2,5.67992727418949,79.2865457179187,"Smooth","Avg. Reward Condition",40,"4",0,1,30,444,"Long",0.0836460154275485,0.633771201513329,NA,0.416314466088548,"localGP"
"13761",56,38,6,2,14.151020308226,79.2865457179187,"Smooth","Avg. Reward Condition",40,"4",0,3,29,444,"Long",0.0836460154275485,0.633771201513329,NA,0.416314466088548,"localGP"
"13762",56,39,10,4,33.0997948089622,79.2865457179187,"Smooth","Avg. Reward Condition",40,"4",0,1,55,444,"Long",0.0836460154275485,0.633771201513329,NA,0.416314466088548,"localGP"
"13763",56,40,5,9,38.2276325889547,79.2865457179187,"Smooth","Avg. Reward Condition",40,"4",0,1,105,444,"Long",0.0836460154275485,0.633771201513329,NA,0.416314466088548,"localGP"
"13764",56,41,10,5,1.48105880791409,79.2865457179187,"Smooth","Avg. Reward Condition",40,"4",0,1,66,444,"Long",0.0836460154275485,0.633771201513329,NA,0.416314466088548,"localGP"
"13765",56,1,9,4,36.4101012939869,36.4101012939869,"Smooth","Avg. Reward Condition",20,"5",13,NA,54,445,"Short",0.0959726935148906,0.730087587978593,NA,0.429243898676189,"localGP"
"13766",56,2,9,6,20.0963903815858,36.4101012939869,"Smooth","Avg. Reward Condition",20,"5",13,9,76,445,"Short",0.0959726935148906,0.730087587978593,NA,0.429243898676189,"localGP"
"13767",56,3,9,8,52.3170386231255,52.3170386231255,"Smooth","Avg. Reward Condition",20,"5",13,7,98,445,"Short",0.0959726935148906,0.730087587978593,NA,0.429243898676189,"localGP"
"13768",56,4,10,8,70.6098250573604,70.6098250573604,"Smooth","Avg. Reward Condition",20,"5",13,9,99,445,"Short",0.0959726935148906,0.730087587978593,NA,0.429243898676189,"localGP"
"13769",56,5,2,5,73.5182942872348,73.5182942872348,"Smooth","Avg. Reward Condition",20,"5",13,2,58,445,"Short",0.0959726935148906,0.730087587978593,NA,0.429243898676189,"localGP"
"13770",56,6,2,7,35.359724006426,73.5182942872348,"Smooth","Avg. Reward Condition",20,"5",13,2,80,445,"Short",0.0959726935148906,0.730087587978593,NA,0.429243898676189,"localGP"
"13771",56,7,7,2,13.4842610715727,73.5182942872348,"Smooth","Avg. Reward Condition",20,"5",13,2,30,445,"Short",0.0959726935148906,0.730087587978593,NA,0.429243898676189,"localGP"
"13772",56,8,1,3,24.1058601457034,73.5182942872348,"Smooth","Avg. Reward Condition",20,"5",13,1,35,445,"Short",0.0959726935148906,0.730087587978593,NA,0.429243898676189,"localGP"
"13773",56,9,2,3,88.3048631958372,88.3048631958372,"Smooth","Avg. Reward Condition",20,"5",13,1,36,445,"Short",0.0959726935148906,0.730087587978593,NA,0.429243898676189,"localGP"
"13774",56,10,3,3,80.5615551663229,88.3048631958372,"Smooth","Avg. Reward Condition",20,"5",13,1,37,445,"Short",0.0959726935148906,0.730087587978593,NA,0.429243898676189,"localGP"
"13775",56,11,3,2,75.9223381375201,88.3048631958372,"Smooth","Avg. Reward Condition",20,"5",13,2,26,445,"Short",0.0959726935148906,0.730087587978593,NA,0.429243898676189,"localGP"
"13776",56,12,2,2,91.2685637119397,91.2685637119397,"Smooth","Avg. Reward Condition",20,"5",13,1,25,445,"Short",0.0959726935148906,0.730087587978593,NA,0.429243898676189,"localGP"
"13777",56,13,2,1,67.2278837680135,91.2685637119397,"Smooth","Avg. Reward Condition",20,"5",13,1,14,445,"Short",0.0959726935148906,0.730087587978593,NA,0.429243898676189,"localGP"
"13778",56,14,1,1,60.4080576029201,91.2685637119397,"Smooth","Avg. Reward Condition",20,"5",13,1,13,445,"Short",0.0959726935148906,0.730087587978593,NA,0.429243898676189,"localGP"
"13779",56,15,2,4,86.7630388184153,91.2685637119397,"Smooth","Avg. Reward Condition",20,"5",13,1,47,445,"Short",0.0959726935148906,0.730087587978593,NA,0.429243898676189,"localGP"
"13780",56,16,3,4,69.0645761763699,91.2685637119397,"Smooth","Avg. Reward Condition",20,"5",13,2,48,445,"Short",0.0959726935148906,0.730087587978593,NA,0.429243898676189,"localGP"
"13781",56,17,10,1,84.1387204630061,91.2685637119397,"Smooth","Avg. Reward Condition",20,"5",13,2,22,445,"Short",0.0959726935148906,0.730087587978593,NA,0.429243898676189,"localGP"
"13782",56,18,1,5,64.6815173963215,91.2685637119397,"Smooth","Avg. Reward Condition",20,"5",13,1,57,445,"Short",0.0959726935148906,0.730087587978593,NA,0.429243898676189,"localGP"
"13783",56,19,1,10,0.804134309136922,91.2685637119397,"Smooth","Avg. Reward Condition",20,"5",13,2,112,445,"Short",0.0959726935148906,0.730087587978593,NA,0.429243898676189,"localGP"
"13784",56,20,1,4,57.8821067127826,91.2685637119397,"Smooth","Avg. Reward Condition",20,"5",13,6,46,445,"Short",0.0959726935148906,0.730087587978593,NA,0.429243898676189,"localGP"
"13785",56,21,2,1,67.2278837680135,91.2685637119397,"Smooth","Avg. Reward Condition",20,"5",13,1,14,445,"Short",0.0959726935148906,0.730087587978593,NA,0.429243898676189,"localGP"
"13786",56,1,8,2,46.8578212721829,46.8578212721829,"Smooth","Avg. Reward Condition",40,"6",8,NA,31,446,"Long",0.0913162056544116,0.638509835548072,NA,0.467034652785675,"localGP"
"13787",56,2,8,1,44.4324036525511,46.8578212721829,"Smooth","Avg. Reward Condition",40,"6",8,3,20,446,"Long",0.0913162056544116,0.638509835548072,NA,0.467034652785675,"localGP"
"13788",56,3,9,1,51.1161820645571,51.1161820645571,"Smooth","Avg. Reward Condition",40,"6",8,1,21,446,"Long",0.0913162056544116,0.638509835548072,NA,0.467034652785675,"localGP"
"13789",56,4,9,2,75.3584348689062,75.3584348689062,"Smooth","Avg. Reward Condition",40,"6",8,1,32,446,"Long",0.0913162056544116,0.638509835548072,NA,0.467034652785675,"localGP"
"13790",56,5,8,6,48.7868527107397,75.3584348689062,"Smooth","Avg. Reward Condition",40,"6",8,2,75,446,"Long",0.0913162056544116,0.638509835548072,NA,0.467034652785675,"localGP"
"13791",56,6,9,7,12.1031590785717,75.3584348689062,"Smooth","Avg. Reward Condition",40,"6",8,1,87,446,"Long",0.0913162056544116,0.638509835548072,NA,0.467034652785675,"localGP"
"13792",56,7,0,0,35.8309397393345,75.3584348689062,"Smooth","Avg. Reward Condition",40,"6",8,0,1,446,"Long",0.0913162056544116,0.638509835548072,NA,0.467034652785675,"localGP"
"13793",56,8,10,8,76.4183100211284,76.4183100211284,"Smooth","Avg. Reward Condition",40,"6",8,1,99,446,"Long",0.0913162056544116,0.638509835548072,NA,0.467034652785675,"localGP"
"13794",56,9,9,9,49.9056902969143,76.4183100211284,"Smooth","Avg. Reward Condition",40,"6",8,1,109,446,"Long",0.0913162056544116,0.638509835548072,NA,0.467034652785675,"localGP"
"13795",56,10,2,3,53.3062519651342,76.4183100211284,"Smooth","Avg. Reward Condition",40,"6",8,1,36,446,"Long",0.0913162056544116,0.638509835548072,NA,0.467034652785675,"localGP"
"13796",56,11,2,2,48.0793702112335,76.4183100211284,"Smooth","Avg. Reward Condition",40,"6",8,1,25,446,"Long",0.0913162056544116,0.638509835548072,NA,0.467034652785675,"localGP"
"13797",56,12,3,4,81.3649995175119,81.3649995175119,"Smooth","Avg. Reward Condition",40,"6",8,0,48,446,"Long",0.0913162056544116,0.638509835548072,NA,0.467034652785675,"localGP"
"13798",56,13,4,4,51.2326654593487,81.3649995175119,"Smooth","Avg. Reward Condition",40,"6",8,2,49,446,"Long",0.0913162056544116,0.638509835548072,NA,0.467034652785675,"localGP"
"13799",56,14,3,5,100,100,"Smooth","Avg. Reward Condition",40,"6",8,1,59,446,"Long",0.0913162056544116,0.638509835548072,NA,0.467034652785675,"localGP"
"13800",56,15,2,5,73.2302297303204,100,"Smooth","Avg. Reward Condition",40,"6",8,1,58,446,"Long",0.0913162056544116,0.638509835548072,NA,0.467034652785675,"localGP"
"13801",56,16,2,4,66.8505188208105,100,"Smooth","Avg. Reward Condition",40,"6",8,2,47,446,"Long",0.0913162056544116,0.638509835548072,NA,0.467034652785675,"localGP"
"13802",56,17,2,4,66.8505188208105,100,"Smooth","Avg. Reward Condition",40,"6",8,3,47,446,"Long",0.0913162056544116,0.638509835548072,NA,0.467034652785675,"localGP"
"13803",56,18,5,6,43.2423959719255,100,"Smooth","Avg. Reward Condition",40,"6",8,1,72,446,"Long",0.0913162056544116,0.638509835548072,NA,0.467034652785675,"localGP"
"13804",56,19,6,8,52.2947513271063,100,"Smooth","Avg. Reward Condition",40,"6",8,2,95,446,"Long",0.0913162056544116,0.638509835548072,NA,0.467034652785675,"localGP"
"13805",56,20,6,9,54.5546785707911,100,"Smooth","Avg. Reward Condition",40,"6",8,1,106,446,"Long",0.0913162056544116,0.638509835548072,NA,0.467034652785675,"localGP"
"13806",56,21,5,9,44.3361493266823,100,"Smooth","Avg. Reward Condition",40,"6",8,1,105,446,"Long",0.0913162056544116,0.638509835548072,NA,0.467034652785675,"localGP"
"13807",56,22,4,9,45.6417969596103,100,"Smooth","Avg. Reward Condition",40,"6",8,0,104,446,"Long",0.0913162056544116,0.638509835548072,NA,0.467034652785675,"localGP"
"13808",56,23,4,10,41.3626992316202,100,"Smooth","Avg. Reward Condition",40,"6",8,1,115,446,"Long",0.0913162056544116,0.638509835548072,NA,0.467034652785675,"localGP"
"13809",56,24,5,10,46.4586554902202,100,"Smooth","Avg. Reward Condition",40,"6",8,2,116,446,"Long",0.0913162056544116,0.638509835548072,NA,0.467034652785675,"localGP"
"13810",56,25,1,6,47.1009153774724,100,"Smooth","Avg. Reward Condition",40,"6",8,6,68,446,"Long",0.0913162056544116,0.638509835548072,NA,0.467034652785675,"localGP"
"13811",56,26,8,3,54.3441668023564,100,"Smooth","Avg. Reward Condition",40,"6",8,2,42,446,"Long",0.0913162056544116,0.638509835548072,NA,0.467034652785675,"localGP"
"13812",56,27,9,3,83.0323065830004,100,"Smooth","Avg. Reward Condition",40,"6",8,1,43,446,"Long",0.0913162056544116,0.638509835548072,NA,0.467034652785675,"localGP"
"13813",56,28,1,9,48.6391024853793,100,"Smooth","Avg. Reward Condition",40,"6",8,3,101,446,"Long",0.0913162056544116,0.638509835548072,NA,0.467034652785675,"localGP"
"13814",56,29,2,9,45.8472757192181,100,"Smooth","Avg. Reward Condition",40,"6",8,5,102,446,"Long",0.0913162056544116,0.638509835548072,NA,0.467034652785675,"localGP"
"13815",56,30,1,0,27.8861757237678,100,"Smooth","Avg. Reward Condition",40,"6",8,1,2,446,"Long",0.0913162056544116,0.638509835548072,NA,0.467034652785675,"localGP"
"13816",56,31,6,5,20.2602754347386,100,"Smooth","Avg. Reward Condition",40,"6",8,0,62,446,"Long",0.0913162056544116,0.638509835548072,NA,0.467034652785675,"localGP"
"13817",56,32,6,6,27.1030818308683,100,"Smooth","Avg. Reward Condition",40,"6",8,1,73,446,"Long",0.0913162056544116,0.638509835548072,NA,0.467034652785675,"localGP"
"13818",56,33,8,8,0,100,"Smooth","Avg. Reward Condition",40,"6",8,1,97,446,"Long",0.0913162056544116,0.638509835548072,NA,0.467034652785675,"localGP"
"13819",56,34,5,8,45.4136649367735,100,"Smooth","Avg. Reward Condition",40,"6",8,11,94,446,"Long",0.0913162056544116,0.638509835548072,NA,0.467034652785675,"localGP"
"13820",56,35,5,7,35.7264911415369,100,"Smooth","Avg. Reward Condition",40,"6",8,2,83,446,"Long",0.0913162056544116,0.638509835548072,NA,0.467034652785675,"localGP"
"13821",56,36,6,3,42.0646455997222,100,"Smooth","Avg. Reward Condition",40,"6",8,2,40,446,"Long",0.0913162056544116,0.638509835548072,NA,0.467034652785675,"localGP"
"13822",56,37,5,2,36.8197276741428,100,"Smooth","Avg. Reward Condition",40,"6",8,1,28,446,"Long",0.0913162056544116,0.638509835548072,NA,0.467034652785675,"localGP"
"13823",56,38,4,2,11.0922296635643,100,"Smooth","Avg. Reward Condition",40,"6",8,1,27,446,"Long",0.0913162056544116,0.638509835548072,NA,0.467034652785675,"localGP"
"13824",56,39,4,3,36.7498748726121,100,"Smooth","Avg. Reward Condition",40,"6",8,6,38,446,"Long",0.0913162056544116,0.638509835548072,NA,0.467034652785675,"localGP"
"13825",56,40,1,9,48.6391024853793,100,"Smooth","Avg. Reward Condition",40,"6",8,10,101,446,"Long",0.0913162056544116,0.638509835548072,NA,0.467034652785675,"localGP"
"13826",56,41,7,6,46.0927708056765,100,"Smooth","Avg. Reward Condition",40,"6",8,1,74,446,"Long",0.0913162056544116,0.638509835548072,NA,0.467034652785675,"localGP"
"13827",56,1,9,9,55.0944127232389,55.0944127232389,"Smooth","Avg. Reward Condition",20,"7",4,NA,109,447,"Short",0.0922822149737142,0.738442518613367,NA,0.469890679646755,"localGP"
"13828",56,2,9,8,49.0474995122184,55.0944127232389,"Smooth","Avg. Reward Condition",20,"7",4,5,98,447,"Short",0.0922822149737142,0.738442518613367,NA,0.469890679646755,"localGP"
"13829",56,3,9,7,50.1010574572642,55.0944127232389,"Smooth","Avg. Reward Condition",20,"7",4,4,87,447,"Short",0.0922822149737142,0.738442518613367,NA,0.469890679646755,"localGP"
"13830",56,4,8,7,25.3941044554776,55.0944127232389,"Smooth","Avg. Reward Condition",20,"7",4,8,86,447,"Short",0.0922822149737142,0.738442518613367,NA,0.469890679646755,"localGP"
"13831",56,5,2,2,35.4180456791571,55.0944127232389,"Smooth","Avg. Reward Condition",20,"7",4,3,25,447,"Short",0.0922822149737142,0.738442518613367,NA,0.469890679646755,"localGP"
"13832",56,6,3,3,61.9515693449088,61.9515693449088,"Smooth","Avg. Reward Condition",20,"7",4,4,37,447,"Short",0.0922822149737142,0.738442518613367,NA,0.469890679646755,"localGP"
"13833",56,7,4,2,100,100,"Smooth","Avg. Reward Condition",20,"7",4,2,27,447,"Short",0.0922822149737142,0.738442518613367,NA,0.469890679646755,"localGP"
"13834",56,8,5,2,88.4170710697694,100,"Smooth","Avg. Reward Condition",20,"7",4,2,28,447,"Short",0.0922822149737142,0.738442518613367,NA,0.469890679646755,"localGP"
"13835",56,9,6,2,47.7797456303013,100,"Smooth","Avg. Reward Condition",20,"7",4,4,29,447,"Short",0.0922822149737142,0.738442518613367,NA,0.469890679646755,"localGP"
"13836",56,10,7,2,55.9275751413252,100,"Smooth","Avg. Reward Condition",20,"7",4,3,30,447,"Short",0.0922822149737142,0.738442518613367,NA,0.469890679646755,"localGP"
"13837",56,11,7,1,40.8192453000824,100,"Smooth","Avg. Reward Condition",20,"7",4,1,19,447,"Short",0.0922822149737142,0.738442518613367,NA,0.469890679646755,"localGP"
"13838",56,12,9,1,39.5345898107298,100,"Smooth","Avg. Reward Condition",20,"7",4,1,21,447,"Short",0.0922822149737142,0.738442518613367,NA,0.469890679646755,"localGP"
"13839",56,13,10,0,28.2339071863812,100,"Smooth","Avg. Reward Condition",20,"7",4,3,11,447,"Short",0.0922822149737142,0.738442518613367,NA,0.469890679646755,"localGP"
"13840",56,14,3,9,71.5447698498277,100,"Smooth","Avg. Reward Condition",20,"7",4,0,103,447,"Short",0.0922822149737142,0.738442518613367,NA,0.469890679646755,"localGP"
"13841",56,15,2,10,54.5646114683312,100,"Smooth","Avg. Reward Condition",20,"7",4,1,113,447,"Short",0.0922822149737142,0.738442518613367,NA,0.469890679646755,"localGP"
"13842",56,16,7,7,31.8600199928014,100,"Smooth","Avg. Reward Condition",20,"7",4,2,85,447,"Short",0.0922822149737142,0.738442518613367,NA,0.469890679646755,"localGP"
"13843",56,17,3,2,48.6711536627271,100,"Smooth","Avg. Reward Condition",20,"7",4,4,26,447,"Short",0.0922822149737142,0.738442518613367,NA,0.469890679646755,"localGP"
"13844",56,18,3,1,24.1019825166846,100,"Smooth","Avg. Reward Condition",20,"7",4,1,15,447,"Short",0.0922822149737142,0.738442518613367,NA,0.469890679646755,"localGP"
"13845",56,19,2,5,52.9476469260849,100,"Smooth","Avg. Reward Condition",20,"7",4,1,58,447,"Short",0.0922822149737142,0.738442518613367,NA,0.469890679646755,"localGP"
"13846",56,20,10,7,16.2974098604969,100,"Smooth","Avg. Reward Condition",20,"7",4,1,88,447,"Short",0.0922822149737142,0.738442518613367,NA,0.469890679646755,"localGP"
"13847",56,21,1,3,33.9598820273487,100,"Smooth","Avg. Reward Condition",20,"7",4,1,35,447,"Short",0.0922822149737142,0.738442518613367,NA,0.469890679646755,"localGP"
"13848",56,1,7,0,58.3371739610509,58.3371739610509,"Smooth","Avg. Reward Condition",40,"8",17,NA,8,448,"Long",0.0871993954145813,0.629870940672276,NA,0.437150381194293,"localGP"
"13849",56,2,7,1,68.4445451989571,68.4445451989571,"Smooth","Avg. Reward Condition",40,"8",17,6,19,448,"Long",0.0871993954145813,0.629870940672276,NA,0.437150381194293,"localGP"
"13850",56,3,6,1,68.7866414207953,68.7866414207953,"Smooth","Avg. Reward Condition",40,"8",17,4,18,448,"Long",0.0871993954145813,0.629870940672276,NA,0.437150381194293,"localGP"
"13851",56,4,6,2,61.2748558274339,68.7866414207953,"Smooth","Avg. Reward Condition",40,"8",17,7,29,448,"Long",0.0871993954145813,0.629870940672276,NA,0.437150381194293,"localGP"
"13852",56,5,7,2,75.4767861169897,75.4767861169897,"Smooth","Avg. Reward Condition",40,"8",17,4,30,448,"Long",0.0871993954145813,0.629870940672276,NA,0.437150381194293,"localGP"
"13853",56,6,7,10,45.8329437845991,75.4767861169897,"Smooth","Avg. Reward Condition",40,"8",17,2,118,448,"Long",0.0871993954145813,0.629870940672276,NA,0.437150381194293,"localGP"
"13854",56,7,6,2,61.2748558274339,75.4767861169897,"Smooth","Avg. Reward Condition",40,"8",17,1,29,448,"Long",0.0871993954145813,0.629870940672276,NA,0.437150381194293,"localGP"
"13855",56,8,3,4,81.7432518785976,81.7432518785976,"Smooth","Avg. Reward Condition",40,"8",17,1,48,448,"Long",0.0871993954145813,0.629870940672276,NA,0.437150381194293,"localGP"
"13856",56,9,3,3,36.5733542977154,81.7432518785976,"Smooth","Avg. Reward Condition",40,"8",17,1,37,448,"Long",0.0871993954145813,0.629870940672276,NA,0.437150381194293,"localGP"
"13857",56,10,5,0,55.6526152943926,81.7432518785976,"Smooth","Avg. Reward Condition",40,"8",17,2,6,448,"Long",0.0871993954145813,0.629870940672276,NA,0.437150381194293,"localGP"
"13858",56,11,4,0,41.9364610570647,81.7432518785976,"Smooth","Avg. Reward Condition",40,"8",17,1,5,448,"Long",0.0871993954145813,0.629870940672276,NA,0.437150381194293,"localGP"
"13859",56,12,3,1,43.1791147725399,81.7432518785976,"Smooth","Avg. Reward Condition",40,"8",17,0,15,448,"Long",0.0871993954145813,0.629870940672276,NA,0.437150381194293,"localGP"
"13860",56,13,3,0,55.0475436217867,81.7432518785976,"Smooth","Avg. Reward Condition",40,"8",17,1,4,448,"Long",0.0871993954145813,0.629870940672276,NA,0.437150381194293,"localGP"
"13861",56,14,7,6,12.2076105281821,81.7432518785976,"Smooth","Avg. Reward Condition",40,"8",17,2,74,448,"Long",0.0871993954145813,0.629870940672276,NA,0.437150381194293,"localGP"
"13862",56,15,7,4,42.6028889590444,81.7432518785976,"Smooth","Avg. Reward Condition",40,"8",17,2,52,448,"Long",0.0871993954145813,0.629870940672276,NA,0.437150381194293,"localGP"
"13863",56,16,2,3,51.4694994418352,81.7432518785976,"Smooth","Avg. Reward Condition",40,"8",17,1,36,448,"Long",0.0871993954145813,0.629870940672276,NA,0.437150381194293,"localGP"
"13864",56,17,4,3,58.5828600076787,81.7432518785976,"Smooth","Avg. Reward Condition",40,"8",17,1,38,448,"Long",0.0871993954145813,0.629870940672276,NA,0.437150381194293,"localGP"
"13865",56,18,4,4,91.0453666765183,91.0453666765183,"Smooth","Avg. Reward Condition",40,"8",17,2,49,448,"Long",0.0871993954145813,0.629870940672276,NA,0.437150381194293,"localGP"
"13866",56,19,7,3,55.1490469076326,91.0453666765183,"Smooth","Avg. Reward Condition",40,"8",17,4,41,448,"Long",0.0871993954145813,0.629870940672276,NA,0.437150381194293,"localGP"
"13867",56,20,8,2,58.6698020983596,91.0453666765183,"Smooth","Avg. Reward Condition",40,"8",17,1,31,448,"Long",0.0871993954145813,0.629870940672276,NA,0.437150381194293,"localGP"
"13868",56,21,8,3,41.0422069840065,91.0453666765183,"Smooth","Avg. Reward Condition",40,"8",17,4,42,448,"Long",0.0871993954145813,0.629870940672276,NA,0.437150381194293,"localGP"
"13869",56,22,3,2,23.6908296972781,91.0453666765183,"Smooth","Avg. Reward Condition",40,"8",17,1,26,448,"Long",0.0871993954145813,0.629870940672276,NA,0.437150381194293,"localGP"
"13870",56,23,5,5,42.2377203459465,91.0453666765183,"Smooth","Avg. Reward Condition",40,"8",17,1,61,448,"Long",0.0871993954145813,0.629870940672276,NA,0.437150381194293,"localGP"
"13871",56,24,5,4,61.0193303568798,91.0453666765183,"Smooth","Avg. Reward Condition",40,"8",17,2,50,448,"Long",0.0871993954145813,0.629870940672276,NA,0.437150381194293,"localGP"
"13872",56,25,6,4,22.1592765349326,91.0453666765183,"Smooth","Avg. Reward Condition",40,"8",17,2,51,448,"Long",0.0871993954145813,0.629870940672276,NA,0.437150381194293,"localGP"
"13873",56,26,8,0,64.6506684788646,91.0453666765183,"Smooth","Avg. Reward Condition",40,"8",17,1,9,448,"Long",0.0871993954145813,0.629870940672276,NA,0.437150381194293,"localGP"
"13874",56,27,9,0,56.3100913856246,91.0453666765183,"Smooth","Avg. Reward Condition",40,"8",17,1,10,448,"Long",0.0871993954145813,0.629870940672276,NA,0.437150381194293,"localGP"
"13875",56,28,10,0,27.0967332866998,91.0453666765183,"Smooth","Avg. Reward Condition",40,"8",17,1,11,448,"Long",0.0871993954145813,0.629870940672276,NA,0.437150381194293,"localGP"
"13876",56,29,10,5,66.9387480102746,91.0453666765183,"Smooth","Avg. Reward Condition",40,"8",17,3,66,448,"Long",0.0871993954145813,0.629870940672276,NA,0.437150381194293,"localGP"
"13877",56,30,10,4,60.9323536427728,91.0453666765183,"Smooth","Avg. Reward Condition",40,"8",17,2,55,448,"Long",0.0871993954145813,0.629870940672276,NA,0.437150381194293,"localGP"
"13878",56,31,9,4,37.4189636336299,91.0453666765183,"Smooth","Avg. Reward Condition",40,"8",17,2,54,448,"Long",0.0871993954145813,0.629870940672276,NA,0.437150381194293,"localGP"
"13879",56,32,3,8,42.84962574602,91.0453666765183,"Smooth","Avg. Reward Condition",40,"8",17,6,92,448,"Long",0.0871993954145813,0.629870940672276,NA,0.437150381194293,"localGP"
"13880",56,33,3,7,48.1203452766967,91.0453666765183,"Smooth","Avg. Reward Condition",40,"8",17,3,81,448,"Long",0.0871993954145813,0.629870940672276,NA,0.437150381194293,"localGP"
"13881",56,34,2,6,67.9735102315088,91.0453666765183,"Smooth","Avg. Reward Condition",40,"8",17,1,69,448,"Long",0.0871993954145813,0.629870940672276,NA,0.437150381194293,"localGP"
"13882",56,35,9,10,51.9374709842096,91.0453666765183,"Smooth","Avg. Reward Condition",40,"8",17,3,120,448,"Long",0.0871993954145813,0.629870940672276,NA,0.437150381194293,"localGP"
"13883",56,36,10,5,66.9387480102746,91.0453666765183,"Smooth","Avg. Reward Condition",40,"8",17,1,66,448,"Long",0.0871993954145813,0.629870940672276,NA,0.437150381194293,"localGP"
"13884",56,37,10,6,67.2792889568495,91.0453666765183,"Smooth","Avg. Reward Condition",40,"8",17,1,77,448,"Long",0.0871993954145813,0.629870940672276,NA,0.437150381194293,"localGP"
"13885",56,38,8,1,72.482907273136,91.0453666765183,"Smooth","Avg. Reward Condition",40,"8",17,1,20,448,"Long",0.0871993954145813,0.629870940672276,NA,0.437150381194293,"localGP"
"13886",56,39,9,1,65.5803721307234,91.0453666765183,"Smooth","Avg. Reward Condition",40,"8",17,3,21,448,"Long",0.0871993954145813,0.629870940672276,NA,0.437150381194293,"localGP"
"13887",56,40,8,8,48.6209458913059,91.0453666765183,"Smooth","Avg. Reward Condition",40,"8",17,2,97,448,"Long",0.0871993954145813,0.629870940672276,NA,0.437150381194293,"localGP"
"13888",56,41,9,8,75.2770769943809,91.0453666765183,"Smooth","Avg. Reward Condition",40,"8",17,0,98,448,"Long",0.0871993954145813,0.629870940672276,NA,0.437150381194293,"localGP"
"13889",57,1,4,0,48.9349746000449,48.9349746000449,"Smooth","Avg. Reward Condition",40,"1",5,NA,5,449,"Long",0.0909785224141615,0.73631733229179,NA,0.462569135339692,"localGP"
"13890",57,2,8,3,73.4939072834287,73.4939072834287,"Smooth","Avg. Reward Condition",40,"1",5,1,42,449,"Long",0.0909785224141615,0.73631733229179,NA,0.462569135339692,"localGP"
"13891",57,3,8,2,68.5610945075531,73.4939072834287,"Smooth","Avg. Reward Condition",40,"1",5,2,31,449,"Long",0.0909785224141615,0.73631733229179,NA,0.462569135339692,"localGP"
"13892",57,4,7,0,68.4752649344305,73.4939072834287,"Smooth","Avg. Reward Condition",40,"1",5,1,8,449,"Long",0.0909785224141615,0.73631733229179,NA,0.462569135339692,"localGP"
"13893",57,5,8,9,65.659951662905,73.4939072834287,"Smooth","Avg. Reward Condition",40,"1",5,2,108,449,"Long",0.0909785224141615,0.73631733229179,NA,0.462569135339692,"localGP"
"13894",57,6,6,9,54.6126076443518,73.4939072834287,"Smooth","Avg. Reward Condition",40,"1",5,1,106,449,"Long",0.0909785224141615,0.73631733229179,NA,0.462569135339692,"localGP"
"13895",57,7,6,8,31.779943763312,73.4939072834287,"Smooth","Avg. Reward Condition",40,"1",5,1,95,449,"Long",0.0909785224141615,0.73631733229179,NA,0.462569135339692,"localGP"
"13896",57,8,1,9,34.121650392825,73.4939072834287,"Smooth","Avg. Reward Condition",40,"1",5,2,101,449,"Long",0.0909785224141615,0.73631733229179,NA,0.462569135339692,"localGP"
"13897",57,9,2,9,6.68128638580311,73.4939072834287,"Smooth","Avg. Reward Condition",40,"1",5,0,102,449,"Long",0.0909785224141615,0.73631733229179,NA,0.462569135339692,"localGP"
"13898",57,10,2,7,63.0009414809194,73.4939072834287,"Smooth","Avg. Reward Condition",40,"1",5,1,80,449,"Long",0.0909785224141615,0.73631733229179,NA,0.462569135339692,"localGP"
"13899",57,11,3,7,57.0516260288864,73.4939072834287,"Smooth","Avg. Reward Condition",40,"1",5,1,81,449,"Long",0.0909785224141615,0.73631733229179,NA,0.462569135339692,"localGP"
"13900",57,12,10,4,27.5747046618376,73.4939072834287,"Smooth","Avg. Reward Condition",40,"1",5,1,55,449,"Long",0.0909785224141615,0.73631733229179,NA,0.462569135339692,"localGP"
"13901",57,13,6,8,31.779943763312,73.4939072834287,"Smooth","Avg. Reward Condition",40,"1",5,3,95,449,"Long",0.0909785224141615,0.73631733229179,NA,0.462569135339692,"localGP"
"13902",57,14,7,8,38.3612104416698,73.4939072834287,"Smooth","Avg. Reward Condition",40,"1",5,1,96,449,"Long",0.0909785224141615,0.73631733229179,NA,0.462569135339692,"localGP"
"13903",57,15,8,8,82.5602297507619,82.5602297507619,"Smooth","Avg. Reward Condition",40,"1",5,2,97,449,"Long",0.0909785224141615,0.73631733229179,NA,0.462569135339692,"localGP"
"13904",57,16,9,8,81.2433897221898,82.5602297507619,"Smooth","Avg. Reward Condition",40,"1",5,3,98,449,"Long",0.0909785224141615,0.73631733229179,NA,0.462569135339692,"localGP"
"13905",57,17,9,9,52.4834712967987,82.5602297507619,"Smooth","Avg. Reward Condition",40,"1",5,1,109,449,"Long",0.0909785224141615,0.73631733229179,NA,0.462569135339692,"localGP"
"13906",57,18,0,5,47.6003789921814,82.5602297507619,"Smooth","Avg. Reward Condition",40,"1",5,2,56,449,"Long",0.0909785224141615,0.73631733229179,NA,0.462569135339692,"localGP"
"13907",57,19,3,4,13.4107101100565,82.5602297507619,"Smooth","Avg. Reward Condition",40,"1",5,1,48,449,"Long",0.0909785224141615,0.73631733229179,NA,0.462569135339692,"localGP"
"13908",57,20,10,2,22.4366254461022,82.5602297507619,"Smooth","Avg. Reward Condition",40,"1",5,2,33,449,"Long",0.0909785224141615,0.73631733229179,NA,0.462569135339692,"localGP"
"13909",57,21,10,0,60.7914007542761,82.5602297507619,"Smooth","Avg. Reward Condition",40,"1",5,1,11,449,"Long",0.0909785224141615,0.73631733229179,NA,0.462569135339692,"localGP"
"13910",57,22,9,0,92.5470885084956,92.5470885084956,"Smooth","Avg. Reward Condition",40,"1",5,1,10,449,"Long",0.0909785224141615,0.73631733229179,NA,0.462569135339692,"localGP"
"13911",57,23,9,1,68.5223309875422,92.5470885084956,"Smooth","Avg. Reward Condition",40,"1",5,1,21,449,"Long",0.0909785224141615,0.73631733229179,NA,0.462569135339692,"localGP"
"13912",57,24,8,1,86.7518912658619,92.5470885084956,"Smooth","Avg. Reward Condition",40,"1",5,1,20,449,"Long",0.0909785224141615,0.73631733229179,NA,0.462569135339692,"localGP"
"13913",57,25,7,1,81.9911885215714,92.5470885084956,"Smooth","Avg. Reward Condition",40,"1",5,1,19,449,"Long",0.0909785224141615,0.73631733229179,NA,0.462569135339692,"localGP"
"13914",57,26,7,2,61.2330802415628,92.5470885084956,"Smooth","Avg. Reward Condition",40,"1",5,2,30,449,"Long",0.0909785224141615,0.73631733229179,NA,0.462569135339692,"localGP"
"13915",57,27,8,3,73.4939072834287,92.5470885084956,"Smooth","Avg. Reward Condition",40,"1",5,3,42,449,"Long",0.0909785224141615,0.73631733229179,NA,0.462569135339692,"localGP"
"13916",57,28,7,3,38.4994048862077,92.5470885084956,"Smooth","Avg. Reward Condition",40,"1",5,5,41,449,"Long",0.0909785224141615,0.73631733229179,NA,0.462569135339692,"localGP"
"13917",57,29,7,6,95.8234728185907,95.8234728185907,"Smooth","Avg. Reward Condition",40,"1",5,5,74,449,"Long",0.0909785224141615,0.73631733229179,NA,0.462569135339692,"localGP"
"13918",57,30,8,7,100,100,"Smooth","Avg. Reward Condition",40,"1",5,1,86,449,"Long",0.0909785224141615,0.73631733229179,NA,0.462569135339692,"localGP"
"13919",57,31,9,7,82.2639339178051,100,"Smooth","Avg. Reward Condition",40,"1",5,1,87,449,"Long",0.0909785224141615,0.73631733229179,NA,0.462569135339692,"localGP"
"13920",57,32,9,6,62.6880904214702,100,"Smooth","Avg. Reward Condition",40,"1",5,11,76,449,"Long",0.0909785224141615,0.73631733229179,NA,0.462569135339692,"localGP"
"13921",57,33,8,6,91.4722545331952,100,"Smooth","Avg. Reward Condition",40,"1",5,10,75,449,"Long",0.0909785224141615,0.73631733229179,NA,0.462569135339692,"localGP"
"13922",57,34,8,5,25.922745926598,100,"Smooth","Avg. Reward Condition",40,"1",5,2,64,449,"Long",0.0909785224141615,0.73631733229179,NA,0.462569135339692,"localGP"
"13923",57,35,8,6,91.4722545331952,100,"Smooth","Avg. Reward Condition",40,"1",5,1,75,449,"Long",0.0909785224141615,0.73631733229179,NA,0.462569135339692,"localGP"
"13924",57,36,9,6,62.6880904214702,100,"Smooth","Avg. Reward Condition",40,"1",5,4,76,449,"Long",0.0909785224141615,0.73631733229179,NA,0.462569135339692,"localGP"
"13925",57,37,10,8,69.5510436536212,100,"Smooth","Avg. Reward Condition",40,"1",5,1,99,449,"Long",0.0909785224141615,0.73631733229179,NA,0.462569135339692,"localGP"
"13926",57,38,10,7,69.0054960754502,100,"Smooth","Avg. Reward Condition",40,"1",5,8,88,449,"Long",0.0909785224141615,0.73631733229179,NA,0.462569135339692,"localGP"
"13927",57,39,1,4,44.9843227342746,100,"Smooth","Avg. Reward Condition",40,"1",5,16,46,449,"Long",0.0909785224141615,0.73631733229179,NA,0.462569135339692,"localGP"
"13928",57,40,4,10,87.6706682543469,100,"Smooth","Avg. Reward Condition",40,"1",5,5,115,449,"Long",0.0909785224141615,0.73631733229179,NA,0.462569135339692,"localGP"
"13929",57,41,5,10,80.0382640749474,100,"Smooth","Avg. Reward Condition",40,"1",5,1,116,449,"Long",0.0909785224141615,0.73631733229179,NA,0.462569135339692,"localGP"
"13930",57,1,8,8,74.2665096632298,74.2665096632298,"Smooth","Avg. Reward Condition",20,"2",12,NA,97,450,"Short",0.0820675973052338,0.958085262030479,NA,0.417628907988466,"localGP"
"13931",57,2,8,7,81.8274104004157,81.8274104004157,"Smooth","Avg. Reward Condition",20,"2",12,6,86,450,"Short",0.0820675973052338,0.958085262030479,NA,0.417628907988466,"localGP"
"13932",57,3,8,8,74.2665096632298,81.8274104004157,"Smooth","Avg. Reward Condition",20,"2",12,1,97,450,"Short",0.0820675973052338,0.958085262030479,NA,0.417628907988466,"localGP"
"13933",57,4,7,8,45.6964711781897,81.8274104004157,"Smooth","Avg. Reward Condition",20,"2",12,2,96,450,"Short",0.0820675973052338,0.958085262030479,NA,0.417628907988466,"localGP"
"13934",57,5,7,6,92.2608433233279,92.2608433233279,"Smooth","Avg. Reward Condition",20,"2",12,1,74,450,"Short",0.0820675973052338,0.958085262030479,NA,0.417628907988466,"localGP"
"13935",57,6,7,5,86.8061250260335,92.2608433233279,"Smooth","Avg. Reward Condition",20,"2",12,1,63,450,"Short",0.0820675973052338,0.958085262030479,NA,0.417628907988466,"localGP"
"13936",57,7,5,5,67.9178322502487,92.2608433233279,"Smooth","Avg. Reward Condition",20,"2",12,1,61,450,"Short",0.0820675973052338,0.958085262030479,NA,0.417628907988466,"localGP"
"13937",57,8,0,5,77.2112954701878,92.2608433233279,"Smooth","Avg. Reward Condition",20,"2",12,1,56,450,"Short",0.0820675973052338,0.958085262030479,NA,0.417628907988466,"localGP"
"13938",57,9,4,2,81.6647174161388,92.2608433233279,"Smooth","Avg. Reward Condition",20,"2",12,2,27,450,"Short",0.0820675973052338,0.958085262030479,NA,0.417628907988466,"localGP"
"13939",57,10,3,0,64.7269948092112,92.2608433233279,"Smooth","Avg. Reward Condition",20,"2",12,1,4,450,"Short",0.0820675973052338,0.958085262030479,NA,0.417628907988466,"localGP"
"13940",57,11,2,4,17.0886518121554,92.2608433233279,"Smooth","Avg. Reward Condition",20,"2",12,2,47,450,"Short",0.0820675973052338,0.958085262030479,NA,0.417628907988466,"localGP"
"13941",57,12,2,3,54.2459554545329,92.2608433233279,"Smooth","Avg. Reward Condition",20,"2",12,1,36,450,"Short",0.0820675973052338,0.958085262030479,NA,0.417628907988466,"localGP"
"13942",57,13,3,3,78.6603428808522,92.2608433233279,"Smooth","Avg. Reward Condition",20,"2",12,1,37,450,"Short",0.0820675973052338,0.958085262030479,NA,0.417628907988466,"localGP"
"13943",57,14,3,2,92.3609329000905,92.3609329000905,"Smooth","Avg. Reward Condition",20,"2",12,0,26,450,"Short",0.0820675973052338,0.958085262030479,NA,0.417628907988466,"localGP"
"13944",57,15,3,2,92.3609329000905,92.3609329000905,"Smooth","Avg. Reward Condition",20,"2",12,0,26,450,"Short",0.0820675973052338,0.958085262030479,NA,0.417628907988466,"localGP"
"13945",57,16,2,2,75.2998584228021,92.3609329000905,"Smooth","Avg. Reward Condition",20,"2",12,0,25,450,"Short",0.0820675973052338,0.958085262030479,NA,0.417628907988466,"localGP"
"13946",57,17,3,8,33.3403735872843,92.3609329000905,"Smooth","Avg. Reward Condition",20,"2",12,0,92,450,"Short",0.0820675973052338,0.958085262030479,NA,0.417628907988466,"localGP"
"13947",57,18,3,3,78.6603428808522,92.3609329000905,"Smooth","Avg. Reward Condition",20,"2",12,0,37,450,"Short",0.0820675973052338,0.958085262030479,NA,0.417628907988466,"localGP"
"13948",57,19,4,3,65.5943555027251,92.3609329000905,"Smooth","Avg. Reward Condition",20,"2",12,0,38,450,"Short",0.0820675973052338,0.958085262030479,NA,0.417628907988466,"localGP"
"13949",57,20,5,2,65.4096686254795,92.3609329000905,"Smooth","Avg. Reward Condition",20,"2",12,0,28,450,"Short",0.0820675973052338,0.958085262030479,NA,0.417628907988466,"localGP"
"13950",57,21,7,1,80.4403331972244,92.3609329000905,"Smooth","Avg. Reward Condition",20,"2",12,0,19,450,"Short",0.0820675973052338,0.958085262030479,NA,0.417628907988466,"localGP"
"13951",57,1,4,3,46.0518251136076,46.0518251136076,"Smooth","Avg. Reward Condition",40,"3",16,NA,38,451,"Long",0.0963582325519693,0.727819938971185,NA,0.494199699530402,"localGP"
"13952",57,2,2,3,44.0669303004105,46.0518251136076,"Smooth","Avg. Reward Condition",40,"3",16,4,36,451,"Long",0.0963582325519693,0.727819938971185,NA,0.494199699530402,"localGP"
"13953",57,3,1,3,12.8351269156198,46.0518251136076,"Smooth","Avg. Reward Condition",40,"3",16,2,35,451,"Long",0.0963582325519693,0.727819938971185,NA,0.494199699530402,"localGP"
"13954",57,4,2,9,67.2457029271411,67.2457029271411,"Smooth","Avg. Reward Condition",40,"3",16,2,102,451,"Long",0.0963582325519693,0.727819938971185,NA,0.494199699530402,"localGP"
"13955",57,5,1,9,37.1316762368546,67.2457029271411,"Smooth","Avg. Reward Condition",40,"3",16,2,101,451,"Long",0.0963582325519693,0.727819938971185,NA,0.494199699530402,"localGP"
"13956",57,6,1,10,7.96151042196204,67.2457029271411,"Smooth","Avg. Reward Condition",40,"3",16,3,112,451,"Long",0.0963582325519693,0.727819938971185,NA,0.494199699530402,"localGP"
"13957",57,7,2,10,27.4676161449989,67.2457029271411,"Smooth","Avg. Reward Condition",40,"3",16,1,113,451,"Long",0.0963582325519693,0.727819938971185,NA,0.494199699530402,"localGP"
"13958",57,8,7,10,56.2743193871667,67.2457029271411,"Smooth","Avg. Reward Condition",40,"3",16,1,118,451,"Long",0.0963582325519693,0.727819938971185,NA,0.494199699530402,"localGP"
"13959",57,9,6,10,14.287143352339,67.2457029271411,"Smooth","Avg. Reward Condition",40,"3",16,1,117,451,"Long",0.0963582325519693,0.727819938971185,NA,0.494199699530402,"localGP"
"13960",57,10,5,3,14.4116653483847,67.2457029271411,"Smooth","Avg. Reward Condition",40,"3",16,1,39,451,"Long",0.0963582325519693,0.727819938971185,NA,0.494199699530402,"localGP"
"13961",57,11,6,0,47.7737474629067,67.2457029271411,"Smooth","Avg. Reward Condition",40,"3",16,0,7,451,"Long",0.0963582325519693,0.727819938971185,NA,0.494199699530402,"localGP"
"13962",57,12,10,6,87.869042125599,87.869042125599,"Smooth","Avg. Reward Condition",40,"3",16,3,77,451,"Long",0.0963582325519693,0.727819938971185,NA,0.494199699530402,"localGP"
"13963",57,13,10,5,61.4885690232436,87.869042125599,"Smooth","Avg. Reward Condition",40,"3",16,2,66,451,"Long",0.0963582325519693,0.727819938971185,NA,0.494199699530402,"localGP"
"13964",57,14,9,5,54.5094189956315,87.869042125599,"Smooth","Avg. Reward Condition",40,"3",16,1,65,451,"Long",0.0963582325519693,0.727819938971185,NA,0.494199699530402,"localGP"
"13965",57,15,9,6,72.6451286930569,87.869042125599,"Smooth","Avg. Reward Condition",40,"3",16,2,76,451,"Long",0.0963582325519693,0.727819938971185,NA,0.494199699530402,"localGP"
"13966",57,16,9,7,82.1507669313946,87.869042125599,"Smooth","Avg. Reward Condition",40,"3",16,1,87,451,"Long",0.0963582325519693,0.727819938971185,NA,0.494199699530402,"localGP"
"13967",57,17,9,8,70.9435815561283,87.869042125599,"Smooth","Avg. Reward Condition",40,"3",16,1,98,451,"Long",0.0963582325519693,0.727819938971185,NA,0.494199699530402,"localGP"
"13968",57,18,10,9,72.5110425569696,87.869042125599,"Smooth","Avg. Reward Condition",40,"3",16,1,110,451,"Long",0.0963582325519693,0.727819938971185,NA,0.494199699530402,"localGP"
"13969",57,19,9,9,48.2469413431705,87.869042125599,"Smooth","Avg. Reward Condition",40,"3",16,1,109,451,"Long",0.0963582325519693,0.727819938971185,NA,0.494199699530402,"localGP"
"13970",57,20,5,6,65.7919203460871,87.869042125599,"Smooth","Avg. Reward Condition",40,"3",16,5,72,451,"Long",0.0963582325519693,0.727819938971185,NA,0.494199699530402,"localGP"
"13971",57,21,5,5,69.5623666177624,87.869042125599,"Smooth","Avg. Reward Condition",40,"3",16,1,61,451,"Long",0.0963582325519693,0.727819938971185,NA,0.494199699530402,"localGP"
"13972",57,22,4,5,56.5702647427263,87.869042125599,"Smooth","Avg. Reward Condition",40,"3",16,8,60,451,"Long",0.0963582325519693,0.727819938971185,NA,0.494199699530402,"localGP"
"13973",57,23,8,8,44.062668247347,87.869042125599,"Smooth","Avg. Reward Condition",40,"3",16,3,97,451,"Long",0.0963582325519693,0.727819938971185,NA,0.494199699530402,"localGP"
"13974",57,24,4,0,4.10024476646048,87.869042125599,"Smooth","Avg. Reward Condition",40,"3",16,8,5,451,"Long",0.0963582325519693,0.727819938971185,NA,0.494199699530402,"localGP"
"13975",57,25,5,4,27.745691269728,87.869042125599,"Smooth","Avg. Reward Condition",40,"3",16,15,50,451,"Long",0.0963582325519693,0.727819938971185,NA,0.494199699530402,"localGP"
"13976",57,26,6,4,32.9227848500965,87.869042125599,"Smooth","Avg. Reward Condition",40,"3",16,1,51,451,"Long",0.0963582325519693,0.727819938971185,NA,0.494199699530402,"localGP"
"13977",57,27,7,5,45.3166315681639,87.869042125599,"Smooth","Avg. Reward Condition",40,"3",16,1,63,451,"Long",0.0963582325519693,0.727819938971185,NA,0.494199699530402,"localGP"
"13978",57,28,8,6,52.7896581347128,87.869042125599,"Smooth","Avg. Reward Condition",40,"3",16,1,75,451,"Long",0.0963582325519693,0.727819938971185,NA,0.494199699530402,"localGP"
"13979",57,29,7,6,29.9313498285692,87.869042125599,"Smooth","Avg. Reward Condition",40,"3",16,2,74,451,"Long",0.0963582325519693,0.727819938971185,NA,0.494199699530402,"localGP"
"13980",57,30,7,7,17.2801623922948,87.869042125599,"Smooth","Avg. Reward Condition",40,"3",16,2,85,451,"Long",0.0963582325519693,0.727819938971185,NA,0.494199699530402,"localGP"
"13981",57,31,8,7,52.5353402462406,87.869042125599,"Smooth","Avg. Reward Condition",40,"3",16,1,86,451,"Long",0.0963582325519693,0.727819938971185,NA,0.494199699530402,"localGP"
"13982",57,32,8,5,55.4827017867846,87.869042125599,"Smooth","Avg. Reward Condition",40,"3",16,4,64,451,"Long",0.0963582325519693,0.727819938971185,NA,0.494199699530402,"localGP"
"13983",57,33,8,3,14.822879672341,87.869042125599,"Smooth","Avg. Reward Condition",40,"3",16,1,42,451,"Long",0.0963582325519693,0.727819938971185,NA,0.494199699530402,"localGP"
"13984",57,34,7,5,45.3166315681639,87.869042125599,"Smooth","Avg. Reward Condition",40,"3",16,11,63,451,"Long",0.0963582325519693,0.727819938971185,NA,0.494199699530402,"localGP"
"13985",57,35,6,5,62.1197165528081,87.869042125599,"Smooth","Avg. Reward Condition",40,"3",16,8,62,451,"Long",0.0963582325519693,0.727819938971185,NA,0.494199699530402,"localGP"
"13986",57,36,9,0,28.4138633075893,87.869042125599,"Smooth","Avg. Reward Condition",40,"3",16,3,10,451,"Long",0.0963582325519693,0.727819938971185,NA,0.494199699530402,"localGP"
"13987",57,37,10,0,30.3219618945097,87.869042125599,"Smooth","Avg. Reward Condition",40,"3",16,8,11,451,"Long",0.0963582325519693,0.727819938971185,NA,0.494199699530402,"localGP"
"13988",57,38,1,1,62.6840921632326,87.869042125599,"Smooth","Avg. Reward Condition",40,"3",16,1,13,451,"Long",0.0963582325519693,0.727819938971185,NA,0.494199699530402,"localGP"
"13989",57,39,0,1,45.6400924104609,87.869042125599,"Smooth","Avg. Reward Condition",40,"3",16,2,12,451,"Long",0.0963582325519693,0.727819938971185,NA,0.494199699530402,"localGP"
"13990",57,40,6,10,14.287143352339,87.869042125599,"Smooth","Avg. Reward Condition",40,"3",16,1,117,451,"Long",0.0963582325519693,0.727819938971185,NA,0.494199699530402,"localGP"
"13991",57,41,6,9,20.6620608534217,87.869042125599,"Smooth","Avg. Reward Condition",40,"3",16,2,106,451,"Long",0.0963582325519693,0.727819938971185,NA,0.494199699530402,"localGP"
"13992",57,1,2,5,52.9476469260849,52.9476469260849,"Smooth","Avg. Reward Condition",20,"4",4,NA,58,452,"Short",0.0784011276764233,1.04959972482146,NA,0.346489616362991,"localGP"
"13993",57,2,10,4,26.9255221357028,52.9476469260849,"Smooth","Avg. Reward Condition",20,"4",4,4,55,452,"Short",0.0784011276764233,1.04959972482146,NA,0.346489616362991,"localGP"
"13994",57,3,7,7,31.8600199928014,52.9476469260849,"Smooth","Avg. Reward Condition",20,"4",4,1,85,452,"Short",0.0784011276764233,1.04959972482146,NA,0.346489616362991,"localGP"
"13995",57,4,6,8,40.2396617091543,52.9476469260849,"Smooth","Avg. Reward Condition",20,"4",4,1,95,452,"Short",0.0784011276764233,1.04959972482146,NA,0.346489616362991,"localGP"
"13996",57,5,1,9,44.6574479048921,52.9476469260849,"Smooth","Avg. Reward Condition",20,"4",4,1,101,452,"Short",0.0784011276764233,1.04959972482146,NA,0.346489616362991,"localGP"
"13997",57,6,1,8,27.6316672751783,52.9476469260849,"Smooth","Avg. Reward Condition",20,"4",4,4,90,452,"Short",0.0784011276764233,1.04959972482146,NA,0.346489616362991,"localGP"
"13998",57,7,0,7,18.1408343228351,52.9476469260849,"Smooth","Avg. Reward Condition",20,"4",4,2,78,452,"Short",0.0784011276764233,1.04959972482146,NA,0.346489616362991,"localGP"
"13999",57,8,2,4,48.1844951677525,52.9476469260849,"Smooth","Avg. Reward Condition",20,"4",4,4,47,452,"Short",0.0784011276764233,1.04959972482146,NA,0.346489616362991,"localGP"
"14000",57,9,7,8,22.9940684366215,52.9476469260849,"Smooth","Avg. Reward Condition",20,"4",4,1,96,452,"Short",0.0784011276764233,1.04959972482146,NA,0.346489616362991,"localGP"
"14001",57,10,1,4,31.2670409305907,52.9476469260849,"Smooth","Avg. Reward Condition",20,"4",4,2,46,452,"Short",0.0784011276764233,1.04959972482146,NA,0.346489616362991,"localGP"
"14002",57,11,3,1,24.1019825166846,52.9476469260849,"Smooth","Avg. Reward Condition",20,"4",4,5,15,452,"Short",0.0784011276764233,1.04959972482146,NA,0.346489616362991,"localGP"
"14003",57,12,1,1,71.1759996690276,71.1759996690276,"Smooth","Avg. Reward Condition",20,"4",4,2,13,452,"Short",0.0784011276764233,1.04959972482146,NA,0.346489616362991,"localGP"
"14004",57,13,1,0,44.1381856766965,71.1759996690276,"Smooth","Avg. Reward Condition",20,"4",4,11,2,452,"Short",0.0784011276764233,1.04959972482146,NA,0.346489616362991,"localGP"
"14005",57,14,0,1,65.3456129286578,71.1759996690276,"Smooth","Avg. Reward Condition",20,"4",4,1,12,452,"Short",0.0784011276764233,1.04959972482146,NA,0.346489616362991,"localGP"
"14006",57,15,1,2,73.4445687616828,73.4445687616828,"Smooth","Avg. Reward Condition",20,"4",4,1,24,452,"Short",0.0784011276764233,1.04959972482146,NA,0.346489616362991,"localGP"
"14007",57,16,2,2,35.4180456791571,73.4445687616828,"Smooth","Avg. Reward Condition",20,"4",4,1,25,452,"Short",0.0784011276764233,1.04959972482146,NA,0.346489616362991,"localGP"
"14008",57,17,6,1,31.833699427692,73.4445687616828,"Smooth","Avg. Reward Condition",20,"4",4,1,18,452,"Short",0.0784011276764233,1.04959972482146,NA,0.346489616362991,"localGP"
"14009",57,18,6,3,49.7582235748205,73.4445687616828,"Smooth","Avg. Reward Condition",20,"4",4,2,40,452,"Short",0.0784011276764233,1.04959972482146,NA,0.346489616362991,"localGP"
"14010",57,19,5,3,80.7551191777029,80.7551191777029,"Smooth","Avg. Reward Condition",20,"4",4,3,39,452,"Short",0.0784011276764233,1.04959972482146,NA,0.346489616362991,"localGP"
"14011",57,20,5,2,88.4170710697694,88.4170710697694,"Smooth","Avg. Reward Condition",20,"4",4,1,28,452,"Short",0.0784011276764233,1.04959972482146,NA,0.346489616362991,"localGP"
"14012",57,21,4,2,100,100,"Smooth","Avg. Reward Condition",20,"4",4,1,27,452,"Short",0.0784011276764233,1.04959972482146,NA,0.346489616362991,"localGP"
"14013",57,1,9,3,45.8562384067227,45.8562384067227,"Smooth","Avg. Reward Condition",40,"5",7,NA,43,453,"Long",0.0945349683047184,0.769109851499777,NA,0.504307958715694,"localGP"
"14014",57,2,10,2,31.2015949975012,45.8562384067227,"Smooth","Avg. Reward Condition",40,"5",7,8,33,453,"Long",0.0945349683047184,0.769109851499777,NA,0.504307958715694,"localGP"
"14015",57,3,9,10,62.3733166827573,62.3733166827573,"Smooth","Avg. Reward Condition",40,"5",7,7,120,453,"Long",0.0945349683047184,0.769109851499777,NA,0.504307958715694,"localGP"
"14016",57,4,9,9,65.488052809232,65.488052809232,"Smooth","Avg. Reward Condition",40,"5",7,1,109,453,"Long",0.0945349683047184,0.769109851499777,NA,0.504307958715694,"localGP"
"14017",57,5,10,9,70.0392210248855,70.0392210248855,"Smooth","Avg. Reward Condition",40,"5",7,2,110,453,"Long",0.0945349683047184,0.769109851499777,NA,0.504307958715694,"localGP"
"14018",57,6,10,10,51.5021845783836,70.0392210248855,"Smooth","Avg. Reward Condition",40,"5",7,1,121,453,"Long",0.0945349683047184,0.769109851499777,NA,0.504307958715694,"localGP"
"14019",57,7,10,7,44.2918220402032,70.0392210248855,"Smooth","Avg. Reward Condition",40,"5",7,2,88,453,"Long",0.0945349683047184,0.769109851499777,NA,0.504307958715694,"localGP"
"14020",57,8,4,10,49.1017404834783,70.0392210248855,"Smooth","Avg. Reward Condition",40,"5",7,2,115,453,"Long",0.0945349683047184,0.769109851499777,NA,0.504307958715694,"localGP"
"14021",57,9,2,10,0,70.0392210248855,"Smooth","Avg. Reward Condition",40,"5",7,3,113,453,"Long",0.0945349683047184,0.769109851499777,NA,0.504307958715694,"localGP"
"14022",57,10,0,10,25.1709150765201,70.0392210248855,"Smooth","Avg. Reward Condition",40,"5",7,4,111,453,"Long",0.0945349683047184,0.769109851499777,NA,0.504307958715694,"localGP"
"14023",57,11,7,8,65.9206763266324,70.0392210248855,"Smooth","Avg. Reward Condition",40,"5",7,5,96,453,"Long",0.0945349683047184,0.769109851499777,NA,0.504307958715694,"localGP"
"14024",57,12,6,10,42.7774601364026,70.0392210248855,"Smooth","Avg. Reward Condition",40,"5",7,8,117,453,"Long",0.0945349683047184,0.769109851499777,NA,0.504307958715694,"localGP"
"14025",57,13,5,10,39.0017355764079,70.0392210248855,"Smooth","Avg. Reward Condition",40,"5",7,3,116,453,"Long",0.0945349683047184,0.769109851499777,NA,0.504307958715694,"localGP"
"14026",57,14,4,9,31.6417224588132,70.0392210248855,"Smooth","Avg. Reward Condition",40,"5",7,6,104,453,"Long",0.0945349683047184,0.769109851499777,NA,0.504307958715694,"localGP"
"14027",57,15,4,8,40.2424118896173,70.0392210248855,"Smooth","Avg. Reward Condition",40,"5",7,6,93,453,"Long",0.0945349683047184,0.769109851499777,NA,0.504307958715694,"localGP"
"14028",57,16,5,8,32.817572820121,70.0392210248855,"Smooth","Avg. Reward Condition",40,"5",7,3,94,453,"Long",0.0945349683047184,0.769109851499777,NA,0.504307958715694,"localGP"
"14029",57,17,7,9,35.8056100636502,70.0392210248855,"Smooth","Avg. Reward Condition",40,"5",7,1,107,453,"Long",0.0945349683047184,0.769109851499777,NA,0.504307958715694,"localGP"
"14030",57,18,5,4,43.7941876820187,70.0392210248855,"Smooth","Avg. Reward Condition",40,"5",7,3,50,453,"Long",0.0945349683047184,0.769109851499777,NA,0.504307958715694,"localGP"
"14031",57,19,4,4,30.0404677656774,70.0392210248855,"Smooth","Avg. Reward Condition",40,"5",7,3,49,453,"Long",0.0945349683047184,0.769109851499777,NA,0.504307958715694,"localGP"
"14032",57,20,1,6,40.7890265133229,70.0392210248855,"Smooth","Avg. Reward Condition",40,"5",7,1,68,453,"Long",0.0945349683047184,0.769109851499777,NA,0.504307958715694,"localGP"
"14033",57,21,0,6,34.4193486809273,70.0392210248855,"Smooth","Avg. Reward Condition",40,"5",7,8,67,453,"Long",0.0945349683047184,0.769109851499777,NA,0.504307958715694,"localGP"
"14034",57,22,1,4,71.7748626014639,71.7748626014639,"Smooth","Avg. Reward Condition",40,"5",7,3,46,453,"Long",0.0945349683047184,0.769109851499777,NA,0.504307958715694,"localGP"
"14035",57,23,9,3,45.8562384067227,71.7748626014639,"Smooth","Avg. Reward Condition",40,"5",7,3,43,453,"Long",0.0945349683047184,0.769109851499777,NA,0.504307958715694,"localGP"
"14036",57,24,8,4,92.0072637842279,92.0072637842279,"Smooth","Avg. Reward Condition",40,"5",7,17,53,453,"Long",0.0945349683047184,0.769109851499777,NA,0.504307958715694,"localGP"
"14037",57,25,7,4,76.4592320894519,92.0072637842279,"Smooth","Avg. Reward Condition",40,"5",7,3,52,453,"Long",0.0945349683047184,0.769109851499777,NA,0.504307958715694,"localGP"
"14038",57,26,8,4,92.0072637842279,92.0072637842279,"Smooth","Avg. Reward Condition",40,"5",7,2,53,453,"Long",0.0945349683047184,0.769109851499777,NA,0.504307958715694,"localGP"
"14039",57,27,8,4,92.0072637842279,92.0072637842279,"Smooth","Avg. Reward Condition",40,"5",7,4,53,453,"Long",0.0945349683047184,0.769109851499777,NA,0.504307958715694,"localGP"
"14040",57,28,8,5,94.611075528205,94.611075528205,"Smooth","Avg. Reward Condition",40,"5",7,1,64,453,"Long",0.0945349683047184,0.769109851499777,NA,0.504307958715694,"localGP"
"14041",57,29,9,5,88.0456624617215,94.611075528205,"Smooth","Avg. Reward Condition",40,"5",7,2,65,453,"Long",0.0945349683047184,0.769109851499777,NA,0.504307958715694,"localGP"
"14042",57,30,9,6,51.8722338674395,94.611075528205,"Smooth","Avg. Reward Condition",40,"5",7,2,76,453,"Long",0.0945349683047184,0.769109851499777,NA,0.504307958715694,"localGP"
"14043",57,31,7,6,64.1165610070556,94.611075528205,"Smooth","Avg. Reward Condition",40,"5",7,2,74,453,"Long",0.0945349683047184,0.769109851499777,NA,0.504307958715694,"localGP"
"14044",57,32,8,6,73.8483056301387,94.611075528205,"Smooth","Avg. Reward Condition",40,"5",7,3,75,453,"Long",0.0945349683047184,0.769109851499777,NA,0.504307958715694,"localGP"
"14045",57,33,8,5,94.611075528205,94.611075528205,"Smooth","Avg. Reward Condition",40,"5",7,1,64,453,"Long",0.0945349683047184,0.769109851499777,NA,0.504307958715694,"localGP"
"14046",57,34,9,4,77.6481440786295,94.611075528205,"Smooth","Avg. Reward Condition",40,"5",7,2,54,453,"Long",0.0945349683047184,0.769109851499777,NA,0.504307958715694,"localGP"
"14047",57,35,8,7,60.6485436141064,94.611075528205,"Smooth","Avg. Reward Condition",40,"5",7,1,86,453,"Long",0.0945349683047184,0.769109851499777,NA,0.504307958715694,"localGP"
"14048",57,36,8,8,50.5250509128817,94.611075528205,"Smooth","Avg. Reward Condition",40,"5",7,1,97,453,"Long",0.0945349683047184,0.769109851499777,NA,0.504307958715694,"localGP"
"14049",57,37,8,9,44.3344271984956,94.611075528205,"Smooth","Avg. Reward Condition",40,"5",7,1,108,453,"Long",0.0945349683047184,0.769109851499777,NA,0.504307958715694,"localGP"
"14050",57,38,8,10,40.3851735013873,94.611075528205,"Smooth","Avg. Reward Condition",40,"5",7,1,119,453,"Long",0.0945349683047184,0.769109851499777,NA,0.504307958715694,"localGP"
"14051",57,39,8,5,94.611075528205,94.611075528205,"Smooth","Avg. Reward Condition",40,"5",7,5,64,453,"Long",0.0945349683047184,0.769109851499777,NA,0.504307958715694,"localGP"
"14052",57,40,7,5,60.2449538313095,94.611075528205,"Smooth","Avg. Reward Condition",40,"5",7,3,63,453,"Long",0.0945349683047184,0.769109851499777,NA,0.504307958715694,"localGP"
"14053",57,41,4,5,66.807827900394,94.611075528205,"Smooth","Avg. Reward Condition",40,"5",7,4,60,453,"Long",0.0945349683047184,0.769109851499777,NA,0.504307958715694,"localGP"
"14054",57,1,7,7,26.6472142919114,26.6472142919114,"Smooth","Avg. Reward Condition",20,"6",18,NA,85,454,"Short",0.0768246063349719,0.985793832332204,NA,0.324825462264853,"localGP"
"14055",57,2,5,6,67.4717782812046,67.4717782812046,"Smooth","Avg. Reward Condition",20,"6",18,5,72,454,"Short",0.0768246063349719,0.985793832332204,NA,0.324825462264853,"localGP"
"14056",57,3,5,5,61.5391732787472,67.4717782812046,"Smooth","Avg. Reward Condition",20,"6",18,9,61,454,"Short",0.0768246063349719,0.985793832332204,NA,0.324825462264853,"localGP"
"14057",57,4,7,10,39.5407952471519,67.4717782812046,"Smooth","Avg. Reward Condition",20,"6",18,3,118,454,"Short",0.0768246063349719,0.985793832332204,NA,0.324825462264853,"localGP"
"14058",57,5,4,7,47.8263633972584,67.4717782812046,"Smooth","Avg. Reward Condition",20,"6",18,5,82,454,"Short",0.0768246063349719,0.985793832332204,NA,0.324825462264853,"localGP"
"14059",57,6,4,6,56.6641694320835,67.4717782812046,"Smooth","Avg. Reward Condition",20,"6",18,2,71,454,"Short",0.0768246063349719,0.985793832332204,NA,0.324825462264853,"localGP"
"14060",57,7,2,7,5.78700600623116,67.4717782812046,"Smooth","Avg. Reward Condition",20,"6",18,1,80,454,"Short",0.0768246063349719,0.985793832332204,NA,0.324825462264853,"localGP"
"14061",57,8,0,9,63.7273848369045,67.4717782812046,"Smooth","Avg. Reward Condition",20,"6",18,1,100,454,"Short",0.0768246063349719,0.985793832332204,NA,0.324825462264853,"localGP"
"14062",57,9,0,8,40.1557616499508,67.4717782812046,"Smooth","Avg. Reward Condition",20,"6",18,1,89,454,"Short",0.0768246063349719,0.985793832332204,NA,0.324825462264853,"localGP"
"14063",57,10,9,10,51.7164759770516,67.4717782812046,"Smooth","Avg. Reward Condition",20,"6",18,2,120,454,"Short",0.0768246063349719,0.985793832332204,NA,0.324825462264853,"localGP"
"14064",57,11,1,0,52.4795285472342,67.4717782812046,"Smooth","Avg. Reward Condition",20,"6",18,1,2,454,"Short",0.0768246063349719,0.985793832332204,NA,0.324825462264853,"localGP"
"14065",57,12,10,2,47.0470762762012,67.4717782812046,"Smooth","Avg. Reward Condition",20,"6",18,3,33,454,"Short",0.0768246063349719,0.985793832332204,NA,0.324825462264853,"localGP"
"14066",57,13,4,9,48.6599556271506,67.4717782812046,"Smooth","Avg. Reward Condition",20,"6",18,2,104,454,"Short",0.0768246063349719,0.985793832332204,NA,0.324825462264853,"localGP"
"14067",57,14,6,9,34.6588515600726,67.4717782812046,"Smooth","Avg. Reward Condition",20,"6",18,1,106,454,"Short",0.0768246063349719,0.985793832332204,NA,0.324825462264853,"localGP"
"14068",57,15,6,9,34.6588515600726,67.4717782812046,"Smooth","Avg. Reward Condition",20,"6",18,1,106,454,"Short",0.0768246063349719,0.985793832332204,NA,0.324825462264853,"localGP"
"14069",57,16,4,2,74.4058624133972,74.4058624133972,"Smooth","Avg. Reward Condition",20,"6",18,2,27,454,"Short",0.0768246063349719,0.985793832332204,NA,0.324825462264853,"localGP"
"14070",57,17,5,2,52.4052015124445,74.4058624133972,"Smooth","Avg. Reward Condition",20,"6",18,1,28,454,"Short",0.0768246063349719,0.985793832332204,NA,0.324825462264853,"localGP"
"14071",57,18,2,2,100,100,"Smooth","Avg. Reward Condition",20,"6",18,1,25,454,"Short",0.0768246063349719,0.985793832332204,NA,0.324825462264853,"localGP"
"14072",57,19,2,3,53.5961483472986,100,"Smooth","Avg. Reward Condition",20,"6",18,1,36,454,"Short",0.0768246063349719,0.985793832332204,NA,0.324825462264853,"localGP"
"14073",57,20,2,2,100,100,"Smooth","Avg. Reward Condition",20,"6",18,1,25,454,"Short",0.0768246063349719,0.985793832332204,NA,0.324825462264853,"localGP"
"14074",57,21,2,1,70.0239835784985,100,"Smooth","Avg. Reward Condition",20,"6",18,2,14,454,"Short",0.0768246063349719,0.985793832332204,NA,0.324825462264853,"localGP"
"14075",57,1,4,9,23.3245697103386,23.3245697103386,"Smooth","Avg. Reward Condition",40,"7",13,NA,104,455,"Long",0.0916259278223788,0.86292457900282,NA,0.463571824483339,"localGP"
"14076",57,2,3,2,75.9223381375201,75.9223381375201,"Smooth","Avg. Reward Condition",40,"7",13,2,26,455,"Long",0.0916259278223788,0.86292457900282,NA,0.463571824483339,"localGP"
"14077",57,3,3,0,52.2562561155338,75.9223381375201,"Smooth","Avg. Reward Condition",40,"7",13,1,4,455,"Long",0.0916259278223788,0.86292457900282,NA,0.463571824483339,"localGP"
"14078",57,4,5,7,44.9495290274255,75.9223381375201,"Smooth","Avg. Reward Condition",40,"7",13,1,83,455,"Long",0.0916259278223788,0.86292457900282,NA,0.463571824483339,"localGP"
"14079",57,5,4,7,25.3361076780515,75.9223381375201,"Smooth","Avg. Reward Condition",40,"7",13,1,82,455,"Long",0.0916259278223788,0.86292457900282,NA,0.463571824483339,"localGP"
"14080",57,6,4,6,35.317915260969,75.9223381375201,"Smooth","Avg. Reward Condition",40,"7",13,3,71,455,"Long",0.0916259278223788,0.86292457900282,NA,0.463571824483339,"localGP"
"14081",57,7,3,9,34.0662277236417,75.9223381375201,"Smooth","Avg. Reward Condition",40,"7",13,2,103,455,"Long",0.0916259278223788,0.86292457900282,NA,0.463571824483339,"localGP"
"14082",57,8,2,8,45.0890712788408,75.9223381375201,"Smooth","Avg. Reward Condition",40,"7",13,1,91,455,"Long",0.0916259278223788,0.86292457900282,NA,0.463571824483339,"localGP"
"14083",57,9,9,7,38.2481492101488,75.9223381375201,"Smooth","Avg. Reward Condition",40,"7",13,1,87,455,"Long",0.0916259278223788,0.86292457900282,NA,0.463571824483339,"localGP"
"14084",57,10,8,10,31.0383733536664,75.9223381375201,"Smooth","Avg. Reward Condition",40,"7",13,1,119,455,"Long",0.0916259278223788,0.86292457900282,NA,0.463571824483339,"localGP"
"14085",57,11,7,6,59.1670306987151,75.9223381375201,"Smooth","Avg. Reward Condition",40,"7",13,1,74,455,"Long",0.0916259278223788,0.86292457900282,NA,0.463571824483339,"localGP"
"14086",57,12,8,6,23.2409333296552,75.9223381375201,"Smooth","Avg. Reward Condition",40,"7",13,1,75,455,"Long",0.0916259278223788,0.86292457900282,NA,0.463571824483339,"localGP"
"14087",57,13,1,3,24.1058601457034,75.9223381375201,"Smooth","Avg. Reward Condition",40,"7",13,3,35,455,"Long",0.0916259278223788,0.86292457900282,NA,0.463571824483339,"localGP"
"14088",57,14,1,1,60.4080576029201,75.9223381375201,"Smooth","Avg. Reward Condition",40,"7",13,1,13,455,"Long",0.0916259278223788,0.86292457900282,NA,0.463571824483339,"localGP"
"14089",57,15,3,3,80.5615551663229,80.5615551663229,"Smooth","Avg. Reward Condition",40,"7",13,2,37,455,"Long",0.0916259278223788,0.86292457900282,NA,0.463571824483339,"localGP"
"14090",57,16,3,4,69.0645761763699,80.5615551663229,"Smooth","Avg. Reward Condition",40,"7",13,5,48,455,"Long",0.0916259278223788,0.86292457900282,NA,0.463571824483339,"localGP"
"14091",57,17,2,4,86.7630388184153,86.7630388184153,"Smooth","Avg. Reward Condition",40,"7",13,1,47,455,"Long",0.0916259278223788,0.86292457900282,NA,0.463571824483339,"localGP"
"14092",57,18,6,6,81.5801840646008,86.7630388184153,"Smooth","Avg. Reward Condition",40,"7",13,1,73,455,"Long",0.0916259278223788,0.86292457900282,NA,0.463571824483339,"localGP"
"14093",57,19,6,5,40.403960166515,86.7630388184153,"Smooth","Avg. Reward Condition",40,"7",13,3,62,455,"Long",0.0916259278223788,0.86292457900282,NA,0.463571824483339,"localGP"
"14094",57,20,9,5,26.612488577666,86.7630388184153,"Smooth","Avg. Reward Condition",40,"7",13,2,65,455,"Long",0.0916259278223788,0.86292457900282,NA,0.463571824483339,"localGP"
"14095",57,21,3,5,54.7363822558009,86.7630388184153,"Smooth","Avg. Reward Condition",40,"7",13,2,59,455,"Long",0.0916259278223788,0.86292457900282,NA,0.463571824483339,"localGP"
"14096",57,22,2,5,73.5182942872348,86.7630388184153,"Smooth","Avg. Reward Condition",40,"7",13,1,58,455,"Long",0.0916259278223788,0.86292457900282,NA,0.463571824483339,"localGP"
"14097",57,23,1,5,64.6815173963215,86.7630388184153,"Smooth","Avg. Reward Condition",40,"7",13,4,57,455,"Long",0.0916259278223788,0.86292457900282,NA,0.463571824483339,"localGP"
"14098",57,24,1,6,39.9812394486691,86.7630388184153,"Smooth","Avg. Reward Condition",40,"7",13,1,68,455,"Long",0.0916259278223788,0.86292457900282,NA,0.463571824483339,"localGP"
"14099",57,25,4,4,68.9292564082941,86.7630388184153,"Smooth","Avg. Reward Condition",40,"7",13,3,49,455,"Long",0.0916259278223788,0.86292457900282,NA,0.463571824483339,"localGP"
"14100",57,26,4,3,68.6184588399681,86.7630388184153,"Smooth","Avg. Reward Condition",40,"7",13,1,38,455,"Long",0.0916259278223788,0.86292457900282,NA,0.463571824483339,"localGP"
"14101",57,27,0,6,56.4375165015689,86.7630388184153,"Smooth","Avg. Reward Condition",40,"7",13,2,67,455,"Long",0.0916259278223788,0.86292457900282,NA,0.463571824483339,"localGP"
"14102",57,28,3,10,49.5315069450251,86.7630388184153,"Smooth","Avg. Reward Condition",40,"7",13,3,114,455,"Long",0.0916259278223788,0.86292457900282,NA,0.463571824483339,"localGP"
"14103",57,29,2,10,46.7671401163618,86.7630388184153,"Smooth","Avg. Reward Condition",40,"7",13,1,113,455,"Long",0.0916259278223788,0.86292457900282,NA,0.463571824483339,"localGP"
"14104",57,30,10,9,78.2027912905164,86.7630388184153,"Smooth","Avg. Reward Condition",40,"7",13,1,110,455,"Long",0.0916259278223788,0.86292457900282,NA,0.463571824483339,"localGP"
"14105",57,31,9,9,62.7122285843456,86.7630388184153,"Smooth","Avg. Reward Condition",40,"7",13,2,109,455,"Long",0.0916259278223788,0.86292457900282,NA,0.463571824483339,"localGP"
"14106",57,32,10,10,64.51081568663,86.7630388184153,"Smooth","Avg. Reward Condition",40,"7",13,1,121,455,"Long",0.0916259278223788,0.86292457900282,NA,0.463571824483339,"localGP"
"14107",57,33,8,0,39.1668824511725,86.7630388184153,"Smooth","Avg. Reward Condition",40,"7",13,1,9,455,"Long",0.0916259278223788,0.86292457900282,NA,0.463571824483339,"localGP"
"14108",57,34,5,9,27.5584141998454,86.7630388184153,"Smooth","Avg. Reward Condition",40,"7",13,3,105,455,"Long",0.0916259278223788,0.86292457900282,NA,0.463571824483339,"localGP"
"14109",57,35,6,6,81.5801840646008,86.7630388184153,"Smooth","Avg. Reward Condition",40,"7",13,2,73,455,"Long",0.0916259278223788,0.86292457900282,NA,0.463571824483339,"localGP"
"14110",57,36,7,7,65.4024008297737,86.7630388184153,"Smooth","Avg. Reward Condition",40,"7",13,1,85,455,"Long",0.0916259278223788,0.86292457900282,NA,0.463571824483339,"localGP"
"14111",57,37,3,10,49.5315069450251,86.7630388184153,"Smooth","Avg. Reward Condition",40,"7",13,3,114,455,"Long",0.0916259278223788,0.86292457900282,NA,0.463571824483339,"localGP"
"14112",57,38,2,5,73.5182942872348,86.7630388184153,"Smooth","Avg. Reward Condition",40,"7",13,3,58,455,"Long",0.0916259278223788,0.86292457900282,NA,0.463571824483339,"localGP"
"14113",57,39,5,4,33.9006613520623,86.7630388184153,"Smooth","Avg. Reward Condition",40,"7",13,3,50,455,"Long",0.0916259278223788,0.86292457900282,NA,0.463571824483339,"localGP"
"14114",57,40,5,2,18.276410658703,86.7630388184153,"Smooth","Avg. Reward Condition",40,"7",13,1,28,455,"Long",0.0916259278223788,0.86292457900282,NA,0.463571824483339,"localGP"
"14115",57,41,5,1,30.9871614244868,86.7630388184153,"Smooth","Avg. Reward Condition",40,"7",13,3,17,455,"Long",0.0916259278223788,0.86292457900282,NA,0.463571824483339,"localGP"
"14116",57,1,0,6,86.6558005262952,86.6558005262952,"Smooth","Avg. Reward Condition",20,"8",0,NA,67,456,"Short",0.0661862043080505,1.2156667010727,NA,0.331381526153243,"localGP"
"14117",57,2,1,6,76.1819602246697,86.6558005262952,"Smooth","Avg. Reward Condition",20,"8",0,6,68,456,"Short",0.0661862043080505,1.2156667010727,NA,0.331381526153243,"localGP"
"14118",57,3,1,7,65.8282604254796,86.6558005262952,"Smooth","Avg. Reward Condition",20,"8",0,2,79,456,"Short",0.0661862043080505,1.2156667010727,NA,0.331381526153243,"localGP"
"14119",57,4,0,7,100,100,"Smooth","Avg. Reward Condition",20,"8",0,8,78,456,"Short",0.0661862043080505,1.2156667010727,NA,0.331381526153243,"localGP"
"14120",57,5,0,7,100,100,"Smooth","Avg. Reward Condition",20,"8",0,5,78,456,"Short",0.0661862043080505,1.2156667010727,NA,0.331381526153243,"localGP"
"14121",57,6,0,8,68.7533579586689,100,"Smooth","Avg. Reward Condition",20,"8",0,6,89,456,"Short",0.0661862043080505,1.2156667010727,NA,0.331381526153243,"localGP"
"14122",57,7,0,7,100,100,"Smooth","Avg. Reward Condition",20,"8",0,3,78,456,"Short",0.0661862043080505,1.2156667010727,NA,0.331381526153243,"localGP"
"14123",57,8,0,8,68.7533579586689,100,"Smooth","Avg. Reward Condition",20,"8",0,1,89,456,"Short",0.0661862043080505,1.2156667010727,NA,0.331381526153243,"localGP"
"14124",57,9,0,7,100,100,"Smooth","Avg. Reward Condition",20,"8",0,2,78,456,"Short",0.0661862043080505,1.2156667010727,NA,0.331381526153243,"localGP"
"14125",57,10,0,7,100,100,"Smooth","Avg. Reward Condition",20,"8",0,2,78,456,"Short",0.0661862043080505,1.2156667010727,NA,0.331381526153243,"localGP"
"14126",57,11,0,7,100,100,"Smooth","Avg. Reward Condition",20,"8",0,2,78,456,"Short",0.0661862043080505,1.2156667010727,NA,0.331381526153243,"localGP"
"14127",57,12,0,6,86.6558005262952,100,"Smooth","Avg. Reward Condition",20,"8",0,1,67,456,"Short",0.0661862043080505,1.2156667010727,NA,0.331381526153243,"localGP"
"14128",57,13,0,7,100,100,"Smooth","Avg. Reward Condition",20,"8",0,2,78,456,"Short",0.0661862043080505,1.2156667010727,NA,0.331381526153243,"localGP"
"14129",57,14,0,7,100,100,"Smooth","Avg. Reward Condition",20,"8",0,1,78,456,"Short",0.0661862043080505,1.2156667010727,NA,0.331381526153243,"localGP"
"14130",57,15,0,7,100,100,"Smooth","Avg. Reward Condition",20,"8",0,5,78,456,"Short",0.0661862043080505,1.2156667010727,NA,0.331381526153243,"localGP"
"14131",57,16,0,7,100,100,"Smooth","Avg. Reward Condition",20,"8",0,2,78,456,"Short",0.0661862043080505,1.2156667010727,NA,0.331381526153243,"localGP"
"14132",57,17,0,7,100,100,"Smooth","Avg. Reward Condition",20,"8",0,4,78,456,"Short",0.0661862043080505,1.2156667010727,NA,0.331381526153243,"localGP"
"14133",57,18,0,7,100,100,"Smooth","Avg. Reward Condition",20,"8",0,1,78,456,"Short",0.0661862043080505,1.2156667010727,NA,0.331381526153243,"localGP"
"14134",57,19,0,7,100,100,"Smooth","Avg. Reward Condition",20,"8",0,1,78,456,"Short",0.0661862043080505,1.2156667010727,NA,0.331381526153243,"localGP"
"14135",57,20,0,7,100,100,"Smooth","Avg. Reward Condition",20,"8",0,2,78,456,"Short",0.0661862043080505,1.2156667010727,NA,0.331381526153243,"localGP"
"14136",57,21,0,7,100,100,"Smooth","Avg. Reward Condition",20,"8",0,6,78,456,"Short",0.0661862043080505,1.2156667010727,NA,0.331381526153243,"localGP"
"14137",58,1,3,9,36.2621127065425,36.2621127065425,"Rough","Max. Reward Condition",20,"1",1,NA,103,457,"Short",0.089752640195606,0.609404712764414,NA,0.538731215101235,"localGP"
"14138",58,2,3,8,30.5083687411474,36.2621127065425,"Rough","Max. Reward Condition",20,"1",1,11,92,457,"Short",0.089752640195606,0.609404712764414,NA,0.538731215101235,"localGP"
"14139",58,3,3,7,33.7034097682275,36.2621127065425,"Rough","Max. Reward Condition",20,"1",1,12,81,457,"Short",0.089752640195606,0.609404712764414,NA,0.538731215101235,"localGP"
"14140",58,4,6,10,30.4281577841895,36.2621127065425,"Rough","Max. Reward Condition",20,"1",1,16,117,457,"Short",0.089752640195606,0.609404712764414,NA,0.538731215101235,"localGP"
"14141",58,5,6,9,34.2500725757816,36.2621127065425,"Rough","Max. Reward Condition",20,"1",1,1,106,457,"Short",0.089752640195606,0.609404712764414,NA,0.538731215101235,"localGP"
"14142",58,6,7,9,43.2219300321384,43.2219300321384,"Rough","Max. Reward Condition",20,"1",1,1,107,457,"Short",0.089752640195606,0.609404712764414,NA,0.538731215101235,"localGP"
"14143",58,7,7,10,39.1305006812837,43.2219300321384,"Rough","Max. Reward Condition",20,"1",1,2,118,457,"Short",0.089752640195606,0.609404712764414,NA,0.538731215101235,"localGP"
"14144",58,8,8,2,77.798359488466,77.798359488466,"Rough","Max. Reward Condition",20,"1",1,1,31,457,"Short",0.089752640195606,0.609404712764414,NA,0.538731215101235,"localGP"
"14145",58,9,6,2,72.3100865487056,77.798359488466,"Rough","Max. Reward Condition",20,"1",1,2,29,457,"Short",0.089752640195606,0.609404712764414,NA,0.538731215101235,"localGP"
"14146",58,10,6,1,70.4800541800228,77.798359488466,"Rough","Max. Reward Condition",20,"1",1,2,18,457,"Short",0.089752640195606,0.609404712764414,NA,0.538731215101235,"localGP"
"14147",58,11,7,1,78.9605492405504,78.9605492405504,"Rough","Max. Reward Condition",20,"1",1,1,19,457,"Short",0.089752640195606,0.609404712764414,NA,0.538731215101235,"localGP"
"14148",58,12,7,2,87.3844592186431,87.3844592186431,"Rough","Max. Reward Condition",20,"1",1,1,30,457,"Short",0.089752640195606,0.609404712764414,NA,0.538731215101235,"localGP"
"14149",58,13,8,2,77.798359488466,87.3844592186431,"Rough","Max. Reward Condition",20,"1",1,2,31,457,"Short",0.089752640195606,0.609404712764414,NA,0.538731215101235,"localGP"
"14150",58,14,8,3,73.1545333653025,87.3844592186431,"Rough","Max. Reward Condition",20,"1",1,1,42,457,"Short",0.089752640195606,0.609404712764414,NA,0.538731215101235,"localGP"
"14151",58,15,9,4,46.9020472211933,87.3844592186431,"Rough","Max. Reward Condition",20,"1",1,1,54,457,"Short",0.089752640195606,0.609404712764414,NA,0.538731215101235,"localGP"
"14152",58,16,9,3,60.9343747722388,87.3844592186431,"Rough","Max. Reward Condition",20,"1",1,1,43,457,"Short",0.089752640195606,0.609404712764414,NA,0.538731215101235,"localGP"
"14153",58,17,0,2,31.3251454168042,87.3844592186431,"Rough","Max. Reward Condition",20,"1",1,2,23,457,"Short",0.089752640195606,0.609404712764414,NA,0.538731215101235,"localGP"
"14154",58,18,1,5,36.553012201289,87.3844592186431,"Rough","Max. Reward Condition",20,"1",1,6,57,457,"Short",0.089752640195606,0.609404712764414,NA,0.538731215101235,"localGP"
"14155",58,19,1,4,60.3734677972123,87.3844592186431,"Rough","Max. Reward Condition",20,"1",1,1,46,457,"Short",0.089752640195606,0.609404712764414,NA,0.538731215101235,"localGP"
"14156",58,20,1,3,10.2009483490212,87.3844592186431,"Rough","Max. Reward Condition",20,"1",1,1,35,457,"Short",0.089752640195606,0.609404712764414,NA,0.538731215101235,"localGP"
"14157",58,21,5,1,66.7584273273,87.3844592186431,"Rough","Max. Reward Condition",20,"1",1,1,17,457,"Short",0.089752640195606,0.609404712764414,NA,0.538731215101235,"localGP"
"14158",58,1,9,6,60.9966324493762,60.9966324493762,"Rough","Max. Reward Condition",40,"2",2,NA,76,458,"Long",0.107577755610249,0.565557584859638,NA,0.631383575360854,"localGP"
"14159",58,2,8,6,74.3893540286675,74.3893540286675,"Rough","Max. Reward Condition",40,"2",2,9,75,458,"Long",0.107577755610249,0.565557584859638,NA,0.631383575360854,"localGP"
"14160",58,3,7,6,53.9752952053274,74.3893540286675,"Rough","Max. Reward Condition",40,"2",2,10,74,458,"Long",0.107577755610249,0.565557584859638,NA,0.631383575360854,"localGP"
"14161",58,4,6,6,56.4950247425191,74.3893540286675,"Rough","Max. Reward Condition",40,"2",2,1,73,458,"Long",0.107577755610249,0.565557584859638,NA,0.631383575360854,"localGP"
"14162",58,5,4,1,7.52216933154133,74.3893540286675,"Rough","Max. Reward Condition",40,"2",2,1,16,458,"Long",0.107577755610249,0.565557584859638,NA,0.631383575360854,"localGP"
"14163",58,6,5,1,14.0448929140454,74.3893540286675,"Rough","Max. Reward Condition",40,"2",2,1,17,458,"Long",0.107577755610249,0.565557584859638,NA,0.631383575360854,"localGP"
"14164",58,7,5,0,15.2054677622905,74.3893540286675,"Rough","Max. Reward Condition",40,"2",2,1,6,458,"Long",0.107577755610249,0.565557584859638,NA,0.631383575360854,"localGP"
"14165",58,8,6,0,43.9679034067022,74.3893540286675,"Rough","Max. Reward Condition",40,"2",2,1,7,458,"Long",0.107577755610249,0.565557584859638,NA,0.631383575360854,"localGP"
"14166",58,9,6,1,41.5452404100672,74.3893540286675,"Rough","Max. Reward Condition",40,"2",2,1,18,458,"Long",0.107577755610249,0.565557584859638,NA,0.631383575360854,"localGP"
"14167",58,10,7,1,46.9542697073233,74.3893540286675,"Rough","Max. Reward Condition",40,"2",2,1,19,458,"Long",0.107577755610249,0.565557584859638,NA,0.631383575360854,"localGP"
"14168",58,11,7,1,46.9542697073233,74.3893540286675,"Rough","Max. Reward Condition",40,"2",2,2,19,458,"Long",0.107577755610249,0.565557584859638,NA,0.631383575360854,"localGP"
"14169",58,12,7,2,36.6509044186879,74.3893540286675,"Rough","Max. Reward Condition",40,"2",2,2,30,458,"Long",0.107577755610249,0.565557584859638,NA,0.631383575360854,"localGP"
"14170",58,13,6,2,42.0874642193021,74.3893540286675,"Rough","Max. Reward Condition",40,"2",2,1,29,458,"Long",0.107577755610249,0.565557584859638,NA,0.631383575360854,"localGP"
"14171",58,14,6,7,38.7212084303539,74.3893540286675,"Rough","Max. Reward Condition",40,"2",2,2,84,458,"Long",0.107577755610249,0.565557584859638,NA,0.631383575360854,"localGP"
"14172",58,15,5,8,25.9035878012328,74.3893540286675,"Rough","Max. Reward Condition",40,"2",2,1,94,458,"Long",0.107577755610249,0.565557584859638,NA,0.631383575360854,"localGP"
"14173",58,16,6,8,43.1819250906555,74.3893540286675,"Rough","Max. Reward Condition",40,"2",2,15,95,458,"Long",0.107577755610249,0.565557584859638,NA,0.631383575360854,"localGP"
"14174",58,17,10,8,61.2037213631902,74.3893540286675,"Rough","Max. Reward Condition",40,"2",2,10,99,458,"Long",0.107577755610249,0.565557584859638,NA,0.631383575360854,"localGP"
"14175",58,18,8,10,50.0631766898922,74.3893540286675,"Rough","Max. Reward Condition",40,"2",2,0,119,458,"Long",0.107577755610249,0.565557584859638,NA,0.631383575360854,"localGP"
"14176",58,19,7,10,82.2172279121399,82.2172279121399,"Rough","Max. Reward Condition",40,"2",2,5,118,458,"Long",0.107577755610249,0.565557584859638,NA,0.631383575360854,"localGP"
"14177",58,20,7,9,45.2247389588236,82.2172279121399,"Rough","Max. Reward Condition",40,"2",2,1,107,458,"Long",0.107577755610249,0.565557584859638,NA,0.631383575360854,"localGP"
"14178",58,21,7,8,46.9748184032228,82.2172279121399,"Rough","Max. Reward Condition",40,"2",2,1,96,458,"Long",0.107577755610249,0.565557584859638,NA,0.631383575360854,"localGP"
"14179",58,22,8,8,15.0484706034592,82.2172279121399,"Rough","Max. Reward Condition",40,"2",2,1,97,458,"Long",0.107577755610249,0.565557584859638,NA,0.631383575360854,"localGP"
"14180",58,23,5,5,64.465937362096,82.2172279121399,"Rough","Max. Reward Condition",40,"2",2,2,61,458,"Long",0.107577755610249,0.565557584859638,NA,0.631383575360854,"localGP"
"14181",58,24,9,5,74.2282844948157,82.2172279121399,"Rough","Max. Reward Condition",40,"2",2,1,65,458,"Long",0.107577755610249,0.565557584859638,NA,0.631383575360854,"localGP"
"14182",58,25,8,5,82.1154481139937,82.2172279121399,"Rough","Max. Reward Condition",40,"2",2,1,64,458,"Long",0.107577755610249,0.565557584859638,NA,0.631383575360854,"localGP"
"14183",58,26,8,4,41.9391339011976,82.2172279121399,"Rough","Max. Reward Condition",40,"2",2,1,53,458,"Long",0.107577755610249,0.565557584859638,NA,0.631383575360854,"localGP"
"14184",58,27,7,4,44.3010414414356,82.2172279121399,"Rough","Max. Reward Condition",40,"2",2,1,52,458,"Long",0.107577755610249,0.565557584859638,NA,0.631383575360854,"localGP"
"14185",58,28,6,4,48.9201172957826,82.2172279121399,"Rough","Max. Reward Condition",40,"2",2,1,51,458,"Long",0.107577755610249,0.565557584859638,NA,0.631383575360854,"localGP"
"14186",58,29,5,4,53.7953839453932,82.2172279121399,"Rough","Max. Reward Condition",40,"2",2,1,50,458,"Long",0.107577755610249,0.565557584859638,NA,0.631383575360854,"localGP"
"14187",58,30,2,3,39.2617782530789,82.2172279121399,"Rough","Max. Reward Condition",40,"2",2,1,36,458,"Long",0.107577755610249,0.565557584859638,NA,0.631383575360854,"localGP"
"14188",58,31,2,4,44.4621814530642,82.2172279121399,"Rough","Max. Reward Condition",40,"2",2,1,47,458,"Long",0.107577755610249,0.565557584859638,NA,0.631383575360854,"localGP"
"14189",58,32,1,9,45.0686328655171,82.2172279121399,"Rough","Max. Reward Condition",40,"2",2,1,101,458,"Long",0.107577755610249,0.565557584859638,NA,0.631383575360854,"localGP"
"14190",58,33,0,9,29.897358776593,82.2172279121399,"Rough","Max. Reward Condition",40,"2",2,5,100,458,"Long",0.107577755610249,0.565557584859638,NA,0.631383575360854,"localGP"
"14191",58,34,0,10,20.5241810833273,82.2172279121399,"Rough","Max. Reward Condition",40,"2",2,1,111,458,"Long",0.107577755610249,0.565557584859638,NA,0.631383575360854,"localGP"
"14192",58,35,3,9,100,100,"Rough","Max. Reward Condition",40,"2",2,6,103,458,"Long",0.107577755610249,0.565557584859638,NA,0.631383575360854,"localGP"
"14193",58,36,3,10,55.7632671935158,100,"Rough","Max. Reward Condition",40,"2",2,1,114,458,"Long",0.107577755610249,0.565557584859638,NA,0.631383575360854,"localGP"
"14194",58,37,2,10,55.8905706539792,100,"Rough","Max. Reward Condition",40,"2",2,1,113,458,"Long",0.107577755610249,0.565557584859638,NA,0.631383575360854,"localGP"
"14195",58,38,2,6,31.0882445544401,100,"Rough","Max. Reward Condition",40,"2",2,1,69,458,"Long",0.107577755610249,0.565557584859638,NA,0.631383575360854,"localGP"
"14196",58,39,0,6,25.9307979377378,100,"Rough","Max. Reward Condition",40,"2",2,1,67,458,"Long",0.107577755610249,0.565557584859638,NA,0.631383575360854,"localGP"
"14197",58,40,0,7,39.2104381953876,100,"Rough","Max. Reward Condition",40,"2",2,1,78,458,"Long",0.107577755610249,0.565557584859638,NA,0.631383575360854,"localGP"
"14198",58,41,1,7,39.0259379253794,100,"Rough","Max. Reward Condition",40,"2",2,1,79,458,"Long",0.107577755610249,0.565557584859638,NA,0.631383575360854,"localGP"
"14199",58,1,0,10,44.7774903870151,44.7774903870151,"Rough","Max. Reward Condition",20,"3",18,NA,111,459,"Short",0.0866151391224909,0.618083764142348,NA,0.519682896596125,"localGP"
"14200",58,2,1,10,30.5577705769791,44.7774903870151,"Rough","Max. Reward Condition",20,"3",18,17,112,459,"Short",0.0866151391224909,0.618083764142348,NA,0.519682896596125,"localGP"
"14201",58,3,2,10,25.2569128061938,44.7774903870151,"Rough","Max. Reward Condition",20,"3",18,10,113,459,"Short",0.0866151391224909,0.618083764142348,NA,0.519682896596125,"localGP"
"14202",58,4,0,9,63.7273848369045,63.7273848369045,"Rough","Max. Reward Condition",20,"3",18,20,100,459,"Short",0.0866151391224909,0.618083764142348,NA,0.519682896596125,"localGP"
"14203",58,5,1,9,58.9073420651609,63.7273848369045,"Rough","Max. Reward Condition",20,"3",18,10,101,459,"Short",0.0866151391224909,0.618083764142348,NA,0.519682896596125,"localGP"
"14204",58,6,1,8,43.9523199496518,63.7273848369045,"Rough","Max. Reward Condition",20,"3",18,19,90,459,"Short",0.0866151391224909,0.618083764142348,NA,0.519682896596125,"localGP"
"14205",58,7,2,8,43.6561164584679,63.7273848369045,"Rough","Max. Reward Condition",20,"3",18,3,91,459,"Short",0.0866151391224909,0.618083764142348,NA,0.519682896596125,"localGP"
"14206",58,8,3,1,75.1442624365829,75.1442624365829,"Rough","Max. Reward Condition",20,"3",18,1,15,459,"Short",0.0866151391224909,0.618083764142348,NA,0.519682896596125,"localGP"
"14207",58,9,2,1,70.0239835784985,75.1442624365829,"Rough","Max. Reward Condition",20,"3",18,2,14,459,"Short",0.0866151391224909,0.618083764142348,NA,0.519682896596125,"localGP"
"14208",58,10,2,0,34.0203157022651,75.1442624365829,"Rough","Max. Reward Condition",20,"3",18,1,3,459,"Short",0.0866151391224909,0.618083764142348,NA,0.519682896596125,"localGP"
"14209",58,11,3,0,28.442618018304,75.1442624365829,"Rough","Max. Reward Condition",20,"3",18,1,4,459,"Short",0.0866151391224909,0.618083764142348,NA,0.519682896596125,"localGP"
"14210",58,12,5,0,43.1589496872262,75.1442624365829,"Rough","Max. Reward Condition",20,"3",18,2,6,459,"Short",0.0866151391224909,0.618083764142348,NA,0.519682896596125,"localGP"
"14211",58,13,6,0,37.7168186975526,75.1442624365829,"Rough","Max. Reward Condition",20,"3",18,1,7,459,"Short",0.0866151391224909,0.618083764142348,NA,0.519682896596125,"localGP"
"14212",58,14,2,4,35.9082246738817,75.1442624365829,"Rough","Max. Reward Condition",20,"3",18,1,47,459,"Short",0.0866151391224909,0.618083764142348,NA,0.519682896596125,"localGP"
"14213",58,15,6,6,45.1082294847669,75.1442624365829,"Rough","Max. Reward Condition",20,"3",18,1,73,459,"Short",0.0866151391224909,0.618083764142348,NA,0.519682896596125,"localGP"
"14214",58,16,7,2,4.89701301731659,75.1442624365829,"Rough","Max. Reward Condition",20,"3",18,1,30,459,"Short",0.0866151391224909,0.618083764142348,NA,0.519682896596125,"localGP"
"14215",58,17,6,2,24.0265388631754,75.1442624365829,"Rough","Max. Reward Condition",20,"3",18,1,29,459,"Short",0.0866151391224909,0.618083764142348,NA,0.519682896596125,"localGP"
"14216",58,18,6,3,2.55804621582689,75.1442624365829,"Rough","Max. Reward Condition",20,"3",18,1,40,459,"Short",0.0866151391224909,0.618083764142348,NA,0.519682896596125,"localGP"
"14217",58,19,5,3,28.2693028674169,75.1442624365829,"Rough","Max. Reward Condition",20,"3",18,1,39,459,"Short",0.0866151391224909,0.618083764142348,NA,0.519682896596125,"localGP"
"14218",58,20,10,6,35.7890292277551,75.1442624365829,"Rough","Max. Reward Condition",20,"3",18,1,77,459,"Short",0.0866151391224909,0.618083764142348,NA,0.519682896596125,"localGP"
"14219",58,21,9,6,46.7105802523154,75.1442624365829,"Rough","Max. Reward Condition",20,"3",18,1,76,459,"Short",0.0866151391224909,0.618083764142348,NA,0.519682896596125,"localGP"
"14220",58,1,5,7,50.9750480071235,50.9750480071235,"Rough","Max. Reward Condition",40,"4",5,NA,83,460,"Long",0.0934943777447475,0.607208391635266,NA,0.553503717333106,"localGP"
"14221",58,2,6,7,60.8864429943102,60.8864429943102,"Rough","Max. Reward Condition",40,"4",5,9,84,460,"Long",0.0934943777447475,0.607208391635266,NA,0.553503717333106,"localGP"
"14222",58,3,6,6,86.9756652326962,86.9756652326962,"Rough","Max. Reward Condition",40,"4",5,10,73,460,"Long",0.0934943777447475,0.607208391635266,NA,0.553503717333106,"localGP"
"14223",58,4,6,6,86.9756652326962,86.9756652326962,"Rough","Max. Reward Condition",40,"4",5,11,73,460,"Long",0.0934943777447475,0.607208391635266,NA,0.553503717333106,"localGP"
"14224",58,5,6,5,19.3202384321572,86.9756652326962,"Rough","Max. Reward Condition",40,"4",5,1,62,460,"Long",0.0934943777447475,0.607208391635266,NA,0.553503717333106,"localGP"
"14225",58,6,7,5,32.4689598978585,86.9756652326962,"Rough","Max. Reward Condition",40,"4",5,1,63,460,"Long",0.0934943777447475,0.607208391635266,NA,0.553503717333106,"localGP"
"14226",58,7,7,4,41.506316602299,86.9756652326962,"Rough","Max. Reward Condition",40,"4",5,1,52,460,"Long",0.0934943777447475,0.607208391635266,NA,0.553503717333106,"localGP"
"14227",58,8,8,5,25.922745926598,86.9756652326962,"Rough","Max. Reward Condition",40,"4",5,1,64,460,"Long",0.0934943777447475,0.607208391635266,NA,0.553503717333106,"localGP"
"14228",58,9,8,6,91.4722545331952,91.4722545331952,"Rough","Max. Reward Condition",40,"4",5,1,75,460,"Long",0.0934943777447475,0.607208391635266,NA,0.553503717333106,"localGP"
"14229",58,10,9,6,62.6880904214702,91.4722545331952,"Rough","Max. Reward Condition",40,"4",5,1,76,460,"Long",0.0934943777447475,0.607208391635266,NA,0.553503717333106,"localGP"
"14230",58,11,9,7,82.2639339178051,91.4722545331952,"Rough","Max. Reward Condition",40,"4",5,1,87,460,"Long",0.0934943777447475,0.607208391635266,NA,0.553503717333106,"localGP"
"14231",58,12,8,7,100,100,"Rough","Max. Reward Condition",40,"4",5,1,86,460,"Long",0.0934943777447475,0.607208391635266,NA,0.553503717333106,"localGP"
"14232",58,13,7,7,68.4962011684434,100,"Rough","Max. Reward Condition",40,"4",5,1,85,460,"Long",0.0934943777447475,0.607208391635266,NA,0.553503717333106,"localGP"
"14233",58,14,5,3,47.725265337293,100,"Rough","Max. Reward Condition",40,"4",5,1,39,460,"Long",0.0934943777447475,0.607208391635266,NA,0.553503717333106,"localGP"
"14234",58,15,6,3,31.2645262268698,100,"Rough","Max. Reward Condition",40,"4",5,1,40,460,"Long",0.0934943777447475,0.607208391635266,NA,0.553503717333106,"localGP"
"14235",58,16,4,6,22.9832733100999,100,"Rough","Max. Reward Condition",40,"4",5,1,71,460,"Long",0.0934943777447475,0.607208391635266,NA,0.553503717333106,"localGP"
"14236",58,17,5,6,48.862030975187,100,"Rough","Max. Reward Condition",40,"4",5,1,72,460,"Long",0.0934943777447475,0.607208391635266,NA,0.553503717333106,"localGP"
"14237",58,18,5,5,35.9893886726837,100,"Rough","Max. Reward Condition",40,"4",5,2,61,460,"Long",0.0934943777447475,0.607208391635266,NA,0.553503717333106,"localGP"
"14238",58,19,5,4,54.3126092330093,100,"Rough","Max. Reward Condition",40,"4",5,1,50,460,"Long",0.0934943777447475,0.607208391635266,NA,0.553503717333106,"localGP"
"14239",58,20,4,4,22.6938996654939,100,"Rough","Max. Reward Condition",40,"4",5,1,49,460,"Long",0.0934943777447475,0.607208391635266,NA,0.553503717333106,"localGP"
"14240",58,21,5,10,80.0382640749474,100,"Rough","Max. Reward Condition",40,"4",5,1,116,460,"Long",0.0934943777447475,0.607208391635266,NA,0.553503717333106,"localGP"
"14241",58,22,10,5,64.2061057653187,100,"Rough","Max. Reward Condition",40,"4",5,3,66,460,"Long",0.0934943777447475,0.607208391635266,NA,0.553503717333106,"localGP"
"14242",58,23,10,6,82.4387014347711,100,"Rough","Max. Reward Condition",40,"4",5,1,77,460,"Long",0.0934943777447475,0.607208391635266,NA,0.553503717333106,"localGP"
"14243",58,24,10,7,69.0054960754502,100,"Rough","Max. Reward Condition",40,"4",5,1,88,460,"Long",0.0934943777447475,0.607208391635266,NA,0.553503717333106,"localGP"
"14244",58,25,10,8,69.5510436536212,100,"Rough","Max. Reward Condition",40,"4",5,1,99,460,"Long",0.0934943777447475,0.607208391635266,NA,0.553503717333106,"localGP"
"14245",58,26,10,9,41.8320807113766,100,"Rough","Max. Reward Condition",40,"4",5,0,110,460,"Long",0.0934943777447475,0.607208391635266,NA,0.553503717333106,"localGP"
"14246",58,27,8,6,91.4722545331952,100,"Rough","Max. Reward Condition",40,"4",5,2,75,460,"Long",0.0934943777447475,0.607208391635266,NA,0.553503717333106,"localGP"
"14247",58,28,8,7,100,100,"Rough","Max. Reward Condition",40,"4",5,1,86,460,"Long",0.0934943777447475,0.607208391635266,NA,0.553503717333106,"localGP"
"14248",58,29,8,7,100,100,"Rough","Max. Reward Condition",40,"4",5,2,86,460,"Long",0.0934943777447475,0.607208391635266,NA,0.553503717333106,"localGP"
"14249",58,30,8,7,100,100,"Rough","Max. Reward Condition",40,"4",5,1,86,460,"Long",0.0934943777447475,0.607208391635266,NA,0.553503717333106,"localGP"
"14250",58,31,8,8,82.5602297507619,100,"Rough","Max. Reward Condition",40,"4",5,11,97,460,"Long",0.0934943777447475,0.607208391635266,NA,0.553503717333106,"localGP"
"14251",58,32,8,0,96.125082157983,100,"Rough","Max. Reward Condition",40,"4",5,1,9,460,"Long",0.0934943777447475,0.607208391635266,NA,0.553503717333106,"localGP"
"14252",58,33,9,0,92.5470885084956,100,"Rough","Max. Reward Condition",40,"4",5,1,10,460,"Long",0.0934943777447475,0.607208391635266,NA,0.553503717333106,"localGP"
"14253",58,34,9,1,68.5223309875422,100,"Rough","Max. Reward Condition",40,"4",5,1,21,460,"Long",0.0934943777447475,0.607208391635266,NA,0.553503717333106,"localGP"
"14254",58,35,8,1,86.7518912658619,100,"Rough","Max. Reward Condition",40,"4",5,3,20,460,"Long",0.0934943777447475,0.607208391635266,NA,0.553503717333106,"localGP"
"14255",58,36,8,2,68.5610945075531,100,"Rough","Max. Reward Condition",40,"4",5,1,31,460,"Long",0.0934943777447475,0.607208391635266,NA,0.553503717333106,"localGP"
"14256",58,37,8,3,73.4939072834287,100,"Rough","Max. Reward Condition",40,"4",5,1,42,460,"Long",0.0934943777447475,0.607208391635266,NA,0.553503717333106,"localGP"
"14257",58,38,0,4,49.9176816085481,100,"Rough","Max. Reward Condition",40,"4",5,1,45,460,"Long",0.0934943777447475,0.607208391635266,NA,0.553503717333106,"localGP"
"14258",58,39,1,4,44.9843227342746,100,"Rough","Max. Reward Condition",40,"4",5,1,46,460,"Long",0.0934943777447475,0.607208391635266,NA,0.553503717333106,"localGP"
"14259",58,40,8,9,65.659951662905,100,"Rough","Max. Reward Condition",40,"4",5,1,108,460,"Long",0.0934943777447475,0.607208391635266,NA,0.553503717333106,"localGP"
"14260",58,41,7,1,81.9911885215714,100,"Rough","Max. Reward Condition",40,"4",5,2,19,460,"Long",0.0934943777447475,0.607208391635266,NA,0.553503717333106,"localGP"
"14261",58,1,5,7,35.7264911415369,35.7264911415369,"Rough","Max. Reward Condition",20,"5",8,NA,83,461,"Short",0.0887466342889877,0.626444325039345,NA,0.534675385505161,"localGP"
"14262",58,2,5,8,45.4136649367735,45.4136649367735,"Rough","Max. Reward Condition",20,"5",8,1,94,461,"Short",0.0887466342889877,0.626444325039345,NA,0.534675385505161,"localGP"
"14263",58,3,5,9,44.3361493266823,45.4136649367735,"Rough","Max. Reward Condition",20,"5",8,1,105,461,"Short",0.0887466342889877,0.626444325039345,NA,0.534675385505161,"localGP"
"14264",58,4,4,9,45.6417969596103,45.6417969596103,"Rough","Max. Reward Condition",20,"5",8,1,104,461,"Short",0.0887466342889877,0.626444325039345,NA,0.534675385505161,"localGP"
"14265",58,5,3,7,79.3800074226317,79.3800074226317,"Rough","Max. Reward Condition",20,"5",8,2,81,461,"Short",0.0887466342889877,0.626444325039345,NA,0.534675385505161,"localGP"
"14266",58,6,2,4,66.8505188208105,79.3800074226317,"Rough","Max. Reward Condition",20,"5",8,3,47,461,"Short",0.0887466342889877,0.626444325039345,NA,0.534675385505161,"localGP"
"14267",58,7,1,4,55.5969206133783,79.3800074226317,"Rough","Max. Reward Condition",20,"5",8,2,46,461,"Short",0.0887466342889877,0.626444325039345,NA,0.534675385505161,"localGP"
"14268",58,8,1,3,30.8979610069097,79.3800074226317,"Rough","Max. Reward Condition",20,"5",8,1,35,461,"Short",0.0887466342889877,0.626444325039345,NA,0.534675385505161,"localGP"
"14269",58,9,1,2,51.3385212336399,79.3800074226317,"Rough","Max. Reward Condition",20,"5",8,1,24,461,"Short",0.0887466342889877,0.626444325039345,NA,0.534675385505161,"localGP"
"14270",58,10,0,2,36.0637010663972,79.3800074226317,"Rough","Max. Reward Condition",20,"5",8,1,23,461,"Short",0.0887466342889877,0.626444325039345,NA,0.534675385505161,"localGP"
"14271",58,11,2,2,48.0793702112335,79.3800074226317,"Rough","Max. Reward Condition",20,"5",8,1,25,461,"Short",0.0887466342889877,0.626444325039345,NA,0.534675385505161,"localGP"
"14272",58,12,1,1,43.0875243946016,79.3800074226317,"Rough","Max. Reward Condition",20,"5",8,2,13,461,"Short",0.0887466342889877,0.626444325039345,NA,0.534675385505161,"localGP"
"14273",58,13,1,0,27.8861757237678,79.3800074226317,"Rough","Max. Reward Condition",20,"5",8,1,2,461,"Short",0.0887466342889877,0.626444325039345,NA,0.534675385505161,"localGP"
"14274",58,14,9,3,83.0323065830004,83.0323065830004,"Rough","Max. Reward Condition",20,"5",8,1,43,461,"Short",0.0887466342889877,0.626444325039345,NA,0.534675385505161,"localGP"
"14275",58,15,9,4,91.0101706017793,91.0101706017793,"Rough","Max. Reward Condition",20,"5",8,1,54,461,"Short",0.0887466342889877,0.626444325039345,NA,0.534675385505161,"localGP"
"14276",58,16,8,4,60.2211526419582,91.0101706017793,"Rough","Max. Reward Condition",20,"5",8,1,53,461,"Short",0.0887466342889877,0.626444325039345,NA,0.534675385505161,"localGP"
"14277",58,17,7,4,51.6827805309329,91.0101706017793,"Rough","Max. Reward Condition",20,"5",8,9,52,461,"Short",0.0887466342889877,0.626444325039345,NA,0.534675385505161,"localGP"
"14278",58,18,7,5,62.0812481900124,91.0101706017793,"Rough","Max. Reward Condition",20,"5",8,15,63,461,"Short",0.0887466342889877,0.626444325039345,NA,0.534675385505161,"localGP"
"14279",58,19,6,5,20.2602754347386,91.0101706017793,"Rough","Max. Reward Condition",20,"5",8,9,62,461,"Short",0.0887466342889877,0.626444325039345,NA,0.534675385505161,"localGP"
"14280",58,20,5,5,30.4344249743654,91.0101706017793,"Rough","Max. Reward Condition",20,"5",8,8,61,461,"Short",0.0887466342889877,0.626444325039345,NA,0.534675385505161,"localGP"
"14281",58,21,4,7,87.7929185379322,91.0101706017793,"Rough","Max. Reward Condition",20,"5",8,1,82,461,"Short",0.0887466342889877,0.626444325039345,NA,0.534675385505161,"localGP"
"14282",58,1,3,2,23.6908296972781,23.6908296972781,"Rough","Max. Reward Condition",40,"6",17,NA,26,462,"Long",16.6981533507464,0.185647377858045,NA,134.761827664318,"localGP"
"14283",58,2,3,1,43.1791147725399,43.1791147725399,"Rough","Max. Reward Condition",40,"6",17,12,15,462,"Long",16.6981533507464,0.185647377858045,NA,134.761827664318,"localGP"
"14284",58,3,7,2,75.4767861169897,75.4767861169897,"Rough","Max. Reward Condition",40,"6",17,10,30,462,"Long",16.6981533507464,0.185647377858045,NA,134.761827664318,"localGP"
"14285",58,4,7,3,55.1490469076326,75.4767861169897,"Rough","Max. Reward Condition",40,"6",17,9,41,462,"Long",16.6981533507464,0.185647377858045,NA,134.761827664318,"localGP"
"14286",58,5,7,4,42.6028889590444,75.4767861169897,"Rough","Max. Reward Condition",40,"6",17,2,52,462,"Long",16.6981533507464,0.185647377858045,NA,134.761827664318,"localGP"
"14287",58,6,8,4,25.5290036062029,75.4767861169897,"Rough","Max. Reward Condition",40,"6",17,17,53,462,"Long",16.6981533507464,0.185647377858045,NA,134.761827664318,"localGP"
"14288",58,7,8,3,41.0422069840065,75.4767861169897,"Rough","Max. Reward Condition",40,"6",17,1,42,462,"Long",16.6981533507464,0.185647377858045,NA,134.761827664318,"localGP"
"14289",58,8,9,3,46.6566969511363,75.4767861169897,"Rough","Max. Reward Condition",40,"6",17,1,43,462,"Long",16.6981533507464,0.185647377858045,NA,134.761827664318,"localGP"
"14290",58,9,3,4,81.7432518785976,81.7432518785976,"Rough","Max. Reward Condition",40,"6",17,1,48,462,"Long",16.6981533507464,0.185647377858045,NA,134.761827664318,"localGP"
"14291",58,10,3,3,36.5733542977154,81.7432518785976,"Rough","Max. Reward Condition",40,"6",17,1,37,462,"Long",16.6981533507464,0.185647377858045,NA,134.761827664318,"localGP"
"14292",58,11,2,3,51.4694994418352,81.7432518785976,"Rough","Max. Reward Condition",40,"6",17,1,36,462,"Long",16.6981533507464,0.185647377858045,NA,134.761827664318,"localGP"
"14293",58,12,1,3,74.4820518548536,81.7432518785976,"Rough","Max. Reward Condition",40,"6",17,1,35,462,"Long",16.6981533507464,0.185647377858045,NA,134.761827664318,"localGP"
"14294",58,13,1,2,37.0468880357367,81.7432518785976,"Rough","Max. Reward Condition",40,"6",17,1,24,462,"Long",16.6981533507464,0.185647377858045,NA,134.761827664318,"localGP"
"14295",58,14,2,2,22.1855612210246,81.7432518785976,"Rough","Max. Reward Condition",40,"6",17,1,25,462,"Long",16.6981533507464,0.185647377858045,NA,134.761827664318,"localGP"
"14296",58,15,3,5,100,100,"Rough","Max. Reward Condition",40,"6",17,1,59,462,"Long",16.6981533507464,0.185647377858045,NA,134.761827664318,"localGP"
"14297",58,16,4,5,82.6609311486781,100,"Rough","Max. Reward Condition",40,"6",17,3,60,462,"Long",16.6981533507464,0.185647377858045,NA,134.761827664318,"localGP"
"14298",58,17,2,6,67.9735102315088,100,"Rough","Max. Reward Condition",40,"6",17,1,69,462,"Long",16.6981533507464,0.185647377858045,NA,134.761827664318,"localGP"
"14299",58,18,2,7,55.9761738528466,100,"Rough","Max. Reward Condition",40,"6",17,1,80,462,"Long",16.6981533507464,0.185647377858045,NA,134.761827664318,"localGP"
"14300",58,19,3,7,48.1203452766967,100,"Rough","Max. Reward Condition",40,"6",17,1,81,462,"Long",16.6981533507464,0.185647377858045,NA,134.761827664318,"localGP"
"14301",58,20,3,8,42.84962574602,100,"Rough","Max. Reward Condition",40,"6",17,0,92,462,"Long",16.6981533507464,0.185647377858045,NA,134.761827664318,"localGP"
"14302",58,21,7,6,12.2076105281821,100,"Rough","Max. Reward Condition",40,"6",17,1,74,462,"Long",16.6981533507464,0.185647377858045,NA,134.761827664318,"localGP"
"14303",58,22,7,5,24.4140130068995,100,"Rough","Max. Reward Condition",40,"6",17,8,63,462,"Long",16.6981533507464,0.185647377858045,NA,134.761827664318,"localGP"
"14304",58,23,8,5,20.7172540891827,100,"Rough","Max. Reward Condition",40,"6",17,14,64,462,"Long",16.6981533507464,0.185647377858045,NA,134.761827664318,"localGP"
"14305",58,24,6,5,17.9186730443507,100,"Rough","Max. Reward Condition",40,"6",17,3,62,462,"Long",16.6981533507464,0.185647377858045,NA,134.761827664318,"localGP"
"14306",58,25,7,4,42.6028889590444,100,"Rough","Max. Reward Condition",40,"6",17,2,52,462,"Long",16.6981533507464,0.185647377858045,NA,134.761827664318,"localGP"
"14307",58,26,9,7,72.9342168010689,100,"Rough","Max. Reward Condition",40,"6",17,1,87,462,"Long",16.6981533507464,0.185647377858045,NA,134.761827664318,"localGP"
"14308",58,27,9,6,69.0496352033319,100,"Rough","Max. Reward Condition",40,"6",17,1,76,462,"Long",16.6981533507464,0.185647377858045,NA,134.761827664318,"localGP"
"14309",58,28,10,6,67.2792889568495,100,"Rough","Max. Reward Condition",40,"6",17,1,77,462,"Long",16.6981533507464,0.185647377858045,NA,134.761827664318,"localGP"
"14310",58,29,10,5,66.9387480102746,100,"Rough","Max. Reward Condition",40,"6",17,3,66,462,"Long",16.6981533507464,0.185647377858045,NA,134.761827664318,"localGP"
"14311",58,30,10,4,60.9323536427728,100,"Rough","Max. Reward Condition",40,"6",17,2,55,462,"Long",16.6981533507464,0.185647377858045,NA,134.761827664318,"localGP"
"14312",58,31,7,7,11.3951436464022,100,"Rough","Max. Reward Condition",40,"6",17,1,85,462,"Long",16.6981533507464,0.185647377858045,NA,134.761827664318,"localGP"
"14313",58,32,6,7,9.51682316943717,100,"Rough","Max. Reward Condition",40,"6",17,2,84,462,"Long",16.6981533507464,0.185647377858045,NA,134.761827664318,"localGP"
"14314",58,33,6,8,0,100,"Rough","Max. Reward Condition",40,"6",17,2,95,462,"Long",16.6981533507464,0.185647377858045,NA,134.761827664318,"localGP"
"14315",58,34,7,8,22.0278987459419,100,"Rough","Max. Reward Condition",40,"6",17,2,96,462,"Long",16.6981533507464,0.185647377858045,NA,134.761827664318,"localGP"
"14316",58,35,8,8,48.6209458913059,100,"Rough","Max. Reward Condition",40,"6",17,1,97,462,"Long",16.6981533507464,0.185647377858045,NA,134.761827664318,"localGP"
"14317",58,36,9,8,75.2770769943809,100,"Rough","Max. Reward Condition",40,"6",17,2,98,462,"Long",16.6981533507464,0.185647377858045,NA,134.761827664318,"localGP"
"14318",58,37,9,10,51.9374709842096,100,"Rough","Max. Reward Condition",40,"6",17,1,120,462,"Long",16.6981533507464,0.185647377858045,NA,134.761827664318,"localGP"
"14319",58,38,9,9,82.3610633531152,100,"Rough","Max. Reward Condition",40,"6",17,3,109,462,"Long",16.6981533507464,0.185647377858045,NA,134.761827664318,"localGP"
"14320",58,39,10,10,65.1732478778687,100,"Rough","Max. Reward Condition",40,"6",17,1,121,462,"Long",16.6981533507464,0.185647377858045,NA,134.761827664318,"localGP"
"14321",58,40,4,10,42.5458481354348,100,"Rough","Max. Reward Condition",40,"6",17,5,115,462,"Long",16.6981533507464,0.185647377858045,NA,134.761827664318,"localGP"
"14322",58,41,5,10,36.7071587772784,100,"Rough","Max. Reward Condition",40,"6",17,1,116,462,"Long",16.6981533507464,0.185647377858045,NA,134.761827664318,"localGP"
"14323",58,1,7,1,25.7013105457165,25.7013105457165,"Rough","Max. Reward Condition",20,"7",19,NA,19,463,"Short",0.10083896801666,0.609933630742464,NA,0.563484438323915,"localGP"
"14324",58,2,6,1,23.0167211034026,25.7013105457165,"Rough","Max. Reward Condition",20,"7",19,7,18,463,"Short",0.10083896801666,0.609933630742464,NA,0.563484438323915,"localGP"
"14325",58,3,6,0,27.3009941701534,27.3009941701534,"Rough","Max. Reward Condition",20,"7",19,10,7,463,"Short",0.10083896801666,0.609933630742464,NA,0.563484438323915,"localGP"
"14326",58,4,7,0,32.5263699322904,32.5263699322904,"Rough","Max. Reward Condition",20,"7",19,1,8,463,"Short",0.10083896801666,0.609933630742464,NA,0.563484438323915,"localGP"
"14327",58,5,4,6,66.9336804964909,66.9336804964909,"Rough","Max. Reward Condition",20,"7",19,1,71,463,"Short",0.10083896801666,0.609933630742464,NA,0.563484438323915,"localGP"
"14328",58,6,5,6,67.4863424571412,67.4863424571412,"Rough","Max. Reward Condition",20,"7",19,1,72,463,"Short",0.10083896801666,0.609933630742464,NA,0.563484438323915,"localGP"
"14329",58,7,3,4,21.941962898439,67.4863424571412,"Rough","Max. Reward Condition",20,"7",19,3,48,463,"Short",0.10083896801666,0.609933630742464,NA,0.563484438323915,"localGP"
"14330",58,8,3,5,23.8004967817919,67.4863424571412,"Rough","Max. Reward Condition",20,"7",19,1,59,463,"Short",0.10083896801666,0.609933630742464,NA,0.563484438323915,"localGP"
"14331",58,9,2,4,21.3736470887722,67.4863424571412,"Rough","Max. Reward Condition",20,"7",19,1,47,463,"Short",0.10083896801666,0.609933630742464,NA,0.563484438323915,"localGP"
"14332",58,10,9,5,25.1177423961982,67.4863424571412,"Rough","Max. Reward Condition",20,"7",19,16,65,463,"Short",0.10083896801666,0.609933630742464,NA,0.563484438323915,"localGP"
"14333",58,11,10,5,37.3660974523946,67.4863424571412,"Rough","Max. Reward Condition",20,"7",19,1,66,463,"Short",0.10083896801666,0.609933630742464,NA,0.563484438323915,"localGP"
"14334",58,12,10,6,47.880592856799,67.4863424571412,"Rough","Max. Reward Condition",20,"7",19,1,77,463,"Short",0.10083896801666,0.609933630742464,NA,0.563484438323915,"localGP"
"14335",58,13,2,1,73.5415165064452,73.5415165064452,"Rough","Max. Reward Condition",20,"7",19,1,14,463,"Short",0.10083896801666,0.609933630742464,NA,0.563484438323915,"localGP"
"14336",58,14,2,3,64.1450860861758,73.5415165064452,"Rough","Max. Reward Condition",20,"7",19,1,36,463,"Short",0.10083896801666,0.609933630742464,NA,0.563484438323915,"localGP"
"14337",58,15,2,2,85.7983244921108,85.7983244921108,"Rough","Max. Reward Condition",20,"7",19,1,25,463,"Short",0.10083896801666,0.609933630742464,NA,0.563484438323915,"localGP"
"14338",58,16,2,2,85.7983244921108,85.7983244921108,"Rough","Max. Reward Condition",20,"7",19,1,25,463,"Short",0.10083896801666,0.609933630742464,NA,0.563484438323915,"localGP"
"14339",58,17,3,2,41.5227672023987,85.7983244921108,"Rough","Max. Reward Condition",20,"7",19,1,26,463,"Short",0.10083896801666,0.609933630742464,NA,0.563484438323915,"localGP"
"14340",58,18,3,0,41.1602043670531,85.7983244921108,"Rough","Max. Reward Condition",20,"7",19,1,4,463,"Short",0.10083896801666,0.609933630742464,NA,0.563484438323915,"localGP"
"14341",58,19,2,0,58.6183750190208,85.7983244921108,"Rough","Max. Reward Condition",20,"7",19,1,3,463,"Short",0.10083896801666,0.609933630742464,NA,0.563484438323915,"localGP"
"14342",58,20,4,9,36.8213901880563,85.7983244921108,"Rough","Max. Reward Condition",20,"7",19,2,104,463,"Short",0.10083896801666,0.609933630742464,NA,0.563484438323915,"localGP"
"14343",58,21,3,8,28.3036834129197,85.7983244921108,"Rough","Max. Reward Condition",20,"7",19,1,92,463,"Short",0.10083896801666,0.609933630742464,NA,0.563484438323915,"localGP"
"14344",58,1,9,9,62.7122285843456,62.7122285843456,"Rough","Max. Reward Condition",40,"8",13,NA,109,464,"Long",0.0923362333787978,0.557047510549326,NA,0.566668056150488,"localGP"
"14345",58,2,9,10,60.7749452676807,62.7122285843456,"Rough","Max. Reward Condition",40,"8",13,15,120,464,"Long",0.0923362333787978,0.557047510549326,NA,0.566668056150488,"localGP"
"14346",58,3,10,10,64.51081568663,64.51081568663,"Rough","Max. Reward Condition",40,"8",13,2,121,464,"Long",0.0923362333787978,0.557047510549326,NA,0.566668056150488,"localGP"
"14347",58,4,10,9,78.2027912905164,78.2027912905164,"Rough","Max. Reward Condition",40,"8",13,8,110,464,"Long",0.0923362333787978,0.557047510549326,NA,0.566668056150488,"localGP"
"14348",58,5,10,8,70.6098250573604,78.2027912905164,"Rough","Max. Reward Condition",40,"8",13,10,99,464,"Long",0.0923362333787978,0.557047510549326,NA,0.566668056150488,"localGP"
"14349",58,6,10,7,43.7318226156506,78.2027912905164,"Rough","Max. Reward Condition",40,"8",13,10,88,464,"Long",0.0923362333787978,0.557047510549326,NA,0.566668056150488,"localGP"
"14350",58,7,9,6,20.0963903815858,78.2027912905164,"Rough","Max. Reward Condition",40,"8",13,1,76,464,"Long",0.0923362333787978,0.557047510549326,NA,0.566668056150488,"localGP"
"14351",58,8,7,6,59.1670306987151,78.2027912905164,"Rough","Max. Reward Condition",40,"8",13,1,74,464,"Long",0.0923362333787978,0.557047510549326,NA,0.566668056150488,"localGP"
"14352",58,9,7,7,65.4024008297737,78.2027912905164,"Rough","Max. Reward Condition",40,"8",13,1,85,464,"Long",0.0923362333787978,0.557047510549326,NA,0.566668056150488,"localGP"
"14353",58,10,7,8,30.3880367689593,78.2027912905164,"Rough","Max. Reward Condition",40,"8",13,1,96,464,"Long",0.0923362333787978,0.557047510549326,NA,0.566668056150488,"localGP"
"14354",58,11,9,8,52.3170386231255,78.2027912905164,"Rough","Max. Reward Condition",40,"8",13,1,98,464,"Long",0.0923362333787978,0.557047510549326,NA,0.566668056150488,"localGP"
"14355",58,12,3,3,80.5615551663229,80.5615551663229,"Rough","Max. Reward Condition",40,"8",13,4,37,464,"Long",0.0923362333787978,0.557047510549326,NA,0.566668056150488,"localGP"
"14356",58,13,3,4,69.0645761763699,80.5615551663229,"Rough","Max. Reward Condition",40,"8",13,1,48,464,"Long",0.0923362333787978,0.557047510549326,NA,0.566668056150488,"localGP"
"14357",58,14,0,7,62.0907443594714,80.5615551663229,"Rough","Max. Reward Condition",40,"8",13,1,78,464,"Long",0.0923362333787978,0.557047510549326,NA,0.566668056150488,"localGP"
"14358",58,15,0,8,65.1846207072106,80.5615551663229,"Rough","Max. Reward Condition",40,"8",13,6,89,464,"Long",0.0923362333787978,0.557047510549326,NA,0.566668056150488,"localGP"
"14359",58,16,1,8,49.5943667659217,80.5615551663229,"Rough","Max. Reward Condition",40,"8",13,2,90,464,"Long",0.0923362333787978,0.557047510549326,NA,0.566668056150488,"localGP"
"14360",58,17,8,0,39.1668824511725,80.5615551663229,"Rough","Max. Reward Condition",40,"8",13,1,9,464,"Long",0.0923362333787978,0.557047510549326,NA,0.566668056150488,"localGP"
"14361",58,18,8,1,40.1033986833103,80.5615551663229,"Rough","Max. Reward Condition",40,"8",13,1,20,464,"Long",0.0923362333787978,0.557047510549326,NA,0.566668056150488,"localGP"
"14362",58,19,10,7,43.7318226156506,80.5615551663229,"Rough","Max. Reward Condition",40,"8",13,1,88,464,"Long",0.0923362333787978,0.557047510549326,NA,0.566668056150488,"localGP"
"14363",58,20,9,7,38.2481492101488,80.5615551663229,"Rough","Max. Reward Condition",40,"8",13,1,87,464,"Long",0.0923362333787978,0.557047510549326,NA,0.566668056150488,"localGP"
"14364",58,21,10,2,58.403808913581,80.5615551663229,"Rough","Max. Reward Condition",40,"8",13,1,33,464,"Long",0.0923362333787978,0.557047510549326,NA,0.566668056150488,"localGP"
"14365",58,22,7,9,8.80347395519033,80.5615551663229,"Rough","Max. Reward Condition",40,"8",13,7,107,464,"Long",0.0923362333787978,0.557047510549326,NA,0.566668056150488,"localGP"
"14366",58,23,6,9,20.5227228082924,80.5615551663229,"Rough","Max. Reward Condition",40,"8",13,2,106,464,"Long",0.0923362333787978,0.557047510549326,NA,0.566668056150488,"localGP"
"14367",58,24,5,9,27.5584141998454,80.5615551663229,"Rough","Max. Reward Condition",40,"8",13,1,105,464,"Long",0.0923362333787978,0.557047510549326,NA,0.566668056150488,"localGP"
"14368",58,25,5,8,17.7476651044899,80.5615551663229,"Rough","Max. Reward Condition",40,"8",13,1,94,464,"Long",0.0923362333787978,0.557047510549326,NA,0.566668056150488,"localGP"
"14369",58,26,5,7,44.9495290274255,80.5615551663229,"Rough","Max. Reward Condition",40,"8",13,4,83,464,"Long",0.0923362333787978,0.557047510549326,NA,0.566668056150488,"localGP"
"14370",58,27,4,7,25.3361076780515,80.5615551663229,"Rough","Max. Reward Condition",40,"8",13,1,82,464,"Long",0.0923362333787978,0.557047510549326,NA,0.566668056150488,"localGP"
"14371",58,28,0,1,47.5057536535345,80.5615551663229,"Rough","Max. Reward Condition",40,"8",13,1,12,464,"Long",0.0923362333787978,0.557047510549326,NA,0.566668056150488,"localGP"
"14372",58,29,0,0,69.6664055105251,80.5615551663229,"Rough","Max. Reward Condition",40,"8",13,1,1,464,"Long",0.0923362333787978,0.557047510549326,NA,0.566668056150488,"localGP"
"14373",58,30,1,0,62.1042117184929,80.5615551663229,"Rough","Max. Reward Condition",40,"8",13,2,2,464,"Long",0.0923362333787978,0.557047510549326,NA,0.566668056150488,"localGP"
"14374",58,31,1,1,60.4080576029201,80.5615551663229,"Rough","Max. Reward Condition",40,"8",13,1,13,464,"Long",0.0923362333787978,0.557047510549326,NA,0.566668056150488,"localGP"
"14375",58,32,1,2,38.3504915671492,80.5615551663229,"Rough","Max. Reward Condition",40,"8",13,2,24,464,"Long",0.0923362333787978,0.557047510549326,NA,0.566668056150488,"localGP"
"14376",58,33,1,3,24.1058601457034,80.5615551663229,"Rough","Max. Reward Condition",40,"8",13,1,35,464,"Long",0.0923362333787978,0.557047510549326,NA,0.566668056150488,"localGP"
"14377",58,34,2,3,88.3048631958372,88.3048631958372,"Rough","Max. Reward Condition",40,"8",13,3,36,464,"Long",0.0923362333787978,0.557047510549326,NA,0.566668056150488,"localGP"
"14378",58,35,2,4,86.7630388184153,88.3048631958372,"Rough","Max. Reward Condition",40,"8",13,1,47,464,"Long",0.0923362333787978,0.557047510549326,NA,0.566668056150488,"localGP"
"14379",58,36,1,4,57.8821067127826,88.3048631958372,"Rough","Max. Reward Condition",40,"8",13,5,46,464,"Long",0.0923362333787978,0.557047510549326,NA,0.566668056150488,"localGP"
"14380",58,37,0,4,32.731169027758,88.3048631958372,"Rough","Max. Reward Condition",40,"8",13,1,45,464,"Long",0.0923362333787978,0.557047510549326,NA,0.566668056150488,"localGP"
"14381",58,38,6,0,42.2635733296854,88.3048631958372,"Rough","Max. Reward Condition",40,"8",13,1,7,464,"Long",0.0923362333787978,0.557047510549326,NA,0.566668056150488,"localGP"
"14382",58,39,5,0,64.1419179337713,88.3048631958372,"Rough","Max. Reward Condition",40,"8",13,1,6,464,"Long",0.0923362333787978,0.557047510549326,NA,0.566668056150488,"localGP"
"14383",58,40,5,1,30.9871614244868,88.3048631958372,"Rough","Max. Reward Condition",40,"8",13,3,17,464,"Long",0.0923362333787978,0.557047510549326,NA,0.566668056150488,"localGP"
"14384",58,41,4,1,46.8486236737456,88.3048631958372,"Rough","Max. Reward Condition",40,"8",13,1,16,464,"Long",0.0923362333787978,0.557047510549326,NA,0.566668056150488,"localGP"
"14385",59,1,5,6,17.4640278220834,17.4640278220834,"Rough","Max. Reward Condition",40,"1",6,NA,72,465,"Long",0.0615013755570375,0.678498822722183,NA,0.29433651985146,"localGP"
"14386",59,2,6,7,25.9195869145275,25.9195869145275,"Rough","Max. Reward Condition",40,"1",6,0,84,465,"Long",0.0615013755570375,0.678498822722183,NA,0.29433651985146,"localGP"
"14387",59,3,4,8,46.9524514765954,46.9524514765954,"Rough","Max. Reward Condition",40,"1",6,1,93,465,"Long",0.0615013755570375,0.678498822722183,NA,0.29433651985146,"localGP"
"14388",59,4,10,10,61.5766654698321,61.5766654698321,"Rough","Max. Reward Condition",40,"1",6,1,121,465,"Long",0.0615013755570375,0.678498822722183,NA,0.29433651985146,"localGP"
"14389",59,5,9,10,34.3418785557881,61.5766654698321,"Rough","Max. Reward Condition",40,"1",6,1,120,465,"Long",0.0615013755570375,0.678498822722183,NA,0.29433651985146,"localGP"
"14390",59,6,9,9,83.6268655538995,83.6268655538995,"Rough","Max. Reward Condition",40,"1",6,1,109,465,"Long",0.0615013755570375,0.678498822722183,NA,0.29433651985146,"localGP"
"14391",59,7,10,9,86.1457429128577,86.1457429128577,"Rough","Max. Reward Condition",40,"1",6,1,110,465,"Long",0.0615013755570375,0.678498822722183,NA,0.29433651985146,"localGP"
"14392",59,8,9,9,83.6268655538995,86.1457429128577,"Rough","Max. Reward Condition",40,"1",6,1,109,465,"Long",0.0615013755570375,0.678498822722183,NA,0.29433651985146,"localGP"
"14393",59,9,9,8,81.6907585501877,86.1457429128577,"Rough","Max. Reward Condition",40,"1",6,1,98,465,"Long",0.0615013755570375,0.678498822722183,NA,0.29433651985146,"localGP"
"14394",59,10,10,8,49.0427197755467,86.1457429128577,"Rough","Max. Reward Condition",40,"1",6,1,99,465,"Long",0.0615013755570375,0.678498822722183,NA,0.29433651985146,"localGP"
"14395",59,11,5,5,11.8133453526905,86.1457429128577,"Rough","Max. Reward Condition",40,"1",6,1,61,465,"Long",0.0615013755570375,0.678498822722183,NA,0.29433651985146,"localGP"
"14396",59,12,8,7,50.5413361109473,86.1457429128577,"Rough","Max. Reward Condition",40,"1",6,1,86,465,"Long",0.0615013755570375,0.678498822722183,NA,0.29433651985146,"localGP"
"14397",59,13,9,7,52.0950905321092,86.1457429128577,"Rough","Max. Reward Condition",40,"1",6,2,87,465,"Long",0.0615013755570375,0.678498822722183,NA,0.29433651985146,"localGP"
"14398",59,14,9,5,16.2842425403002,86.1457429128577,"Rough","Max. Reward Condition",40,"1",6,1,65,465,"Long",0.0615013755570375,0.678498822722183,NA,0.29433651985146,"localGP"
"14399",59,15,0,6,46.0544782889019,86.1457429128577,"Rough","Max. Reward Condition",40,"1",6,2,67,465,"Long",0.0615013755570375,0.678498822722183,NA,0.29433651985146,"localGP"
"14400",59,16,0,7,56.7102070439247,86.1457429128577,"Rough","Max. Reward Condition",40,"1",6,2,78,465,"Long",0.0615013755570375,0.678498822722183,NA,0.29433651985146,"localGP"
"14401",59,17,1,7,34.3269334073576,86.1457429128577,"Rough","Max. Reward Condition",40,"1",6,1,79,465,"Long",0.0615013755570375,0.678498822722183,NA,0.29433651985146,"localGP"
"14402",59,18,2,7,22.5684927641823,86.1457429128577,"Rough","Max. Reward Condition",40,"1",6,2,80,465,"Long",0.0615013755570375,0.678498822722183,NA,0.29433651985146,"localGP"
"14403",59,19,2,9,26.1687678921862,86.1457429128577,"Rough","Max. Reward Condition",40,"1",6,2,102,465,"Long",0.0615013755570375,0.678498822722183,NA,0.29433651985146,"localGP"
"14404",59,20,0,4,74.8791108715427,86.1457429128577,"Rough","Max. Reward Condition",40,"1",6,0,45,465,"Long",0.0615013755570375,0.678498822722183,NA,0.29433651985146,"localGP"
"14405",59,21,1,4,80.1452331951454,86.1457429128577,"Rough","Max. Reward Condition",40,"1",6,0,46,465,"Long",0.0615013755570375,0.678498822722183,NA,0.29433651985146,"localGP"
"14406",59,22,6,3,37.4132597632544,86.1457429128577,"Rough","Max. Reward Condition",40,"1",6,0,40,465,"Long",0.0615013755570375,0.678498822722183,NA,0.29433651985146,"localGP"
"14407",59,23,7,3,29.6760895076296,86.1457429128577,"Rough","Max. Reward Condition",40,"1",6,0,41,465,"Long",0.0615013755570375,0.678498822722183,NA,0.29433651985146,"localGP"
"14408",59,24,8,1,68.8502438954186,86.1457429128577,"Rough","Max. Reward Condition",40,"1",6,0,20,465,"Long",0.0615013755570375,0.678498822722183,NA,0.29433651985146,"localGP"
"14409",59,25,7,1,83.5475141176989,86.1457429128577,"Rough","Max. Reward Condition",40,"1",6,0,19,465,"Long",0.0615013755570375,0.678498822722183,NA,0.29433651985146,"localGP"
"14410",59,26,2,0,68.5922918789332,86.1457429128577,"Rough","Max. Reward Condition",40,"1",6,0,3,465,"Long",0.0615013755570375,0.678498822722183,NA,0.29433651985146,"localGP"
"14411",59,27,2,1,32.7608851957518,86.1457429128577,"Rough","Max. Reward Condition",40,"1",6,0,14,465,"Long",0.0615013755570375,0.678498822722183,NA,0.29433651985146,"localGP"
"14412",59,28,1,0,52.332367066322,86.1457429128577,"Rough","Max. Reward Condition",40,"1",6,0,2,465,"Long",0.0615013755570375,0.678498822722183,NA,0.29433651985146,"localGP"
"14413",59,29,6,1,58.9505924012191,86.1457429128577,"Rough","Max. Reward Condition",40,"1",6,0,18,465,"Long",0.0615013755570375,0.678498822722183,NA,0.29433651985146,"localGP"
"14414",59,30,7,1,83.5475141176989,86.1457429128577,"Rough","Max. Reward Condition",40,"1",6,0,19,465,"Long",0.0615013755570375,0.678498822722183,NA,0.29433651985146,"localGP"
"14415",59,31,7,0,94.4174730147353,94.4174730147353,"Rough","Max. Reward Condition",40,"1",6,0,8,465,"Long",0.0615013755570375,0.678498822722183,NA,0.29433651985146,"localGP"
"14416",59,32,7,0,94.4174730147353,94.4174730147353,"Rough","Max. Reward Condition",40,"1",6,0,8,465,"Long",0.0615013755570375,0.678498822722183,NA,0.29433651985146,"localGP"
"14417",59,33,8,0,72.9354979095338,94.4174730147353,"Rough","Max. Reward Condition",40,"1",6,0,9,465,"Long",0.0615013755570375,0.678498822722183,NA,0.29433651985146,"localGP"
"14418",59,34,7,0,94.4174730147353,94.4174730147353,"Rough","Max. Reward Condition",40,"1",6,0,8,465,"Long",0.0615013755570375,0.678498822722183,NA,0.29433651985146,"localGP"
"14419",59,35,7,0,94.4174730147353,94.4174730147353,"Rough","Max. Reward Condition",40,"1",6,0,8,465,"Long",0.0615013755570375,0.678498822722183,NA,0.29433651985146,"localGP"
"14420",59,36,7,0,94.4174730147353,94.4174730147353,"Rough","Max. Reward Condition",40,"1",6,0,8,465,"Long",0.0615013755570375,0.678498822722183,NA,0.29433651985146,"localGP"
"14421",59,37,3,0,63.3554027374264,94.4174730147353,"Rough","Max. Reward Condition",40,"1",6,0,4,465,"Long",0.0615013755570375,0.678498822722183,NA,0.29433651985146,"localGP"
"14422",59,38,9,1,48.6385669083933,94.4174730147353,"Rough","Max. Reward Condition",40,"1",6,0,21,465,"Long",0.0615013755570375,0.678498822722183,NA,0.29433651985146,"localGP"
"14423",59,39,9,0,42.7227287180246,94.4174730147353,"Rough","Max. Reward Condition",40,"1",6,0,10,465,"Long",0.0615013755570375,0.678498822722183,NA,0.29433651985146,"localGP"
"14424",59,40,5,7,40.6549349788525,94.4174730147353,"Rough","Max. Reward Condition",40,"1",6,0,83,465,"Long",0.0615013755570375,0.678498822722183,NA,0.29433651985146,"localGP"
"14425",59,41,5,8,46.7235740972404,94.4174730147353,"Rough","Max. Reward Condition",40,"1",6,0,94,465,"Long",0.0615013755570375,0.678498822722183,NA,0.29433651985146,"localGP"
"14426",59,1,2,8,43.1292001162466,43.1292001162466,"Rough","Max. Reward Condition",20,"2",0,NA,91,466,"Short",0.0773492402289167,1.33013393277378,NA,0.320232033555127,"localGP"
"14427",59,2,8,4,38.5202921963772,43.1292001162466,"Rough","Max. Reward Condition",20,"2",0,1,53,466,"Short",0.0773492402289167,1.33013393277378,NA,0.320232033555127,"localGP"
"14428",59,3,5,3,61.5900335380626,61.5900335380626,"Rough","Max. Reward Condition",20,"2",0,1,39,466,"Short",0.0773492402289167,1.33013393277378,NA,0.320232033555127,"localGP"
"14429",59,4,5,4,41.9694329426613,61.5900335380626,"Rough","Max. Reward Condition",20,"2",0,2,50,466,"Short",0.0773492402289167,1.33013393277378,NA,0.320232033555127,"localGP"
"14430",59,5,1,8,57.1437083477446,61.5900335380626,"Rough","Max. Reward Condition",20,"2",0,3,90,466,"Short",0.0773492402289167,1.33013393277378,NA,0.320232033555127,"localGP"
"14431",59,6,1,1,60.5425505864623,61.5900335380626,"Rough","Max. Reward Condition",20,"2",0,6,13,466,"Short",0.0773492402289167,1.33013393277378,NA,0.320232033555127,"localGP"
"14432",59,7,8,2,37.9601847511936,61.5900335380626,"Rough","Max. Reward Condition",20,"2",0,1,31,466,"Short",0.0773492402289167,1.33013393277378,NA,0.320232033555127,"localGP"
"14433",59,8,8,1,18.2055379783708,61.5900335380626,"Rough","Max. Reward Condition",20,"2",0,2,20,466,"Short",0.0773492402289167,1.33013393277378,NA,0.320232033555127,"localGP"
"14434",59,9,10,6,47.7902004449391,61.5900335380626,"Rough","Max. Reward Condition",20,"2",0,2,77,466,"Short",0.0773492402289167,1.33013393277378,NA,0.320232033555127,"localGP"
"14435",59,10,10,3,47.4549008064648,61.5900335380626,"Rough","Max. Reward Condition",20,"2",0,1,44,466,"Short",0.0773492402289167,1.33013393277378,NA,0.320232033555127,"localGP"
"14436",59,11,4,1,16.9242628027693,61.5900335380626,"Rough","Max. Reward Condition",20,"2",0,2,16,466,"Short",0.0773492402289167,1.33013393277378,NA,0.320232033555127,"localGP"
"14437",59,12,4,10,33.7085018505347,61.5900335380626,"Rough","Max. Reward Condition",20,"2",0,1,115,466,"Short",0.0773492402289167,1.33013393277378,NA,0.320232033555127,"localGP"
"14438",59,13,7,9,29.4163528194198,61.5900335380626,"Rough","Max. Reward Condition",20,"2",0,2,107,466,"Short",0.0773492402289167,1.33013393277378,NA,0.320232033555127,"localGP"
"14439",59,14,0,1,25.2534967724465,61.5900335380626,"Rough","Max. Reward Condition",20,"2",0,2,12,466,"Short",0.0773492402289167,1.33013393277378,NA,0.320232033555127,"localGP"
"14440",59,15,5,5,2.28166204896147,61.5900335380626,"Rough","Max. Reward Condition",20,"2",0,2,61,466,"Short",0.0773492402289167,1.33013393277378,NA,0.320232033555127,"localGP"
"14441",59,16,5,9,38.2276325889547,61.5900335380626,"Rough","Max. Reward Condition",20,"2",0,1,105,466,"Short",0.0773492402289167,1.33013393277378,NA,0.320232033555127,"localGP"
"14442",59,17,1,10,30.39108048243,61.5900335380626,"Rough","Max. Reward Condition",20,"2",0,0,112,466,"Short",0.0773492402289167,1.33013393277378,NA,0.320232033555127,"localGP"
"14443",59,18,3,9,34.683324357527,61.5900335380626,"Rough","Max. Reward Condition",20,"2",0,0,103,466,"Short",0.0773492402289167,1.33013393277378,NA,0.320232033555127,"localGP"
"14444",59,19,6,1,20.6016999282739,61.5900335380626,"Rough","Max. Reward Condition",20,"2",0,0,18,466,"Short",0.0773492402289167,1.33013393277378,NA,0.320232033555127,"localGP"
"14445",59,20,4,7,56.8581816389781,61.5900335380626,"Rough","Max. Reward Condition",20,"2",0,0,82,466,"Short",0.0773492402289167,1.33013393277378,NA,0.320232033555127,"localGP"
"14446",59,21,3,7,55.5467645036046,61.5900335380626,"Rough","Max. Reward Condition",20,"2",0,0,81,466,"Short",0.0773492402289167,1.33013393277378,NA,0.320232033555127,"localGP"
"14447",59,1,6,6,30.335879587278,30.335879587278,"Rough","Max. Reward Condition",40,"3",9,NA,73,467,"Long",0.0657085491648347,0.634467298977951,NA,0.3565895320122,"localGP"
"14448",59,2,0,10,40.1320586753249,40.1320586753249,"Rough","Max. Reward Condition",40,"3",9,1,111,467,"Long",0.0657085491648347,0.634467298977951,NA,0.3565895320122,"localGP"
"14449",59,3,1,10,50.2356022974188,50.2356022974188,"Rough","Max. Reward Condition",40,"3",9,5,112,467,"Long",0.0657085491648347,0.634467298977951,NA,0.3565895320122,"localGP"
"14450",59,4,2,10,28.9056526912457,50.2356022974188,"Rough","Max. Reward Condition",40,"3",9,7,113,467,"Long",0.0657085491648347,0.634467298977951,NA,0.3565895320122,"localGP"
"14451",59,5,4,1,66.1540959055095,66.1540959055095,"Rough","Max. Reward Condition",40,"3",9,7,16,467,"Long",0.0657085491648347,0.634467298977951,NA,0.3565895320122,"localGP"
"14452",59,6,3,1,40.3499664940064,66.1540959055095,"Rough","Max. Reward Condition",40,"3",9,14,15,467,"Long",0.0657085491648347,0.634467298977951,NA,0.3565895320122,"localGP"
"14453",59,7,3,0,59.7528798800862,66.1540959055095,"Rough","Max. Reward Condition",40,"3",9,3,4,467,"Long",0.0657085491648347,0.634467298977951,NA,0.3565895320122,"localGP"
"14454",59,8,3,6,56.4526333659953,66.1540959055095,"Rough","Max. Reward Condition",40,"3",9,3,70,467,"Long",0.0657085491648347,0.634467298977951,NA,0.3565895320122,"localGP"
"14455",59,9,7,1,45.4129619985676,66.1540959055095,"Rough","Max. Reward Condition",40,"3",9,2,19,467,"Long",0.0657085491648347,0.634467298977951,NA,0.3565895320122,"localGP"
"14456",59,10,7,2,45.3020225853978,66.1540959055095,"Rough","Max. Reward Condition",40,"3",9,1,30,467,"Long",0.0657085491648347,0.634467298977951,NA,0.3565895320122,"localGP"
"14457",59,11,6,2,57.8143678139961,66.1540959055095,"Rough","Max. Reward Condition",40,"3",9,2,29,467,"Long",0.0657085491648347,0.634467298977951,NA,0.3565895320122,"localGP"
"14458",59,12,6,3,42.903174760405,66.1540959055095,"Rough","Max. Reward Condition",40,"3",9,2,40,467,"Long",0.0657085491648347,0.634467298977951,NA,0.3565895320122,"localGP"
"14459",59,13,10,3,28.0037204765752,66.1540959055095,"Rough","Max. Reward Condition",40,"3",9,1,44,467,"Long",0.0657085491648347,0.634467298977951,NA,0.3565895320122,"localGP"
"14460",59,14,1,9,56.0236308128228,66.1540959055095,"Rough","Max. Reward Condition",40,"3",9,4,101,467,"Long",0.0657085491648347,0.634467298977951,NA,0.3565895320122,"localGP"
"14461",59,15,5,6,33.1152517472353,66.1540959055095,"Rough","Max. Reward Condition",40,"3",9,7,72,467,"Long",0.0657085491648347,0.634467298977951,NA,0.3565895320122,"localGP"
"14462",59,16,9,4,66.4162368396028,66.4162368396028,"Rough","Max. Reward Condition",40,"3",9,10,54,467,"Long",0.0657085491648347,0.634467298977951,NA,0.3565895320122,"localGP"
"14463",59,17,8,4,25.3679855103689,66.4162368396028,"Rough","Max. Reward Condition",40,"3",9,9,53,467,"Long",0.0657085491648347,0.634467298977951,NA,0.3565895320122,"localGP"
"14464",59,18,10,5,57.8728197854694,66.4162368396028,"Rough","Max. Reward Condition",40,"3",9,6,66,467,"Long",0.0657085491648347,0.634467298977951,NA,0.3565895320122,"localGP"
"14465",59,19,1,0,83.523634481826,83.523634481826,"Rough","Max. Reward Condition",40,"3",9,8,2,467,"Long",0.0657085491648347,0.634467298977951,NA,0.3565895320122,"localGP"
"14466",59,20,0,0,80.3515759217729,83.523634481826,"Rough","Max. Reward Condition",40,"3",9,0,1,467,"Long",0.0657085491648347,0.634467298977951,NA,0.3565895320122,"localGP"
"14467",59,21,10,6,41.1599115765723,83.523634481826,"Rough","Max. Reward Condition",40,"3",9,0,77,467,"Long",0.0657085491648347,0.634467298977951,NA,0.3565895320122,"localGP"
"14468",59,22,9,4,66.4162368396028,83.523634481826,"Rough","Max. Reward Condition",40,"3",9,0,54,467,"Long",0.0657085491648347,0.634467298977951,NA,0.3565895320122,"localGP"
"14469",59,23,10,4,62.6723256804465,83.523634481826,"Rough","Max. Reward Condition",40,"3",9,0,55,467,"Long",0.0657085491648347,0.634467298977951,NA,0.3565895320122,"localGP"
"14470",59,24,6,2,57.8143678139961,83.523634481826,"Rough","Max. Reward Condition",40,"3",9,0,29,467,"Long",0.0657085491648347,0.634467298977951,NA,0.3565895320122,"localGP"
"14471",59,25,4,6,36.2825140010078,83.523634481826,"Rough","Max. Reward Condition",40,"3",9,0,71,467,"Long",0.0657085491648347,0.634467298977951,NA,0.3565895320122,"localGP"
"14472",59,26,4,7,31.2245968865116,83.523634481826,"Rough","Max. Reward Condition",40,"3",9,0,82,467,"Long",0.0657085491648347,0.634467298977951,NA,0.3565895320122,"localGP"
"14473",59,27,4,8,60.4776805465143,83.523634481826,"Rough","Max. Reward Condition",40,"3",9,0,93,467,"Long",0.0657085491648347,0.634467298977951,NA,0.3565895320122,"localGP"
"14474",59,28,5,8,61.7105758678251,83.523634481826,"Rough","Max. Reward Condition",40,"3",9,0,94,467,"Long",0.0657085491648347,0.634467298977951,NA,0.3565895320122,"localGP"
"14475",59,29,3,5,65.8441011417539,83.523634481826,"Rough","Max. Reward Condition",40,"3",9,0,59,467,"Long",0.0657085491648347,0.634467298977951,NA,0.3565895320122,"localGP"
"14476",59,30,4,4,44.1531168030834,83.523634481826,"Rough","Max. Reward Condition",40,"3",9,0,49,467,"Long",0.0657085491648347,0.634467298977951,NA,0.3565895320122,"localGP"
"14477",59,31,5,4,31.7569987981429,83.523634481826,"Rough","Max. Reward Condition",40,"3",9,0,50,467,"Long",0.0657085491648347,0.634467298977951,NA,0.3565895320122,"localGP"
"14478",59,32,4,2,55.6576112274651,83.523634481826,"Rough","Max. Reward Condition",40,"3",9,0,27,467,"Long",0.0657085491648347,0.634467298977951,NA,0.3565895320122,"localGP"
"14479",59,33,5,3,31.7363408535339,83.523634481826,"Rough","Max. Reward Condition",40,"3",9,0,39,467,"Long",0.0657085491648347,0.634467298977951,NA,0.3565895320122,"localGP"
"14480",59,34,4,1,66.1540959055095,83.523634481826,"Rough","Max. Reward Condition",40,"3",9,0,16,467,"Long",0.0657085491648347,0.634467298977951,NA,0.3565895320122,"localGP"
"14481",59,35,4,0,79.9431598436755,83.523634481826,"Rough","Max. Reward Condition",40,"3",9,0,5,467,"Long",0.0657085491648347,0.634467298977951,NA,0.3565895320122,"localGP"
"14482",59,36,9,2,54.6848187444457,83.523634481826,"Rough","Max. Reward Condition",40,"3",9,0,32,467,"Long",0.0657085491648347,0.634467298977951,NA,0.3565895320122,"localGP"
"14483",59,37,9,1,31.5526478854245,83.523634481826,"Rough","Max. Reward Condition",40,"3",9,0,21,467,"Long",0.0657085491648347,0.634467298977951,NA,0.3565895320122,"localGP"
"14484",59,38,2,0,46.5810288004854,83.523634481826,"Rough","Max. Reward Condition",40,"3",9,0,3,467,"Long",0.0657085491648347,0.634467298977951,NA,0.3565895320122,"localGP"
"14485",59,39,9,1,31.5526478854245,83.523634481826,"Rough","Max. Reward Condition",40,"3",9,0,21,467,"Long",0.0657085491648347,0.634467298977951,NA,0.3565895320122,"localGP"
"14486",59,40,0,4,52.8064485464723,83.523634481826,"Rough","Max. Reward Condition",40,"3",9,0,45,467,"Long",0.0657085491648347,0.634467298977951,NA,0.3565895320122,"localGP"
"14487",59,41,0,3,20.3156192085015,83.523634481826,"Rough","Max. Reward Condition",40,"3",9,0,34,467,"Long",0.0657085491648347,0.634467298977951,NA,0.3565895320122,"localGP"
"14488",59,1,4,9,39.9254255955642,39.9254255955642,"Rough","Max. Reward Condition",20,"4",3,NA,104,468,"Short",0.0895855828359732,1.10311970738487,NA,0.385550763883766,"localGP"
"14489",59,2,7,9,92.1104494537164,92.1104494537164,"Rough","Max. Reward Condition",20,"4",3,11,107,468,"Short",0.0895855828359732,1.10311970738487,NA,0.385550763883766,"localGP"
"14490",59,3,8,9,62.9374230938864,92.1104494537164,"Rough","Max. Reward Condition",20,"4",3,1,108,468,"Short",0.0895855828359732,1.10311970738487,NA,0.385550763883766,"localGP"
"14491",59,4,8,10,41.0809609626061,92.1104494537164,"Rough","Max. Reward Condition",20,"4",3,3,119,468,"Short",0.0895855828359732,1.10311970738487,NA,0.385550763883766,"localGP"
"14492",59,5,8,5,39.6478380945369,92.1104494537164,"Rough","Max. Reward Condition",20,"4",3,1,64,468,"Short",0.0895855828359732,1.10311970738487,NA,0.385550763883766,"localGP"
"14493",59,6,2,3,30.603751713123,92.1104494537164,"Rough","Max. Reward Condition",20,"4",3,1,36,468,"Short",0.0895855828359732,1.10311970738487,NA,0.385550763883766,"localGP"
"14494",59,7,8,3,39.0577365841797,92.1104494537164,"Rough","Max. Reward Condition",20,"4",3,1,42,468,"Short",0.0895855828359732,1.10311970738487,NA,0.385550763883766,"localGP"
"14495",59,8,9,3,32.6557513762686,92.1104494537164,"Rough","Max. Reward Condition",20,"4",3,1,43,468,"Short",0.0895855828359732,1.10311970738487,NA,0.385550763883766,"localGP"
"14496",59,9,6,4,44.9938943868475,92.1104494537164,"Rough","Max. Reward Condition",20,"4",3,2,51,468,"Short",0.0895855828359732,1.10311970738487,NA,0.385550763883766,"localGP"
"14497",59,10,8,7,70.5152140178525,92.1104494537164,"Rough","Max. Reward Condition",20,"4",3,1,86,468,"Short",0.0895855828359732,1.10311970738487,NA,0.385550763883766,"localGP"
"14498",59,11,8,8,86.9112548531245,92.1104494537164,"Rough","Max. Reward Condition",20,"4",3,0,97,468,"Short",0.0895855828359732,1.10311970738487,NA,0.385550763883766,"localGP"
"14499",59,12,7,8,100,100,"Rough","Max. Reward Condition",20,"4",3,0,96,468,"Short",0.0895855828359732,1.10311970738487,NA,0.385550763883766,"localGP"
"14500",59,13,6,8,72.494296563532,100,"Rough","Max. Reward Condition",20,"4",3,0,95,468,"Short",0.0895855828359732,1.10311970738487,NA,0.385550763883766,"localGP"
"14501",59,14,7,8,100,100,"Rough","Max. Reward Condition",20,"4",3,0,96,468,"Short",0.0895855828359732,1.10311970738487,NA,0.385550763883766,"localGP"
"14502",59,15,7,8,100,100,"Rough","Max. Reward Condition",20,"4",3,0,96,468,"Short",0.0895855828359732,1.10311970738487,NA,0.385550763883766,"localGP"
"14503",59,16,7,9,92.1104494537164,100,"Rough","Max. Reward Condition",20,"4",3,0,107,468,"Short",0.0895855828359732,1.10311970738487,NA,0.385550763883766,"localGP"
"14504",59,17,6,9,72.1740224383506,100,"Rough","Max. Reward Condition",20,"4",3,0,106,468,"Short",0.0895855828359732,1.10311970738487,NA,0.385550763883766,"localGP"
"14505",59,18,4,5,54.5351061532027,100,"Rough","Max. Reward Condition",20,"4",3,0,60,468,"Short",0.0895855828359732,1.10311970738487,NA,0.385550763883766,"localGP"
"14506",59,19,1,9,29.3784802379892,100,"Rough","Max. Reward Condition",20,"4",3,0,101,468,"Short",0.0895855828359732,1.10311970738487,NA,0.385550763883766,"localGP"
"14507",59,20,0,10,19.846069221029,100,"Rough","Max. Reward Condition",20,"4",3,0,111,468,"Short",0.0895855828359732,1.10311970738487,NA,0.385550763883766,"localGP"
"14508",59,21,3,7,41.1726557910907,100,"Rough","Max. Reward Condition",20,"4",3,0,81,468,"Short",0.0895855828359732,1.10311970738487,NA,0.385550763883766,"localGP"
"14509",59,1,1,7,45.1757644968322,45.1757644968322,"Rough","Max. Reward Condition",40,"5",5,NA,79,469,"Long",0.0585648415703637,0.65177574584769,NA,0.323266162969201,"localGP"
"14510",59,2,1,8,46.9498069203708,46.9498069203708,"Rough","Max. Reward Condition",40,"5",5,0,90,469,"Long",0.0585648415703637,0.65177574584769,NA,0.323266162969201,"localGP"
"14511",59,3,0,7,66.0642048985975,66.0642048985975,"Rough","Max. Reward Condition",40,"5",5,7,78,469,"Long",0.0585648415703637,0.65177574584769,NA,0.323266162969201,"localGP"
"14512",59,4,0,6,27.6444637033922,66.0642048985975,"Rough","Max. Reward Condition",40,"5",5,9,67,469,"Long",0.0585648415703637,0.65177574584769,NA,0.323266162969201,"localGP"
"14513",59,5,0,5,47.6003789921814,66.0642048985975,"Rough","Max. Reward Condition",40,"5",5,2,56,469,"Long",0.0585648415703637,0.65177574584769,NA,0.323266162969201,"localGP"
"14514",59,6,0,4,49.9176816085481,66.0642048985975,"Rough","Max. Reward Condition",40,"5",5,10,45,469,"Long",0.0585648415703637,0.65177574584769,NA,0.323266162969201,"localGP"
"14515",59,7,0,3,37.5224299882295,66.0642048985975,"Rough","Max. Reward Condition",40,"5",5,6,34,469,"Long",0.0585648415703637,0.65177574584769,NA,0.323266162969201,"localGP"
"14516",59,8,1,3,44.7929276438267,66.0642048985975,"Rough","Max. Reward Condition",40,"5",5,5,35,469,"Long",0.0585648415703637,0.65177574584769,NA,0.323266162969201,"localGP"
"14517",59,9,6,7,60.8864429943102,66.0642048985975,"Rough","Max. Reward Condition",40,"5",5,1,84,469,"Long",0.0585648415703637,0.65177574584769,NA,0.323266162969201,"localGP"
"14518",59,10,7,7,68.4962011684434,68.4962011684434,"Rough","Max. Reward Condition",40,"5",5,2,85,469,"Long",0.0585648415703637,0.65177574584769,NA,0.323266162969201,"localGP"
"14519",59,11,7,8,38.3612104416698,68.4962011684434,"Rough","Max. Reward Condition",40,"5",5,2,96,469,"Long",0.0585648415703637,0.65177574584769,NA,0.323266162969201,"localGP"
"14520",59,12,8,0,96.125082157983,96.125082157983,"Rough","Max. Reward Condition",40,"5",5,2,9,469,"Long",0.0585648415703637,0.65177574584769,NA,0.323266162969201,"localGP"
"14521",59,13,7,0,68.4752649344305,96.125082157983,"Rough","Max. Reward Condition",40,"5",5,1,8,469,"Long",0.0585648415703637,0.65177574584769,NA,0.323266162969201,"localGP"
"14522",59,14,8,0,96.125082157983,96.125082157983,"Rough","Max. Reward Condition",40,"5",5,2,9,469,"Long",0.0585648415703637,0.65177574584769,NA,0.323266162969201,"localGP"
"14523",59,15,8,0,96.125082157983,96.125082157983,"Rough","Max. Reward Condition",40,"5",5,2,9,469,"Long",0.0585648415703637,0.65177574584769,NA,0.323266162969201,"localGP"
"14524",59,16,8,1,86.7518912658619,96.125082157983,"Rough","Max. Reward Condition",40,"5",5,2,20,469,"Long",0.0585648415703637,0.65177574584769,NA,0.323266162969201,"localGP"
"14525",59,17,6,2,51.6560216281502,96.125082157983,"Rough","Max. Reward Condition",40,"5",5,3,29,469,"Long",0.0585648415703637,0.65177574584769,NA,0.323266162969201,"localGP"
"14526",59,18,3,1,36.8335295517252,96.125082157983,"Rough","Max. Reward Condition",40,"5",5,2,15,469,"Long",0.0585648415703637,0.65177574584769,NA,0.323266162969201,"localGP"
"14527",59,19,4,1,39.4465578742712,96.125082157983,"Rough","Max. Reward Condition",40,"5",5,1,16,469,"Long",0.0585648415703637,0.65177574584769,NA,0.323266162969201,"localGP"
"14528",59,20,3,9,8.68730122883821,96.125082157983,"Rough","Max. Reward Condition",40,"5",5,0,103,469,"Long",0.0585648415703637,0.65177574584769,NA,0.323266162969201,"localGP"
"14529",59,21,2,5,55.6706913285101,96.125082157983,"Rough","Max. Reward Condition",40,"5",5,0,58,469,"Long",0.0585648415703637,0.65177574584769,NA,0.323266162969201,"localGP"
"14530",59,22,1,0,96.5592273768924,96.5592273768924,"Rough","Max. Reward Condition",40,"5",5,0,2,469,"Long",0.0585648415703637,0.65177574584769,NA,0.323266162969201,"localGP"
"14531",59,23,1,0,96.5592273768924,96.5592273768924,"Rough","Max. Reward Condition",40,"5",5,0,2,469,"Long",0.0585648415703637,0.65177574584769,NA,0.323266162969201,"localGP"
"14532",59,24,1,0,96.5592273768924,96.5592273768924,"Rough","Max. Reward Condition",40,"5",5,0,2,469,"Long",0.0585648415703637,0.65177574584769,NA,0.323266162969201,"localGP"
"14533",59,25,1,1,76.3592435056854,96.5592273768924,"Rough","Max. Reward Condition",40,"5",5,0,13,469,"Long",0.0585648415703637,0.65177574584769,NA,0.323266162969201,"localGP"
"14534",59,26,1,0,96.5592273768924,96.5592273768924,"Rough","Max. Reward Condition",40,"5",5,0,2,469,"Long",0.0585648415703637,0.65177574584769,NA,0.323266162969201,"localGP"
"14535",59,27,0,0,76.5662850402658,96.5592273768924,"Rough","Max. Reward Condition",40,"5",5,0,1,469,"Long",0.0585648415703637,0.65177574584769,NA,0.323266162969201,"localGP"
"14536",59,28,1,0,96.5592273768924,96.5592273768924,"Rough","Max. Reward Condition",40,"5",5,0,2,469,"Long",0.0585648415703637,0.65177574584769,NA,0.323266162969201,"localGP"
"14537",59,29,1,0,96.5592273768924,96.5592273768924,"Rough","Max. Reward Condition",40,"5",5,0,2,469,"Long",0.0585648415703637,0.65177574584769,NA,0.323266162969201,"localGP"
"14538",59,30,1,0,96.5592273768924,96.5592273768924,"Rough","Max. Reward Condition",40,"5",5,0,2,469,"Long",0.0585648415703637,0.65177574584769,NA,0.323266162969201,"localGP"
"14539",59,31,1,0,96.5592273768924,96.5592273768924,"Rough","Max. Reward Condition",40,"5",5,0,2,469,"Long",0.0585648415703637,0.65177574584769,NA,0.323266162969201,"localGP"
"14540",59,32,1,0,96.5592273768924,96.5592273768924,"Rough","Max. Reward Condition",40,"5",5,0,2,469,"Long",0.0585648415703637,0.65177574584769,NA,0.323266162969201,"localGP"
"14541",59,33,1,0,96.5592273768924,96.5592273768924,"Rough","Max. Reward Condition",40,"5",5,0,2,469,"Long",0.0585648415703637,0.65177574584769,NA,0.323266162969201,"localGP"
"14542",59,34,1,0,96.5592273768924,96.5592273768924,"Rough","Max. Reward Condition",40,"5",5,0,2,469,"Long",0.0585648415703637,0.65177574584769,NA,0.323266162969201,"localGP"
"14543",59,35,2,0,77.0544773481124,96.5592273768924,"Rough","Max. Reward Condition",40,"5",5,0,3,469,"Long",0.0585648415703637,0.65177574584769,NA,0.323266162969201,"localGP"
"14544",59,36,1,0,96.5592273768924,96.5592273768924,"Rough","Max. Reward Condition",40,"5",5,0,2,469,"Long",0.0585648415703637,0.65177574584769,NA,0.323266162969201,"localGP"
"14545",59,37,1,0,96.5592273768924,96.5592273768924,"Rough","Max. Reward Condition",40,"5",5,0,2,469,"Long",0.0585648415703637,0.65177574584769,NA,0.323266162969201,"localGP"
"14546",59,38,1,0,96.5592273768924,96.5592273768924,"Rough","Max. Reward Condition",40,"5",5,0,2,469,"Long",0.0585648415703637,0.65177574584769,NA,0.323266162969201,"localGP"
"14547",59,39,0,0,76.5662850402658,96.5592273768924,"Rough","Max. Reward Condition",40,"5",5,0,1,469,"Long",0.0585648415703637,0.65177574584769,NA,0.323266162969201,"localGP"
"14548",59,40,1,0,96.5592273768924,96.5592273768924,"Rough","Max. Reward Condition",40,"5",5,0,2,469,"Long",0.0585648415703637,0.65177574584769,NA,0.323266162969201,"localGP"
"14549",59,41,1,1,76.3592435056854,96.5592273768924,"Rough","Max. Reward Condition",40,"5",5,0,13,469,"Long",0.0585648415703637,0.65177574584769,NA,0.323266162969201,"localGP"
"14550",59,1,10,0,84.6666987950257,84.6666987950257,"Rough","Max. Reward Condition",20,"6",10,NA,11,470,"Short",0.073668427449959,1.17321314006257,NA,0.347399600743707,"localGP"
"14551",59,2,9,0,60.0001478018408,84.6666987950257,"Rough","Max. Reward Condition",20,"6",10,3,10,470,"Short",0.073668427449959,1.17321314006257,NA,0.347399600743707,"localGP"
"14552",59,3,10,1,53.7965897663895,84.6666987950257,"Rough","Max. Reward Condition",20,"6",10,10,22,470,"Short",0.073668427449959,1.17321314006257,NA,0.347399600743707,"localGP"
"14553",59,4,10,4,38.6013750106334,84.6666987950257,"Rough","Max. Reward Condition",20,"6",10,5,55,470,"Short",0.073668427449959,1.17321314006257,NA,0.347399600743707,"localGP"
"14554",59,5,7,2,56.4176187347025,84.6666987950257,"Rough","Max. Reward Condition",20,"6",10,12,30,470,"Short",0.073668427449959,1.17321314006257,NA,0.347399600743707,"localGP"
"14555",59,6,7,6,43.2962098422066,84.6666987950257,"Rough","Max. Reward Condition",20,"6",10,5,74,470,"Short",0.073668427449959,1.17321314006257,NA,0.347399600743707,"localGP"
"14556",59,7,7,7,61.8738453443511,84.6666987950257,"Rough","Max. Reward Condition",20,"6",10,4,85,470,"Short",0.073668427449959,1.17321314006257,NA,0.347399600743707,"localGP"
"14557",59,8,7,9,41.4991659516561,84.6666987950257,"Rough","Max. Reward Condition",20,"6",10,5,107,470,"Short",0.073668427449959,1.17321314006257,NA,0.347399600743707,"localGP"
"14558",59,9,9,9,50.1504839805643,84.6666987950257,"Rough","Max. Reward Condition",20,"6",10,3,109,470,"Short",0.073668427449959,1.17321314006257,NA,0.347399600743707,"localGP"
"14559",59,10,4,6,46.5482672237454,84.6666987950257,"Rough","Max. Reward Condition",20,"6",10,6,71,470,"Short",0.073668427449959,1.17321314006257,NA,0.347399600743707,"localGP"
"14560",59,11,5,6,44.3936408013236,84.6666987950257,"Rough","Max. Reward Condition",20,"6",10,2,72,470,"Short",0.073668427449959,1.17321314006257,NA,0.347399600743707,"localGP"
"14561",59,12,5,4,50.0192532451503,84.6666987950257,"Rough","Max. Reward Condition",20,"6",10,3,50,470,"Short",0.073668427449959,1.17321314006257,NA,0.347399600743707,"localGP"
"14562",59,13,2,5,54.3562924005925,84.6666987950257,"Rough","Max. Reward Condition",20,"6",10,12,58,470,"Short",0.073668427449959,1.17321314006257,NA,0.347399600743707,"localGP"
"14563",59,14,2,3,100,100,"Rough","Max. Reward Condition",20,"6",10,3,36,470,"Short",0.073668427449959,1.17321314006257,NA,0.347399600743707,"localGP"
"14564",59,15,3,3,87.6831078392133,100,"Rough","Max. Reward Condition",20,"6",10,1,37,470,"Short",0.073668427449959,1.17321314006257,NA,0.347399600743707,"localGP"
"14565",59,16,3,4,73.1932360426665,100,"Rough","Max. Reward Condition",20,"6",10,2,48,470,"Short",0.073668427449959,1.17321314006257,NA,0.347399600743707,"localGP"
"14566",59,17,2,4,68.2811565221098,100,"Rough","Max. Reward Condition",20,"6",10,2,47,470,"Short",0.073668427449959,1.17321314006257,NA,0.347399600743707,"localGP"
"14567",59,18,2,2,84.7630980686561,100,"Rough","Max. Reward Condition",20,"6",10,2,25,470,"Short",0.073668427449959,1.17321314006257,NA,0.347399600743707,"localGP"
"14568",59,19,2,3,100,100,"Rough","Max. Reward Condition",20,"6",10,1,36,470,"Short",0.073668427449959,1.17321314006257,NA,0.347399600743707,"localGP"
"14569",59,20,1,3,55.7844556265517,100,"Rough","Max. Reward Condition",20,"6",10,2,35,470,"Short",0.073668427449959,1.17321314006257,NA,0.347399600743707,"localGP"
"14570",59,21,2,3,100,100,"Rough","Max. Reward Condition",20,"6",10,2,36,470,"Short",0.073668427449959,1.17321314006257,NA,0.347399600743707,"localGP"
"14571",59,1,5,4,30.7989766906586,30.7989766906586,"Rough","Max. Reward Condition",40,"7",11,NA,50,471,"Long",0.0564009839897563,0.673522091789272,NA,0.297711327293095,"localGP"
"14572",59,2,7,3,55.8044866187351,55.8044866187351,"Rough","Max. Reward Condition",40,"7",11,16,41,471,"Long",0.0564009839897563,0.673522091789272,NA,0.297711327293095,"localGP"
"14573",59,3,7,4,66.5199662009468,66.5199662009468,"Rough","Max. Reward Condition",40,"7",11,9,52,471,"Long",0.0564009839897563,0.673522091789272,NA,0.297711327293095,"localGP"
"14574",59,4,6,4,60.614772799294,66.5199662009468,"Rough","Max. Reward Condition",40,"7",11,5,51,471,"Long",0.0564009839897563,0.673522091789272,NA,0.297711327293095,"localGP"
"14575",59,5,6,3,60.8573330734455,66.5199662009468,"Rough","Max. Reward Condition",40,"7",11,1,40,471,"Long",0.0564009839897563,0.673522091789272,NA,0.297711327293095,"localGP"
"14576",59,6,8,7,44.4895686177393,66.5199662009468,"Rough","Max. Reward Condition",40,"7",11,2,86,471,"Long",0.0564009839897563,0.673522091789272,NA,0.297711327293095,"localGP"
"14577",59,7,9,4,34.9976006588863,66.5199662009468,"Rough","Max. Reward Condition",40,"7",11,2,54,471,"Long",0.0564009839897563,0.673522091789272,NA,0.297711327293095,"localGP"
"14578",59,8,8,5,25.4104652088754,66.5199662009468,"Rough","Max. Reward Condition",40,"7",11,1,64,471,"Long",0.0564009839897563,0.673522091789272,NA,0.297711327293095,"localGP"
"14579",59,9,10,5,24.0277528362219,66.5199662009468,"Rough","Max. Reward Condition",40,"7",11,2,66,471,"Long",0.0564009839897563,0.673522091789272,NA,0.297711327293095,"localGP"
"14580",59,10,9,6,44.0877983401219,66.5199662009468,"Rough","Max. Reward Condition",40,"7",11,1,76,471,"Long",0.0564009839897563,0.673522091789272,NA,0.297711327293095,"localGP"
"14581",59,11,9,7,46.7520963310915,66.5199662009468,"Rough","Max. Reward Condition",40,"7",11,1,87,471,"Long",0.0564009839897563,0.673522091789272,NA,0.297711327293095,"localGP"
"14582",59,12,10,7,37.1719234376725,66.5199662009468,"Rough","Max. Reward Condition",40,"7",11,2,88,471,"Long",0.0564009839897563,0.673522091789272,NA,0.297711327293095,"localGP"
"14583",59,13,3,9,46.9814894388447,66.5199662009468,"Rough","Max. Reward Condition",40,"7",11,1,103,471,"Long",0.0564009839897563,0.673522091789272,NA,0.297711327293095,"localGP"
"14584",59,14,2,9,30.1299532832918,66.5199662009468,"Rough","Max. Reward Condition",40,"7",11,1,102,471,"Long",0.0564009839897563,0.673522091789272,NA,0.297711327293095,"localGP"
"14585",59,15,6,10,64.4156192445451,66.5199662009468,"Rough","Max. Reward Condition",40,"7",11,1,117,471,"Long",0.0564009839897563,0.673522091789272,NA,0.297711327293095,"localGP"
"14586",59,16,6,9,46.6920205360619,66.5199662009468,"Rough","Max. Reward Condition",40,"7",11,2,106,471,"Long",0.0564009839897563,0.673522091789272,NA,0.297711327293095,"localGP"
"14587",59,17,7,9,39.2512889710385,66.5199662009468,"Rough","Max. Reward Condition",40,"7",11,2,107,471,"Long",0.0564009839897563,0.673522091789272,NA,0.297711327293095,"localGP"
"14588",59,18,7,10,44.763338085442,66.5199662009468,"Rough","Max. Reward Condition",40,"7",11,1,118,471,"Long",0.0564009839897563,0.673522091789272,NA,0.297711327293095,"localGP"
"14589",59,19,8,10,41.6884701008907,66.5199662009468,"Rough","Max. Reward Condition",40,"7",11,1,119,471,"Long",0.0564009839897563,0.673522091789272,NA,0.297711327293095,"localGP"
"14590",59,20,9,10,19.2437103402709,66.5199662009468,"Rough","Max. Reward Condition",40,"7",11,1,120,471,"Long",0.0564009839897563,0.673522091789272,NA,0.297711327293095,"localGP"
"14591",59,21,4,8,79.4784884383396,79.4784884383396,"Rough","Max. Reward Condition",40,"7",11,1,93,471,"Long",0.0564009839897563,0.673522091789272,NA,0.297711327293095,"localGP"
"14592",59,22,5,8,54.8387102771574,79.4784884383396,"Rough","Max. Reward Condition",40,"7",11,1,94,471,"Long",0.0564009839897563,0.673522091789272,NA,0.297711327293095,"localGP"
"14593",59,23,4,9,78.163385341713,79.4784884383396,"Rough","Max. Reward Condition",40,"7",11,5,104,471,"Long",0.0564009839897563,0.673522091789272,NA,0.297711327293095,"localGP"
"14594",59,24,4,7,65.5617086800568,79.4784884383396,"Rough","Max. Reward Condition",40,"7",11,5,82,471,"Long",0.0564009839897563,0.673522091789272,NA,0.297711327293095,"localGP"
"14595",59,25,3,7,59.6140621219219,79.4784884383396,"Rough","Max. Reward Condition",40,"7",11,2,81,471,"Long",0.0564009839897563,0.673522091789272,NA,0.297711327293095,"localGP"
"14596",59,26,2,1,38.8443744327322,79.4784884383396,"Rough","Max. Reward Condition",40,"7",11,4,14,471,"Long",0.0564009839897563,0.673522091789272,NA,0.297711327293095,"localGP"
"14597",59,27,2,0,19.407077744957,79.4784884383396,"Rough","Max. Reward Condition",40,"7",11,2,3,471,"Long",0.0564009839897563,0.673522091789272,NA,0.297711327293095,"localGP"
"14598",59,28,1,6,53.3162074134113,79.4784884383396,"Rough","Max. Reward Condition",40,"7",11,1,68,471,"Long",0.0564009839897563,0.673522091789272,NA,0.297711327293095,"localGP"
"14599",59,29,1,6,53.3162074134113,79.4784884383396,"Rough","Max. Reward Condition",40,"7",11,13,68,471,"Long",0.0564009839897563,0.673522091789272,NA,0.297711327293095,"localGP"
"14600",59,30,1,7,66.3320145159087,79.4784884383396,"Rough","Max. Reward Condition",40,"7",11,7,79,471,"Long",0.0564009839897563,0.673522091789272,NA,0.297711327293095,"localGP"
"14601",59,31,2,5,2.60066814407864,79.4784884383396,"Rough","Max. Reward Condition",40,"7",11,1,58,471,"Long",0.0564009839897563,0.673522091789272,NA,0.297711327293095,"localGP"
"14602",59,32,0,5,32.447397425839,79.4784884383396,"Rough","Max. Reward Condition",40,"7",11,3,56,471,"Long",0.0564009839897563,0.673522091789272,NA,0.297711327293095,"localGP"
"14603",59,33,1,4,21.9699335445303,79.4784884383396,"Rough","Max. Reward Condition",40,"7",11,2,46,471,"Long",0.0564009839897563,0.673522091789272,NA,0.297711327293095,"localGP"
"14604",59,34,0,3,52.5672318356315,79.4784884383396,"Rough","Max. Reward Condition",40,"7",11,1,34,471,"Long",0.0564009839897563,0.673522091789272,NA,0.297711327293095,"localGP"
"14605",59,35,0,9,39.2599045989107,79.4784884383396,"Rough","Max. Reward Condition",40,"7",11,4,100,471,"Long",0.0564009839897563,0.673522091789272,NA,0.297711327293095,"localGP"
"14606",59,36,4,0,44.8118345976793,79.4784884383396,"Rough","Max. Reward Condition",40,"7",11,5,5,471,"Long",0.0564009839897563,0.673522091789272,NA,0.297711327293095,"localGP"
"14607",59,37,4,1,66.1495990392583,79.4784884383396,"Rough","Max. Reward Condition",40,"7",11,3,16,471,"Long",0.0564009839897563,0.673522091789272,NA,0.297711327293095,"localGP"
"14608",59,38,4,2,52.3985197221421,79.4784884383396,"Rough","Max. Reward Condition",40,"7",11,1,27,471,"Long",0.0564009839897563,0.673522091789272,NA,0.297711327293095,"localGP"
"14609",59,39,5,2,64.0266563277365,79.4784884383396,"Rough","Max. Reward Condition",40,"7",11,3,28,471,"Long",0.0564009839897563,0.673522091789272,NA,0.297711327293095,"localGP"
"14610",59,40,6,2,47.8721615024449,79.4784884383396,"Rough","Max. Reward Condition",40,"7",11,1,29,471,"Long",0.0564009839897563,0.673522091789272,NA,0.297711327293095,"localGP"
"14611",59,41,10,2,3.70972504488681,79.4784884383396,"Rough","Max. Reward Condition",40,"7",11,6,33,471,"Long",0.0564009839897563,0.673522091789272,NA,0.297711327293095,"localGP"
"14612",59,1,3,0,28.442618018304,28.442618018304,"Rough","Max. Reward Condition",20,"8",18,NA,4,472,"Short",0.0723571145614609,1.3401021263997,NA,0.383715126148235,"localGP"
"14613",59,2,6,8,37.9736257778301,37.9736257778301,"Rough","Max. Reward Condition",20,"8",18,3,95,472,"Short",0.0723571145614609,1.3401021263997,NA,0.383715126148235,"localGP"
"14614",59,3,4,8,45.2794014613118,45.2794014613118,"Rough","Max. Reward Condition",20,"8",18,8,93,472,"Short",0.0723571145614609,1.3401021263997,NA,0.383715126148235,"localGP"
"14615",59,4,4,9,48.6599556271506,48.6599556271506,"Rough","Max. Reward Condition",20,"8",18,4,104,472,"Short",0.0723571145614609,1.3401021263997,NA,0.383715126148235,"localGP"
"14616",59,5,3,8,43.809517415815,48.6599556271506,"Rough","Max. Reward Condition",20,"8",18,3,92,472,"Short",0.0723571145614609,1.3401021263997,NA,0.383715126148235,"localGP"
"14617",59,6,10,1,51.8458396113601,51.8458396113601,"Rough","Max. Reward Condition",20,"8",18,17,22,472,"Short",0.0723571145614609,1.3401021263997,NA,0.383715126148235,"localGP"
"14618",59,7,0,9,63.7273848369045,63.7273848369045,"Rough","Max. Reward Condition",20,"8",18,8,100,472,"Short",0.0723571145614609,1.3401021263997,NA,0.383715126148235,"localGP"
"14619",59,8,2,9,54.5359599883725,63.7273848369045,"Rough","Max. Reward Condition",20,"8",18,3,102,472,"Short",0.0723571145614609,1.3401021263997,NA,0.383715126148235,"localGP"
"14620",59,9,10,5,37.8302996702739,63.7273848369045,"Rough","Max. Reward Condition",20,"8",18,2,66,472,"Short",0.0723571145614609,1.3401021263997,NA,0.383715126148235,"localGP"
"14621",59,10,9,8,80.6519418863633,80.6519418863633,"Rough","Max. Reward Condition",20,"8",18,3,98,472,"Short",0.0723571145614609,1.3401021263997,NA,0.383715126148235,"localGP"
"14622",59,11,9,7,72.9623547713888,80.6519418863633,"Rough","Max. Reward Condition",20,"8",18,2,87,472,"Short",0.0723571145614609,1.3401021263997,NA,0.383715126148235,"localGP"
"14623",59,12,8,7,51.6253344127728,80.6519418863633,"Rough","Max. Reward Condition",20,"8",18,1,86,472,"Short",0.0723571145614609,1.3401021263997,NA,0.383715126148235,"localGP"
"14624",59,13,8,6,52.3875490141336,80.6519418863633,"Rough","Max. Reward Condition",20,"8",18,1,75,472,"Short",0.0723571145614609,1.3401021263997,NA,0.383715126148235,"localGP"
"14625",59,14,5,0,43.1589496872262,80.6519418863633,"Rough","Max. Reward Condition",20,"8",18,3,6,472,"Short",0.0723571145614609,1.3401021263997,NA,0.383715126148235,"localGP"
"14626",59,15,9,3,52.6770087163606,80.6519418863633,"Rough","Max. Reward Condition",20,"8",18,2,43,472,"Short",0.0723571145614609,1.3401021263997,NA,0.383715126148235,"localGP"
"14627",59,16,0,1,37.2422418931396,80.6519418863633,"Rough","Max. Reward Condition",20,"8",18,1,12,472,"Short",0.0723571145614609,1.3401021263997,NA,0.383715126148235,"localGP"
"14628",59,17,3,5,60.9956565134491,80.6519418863633,"Rough","Max. Reward Condition",20,"8",18,1,59,472,"Short",0.0723571145614609,1.3401021263997,NA,0.383715126148235,"localGP"
"14629",59,18,2,2,100,100,"Rough","Max. Reward Condition",20,"8",18,1,25,472,"Short",0.0723571145614609,1.3401021263997,NA,0.383715126148235,"localGP"
"14630",59,19,3,2,87.0484650270771,100,"Rough","Max. Reward Condition",20,"8",18,2,26,472,"Short",0.0723571145614609,1.3401021263997,NA,0.383715126148235,"localGP"
"14631",59,20,3,3,53.9768384538052,100,"Rough","Max. Reward Condition",20,"8",18,2,37,472,"Short",0.0723571145614609,1.3401021263997,NA,0.383715126148235,"localGP"
"14632",59,21,5,3,28.2693028674169,100,"Rough","Max. Reward Condition",20,"8",18,2,39,472,"Short",0.0723571145614609,1.3401021263997,NA,0.383715126148235,"localGP"
"14633",60,1,4,10,30.0936973223413,30.0936973223413,"Smooth","Max. Reward Condition",20,"1",19,NA,115,473,"Short",0.104350254469197,0.787758333559403,NA,0.492287041605236,"localGP"
"14634",60,2,3,8,28.3036834129197,30.0936973223413,"Smooth","Max. Reward Condition",20,"1",19,1,92,473,"Short",0.104350254469197,0.787758333559403,NA,0.492287041605236,"localGP"
"14635",60,3,1,0,30.9199294769584,30.9199294769584,"Smooth","Max. Reward Condition",20,"1",19,1,2,473,"Short",0.104350254469197,0.787758333559403,NA,0.492287041605236,"localGP"
"14636",60,4,2,0,58.6183750190208,58.6183750190208,"Smooth","Max. Reward Condition",20,"1",19,2,3,473,"Short",0.104350254469197,0.787758333559403,NA,0.492287041605236,"localGP"
"14637",60,5,2,1,73.5415165064452,73.5415165064452,"Smooth","Max. Reward Condition",20,"1",19,1,14,473,"Short",0.104350254469197,0.787758333559403,NA,0.492287041605236,"localGP"
"14638",60,6,2,2,85.7983244921108,85.7983244921108,"Smooth","Max. Reward Condition",20,"1",19,2,25,473,"Short",0.104350254469197,0.787758333559403,NA,0.492287041605236,"localGP"
"14639",60,7,3,2,41.5227672023987,85.7983244921108,"Smooth","Max. Reward Condition",20,"1",19,1,26,473,"Short",0.104350254469197,0.787758333559403,NA,0.492287041605236,"localGP"
"14640",60,8,7,4,73.3248485001287,85.7983244921108,"Smooth","Max. Reward Condition",20,"1",19,1,52,473,"Short",0.104350254469197,0.787758333559403,NA,0.492287041605236,"localGP"
"14641",60,9,7,3,80.7703625318279,85.7983244921108,"Smooth","Max. Reward Condition",20,"1",19,2,41,473,"Short",0.104350254469197,0.787758333559403,NA,0.492287041605236,"localGP"
"14642",60,10,7,2,56.0878866148788,85.7983244921108,"Smooth","Max. Reward Condition",20,"1",19,1,30,473,"Short",0.104350254469197,0.787758333559403,NA,0.492287041605236,"localGP"
"14643",60,11,9,2,72.7930930430247,85.7983244921108,"Smooth","Max. Reward Condition",20,"1",19,2,32,473,"Short",0.104350254469197,0.787758333559403,NA,0.492287041605236,"localGP"
"14644",60,12,9,1,60.8910168599768,85.7983244921108,"Smooth","Max. Reward Condition",20,"1",19,4,21,473,"Short",0.104350254469197,0.787758333559403,NA,0.492287041605236,"localGP"
"14645",60,13,5,5,69.1135856267553,85.7983244921108,"Smooth","Max. Reward Condition",20,"1",19,1,61,473,"Short",0.104350254469197,0.787758333559403,NA,0.492287041605236,"localGP"
"14646",60,14,5,4,59.2776068858534,85.7983244921108,"Smooth","Max. Reward Condition",20,"1",19,2,50,473,"Short",0.104350254469197,0.787758333559403,NA,0.492287041605236,"localGP"
"14647",60,15,5,2,33.1124573467648,85.7983244921108,"Smooth","Max. Reward Condition",20,"1",19,1,28,473,"Short",0.104350254469197,0.787758333559403,NA,0.492287041605236,"localGP"
"14648",60,16,5,10,47.8987262992674,85.7983244921108,"Smooth","Max. Reward Condition",20,"1",19,1,116,473,"Short",0.104350254469197,0.787758333559403,NA,0.492287041605236,"localGP"
"14649",60,17,7,9,29.4654937800479,85.7983244921108,"Smooth","Max. Reward Condition",20,"1",19,1,107,473,"Short",0.104350254469197,0.787758333559403,NA,0.492287041605236,"localGP"
"14650",60,18,7,8,55.9050623268235,85.7983244921108,"Smooth","Max. Reward Condition",20,"1",19,2,96,473,"Short",0.104350254469197,0.787758333559403,NA,0.492287041605236,"localGP"
"14651",60,19,1,7,13.81155818132,85.7983244921108,"Smooth","Max. Reward Condition",20,"1",19,1,79,473,"Short",0.104350254469197,0.787758333559403,NA,0.492287041605236,"localGP"
"14652",60,20,10,6,47.880592856799,85.7983244921108,"Smooth","Max. Reward Condition",20,"1",19,2,77,473,"Short",0.104350254469197,0.787758333559403,NA,0.492287041605236,"localGP"
"14653",60,21,9,0,57.2100931574182,85.7983244921108,"Smooth","Max. Reward Condition",20,"1",19,2,10,473,"Short",0.104350254469197,0.787758333559403,NA,0.492287041605236,"localGP"
"14654",60,1,10,7,45.5021698511978,45.5021698511978,"Smooth","Max. Reward Condition",40,"2",6,NA,88,474,"Long",0.114318575026062,0.808661897901489,NA,0.568422396497539,"localGP"
"14655",60,2,10,6,56.8143010916022,56.8143010916022,"Smooth","Max. Reward Condition",40,"2",6,1,77,474,"Long",0.114318575026062,0.808661897901489,NA,0.568422396497539,"localGP"
"14656",60,3,2,5,39.0984637940291,56.8143010916022,"Smooth","Max. Reward Condition",40,"2",6,2,58,474,"Long",0.114318575026062,0.808661897901489,NA,0.568422396497539,"localGP"
"14657",60,4,3,5,0,56.8143010916022,"Smooth","Max. Reward Condition",40,"2",6,7,59,474,"Long",0.114318575026062,0.808661897901489,NA,0.568422396497539,"localGP"
"14658",60,5,6,2,37.1794683639589,56.8143010916022,"Smooth","Max. Reward Condition",40,"2",6,1,29,474,"Long",0.114318575026062,0.808661897901489,NA,0.568422396497539,"localGP"
"14659",60,6,4,2,29.5493469848231,56.8143010916022,"Smooth","Max. Reward Condition",40,"2",6,3,27,474,"Long",0.114318575026062,0.808661897901489,NA,0.568422396497539,"localGP"
"14660",60,7,1,10,67.9554499447788,67.9554499447788,"Smooth","Max. Reward Condition",40,"2",6,1,112,474,"Long",0.114318575026062,0.808661897901489,NA,0.568422396497539,"localGP"
"14661",60,8,2,10,50.1552784295293,67.9554499447788,"Smooth","Max. Reward Condition",40,"2",6,2,113,474,"Long",0.114318575026062,0.808661897901489,NA,0.568422396497539,"localGP"
"14662",60,9,2,6,41.8450334706291,67.9554499447788,"Smooth","Max. Reward Condition",40,"2",6,1,69,474,"Long",0.114318575026062,0.808661897901489,NA,0.568422396497539,"localGP"
"14663",60,10,0,10,82.527541309215,82.527541309215,"Smooth","Max. Reward Condition",40,"2",6,3,111,474,"Long",0.114318575026062,0.808661897901489,NA,0.568422396497539,"localGP"
"14664",60,11,0,9,70.7016784293051,82.527541309215,"Smooth","Max. Reward Condition",40,"2",6,1,100,474,"Long",0.114318575026062,0.808661897901489,NA,0.568422396497539,"localGP"
"14665",60,12,0,8,61.7889867982793,82.527541309215,"Smooth","Max. Reward Condition",40,"2",6,2,89,474,"Long",0.114318575026062,0.808661897901489,NA,0.568422396497539,"localGP"
"14666",60,13,9,1,48.6385669083933,82.527541309215,"Smooth","Max. Reward Condition",40,"2",6,1,21,474,"Long",0.114318575026062,0.808661897901489,NA,0.568422396497539,"localGP"
"14667",60,14,8,1,68.8502438954186,82.527541309215,"Smooth","Max. Reward Condition",40,"2",6,5,20,474,"Long",0.114318575026062,0.808661897901489,NA,0.568422396497539,"localGP"
"14668",60,15,10,0,10.3010804163192,82.527541309215,"Smooth","Max. Reward Condition",40,"2",6,7,11,474,"Long",0.114318575026062,0.808661897901489,NA,0.568422396497539,"localGP"
"14669",60,16,5,1,54.7135189925466,82.527541309215,"Smooth","Max. Reward Condition",40,"2",6,13,17,474,"Long",0.114318575026062,0.808661897901489,NA,0.568422396497539,"localGP"
"14670",60,17,4,6,16.9158331978678,82.527541309215,"Smooth","Max. Reward Condition",40,"2",6,5,71,474,"Long",0.114318575026062,0.808661897901489,NA,0.568422396497539,"localGP"
"14671",60,18,1,10,67.9554499447788,82.527541309215,"Smooth","Max. Reward Condition",40,"2",6,4,112,474,"Long",0.114318575026062,0.808661897901489,NA,0.568422396497539,"localGP"
"14672",60,19,6,4,34.0889045478091,82.527541309215,"Smooth","Max. Reward Condition",40,"2",6,17,51,474,"Long",0.114318575026062,0.808661897901489,NA,0.568422396497539,"localGP"
"14673",60,20,9,4,38.9053928738071,82.527541309215,"Smooth","Max. Reward Condition",40,"2",6,3,54,474,"Long",0.114318575026062,0.808661897901489,NA,0.568422396497539,"localGP"
"14674",60,21,9,3,30.7578099709399,82.527541309215,"Smooth","Max. Reward Condition",40,"2",6,4,43,474,"Long",0.114318575026062,0.808661897901489,NA,0.568422396497539,"localGP"
"14675",60,22,10,7,45.5021698511978,82.527541309215,"Smooth","Max. Reward Condition",40,"2",6,3,88,474,"Long",0.114318575026062,0.808661897901489,NA,0.568422396497539,"localGP"
"14676",60,23,9,7,52.0950905321092,82.527541309215,"Smooth","Max. Reward Condition",40,"2",6,8,87,474,"Long",0.114318575026062,0.808661897901489,NA,0.568422396497539,"localGP"
"14677",60,24,3,3,53.304494443318,82.527541309215,"Smooth","Max. Reward Condition",40,"2",6,3,37,474,"Long",0.114318575026062,0.808661897901489,NA,0.568422396497539,"localGP"
"14678",60,25,2,4,50.1349691465134,82.527541309215,"Smooth","Max. Reward Condition",40,"2",6,3,47,474,"Long",0.114318575026062,0.808661897901489,NA,0.568422396497539,"localGP"
"14679",60,26,1,4,80.1452331951454,82.527541309215,"Smooth","Max. Reward Condition",40,"2",6,5,46,474,"Long",0.114318575026062,0.808661897901489,NA,0.568422396497539,"localGP"
"14680",60,27,1,3,70.5820098602199,82.527541309215,"Smooth","Max. Reward Condition",40,"2",6,1,35,474,"Long",0.114318575026062,0.808661897901489,NA,0.568422396497539,"localGP"
"14681",60,28,0,3,82.5721379784096,82.5721379784096,"Smooth","Max. Reward Condition",40,"2",6,3,34,474,"Long",0.114318575026062,0.808661897901489,NA,0.568422396497539,"localGP"
"14682",60,29,0,4,74.8791108715427,82.5721379784096,"Smooth","Max. Reward Condition",40,"2",6,6,45,474,"Long",0.114318575026062,0.808661897901489,NA,0.568422396497539,"localGP"
"14683",60,30,0,5,85.1317086337792,85.1317086337792,"Smooth","Max. Reward Condition",40,"2",6,3,56,474,"Long",0.114318575026062,0.808661897901489,NA,0.568422396497539,"localGP"
"14684",60,31,0,2,64.4680936879448,85.1317086337792,"Smooth","Max. Reward Condition",40,"2",6,3,23,474,"Long",0.114318575026062,0.808661897901489,NA,0.568422396497539,"localGP"
"14685",60,32,1,2,44.6789211207644,85.1317086337792,"Smooth","Max. Reward Condition",40,"2",6,1,24,474,"Long",0.114318575026062,0.808661897901489,NA,0.568422396497539,"localGP"
"14686",60,33,7,1,83.5475141176989,85.1317086337792,"Smooth","Max. Reward Condition",40,"2",6,3,19,474,"Long",0.114318575026062,0.808661897901489,NA,0.568422396497539,"localGP"
"14687",60,34,7,0,94.4174730147353,94.4174730147353,"Smooth","Max. Reward Condition",40,"2",6,3,8,474,"Long",0.114318575026062,0.808661897901489,NA,0.568422396497539,"localGP"
"14688",60,35,9,5,16.2842425403002,94.4174730147353,"Smooth","Max. Reward Condition",40,"2",6,8,65,474,"Long",0.114318575026062,0.808661897901489,NA,0.568422396497539,"localGP"
"14689",60,36,2,8,11.0893535309519,94.4174730147353,"Smooth","Max. Reward Condition",40,"2",6,1,91,474,"Long",0.114318575026062,0.808661897901489,NA,0.568422396497539,"localGP"
"14690",60,37,3,8,24.7062704261568,94.4174730147353,"Smooth","Max. Reward Condition",40,"2",6,4,92,474,"Long",0.114318575026062,0.808661897901489,NA,0.568422396497539,"localGP"
"14691",60,38,4,8,46.9524514765954,94.4174730147353,"Smooth","Max. Reward Condition",40,"2",6,12,93,474,"Long",0.114318575026062,0.808661897901489,NA,0.568422396497539,"localGP"
"14692",60,39,5,8,46.7235740972404,94.4174730147353,"Smooth","Max. Reward Condition",40,"2",6,1,94,474,"Long",0.114318575026062,0.808661897901489,NA,0.568422396497539,"localGP"
"14693",60,40,5,7,40.6549349788525,94.4174730147353,"Smooth","Max. Reward Condition",40,"2",6,3,83,474,"Long",0.114318575026062,0.808661897901489,NA,0.568422396497539,"localGP"
"14694",60,41,6,7,25.9195869145275,94.4174730147353,"Smooth","Max. Reward Condition",40,"2",6,6,84,474,"Long",0.114318575026062,0.808661897901489,NA,0.568422396497539,"localGP"
"14695",60,1,4,1,57.1643827547163,57.1643827547163,"Smooth","Max. Reward Condition",20,"3",10,NA,16,475,"Short",0.0913221933620715,0.790176126933277,NA,0.463180172726778,"localGP"
"14696",60,2,4,0,53.850860567956,57.1643827547163,"Smooth","Max. Reward Condition",20,"3",10,1,5,475,"Short",0.0913221933620715,0.790176126933277,NA,0.463180172726778,"localGP"
"14697",60,3,5,2,78.8586431174006,78.8586431174006,"Smooth","Max. Reward Condition",20,"3",10,2,28,475,"Short",0.0913221933620715,0.790176126933277,NA,0.463180172726778,"localGP"
"14698",60,4,0,4,27.2386379054734,78.8586431174006,"Smooth","Max. Reward Condition",20,"3",10,1,45,475,"Short",0.0913221933620715,0.790176126933277,NA,0.463180172726778,"localGP"
"14699",60,5,9,1,41.1826185307411,78.8586431174006,"Smooth","Max. Reward Condition",20,"3",10,1,21,475,"Short",0.0913221933620715,0.790176126933277,NA,0.463180172726778,"localGP"
"14700",60,6,8,1,54.5000391285094,78.8586431174006,"Smooth","Max. Reward Condition",20,"3",10,1,20,475,"Short",0.0913221933620715,0.790176126933277,NA,0.463180172726778,"localGP"
"14701",60,7,8,0,51.8507217555431,78.8586431174006,"Smooth","Max. Reward Condition",20,"3",10,1,9,475,"Short",0.0913221933620715,0.790176126933277,NA,0.463180172726778,"localGP"
"14702",60,8,7,1,56.8679391760185,78.8586431174006,"Smooth","Max. Reward Condition",20,"3",10,1,19,475,"Short",0.0913221933620715,0.790176126933277,NA,0.463180172726778,"localGP"
"14703",60,9,6,1,59.0938949398231,78.8586431174006,"Smooth","Max. Reward Condition",20,"3",10,1,18,475,"Short",0.0913221933620715,0.790176126933277,NA,0.463180172726778,"localGP"
"14704",60,10,5,1,61.2403460186364,78.8586431174006,"Smooth","Max. Reward Condition",20,"3",10,1,17,475,"Short",0.0913221933620715,0.790176126933277,NA,0.463180172726778,"localGP"
"14705",60,11,5,0,61.2584278059806,78.8586431174006,"Smooth","Max. Reward Condition",20,"3",10,8,6,475,"Short",0.0913221933620715,0.790176126933277,NA,0.463180172726778,"localGP"
"14706",60,12,2,1,47.2554577886934,78.8586431174006,"Smooth","Max. Reward Condition",20,"3",10,6,14,475,"Short",0.0913221933620715,0.790176126933277,NA,0.463180172726778,"localGP"
"14707",60,13,9,0,60.0001478018408,78.8586431174006,"Smooth","Max. Reward Condition",20,"3",10,13,10,475,"Short",0.0913221933620715,0.790176126933277,NA,0.463180172726778,"localGP"
"14708",60,14,7,0,65.3233265309543,78.8586431174006,"Smooth","Max. Reward Condition",20,"3",10,10,8,475,"Short",0.0913221933620715,0.790176126933277,NA,0.463180172726778,"localGP"
"14709",60,15,5,9,26.2088929234098,78.8586431174006,"Smooth","Max. Reward Condition",20,"3",10,1,105,475,"Short",0.0913221933620715,0.790176126933277,NA,0.463180172726778,"localGP"
"14710",60,16,4,9,0,78.8586431174006,"Smooth","Max. Reward Condition",20,"3",10,1,104,475,"Short",0.0913221933620715,0.790176126933277,NA,0.463180172726778,"localGP"
"14711",60,17,1,10,34.0978741381487,78.8586431174006,"Smooth","Max. Reward Condition",20,"3",10,1,112,475,"Short",0.0913221933620715,0.790176126933277,NA,0.463180172726778,"localGP"
"14712",60,18,7,3,51.9507469793725,78.8586431174006,"Smooth","Max. Reward Condition",20,"3",10,15,41,475,"Short",0.0913221933620715,0.790176126933277,NA,0.463180172726778,"localGP"
"14713",60,19,7,4,67.8088166465802,78.8586431174006,"Smooth","Max. Reward Condition",20,"3",10,5,52,475,"Short",0.0913221933620715,0.790176126933277,NA,0.463180172726778,"localGP"
"14714",60,20,6,4,54.6685625446388,78.8586431174006,"Smooth","Max. Reward Condition",20,"3",10,7,51,475,"Short",0.0913221933620715,0.790176126933277,NA,0.463180172726778,"localGP"
"14715",60,21,5,7,54.5083203528805,78.8586431174006,"Smooth","Max. Reward Condition",20,"3",10,4,83,475,"Short",0.0913221933620715,0.790176126933277,NA,0.463180172726778,"localGP"
"14716",60,1,1,10,77.0882484878786,77.0882484878786,"Smooth","Max. Reward Condition",40,"4",1,NA,112,476,"Long",0.136112967626093,0.843681929569283,NA,0.673672089852924,"localGP"
"14717",60,2,0,10,65.0870540007068,77.0882484878786,"Smooth","Max. Reward Condition",40,"4",1,1,111,476,"Long",0.136112967626093,0.843681929569283,NA,0.673672089852924,"localGP"
"14718",60,3,7,10,39.1305006812837,77.0882484878786,"Smooth","Max. Reward Condition",40,"4",1,6,118,476,"Long",0.136112967626093,0.843681929569283,NA,0.673672089852924,"localGP"
"14719",60,4,8,5,58.2160279726654,77.0882484878786,"Smooth","Max. Reward Condition",40,"4",1,5,64,476,"Long",0.136112967626093,0.843681929569283,NA,0.673672089852924,"localGP"
"14720",60,5,7,4,77.4616893062404,77.4616893062404,"Smooth","Max. Reward Condition",40,"4",1,9,52,476,"Long",0.136112967626093,0.843681929569283,NA,0.673672089852924,"localGP"
"14721",60,6,6,4,96.8351832239486,96.8351832239486,"Smooth","Max. Reward Condition",40,"4",1,5,51,476,"Long",0.136112967626093,0.843681929569283,NA,0.673672089852924,"localGP"
"14722",60,7,5,4,93.0511729954542,96.8351832239486,"Smooth","Max. Reward Condition",40,"4",1,3,50,476,"Long",0.136112967626093,0.843681929569283,NA,0.673672089852924,"localGP"
"14723",60,8,5,5,89.574494748802,96.8351832239486,"Smooth","Max. Reward Condition",40,"4",1,4,61,476,"Long",0.136112967626093,0.843681929569283,NA,0.673672089852924,"localGP"
"14724",60,9,4,5,50.9861643343635,96.8351832239486,"Smooth","Max. Reward Condition",40,"4",1,12,60,476,"Long",0.136112967626093,0.843681929569283,NA,0.673672089852924,"localGP"
"14725",60,10,4,6,37.058891508221,96.8351832239486,"Smooth","Max. Reward Condition",40,"4",1,2,71,476,"Long",0.136112967626093,0.843681929569283,NA,0.673672089852924,"localGP"
"14726",60,11,3,8,30.5083687411474,96.8351832239486,"Smooth","Max. Reward Condition",40,"4",1,5,92,476,"Long",0.136112967626093,0.843681929569283,NA,0.673672089852924,"localGP"
"14727",60,12,4,7,41.0206081591078,96.8351832239486,"Smooth","Max. Reward Condition",40,"4",1,3,82,476,"Long",0.136112967626093,0.843681929569283,NA,0.673672089852924,"localGP"
"14728",60,13,0,3,48.8719334165686,96.8351832239486,"Smooth","Max. Reward Condition",40,"4",1,1,34,476,"Long",0.136112967626093,0.843681929569283,NA,0.673672089852924,"localGP"
"14729",60,14,0,2,31.3251454168042,96.8351832239486,"Smooth","Max. Reward Condition",40,"4",1,1,23,476,"Long",0.136112967626093,0.843681929569283,NA,0.673672089852924,"localGP"
"14730",60,15,1,1,29.8781350301425,96.8351832239486,"Smooth","Max. Reward Condition",40,"4",1,1,13,476,"Long",0.136112967626093,0.843681929569283,NA,0.673672089852924,"localGP"
"14731",60,16,1,4,60.3734677972123,96.8351832239486,"Smooth","Max. Reward Condition",40,"4",1,1,46,476,"Long",0.136112967626093,0.843681929569283,NA,0.673672089852924,"localGP"
"14732",60,17,0,4,53.2133546704332,96.8351832239486,"Smooth","Max. Reward Condition",40,"4",1,3,45,476,"Long",0.136112967626093,0.843681929569283,NA,0.673672089852924,"localGP"
"14733",60,18,5,7,56.1045851311328,96.8351832239486,"Smooth","Max. Reward Condition",40,"4",1,1,83,476,"Long",0.136112967626093,0.843681929569283,NA,0.673672089852924,"localGP"
"14734",60,19,5,6,69.9155090037251,96.8351832239486,"Smooth","Max. Reward Condition",40,"4",1,1,72,476,"Long",0.136112967626093,0.843681929569283,NA,0.673672089852924,"localGP"
"14735",60,20,6,6,78.697918940418,96.8351832239486,"Smooth","Max. Reward Condition",40,"4",1,0,73,476,"Long",0.136112967626093,0.843681929569283,NA,0.673672089852924,"localGP"
"14736",60,21,6,5,96.622130971634,96.8351832239486,"Smooth","Max. Reward Condition",40,"4",1,1,62,476,"Long",0.136112967626093,0.843681929569283,NA,0.673672089852924,"localGP"
"14737",60,22,8,10,52.0181459798519,96.8351832239486,"Smooth","Max. Reward Condition",40,"4",1,1,119,476,"Long",0.136112967626093,0.843681929569283,NA,0.673672089852924,"localGP"
"14738",60,23,1,7,64.2118511787295,96.8351832239486,"Smooth","Max. Reward Condition",40,"4",1,1,79,476,"Long",0.136112967626093,0.843681929569283,NA,0.673672089852924,"localGP"
"14739",60,24,1,8,67.4295625369789,96.8351832239486,"Smooth","Max. Reward Condition",40,"4",1,1,90,476,"Long",0.136112967626093,0.843681929569283,NA,0.673672089852924,"localGP"
"14740",60,25,6,6,78.697918940418,96.8351832239486,"Smooth","Max. Reward Condition",40,"4",1,1,73,476,"Long",0.136112967626093,0.843681929569283,NA,0.673672089852924,"localGP"
"14741",60,26,9,4,46.9020472211933,96.8351832239486,"Smooth","Max. Reward Condition",40,"4",1,1,54,476,"Long",0.136112967626093,0.843681929569283,NA,0.673672089852924,"localGP"
"14742",60,27,10,3,52.5263702700094,96.8351832239486,"Smooth","Max. Reward Condition",40,"4",1,5,44,476,"Long",0.136112967626093,0.843681929569283,NA,0.673672089852924,"localGP"
"14743",60,28,10,2,27.6401369749031,96.8351832239486,"Smooth","Max. Reward Condition",40,"4",1,0,33,476,"Long",0.136112967626093,0.843681929569283,NA,0.673672089852924,"localGP"
"14744",60,29,10,4,48.9608257222968,96.8351832239486,"Smooth","Max. Reward Condition",40,"4",1,2,55,476,"Long",0.136112967626093,0.843681929569283,NA,0.673672089852924,"localGP"
"14745",60,30,9,5,46.4508872756904,96.8351832239486,"Smooth","Max. Reward Condition",40,"4",1,2,65,476,"Long",0.136112967626093,0.843681929569283,NA,0.673672089852924,"localGP"
"14746",60,31,9,6,61.0773012184803,96.8351832239486,"Smooth","Max. Reward Condition",40,"4",1,3,76,476,"Long",0.136112967626093,0.843681929569283,NA,0.673672089852924,"localGP"
"14747",60,32,10,6,66.4033612703387,96.8351832239486,"Smooth","Max. Reward Condition",40,"4",1,1,77,476,"Long",0.136112967626093,0.843681929569283,NA,0.673672089852924,"localGP"
"14748",60,33,10,7,54.8683474490232,96.8351832239486,"Smooth","Max. Reward Condition",40,"4",1,3,88,476,"Long",0.136112967626093,0.843681929569283,NA,0.673672089852924,"localGP"
"14749",60,34,2,6,33.299457976919,96.8351832239486,"Smooth","Max. Reward Condition",40,"4",1,4,69,476,"Long",0.136112967626093,0.843681929569283,NA,0.673672089852924,"localGP"
"14750",60,35,5,2,71.346109333768,96.8351832239486,"Smooth","Max. Reward Condition",40,"4",1,5,28,476,"Long",0.136112967626093,0.843681929569283,NA,0.673672089852924,"localGP"
"14751",60,36,4,2,19.1724836106021,96.8351832239486,"Smooth","Max. Reward Condition",40,"4",1,3,27,476,"Long",0.136112967626093,0.843681929569283,NA,0.673672089852924,"localGP"
"14752",60,37,0,7,66.7767330115422,96.8351832239486,"Smooth","Max. Reward Condition",40,"4",1,7,78,476,"Long",0.136112967626093,0.843681929569283,NA,0.673672089852924,"localGP"
"14753",60,38,0,8,74.6091743351065,96.8351832239486,"Smooth","Max. Reward Condition",40,"4",1,4,89,476,"Long",0.136112967626093,0.843681929569283,NA,0.673672089852924,"localGP"
"14754",60,39,10,5,44.5875145646547,96.8351832239486,"Smooth","Max. Reward Condition",40,"4",1,4,66,476,"Long",0.136112967626093,0.843681929569283,NA,0.673672089852924,"localGP"
"14755",60,40,1,5,36.553012201289,96.8351832239486,"Smooth","Max. Reward Condition",40,"4",1,6,57,476,"Long",0.136112967626093,0.843681929569283,NA,0.673672089852924,"localGP"
"14756",60,41,7,8,50.1559154426646,96.8351832239486,"Smooth","Max. Reward Condition",40,"4",1,9,96,476,"Long",0.136112967626093,0.843681929569283,NA,0.673672089852924,"localGP"
"14757",60,1,1,1,62.6840921632326,62.6840921632326,"Smooth","Max. Reward Condition",20,"5",16,NA,13,477,"Short",0.0933633381641619,0.781846956662615,NA,0.472117452126236,"localGP"
"14758",60,2,0,1,45.6400924104609,62.6840921632326,"Smooth","Max. Reward Condition",20,"5",16,1,12,477,"Short",0.0933633381641619,0.781846956662615,NA,0.472117452126236,"localGP"
"14759",60,3,5,1,38.6890479154097,62.6840921632326,"Smooth","Max. Reward Condition",20,"5",16,2,17,477,"Short",0.0933633381641619,0.781846956662615,NA,0.472117452126236,"localGP"
"14760",60,4,9,9,48.2469413431705,62.6840921632326,"Smooth","Max. Reward Condition",20,"5",16,1,109,477,"Short",0.0933633381641619,0.781846956662615,NA,0.472117452126236,"localGP"
"14761",60,5,10,9,72.5110425569696,72.5110425569696,"Smooth","Max. Reward Condition",20,"5",16,1,110,477,"Short",0.0933633381641619,0.781846956662615,NA,0.472117452126236,"localGP"
"14762",60,6,10,8,76.157753608192,76.157753608192,"Smooth","Max. Reward Condition",20,"5",16,1,99,477,"Short",0.0933633381641619,0.781846956662615,NA,0.472117452126236,"localGP"
"14763",60,7,10,7,85.439763813076,85.439763813076,"Smooth","Max. Reward Condition",20,"5",16,4,88,477,"Short",0.0933633381641619,0.781846956662615,NA,0.472117452126236,"localGP"
"14764",60,8,10,6,87.869042125599,87.869042125599,"Smooth","Max. Reward Condition",20,"5",16,11,77,477,"Short",0.0933633381641619,0.781846956662615,NA,0.472117452126236,"localGP"
"14765",60,9,9,6,72.6451286930569,87.869042125599,"Smooth","Max. Reward Condition",20,"5",16,6,76,477,"Short",0.0933633381641619,0.781846956662615,NA,0.472117452126236,"localGP"
"14766",60,10,9,5,54.5094189956315,87.869042125599,"Smooth","Max. Reward Condition",20,"5",16,1,65,477,"Short",0.0933633381641619,0.781846956662615,NA,0.472117452126236,"localGP"
"14767",60,11,9,8,70.9435815561283,87.869042125599,"Smooth","Max. Reward Condition",20,"5",16,2,98,477,"Short",0.0933633381641619,0.781846956662615,NA,0.472117452126236,"localGP"
"14768",60,12,9,7,82.1507669313946,87.869042125599,"Smooth","Max. Reward Condition",20,"5",16,1,87,477,"Short",0.0933633381641619,0.781846956662615,NA,0.472117452126236,"localGP"
"14769",60,13,8,7,52.5353402462406,87.869042125599,"Smooth","Max. Reward Condition",20,"5",16,2,86,477,"Short",0.0933633381641619,0.781846956662615,NA,0.472117452126236,"localGP"
"14770",60,14,0,7,37.8557325594618,87.869042125599,"Smooth","Max. Reward Condition",20,"5",16,1,78,477,"Short",0.0933633381641619,0.781846956662615,NA,0.472117452126236,"localGP"
"14771",60,15,0,6,35.4675147086049,87.869042125599,"Smooth","Max. Reward Condition",20,"5",16,4,67,477,"Short",0.0933633381641619,0.781846956662615,NA,0.472117452126236,"localGP"
"14772",60,16,0,5,14.7037346704813,87.869042125599,"Smooth","Max. Reward Condition",20,"5",16,3,56,477,"Short",0.0933633381641619,0.781846956662615,NA,0.472117452126236,"localGP"
"14773",60,17,8,8,44.062668247347,87.869042125599,"Smooth","Max. Reward Condition",20,"5",16,6,97,477,"Short",0.0933633381641619,0.781846956662615,NA,0.472117452126236,"localGP"
"14774",60,18,6,7,11.109165355926,87.869042125599,"Smooth","Max. Reward Condition",20,"5",16,3,84,477,"Short",0.0933633381641619,0.781846956662615,NA,0.472117452126236,"localGP"
"14775",60,19,5,7,14.4741321431637,87.869042125599,"Smooth","Max. Reward Condition",20,"5",16,2,83,477,"Short",0.0933633381641619,0.781846956662615,NA,0.472117452126236,"localGP"
"14776",60,20,5,5,69.5623666177624,87.869042125599,"Smooth","Max. Reward Condition",20,"5",16,11,61,477,"Short",0.0933633381641619,0.781846956662615,NA,0.472117452126236,"localGP"
"14777",60,21,0,3,30.8986299879706,87.869042125599,"Smooth","Max. Reward Condition",20,"5",16,2,34,477,"Short",0.0933633381641619,0.781846956662615,NA,0.472117452126236,"localGP"
"14778",60,1,8,0,73.9756184562908,73.9756184562908,"Smooth","Max. Reward Condition",40,"6",12,NA,9,478,"Long",0.106320971944408,0.846714378627076,NA,0.530648905240383,"localGP"
"14779",60,2,8,1,63.22858219745,73.9756184562908,"Smooth","Max. Reward Condition",40,"6",12,7,20,478,"Long",0.106320971944408,0.846714378627076,NA,0.530648905240383,"localGP"
"14780",60,3,6,1,64.0621686856382,73.9756184562908,"Smooth","Max. Reward Condition",40,"6",12,2,18,478,"Long",0.106320971944408,0.846714378627076,NA,0.530648905240383,"localGP"
"14781",60,4,1,9,48.3624472959168,73.9756184562908,"Smooth","Max. Reward Condition",40,"6",12,2,101,478,"Long",0.106320971944408,0.846714378627076,NA,0.530648905240383,"localGP"
"14782",60,5,10,6,45.8452635270677,73.9756184562908,"Smooth","Max. Reward Condition",40,"6",12,1,77,478,"Long",0.106320971944408,0.846714378627076,NA,0.530648905240383,"localGP"
"14783",60,6,9,5,58.7716718822745,73.9756184562908,"Smooth","Max. Reward Condition",40,"6",12,2,65,478,"Long",0.106320971944408,0.846714378627076,NA,0.530648905240383,"localGP"
"14784",60,7,1,5,60.2115433548299,73.9756184562908,"Smooth","Max. Reward Condition",40,"6",12,3,57,478,"Long",0.106320971944408,0.846714378627076,NA,0.530648905240383,"localGP"
"14785",60,8,0,5,77.2112954701878,77.2112954701878,"Smooth","Max. Reward Condition",40,"6",12,1,56,478,"Long",0.106320971944408,0.846714378627076,NA,0.530648905240383,"localGP"
"14786",60,9,0,4,73.4344016997412,77.2112954701878,"Smooth","Max. Reward Condition",40,"6",12,2,45,478,"Long",0.106320971944408,0.846714378627076,NA,0.530648905240383,"localGP"
"14787",60,10,3,8,33.3403735872843,77.2112954701878,"Smooth","Max. Reward Condition",40,"6",12,4,92,478,"Long",0.106320971944408,0.846714378627076,NA,0.530648905240383,"localGP"
"14788",60,11,2,8,43.3826449218407,77.2112954701878,"Smooth","Max. Reward Condition",40,"6",12,1,91,478,"Long",0.106320971944408,0.846714378627076,NA,0.530648905240383,"localGP"
"14789",60,12,6,9,44.7235531380428,77.2112954701878,"Smooth","Max. Reward Condition",40,"6",12,2,106,478,"Long",0.106320971944408,0.846714378627076,NA,0.530648905240383,"localGP"
"14790",60,13,10,9,82.6126094041151,82.6126094041151,"Smooth","Max. Reward Condition",40,"6",12,1,110,478,"Long",0.106320971944408,0.846714378627076,NA,0.530648905240383,"localGP"
"14791",60,14,10,10,82.1633669638576,82.6126094041151,"Smooth","Max. Reward Condition",40,"6",12,6,121,478,"Long",0.106320971944408,0.846714378627076,NA,0.530648905240383,"localGP"
"14792",60,15,9,7,78.9152227809253,82.6126094041151,"Smooth","Max. Reward Condition",40,"6",12,3,87,478,"Long",0.106320971944408,0.846714378627076,NA,0.530648905240383,"localGP"
"14793",60,16,8,6,87.8662142990348,87.8662142990348,"Smooth","Max. Reward Condition",40,"6",12,9,75,478,"Long",0.106320971944408,0.846714378627076,NA,0.530648905240383,"localGP"
"14794",60,17,1,0,41.1943881385289,87.8662142990348,"Smooth","Max. Reward Condition",40,"6",12,2,2,478,"Long",0.106320971944408,0.846714378627076,NA,0.530648905240383,"localGP"
"14795",60,18,7,10,34.4221840865233,87.8662142990348,"Smooth","Max. Reward Condition",40,"6",12,10,118,478,"Long",0.106320971944408,0.846714378627076,NA,0.530648905240383,"localGP"
"14796",60,19,7,10,34.4221840865233,87.8662142990348,"Smooth","Max. Reward Condition",40,"6",12,2,118,478,"Long",0.106320971944408,0.846714378627076,NA,0.530648905240383,"localGP"
"14797",60,20,8,10,59.9540660369886,87.8662142990348,"Smooth","Max. Reward Condition",40,"6",12,2,119,478,"Long",0.106320971944408,0.846714378627076,NA,0.530648905240383,"localGP"
"14798",60,21,9,10,67.4802551534836,87.8662142990348,"Smooth","Max. Reward Condition",40,"6",12,2,120,478,"Long",0.106320971944408,0.846714378627076,NA,0.530648905240383,"localGP"
"14799",60,22,4,7,71.8109228804708,87.8662142990348,"Smooth","Max. Reward Condition",40,"6",12,1,82,478,"Long",0.106320971944408,0.846714378627076,NA,0.530648905240383,"localGP"
"14800",60,23,4,6,68.9050868774384,87.8662142990348,"Smooth","Max. Reward Condition",40,"6",12,1,71,478,"Long",0.106320971944408,0.846714378627076,NA,0.530648905240383,"localGP"
"14801",60,24,4,5,57.6305415572569,87.8662142990348,"Smooth","Max. Reward Condition",40,"6",12,1,60,478,"Long",0.106320971944408,0.846714378627076,NA,0.530648905240383,"localGP"
"14802",60,25,6,4,26.6495557204541,87.8662142990348,"Smooth","Max. Reward Condition",40,"6",12,2,51,478,"Long",0.106320971944408,0.846714378627076,NA,0.530648905240383,"localGP"
"14803",60,26,6,3,32.6895102887669,87.8662142990348,"Smooth","Max. Reward Condition",40,"6",12,2,40,478,"Long",0.106320971944408,0.846714378627076,NA,0.530648905240383,"localGP"
"14804",60,27,5,3,27.1172437554855,87.8662142990348,"Smooth","Max. Reward Condition",40,"6",12,1,39,478,"Long",0.106320971944408,0.846714378627076,NA,0.530648905240383,"localGP"
"14805",60,28,4,4,47.4352685864359,87.8662142990348,"Smooth","Max. Reward Condition",40,"6",12,3,49,478,"Long",0.106320971944408,0.846714378627076,NA,0.530648905240383,"localGP"
"14806",60,29,2,4,17.0886518121554,87.8662142990348,"Smooth","Max. Reward Condition",40,"6",12,1,47,478,"Long",0.106320971944408,0.846714378627076,NA,0.530648905240383,"localGP"
"14807",60,30,3,4,34.4456880068481,87.8662142990348,"Smooth","Max. Reward Condition",40,"6",12,10,48,478,"Long",0.106320971944408,0.846714378627076,NA,0.530648905240383,"localGP"
"14808",60,31,3,3,78.6603428808522,87.8662142990348,"Smooth","Max. Reward Condition",40,"6",12,2,37,478,"Long",0.106320971944408,0.846714378627076,NA,0.530648905240383,"localGP"
"14809",60,32,3,2,92.3609329000905,92.3609329000905,"Smooth","Max. Reward Condition",40,"6",12,1,26,478,"Long",0.106320971944408,0.846714378627076,NA,0.530648905240383,"localGP"
"14810",60,33,3,1,68.4386100251646,92.3609329000905,"Smooth","Max. Reward Condition",40,"6",12,2,15,478,"Long",0.106320971944408,0.846714378627076,NA,0.530648905240383,"localGP"
"14811",60,34,4,1,56.1038322690093,92.3609329000905,"Smooth","Max. Reward Condition",40,"6",12,6,16,478,"Long",0.106320971944408,0.846714378627076,NA,0.530648905240383,"localGP"
"14812",60,35,4,0,44.6746717399541,92.3609329000905,"Smooth","Max. Reward Condition",40,"6",12,1,5,478,"Long",0.106320971944408,0.846714378627076,NA,0.530648905240383,"localGP"
"14813",60,36,3,0,64.7269948092112,92.3609329000905,"Smooth","Max. Reward Condition",40,"6",12,7,4,478,"Long",0.106320971944408,0.846714378627076,NA,0.530648905240383,"localGP"
"14814",60,37,2,8,43.3826449218407,92.3609329000905,"Smooth","Max. Reward Condition",40,"6",12,2,91,478,"Long",0.106320971944408,0.846714378627076,NA,0.530648905240383,"localGP"
"14815",60,38,1,7,41.3820434825426,92.3609329000905,"Smooth","Max. Reward Condition",40,"6",12,1,79,478,"Long",0.106320971944408,0.846714378627076,NA,0.530648905240383,"localGP"
"14816",60,39,2,5,10.9073307370141,92.3609329000905,"Smooth","Max. Reward Condition",40,"6",12,2,58,478,"Long",0.106320971944408,0.846714378627076,NA,0.530648905240383,"localGP"
"14817",60,40,2,7,41.0584762362061,92.3609329000905,"Smooth","Max. Reward Condition",40,"6",12,6,80,478,"Long",0.106320971944408,0.846714378627076,NA,0.530648905240383,"localGP"
"14818",60,41,9,4,56.4576797059475,92.3609329000905,"Smooth","Max. Reward Condition",40,"6",12,3,54,478,"Long",0.106320971944408,0.846714378627076,NA,0.530648905240383,"localGP"
"14819",60,1,3,1,75.1442624365829,75.1442624365829,"Smooth","Max. Reward Condition",20,"7",18,NA,15,479,"Short",0.0913712355471561,0.866397879819286,NA,0.464975985778443,"localGP"
"14820",60,2,2,5,28.3106281722044,75.1442624365829,"Smooth","Max. Reward Condition",20,"7",18,1,58,479,"Short",0.0913712355471561,0.866397879819286,NA,0.464975985778443,"localGP"
"14821",60,3,3,3,53.9768384538052,75.1442624365829,"Smooth","Max. Reward Condition",20,"7",18,2,37,479,"Short",0.0913712355471561,0.866397879819286,NA,0.464975985778443,"localGP"
"14822",60,4,5,4,37.8791272787462,75.1442624365829,"Smooth","Max. Reward Condition",20,"7",18,3,50,479,"Short",0.0913712355471561,0.866397879819286,NA,0.464975985778443,"localGP"
"14823",60,5,3,1,75.1442624365829,75.1442624365829,"Smooth","Max. Reward Condition",20,"7",18,1,15,479,"Short",0.0913712355471561,0.866397879819286,NA,0.464975985778443,"localGP"
"14824",60,6,3,0,28.442618018304,75.1442624365829,"Smooth","Max. Reward Condition",20,"7",18,2,4,479,"Short",0.0913712355471561,0.866397879819286,NA,0.464975985778443,"localGP"
"14825",60,7,1,9,58.9073420651609,75.1442624365829,"Smooth","Max. Reward Condition",20,"7",18,1,101,479,"Short",0.0913712355471561,0.866397879819286,NA,0.464975985778443,"localGP"
"14826",60,8,2,9,54.5359599883725,75.1442624365829,"Smooth","Max. Reward Condition",20,"7",18,5,102,479,"Short",0.0913712355471561,0.866397879819286,NA,0.464975985778443,"localGP"
"14827",60,9,2,10,25.2569128061938,75.1442624365829,"Smooth","Max. Reward Condition",20,"7",18,7,113,479,"Short",0.0913712355471561,0.866397879819286,NA,0.464975985778443,"localGP"
"14828",60,10,1,9,58.9073420651609,75.1442624365829,"Smooth","Max. Reward Condition",20,"7",18,7,101,479,"Short",0.0913712355471561,0.866397879819286,NA,0.464975985778443,"localGP"
"14829",60,11,3,7,22.0436802123003,75.1442624365829,"Smooth","Max. Reward Condition",20,"7",18,4,81,479,"Short",0.0913712355471561,0.866397879819286,NA,0.464975985778443,"localGP"
"14830",60,12,4,6,56.6641694320835,75.1442624365829,"Smooth","Max. Reward Condition",20,"7",18,11,71,479,"Short",0.0913712355471561,0.866397879819286,NA,0.464975985778443,"localGP"
"14831",60,13,5,6,67.4717782812046,75.1442624365829,"Smooth","Max. Reward Condition",20,"7",18,1,72,479,"Short",0.0913712355471561,0.866397879819286,NA,0.464975985778443,"localGP"
"14832",60,14,5,7,60.8656482156471,75.1442624365829,"Smooth","Max. Reward Condition",20,"7",18,1,83,479,"Short",0.0913712355471561,0.866397879819286,NA,0.464975985778443,"localGP"
"14833",60,15,4,6,56.6641694320835,75.1442624365829,"Smooth","Max. Reward Condition",20,"7",18,4,71,479,"Short",0.0913712355471561,0.866397879819286,NA,0.464975985778443,"localGP"
"14834",60,16,7,6,35.0970793586,75.1442624365829,"Smooth","Max. Reward Condition",20,"7",18,1,74,479,"Short",0.0913712355471561,0.866397879819286,NA,0.464975985778443,"localGP"
"14835",60,17,6,6,45.1082294847669,75.1442624365829,"Smooth","Max. Reward Condition",20,"7",18,1,73,479,"Short",0.0913712355471561,0.866397879819286,NA,0.464975985778443,"localGP"
"14836",60,18,7,7,26.6472142919114,75.1442624365829,"Smooth","Max. Reward Condition",20,"7",18,3,85,479,"Short",0.0913712355471561,0.866397879819286,NA,0.464975985778443,"localGP"
"14837",60,19,10,8,59.2407992793453,75.1442624365829,"Smooth","Max. Reward Condition",20,"7",18,1,99,479,"Short",0.0913712355471561,0.866397879819286,NA,0.464975985778443,"localGP"
"14838",60,20,10,7,45.9324442548253,75.1442624365829,"Smooth","Max. Reward Condition",20,"7",18,1,88,479,"Short",0.0913712355471561,0.866397879819286,NA,0.464975985778443,"localGP"
"14839",60,21,10,9,68.5571263747788,75.1442624365829,"Smooth","Max. Reward Condition",20,"7",18,4,110,479,"Short",0.0913712355471561,0.866397879819286,NA,0.464975985778443,"localGP"
"14840",60,1,8,4,38.5202921963772,38.5202921963772,"Smooth","Max. Reward Condition",40,"8",0,NA,53,480,"Long",0.112410860768999,0.853024009101734,NA,0.520167070971165,"localGP"
"14841",60,2,5,9,38.2276325889547,38.5202921963772,"Smooth","Max. Reward Condition",40,"8",0,2,105,480,"Long",0.112410860768999,0.853024009101734,NA,0.520167070971165,"localGP"
"14842",60,3,9,9,79.2865457179187,79.2865457179187,"Smooth","Max. Reward Condition",40,"8",0,2,109,480,"Long",0.112410860768999,0.853024009101734,NA,0.520167070971165,"localGP"
"14843",60,4,10,9,53.0594493428652,79.2865457179187,"Smooth","Max. Reward Condition",40,"8",0,7,110,480,"Long",0.112410860768999,0.853024009101734,NA,0.520167070971165,"localGP"
"14844",60,5,1,8,57.1437083477446,79.2865457179187,"Smooth","Max. Reward Condition",40,"8",0,6,90,480,"Long",0.112410860768999,0.853024009101734,NA,0.520167070971165,"localGP"
"14845",60,6,3,8,52.5458075522518,79.2865457179187,"Smooth","Max. Reward Condition",40,"8",0,1,92,480,"Long",0.112410860768999,0.853024009101734,NA,0.520167070971165,"localGP"
"14846",60,7,1,5,62.1319695197463,79.2865457179187,"Smooth","Max. Reward Condition",40,"8",0,1,57,480,"Long",0.112410860768999,0.853024009101734,NA,0.520167070971165,"localGP"
"14847",60,8,0,5,65.7958331067151,79.2865457179187,"Smooth","Max. Reward Condition",40,"8",0,4,56,480,"Long",0.112410860768999,0.853024009101734,NA,0.520167070971165,"localGP"
"14848",60,9,0,6,86.6558005262952,86.6558005262952,"Smooth","Max. Reward Condition",40,"8",0,1,67,480,"Long",0.112410860768999,0.853024009101734,NA,0.520167070971165,"localGP"
"14849",60,10,1,4,70.1094548150881,86.6558005262952,"Smooth","Max. Reward Condition",40,"8",0,1,46,480,"Long",0.112410860768999,0.853024009101734,NA,0.520167070971165,"localGP"
"14850",60,11,1,3,82.5162957459714,86.6558005262952,"Smooth","Max. Reward Condition",40,"8",0,1,35,480,"Long",0.112410860768999,0.853024009101734,NA,0.520167070971165,"localGP"
"14851",60,12,0,3,67.8002087512036,86.6558005262952,"Smooth","Max. Reward Condition",40,"8",0,2,34,480,"Long",0.112410860768999,0.853024009101734,NA,0.520167070971165,"localGP"
"14852",60,13,1,5,62.1319695197463,86.6558005262952,"Smooth","Max. Reward Condition",40,"8",0,1,57,480,"Long",0.112410860768999,0.853024009101734,NA,0.520167070971165,"localGP"
"14853",60,14,1,8,57.1437083477446,86.6558005262952,"Smooth","Max. Reward Condition",40,"8",0,1,90,480,"Long",0.112410860768999,0.853024009101734,NA,0.520167070971165,"localGP"
"14854",60,15,1,7,65.8282604254796,86.6558005262952,"Smooth","Max. Reward Condition",40,"8",0,1,79,480,"Long",0.112410860768999,0.853024009101734,NA,0.520167070971165,"localGP"
"14855",60,16,0,7,100,100,"Smooth","Max. Reward Condition",40,"8",0,2,78,480,"Long",0.112410860768999,0.853024009101734,NA,0.520167070971165,"localGP"
"14856",60,17,0,7,100,100,"Smooth","Max. Reward Condition",40,"8",0,2,78,480,"Long",0.112410860768999,0.853024009101734,NA,0.520167070971165,"localGP"
"14857",60,18,0,8,68.7533579586689,100,"Smooth","Max. Reward Condition",40,"8",0,1,89,480,"Long",0.112410860768999,0.853024009101734,NA,0.520167070971165,"localGP"
"14858",60,19,7,0,21.4630619894753,100,"Smooth","Max. Reward Condition",40,"8",0,9,8,480,"Long",0.112410860768999,0.853024009101734,NA,0.520167070971165,"localGP"
"14859",60,20,6,3,44.3716523377351,100,"Smooth","Max. Reward Condition",40,"8",0,4,40,480,"Long",0.112410860768999,0.853024009101734,NA,0.520167070971165,"localGP"
"14860",60,21,7,3,30.9043108896153,100,"Smooth","Max. Reward Condition",40,"8",0,4,41,480,"Long",0.112410860768999,0.853024009101734,NA,0.520167070971165,"localGP"
"14861",60,22,4,6,4.57974265293169,100,"Smooth","Max. Reward Condition",40,"8",0,1,71,480,"Long",0.112410860768999,0.853024009101734,NA,0.520167070971165,"localGP"
"14862",60,23,4,3,60.3338826341623,100,"Smooth","Max. Reward Condition",40,"8",0,2,38,480,"Long",0.112410860768999,0.853024009101734,NA,0.520167070971165,"localGP"
"14863",60,24,4,2,25.7389872414226,100,"Smooth","Max. Reward Condition",40,"8",0,1,27,480,"Long",0.112410860768999,0.853024009101734,NA,0.520167070971165,"localGP"
"14864",60,25,7,9,29.4163528194198,100,"Smooth","Max. Reward Condition",40,"8",0,2,107,480,"Long",0.112410860768999,0.853024009101734,NA,0.520167070971165,"localGP"
"14865",60,26,8,10,35.964674339905,100,"Smooth","Max. Reward Condition",40,"8",0,1,119,480,"Long",0.112410860768999,0.853024009101734,NA,0.520167070971165,"localGP"
"14866",60,27,10,10,51.9145522661239,100,"Smooth","Max. Reward Condition",40,"8",0,1,121,480,"Long",0.112410860768999,0.853024009101734,NA,0.520167070971165,"localGP"
"14867",60,28,9,8,92.8491332342499,100,"Smooth","Max. Reward Condition",40,"8",0,1,98,480,"Long",0.112410860768999,0.853024009101734,NA,0.520167070971165,"localGP"
"14868",60,29,3,2,44.1450806306014,100,"Smooth","Max. Reward Condition",40,"8",0,1,26,480,"Long",0.112410860768999,0.853024009101734,NA,0.520167070971165,"localGP"
"14869",60,30,3,3,58.6757331286265,100,"Smooth","Max. Reward Condition",40,"8",0,1,37,480,"Long",0.112410860768999,0.853024009101734,NA,0.520167070971165,"localGP"
"14870",60,31,5,5,2.28166204896147,100,"Smooth","Max. Reward Condition",40,"8",0,1,61,480,"Long",0.112410860768999,0.853024009101734,NA,0.520167070971165,"localGP"
"14871",60,32,7,6,58.4137969202167,100,"Smooth","Max. Reward Condition",40,"8",0,1,74,480,"Long",0.112410860768999,0.853024009101734,NA,0.520167070971165,"localGP"
"14872",60,33,7,7,59.9525509256433,100,"Smooth","Max. Reward Condition",40,"8",0,1,85,480,"Long",0.112410860768999,0.853024009101734,NA,0.520167070971165,"localGP"
"14873",60,34,8,7,98.0758057854271,100,"Smooth","Max. Reward Condition",40,"8",0,3,86,480,"Long",0.112410860768999,0.853024009101734,NA,0.520167070971165,"localGP"
"14874",60,35,9,7,93.0900522357202,100,"Smooth","Max. Reward Condition",40,"8",0,8,87,480,"Long",0.112410860768999,0.853024009101734,NA,0.520167070971165,"localGP"
"14875",60,36,9,7,93.0900522357202,100,"Smooth","Max. Reward Condition",40,"8",0,1,87,480,"Long",0.112410860768999,0.853024009101734,NA,0.520167070971165,"localGP"
"14876",60,37,9,6,52.7533090833761,100,"Smooth","Max. Reward Condition",40,"8",0,2,76,480,"Long",0.112410860768999,0.853024009101734,NA,0.520167070971165,"localGP"
"14877",60,38,9,5,7.18281505521625,100,"Smooth","Max. Reward Condition",40,"8",0,4,65,480,"Long",0.112410860768999,0.853024009101734,NA,0.520167070971165,"localGP"
"14878",60,39,9,10,64.79218841543,100,"Smooth","Max. Reward Condition",40,"8",0,9,120,480,"Long",0.112410860768999,0.853024009101734,NA,0.520167070971165,"localGP"
"14879",60,40,10,8,76.6171334634599,100,"Smooth","Max. Reward Condition",40,"8",0,3,99,480,"Long",0.112410860768999,0.853024009101734,NA,0.520167070971165,"localGP"
"14880",60,41,10,7,82.7698657970911,100,"Smooth","Max. Reward Condition",40,"8",0,4,88,480,"Long",0.112410860768999,0.853024009101734,NA,0.520167070971165,"localGP"
"14881",61,1,3,7,53.4998993765657,53.4998993765657,"Smooth","Max. Reward Condition",40,"1",16,NA,81,481,"Long",0.10292652758183,0.90015448344332,NA,0.517398202199608,"localGP"
"14882",61,2,3,6,61.712476104061,61.712476104061,"Smooth","Max. Reward Condition",40,"1",16,1,70,481,"Long",0.10292652758183,0.90015448344332,NA,0.517398202199608,"localGP"
"14883",61,3,4,1,0,61.712476104061,"Smooth","Max. Reward Condition",40,"1",16,2,16,481,"Long",0.10292652758183,0.90015448344332,NA,0.517398202199608,"localGP"
"14884",61,4,9,6,72.6451286930569,72.6451286930569,"Smooth","Max. Reward Condition",40,"1",16,2,76,481,"Long",0.10292652758183,0.90015448344332,NA,0.517398202199608,"localGP"
"14885",61,5,9,5,54.5094189956315,72.6451286930569,"Smooth","Max. Reward Condition",40,"1",16,1,65,481,"Long",0.10292652758183,0.90015448344332,NA,0.517398202199608,"localGP"
"14886",61,6,5,8,10.0194048265648,72.6451286930569,"Smooth","Max. Reward Condition",40,"1",16,2,94,481,"Long",0.10292652758183,0.90015448344332,NA,0.517398202199608,"localGP"
"14887",61,7,6,10,14.287143352339,72.6451286930569,"Smooth","Max. Reward Condition",40,"1",16,2,117,481,"Long",0.10292652758183,0.90015448344332,NA,0.517398202199608,"localGP"
"14888",61,8,9,10,29.5582991168429,72.6451286930569,"Smooth","Max. Reward Condition",40,"1",16,1,120,481,"Long",0.10292652758183,0.90015448344332,NA,0.517398202199608,"localGP"
"14889",61,9,4,9,52.7069887453694,72.6451286930569,"Smooth","Max. Reward Condition",40,"1",16,1,104,481,"Long",0.10292652758183,0.90015448344332,NA,0.517398202199608,"localGP"
"14890",61,10,3,9,73.328444338372,73.328444338372,"Smooth","Max. Reward Condition",40,"1",16,1,103,481,"Long",0.10292652758183,0.90015448344332,NA,0.517398202199608,"localGP"
"14891",61,11,0,6,35.4675147086049,73.328444338372,"Smooth","Max. Reward Condition",40,"1",16,7,67,481,"Long",0.10292652758183,0.90015448344332,NA,0.517398202199608,"localGP"
"14892",61,12,1,4,16.6041970073858,73.328444338372,"Smooth","Max. Reward Condition",40,"1",16,6,46,481,"Long",0.10292652758183,0.90015448344332,NA,0.517398202199608,"localGP"
"14893",61,13,5,6,65.7919203460871,73.328444338372,"Smooth","Max. Reward Condition",40,"1",16,3,72,481,"Long",0.10292652758183,0.90015448344332,NA,0.517398202199608,"localGP"
"14894",61,14,6,5,62.1197165528081,73.328444338372,"Smooth","Max. Reward Condition",40,"1",16,5,62,481,"Long",0.10292652758183,0.90015448344332,NA,0.517398202199608,"localGP"
"14895",61,15,6,4,32.9227848500965,73.328444338372,"Smooth","Max. Reward Condition",40,"1",16,3,51,481,"Long",0.10292652758183,0.90015448344332,NA,0.517398202199608,"localGP"
"14896",61,16,9,4,32.5386103866141,73.328444338372,"Smooth","Max. Reward Condition",40,"1",16,5,54,481,"Long",0.10292652758183,0.90015448344332,NA,0.517398202199608,"localGP"
"14897",61,17,10,6,87.869042125599,87.869042125599,"Smooth","Max. Reward Condition",40,"1",16,3,77,481,"Long",0.10292652758183,0.90015448344332,NA,0.517398202199608,"localGP"
"14898",61,18,10,5,61.4885690232436,87.869042125599,"Smooth","Max. Reward Condition",40,"1",16,4,66,481,"Long",0.10292652758183,0.90015448344332,NA,0.517398202199608,"localGP"
"14899",61,19,0,2,44.6802852658924,87.869042125599,"Smooth","Max. Reward Condition",40,"1",16,9,23,481,"Long",0.10292652758183,0.90015448344332,NA,0.517398202199608,"localGP"
"14900",61,20,7,4,33.4912199403317,87.869042125599,"Smooth","Max. Reward Condition",40,"1",16,1,52,481,"Long",0.10292652758183,0.90015448344332,NA,0.517398202199608,"localGP"
"14901",61,21,8,7,52.5353402462406,87.869042125599,"Smooth","Max. Reward Condition",40,"1",16,1,86,481,"Long",0.10292652758183,0.90015448344332,NA,0.517398202199608,"localGP"
"14902",61,22,8,6,52.7896581347128,87.869042125599,"Smooth","Max. Reward Condition",40,"1",16,2,75,481,"Long",0.10292652758183,0.90015448344332,NA,0.517398202199608,"localGP"
"14903",61,23,7,10,56.2743193871667,87.869042125599,"Smooth","Max. Reward Condition",40,"1",16,2,118,481,"Long",0.10292652758183,0.90015448344332,NA,0.517398202199608,"localGP"
"14904",61,24,7,9,31.0713174604534,87.869042125599,"Smooth","Max. Reward Condition",40,"1",16,1,107,481,"Long",0.10292652758183,0.90015448344332,NA,0.517398202199608,"localGP"
"14905",61,25,2,8,47.6806943266492,87.869042125599,"Smooth","Max. Reward Condition",40,"1",16,8,91,481,"Long",0.10292652758183,0.90015448344332,NA,0.517398202199608,"localGP"
"14906",61,26,3,4,78.314172567177,87.869042125599,"Smooth","Max. Reward Condition",40,"1",16,3,48,481,"Long",0.10292652758183,0.90015448344332,NA,0.517398202199608,"localGP"
"14907",61,27,4,5,56.5702647427263,87.869042125599,"Smooth","Max. Reward Condition",40,"1",16,1,60,481,"Long",0.10292652758183,0.90015448344332,NA,0.517398202199608,"localGP"
"14908",61,28,3,5,75.0250883463196,87.869042125599,"Smooth","Max. Reward Condition",40,"1",16,1,59,481,"Long",0.10292652758183,0.90015448344332,NA,0.517398202199608,"localGP"
"14909",61,29,2,5,41.71018551704,87.869042125599,"Smooth","Max. Reward Condition",40,"1",16,2,58,481,"Long",0.10292652758183,0.90015448344332,NA,0.517398202199608,"localGP"
"14910",61,30,2,3,44.0669303004105,87.869042125599,"Smooth","Max. Reward Condition",40,"1",16,2,36,481,"Long",0.10292652758183,0.90015448344332,NA,0.517398202199608,"localGP"
"14911",61,31,3,3,100,100,"Smooth","Max. Reward Condition",40,"1",16,13,37,481,"Long",0.10292652758183,0.90015448344332,NA,0.517398202199608,"localGP"
"14912",61,32,5,2,15.5566285414622,100,"Smooth","Max. Reward Condition",40,"1",16,5,28,481,"Long",0.10292652758183,0.90015448344332,NA,0.517398202199608,"localGP"
"14913",61,33,5,3,14.4116653483847,100,"Smooth","Max. Reward Condition",40,"1",16,1,39,481,"Long",0.10292652758183,0.90015448344332,NA,0.517398202199608,"localGP"
"14914",61,34,4,3,46.0518251136076,100,"Smooth","Max. Reward Condition",40,"1",16,1,38,481,"Long",0.10292652758183,0.90015448344332,NA,0.517398202199608,"localGP"
"14915",61,35,3,3,100,100,"Smooth","Max. Reward Condition",40,"1",16,2,37,481,"Long",0.10292652758183,0.90015448344332,NA,0.517398202199608,"localGP"
"14916",61,36,3,2,83.8378126303431,100,"Smooth","Max. Reward Condition",40,"1",16,2,26,481,"Long",0.10292652758183,0.90015448344332,NA,0.517398202199608,"localGP"
"14917",61,37,3,3,100,100,"Smooth","Max. Reward Condition",40,"1",16,7,37,481,"Long",0.10292652758183,0.90015448344332,NA,0.517398202199608,"localGP"
"14918",61,38,10,7,85.439763813076,100,"Smooth","Max. Reward Condition",40,"1",16,2,88,481,"Long",0.10292652758183,0.90015448344332,NA,0.517398202199608,"localGP"
"14919",61,39,3,10,53.1177540166695,100,"Smooth","Max. Reward Condition",40,"1",16,3,114,481,"Long",0.10292652758183,0.90015448344332,NA,0.517398202199608,"localGP"
"14920",61,40,1,9,37.1316762368546,100,"Smooth","Max. Reward Condition",40,"1",16,1,101,481,"Long",0.10292652758183,0.90015448344332,NA,0.517398202199608,"localGP"
"14921",61,41,2,10,27.4676161449989,100,"Smooth","Max. Reward Condition",40,"1",16,1,113,481,"Long",0.10292652758183,0.90015448344332,NA,0.517398202199608,"localGP"
"14922",61,1,1,4,11.2927161708847,11.2927161708847,"Smooth","Max. Reward Condition",20,"2",2,NA,46,482,"Short",0.104114086617005,0.91110972149325,NA,0.425192931090406,"localGP"
"14923",61,2,8,2,10.0710200680647,11.2927161708847,"Smooth","Max. Reward Condition",20,"2",2,1,31,482,"Short",0.104114086617005,0.91110972149325,NA,0.425192931090406,"localGP"
"14924",61,3,7,9,45.2247389588236,45.2247389588236,"Smooth","Max. Reward Condition",20,"2",2,2,107,482,"Short",0.104114086617005,0.91110972149325,NA,0.425192931090406,"localGP"
"14925",61,4,9,4,34.0962732882197,45.2247389588236,"Smooth","Max. Reward Condition",20,"2",2,1,54,482,"Short",0.104114086617005,0.91110972149325,NA,0.425192931090406,"localGP"
"14926",61,5,9,6,60.9966324493762,60.9966324493762,"Smooth","Max. Reward Condition",20,"2",2,2,76,482,"Short",0.104114086617005,0.91110972149325,NA,0.425192931090406,"localGP"
"14927",61,6,8,6,74.3893540286675,74.3893540286675,"Smooth","Max. Reward Condition",20,"2",2,1,75,482,"Short",0.104114086617005,0.91110972149325,NA,0.425192931090406,"localGP"
"14928",61,7,7,6,53.9752952053274,74.3893540286675,"Smooth","Max. Reward Condition",20,"2",2,1,74,482,"Short",0.104114086617005,0.91110972149325,NA,0.425192931090406,"localGP"
"14929",61,8,5,5,64.465937362096,74.3893540286675,"Smooth","Max. Reward Condition",20,"2",2,1,61,482,"Short",0.104114086617005,0.91110972149325,NA,0.425192931090406,"localGP"
"14930",61,9,10,4,52.2107180843675,74.3893540286675,"Smooth","Max. Reward Condition",20,"2",2,2,55,482,"Short",0.104114086617005,0.91110972149325,NA,0.425192931090406,"localGP"
"14931",61,10,10,3,60.6679429845796,74.3893540286675,"Smooth","Max. Reward Condition",20,"2",2,1,44,482,"Short",0.104114086617005,0.91110972149325,NA,0.425192931090406,"localGP"
"14932",61,11,10,2,42.6956940217487,74.3893540286675,"Smooth","Max. Reward Condition",20,"2",2,1,33,482,"Short",0.104114086617005,0.91110972149325,NA,0.425192931090406,"localGP"
"14933",61,12,0,9,29.897358776593,74.3893540286675,"Smooth","Max. Reward Condition",20,"2",2,1,100,482,"Short",0.104114086617005,0.91110972149325,NA,0.425192931090406,"localGP"
"14934",61,13,0,5,0,74.3893540286675,"Smooth","Max. Reward Condition",20,"2",2,11,56,482,"Short",0.104114086617005,0.91110972149325,NA,0.425192931090406,"localGP"
"14935",61,14,7,9,45.2247389588236,74.3893540286675,"Smooth","Max. Reward Condition",20,"2",2,7,107,482,"Short",0.104114086617005,0.91110972149325,NA,0.425192931090406,"localGP"
"14936",61,15,3,10,55.7632671935158,74.3893540286675,"Smooth","Max. Reward Condition",20,"2",2,8,114,482,"Short",0.104114086617005,0.91110972149325,NA,0.425192931090406,"localGP"
"14937",61,16,0,7,39.2104381953876,74.3893540286675,"Smooth","Max. Reward Condition",20,"2",2,3,78,482,"Short",0.104114086617005,0.91110972149325,NA,0.425192931090406,"localGP"
"14938",61,17,9,6,60.9966324493762,74.3893540286675,"Smooth","Max. Reward Condition",20,"2",2,1,76,482,"Short",0.104114086617005,0.91110972149325,NA,0.425192931090406,"localGP"
"14939",61,18,8,6,74.3893540286675,74.3893540286675,"Smooth","Max. Reward Condition",20,"2",2,1,75,482,"Short",0.104114086617005,0.91110972149325,NA,0.425192931090406,"localGP"
"14940",61,19,8,7,27.4177147480502,74.3893540286675,"Smooth","Max. Reward Condition",20,"2",2,1,86,482,"Short",0.104114086617005,0.91110972149325,NA,0.425192931090406,"localGP"
"14941",61,20,9,5,74.2282844948157,74.3893540286675,"Smooth","Max. Reward Condition",20,"2",2,1,65,482,"Short",0.104114086617005,0.91110972149325,NA,0.425192931090406,"localGP"
"14942",61,21,8,5,82.1154481139937,82.1154481139937,"Smooth","Max. Reward Condition",20,"2",2,1,64,482,"Short",0.104114086617005,0.91110972149325,NA,0.425192931090406,"localGP"
"14943",61,1,0,6,44.4460602497273,44.4460602497273,"Smooth","Max. Reward Condition",40,"3",10,NA,67,483,"Long",0.114550611500677,0.87067508878517,NA,0.544977755754236,"localGP"
"14944",61,2,3,6,70.1588765725944,70.1588765725944,"Smooth","Max. Reward Condition",40,"3",10,1,70,483,"Long",0.114550611500677,0.87067508878517,NA,0.544977755754236,"localGP"
"14945",61,3,4,6,46.5482672237454,70.1588765725944,"Smooth","Max. Reward Condition",40,"3",10,2,71,483,"Long",0.114550611500677,0.87067508878517,NA,0.544977755754236,"localGP"
"14946",61,4,4,5,26.1313491177931,70.1588765725944,"Smooth","Max. Reward Condition",40,"3",10,1,60,483,"Long",0.114550611500677,0.87067508878517,NA,0.544977755754236,"localGP"
"14947",61,5,7,7,61.8738453443511,70.1588765725944,"Smooth","Max. Reward Condition",40,"3",10,3,85,483,"Long",0.114550611500677,0.87067508878517,NA,0.544977755754236,"localGP"
"14948",61,6,7,8,53.3553084137589,70.1588765725944,"Smooth","Max. Reward Condition",40,"3",10,1,96,483,"Long",0.114550611500677,0.87067508878517,NA,0.544977755754236,"localGP"
"14949",61,7,6,8,69.1708615458563,70.1588765725944,"Smooth","Max. Reward Condition",40,"3",10,1,95,483,"Long",0.114550611500677,0.87067508878517,NA,0.544977755754236,"localGP"
"14950",61,8,6,7,77.6383685039549,77.6383685039549,"Smooth","Max. Reward Condition",40,"3",10,15,84,483,"Long",0.114550611500677,0.87067508878517,NA,0.544977755754236,"localGP"
"14951",61,9,5,7,54.5083203528805,77.6383685039549,"Smooth","Max. Reward Condition",40,"3",10,2,83,483,"Long",0.114550611500677,0.87067508878517,NA,0.544977755754236,"localGP"
"14952",61,10,6,3,73.4359730531231,77.6383685039549,"Smooth","Max. Reward Condition",40,"3",10,5,40,483,"Long",0.114550611500677,0.87067508878517,NA,0.544977755754236,"localGP"
"14953",61,11,6,2,77.623663955121,77.6383685039549,"Smooth","Max. Reward Condition",40,"3",10,1,29,483,"Long",0.114550611500677,0.87067508878517,NA,0.544977755754236,"localGP"
"14954",61,12,1,2,60.3864830545494,77.6383685039549,"Smooth","Max. Reward Condition",40,"3",10,1,24,483,"Long",0.114550611500677,0.87067508878517,NA,0.544977755754236,"localGP"
"14955",61,13,1,1,27.8495528715729,77.6383685039549,"Smooth","Max. Reward Condition",40,"3",10,1,13,483,"Long",0.114550611500677,0.87067508878517,NA,0.544977755754236,"localGP"
"14956",61,14,2,0,38.9511021226629,77.6383685039549,"Smooth","Max. Reward Condition",40,"3",10,15,3,483,"Long",0.114550611500677,0.87067508878517,NA,0.544977755754236,"localGP"
"14957",61,15,7,6,43.2962098422066,77.6383685039549,"Smooth","Max. Reward Condition",40,"3",10,2,74,483,"Long",0.114550611500677,0.87067508878517,NA,0.544977755754236,"localGP"
"14958",61,16,4,0,53.850860567956,77.6383685039549,"Smooth","Max. Reward Condition",40,"3",10,4,5,483,"Long",0.114550611500677,0.87067508878517,NA,0.544977755754236,"localGP"
"14959",61,17,3,3,87.6831078392133,87.6831078392133,"Smooth","Max. Reward Condition",40,"3",10,2,37,483,"Long",0.114550611500677,0.87067508878517,NA,0.544977755754236,"localGP"
"14960",61,18,4,3,51.3524506739597,87.6831078392133,"Smooth","Max. Reward Condition",40,"3",10,3,38,483,"Long",0.114550611500677,0.87067508878517,NA,0.544977755754236,"localGP"
"14961",61,19,5,8,39.6481933267656,87.6831078392133,"Smooth","Max. Reward Condition",40,"3",10,1,94,483,"Long",0.114550611500677,0.87067508878517,NA,0.544977755754236,"localGP"
"14962",61,20,2,8,51.8875226536614,87.6831078392133,"Smooth","Max. Reward Condition",40,"3",10,1,91,483,"Long",0.114550611500677,0.87067508878517,NA,0.544977755754236,"localGP"
"14963",61,21,1,9,53.5085652345681,87.6831078392133,"Smooth","Max. Reward Condition",40,"3",10,1,101,483,"Long",0.114550611500677,0.87067508878517,NA,0.544977755754236,"localGP"
"14964",61,22,0,9,46.8576784937235,87.6831078392133,"Smooth","Max. Reward Condition",40,"3",10,1,100,483,"Long",0.114550611500677,0.87067508878517,NA,0.544977755754236,"localGP"
"14965",61,23,8,5,42.0096919098843,87.6831078392133,"Smooth","Max. Reward Condition",40,"3",10,1,64,483,"Long",0.114550611500677,0.87067508878517,NA,0.544977755754236,"localGP"
"14966",61,24,8,7,36.5898536730988,87.6831078392133,"Smooth","Max. Reward Condition",40,"3",10,1,86,483,"Long",0.114550611500677,0.87067508878517,NA,0.544977755754236,"localGP"
"14967",61,25,10,9,28.3067992353855,87.6831078392133,"Smooth","Max. Reward Condition",40,"3",10,1,110,483,"Long",0.114550611500677,0.87067508878517,NA,0.544977755754236,"localGP"
"14968",61,26,4,6,46.5482672237454,87.6831078392133,"Smooth","Max. Reward Condition",40,"3",10,1,71,483,"Long",0.114550611500677,0.87067508878517,NA,0.544977755754236,"localGP"
"14969",61,27,8,9,49.5506805256934,87.6831078392133,"Smooth","Max. Reward Condition",40,"3",10,1,108,483,"Long",0.114550611500677,0.87067508878517,NA,0.544977755754236,"localGP"
"14970",61,28,8,1,54.5000391285094,87.6831078392133,"Smooth","Max. Reward Condition",40,"3",10,1,20,483,"Long",0.114550611500677,0.87067508878517,NA,0.544977755754236,"localGP"
"14971",61,29,7,0,65.3233265309543,87.6831078392133,"Smooth","Max. Reward Condition",40,"3",10,1,8,483,"Long",0.114550611500677,0.87067508878517,NA,0.544977755754236,"localGP"
"14972",61,30,2,0,38.9511021226629,87.6831078392133,"Smooth","Max. Reward Condition",40,"3",10,1,3,483,"Long",0.114550611500677,0.87067508878517,NA,0.544977755754236,"localGP"
"14973",61,31,0,0,30.570049780863,87.6831078392133,"Smooth","Max. Reward Condition",40,"3",10,11,1,483,"Long",0.114550611500677,0.87067508878517,NA,0.544977755754236,"localGP"
"14974",61,32,1,0,22.8566856126171,87.6831078392133,"Smooth","Max. Reward Condition",40,"3",10,10,2,483,"Long",0.114550611500677,0.87067508878517,NA,0.544977755754236,"localGP"
"14975",61,33,1,10,34.0978741381487,87.6831078392133,"Smooth","Max. Reward Condition",40,"3",10,9,112,483,"Long",0.114550611500677,0.87067508878517,NA,0.544977755754236,"localGP"
"14976",61,34,5,1,61.2403460186364,87.6831078392133,"Smooth","Max. Reward Condition",40,"3",10,1,17,483,"Long",0.114550611500677,0.87067508878517,NA,0.544977755754236,"localGP"
"14977",61,35,5,2,78.8586431174006,87.6831078392133,"Smooth","Max. Reward Condition",40,"3",10,1,28,483,"Long",0.114550611500677,0.87067508878517,NA,0.544977755754236,"localGP"
"14978",61,36,5,3,70.0403360623541,87.6831078392133,"Smooth","Max. Reward Condition",40,"3",10,1,39,483,"Long",0.114550611500677,0.87067508878517,NA,0.544977755754236,"localGP"
"14979",61,37,10,3,42.1645192614556,87.6831078392133,"Smooth","Max. Reward Condition",40,"3",10,4,44,483,"Long",0.114550611500677,0.87067508878517,NA,0.544977755754236,"localGP"
"14980",61,38,10,4,38.6013750106334,87.6831078392133,"Smooth","Max. Reward Condition",40,"3",10,1,55,483,"Long",0.114550611500677,0.87067508878517,NA,0.544977755754236,"localGP"
"14981",61,39,9,4,30.3366861320128,87.6831078392133,"Smooth","Max. Reward Condition",40,"3",10,2,54,483,"Long",0.114550611500677,0.87067508878517,NA,0.544977755754236,"localGP"
"14982",61,40,5,10,31.2358509644788,87.6831078392133,"Smooth","Max. Reward Condition",40,"3",10,1,116,483,"Long",0.114550611500677,0.87067508878517,NA,0.544977755754236,"localGP"
"14983",61,41,8,1,54.5000391285094,87.6831078392133,"Smooth","Max. Reward Condition",40,"3",10,4,20,483,"Long",0.114550611500677,0.87067508878517,NA,0.544977755754236,"localGP"
"14984",61,1,4,1,56.1038322690093,56.1038322690093,"Smooth","Max. Reward Condition",20,"4",12,NA,16,484,"Short",0.0907800014864569,0.830738743300387,NA,0.43335194373414,"localGP"
"14985",61,2,3,4,34.4456880068481,56.1038322690093,"Smooth","Max. Reward Condition",20,"4",12,10,48,484,"Short",0.0907800014864569,0.830738743300387,NA,0.43335194373414,"localGP"
"14986",61,3,3,3,78.6603428808522,78.6603428808522,"Smooth","Max. Reward Condition",20,"4",12,8,37,484,"Short",0.0907800014864569,0.830738743300387,NA,0.43335194373414,"localGP"
"14987",61,4,3,2,92.3609329000905,92.3609329000905,"Smooth","Max. Reward Condition",20,"4",12,1,26,484,"Short",0.0907800014864569,0.830738743300387,NA,0.43335194373414,"localGP"
"14988",61,5,2,2,75.2998584228021,92.3609329000905,"Smooth","Max. Reward Condition",20,"4",12,1,25,484,"Short",0.0907800014864569,0.830738743300387,NA,0.43335194373414,"localGP"
"14989",61,6,3,2,92.3609329000905,92.3609329000905,"Smooth","Max. Reward Condition",20,"4",12,1,26,484,"Short",0.0907800014864569,0.830738743300387,NA,0.43335194373414,"localGP"
"14990",61,7,1,5,60.2115433548299,92.3609329000905,"Smooth","Max. Reward Condition",20,"4",12,4,57,484,"Short",0.0907800014864569,0.830738743300387,NA,0.43335194373414,"localGP"
"14991",61,8,2,6,23.8521883882805,92.3609329000905,"Smooth","Max. Reward Condition",20,"4",12,1,69,484,"Short",0.0907800014864569,0.830738743300387,NA,0.43335194373414,"localGP"
"14992",61,9,6,9,44.7235531380428,92.3609329000905,"Smooth","Max. Reward Condition",20,"4",12,7,106,484,"Short",0.0907800014864569,0.830738743300387,NA,0.43335194373414,"localGP"
"14993",61,10,6,10,32.3469021465109,92.3609329000905,"Smooth","Max. Reward Condition",20,"4",12,9,117,484,"Short",0.0907800014864569,0.830738743300387,NA,0.43335194373414,"localGP"
"14994",61,11,7,5,86.8061250260335,92.3609329000905,"Smooth","Max. Reward Condition",20,"4",12,5,63,484,"Short",0.0907800014864569,0.830738743300387,NA,0.43335194373414,"localGP"
"14995",61,12,7,6,92.2608433233279,92.3609329000905,"Smooth","Max. Reward Condition",20,"4",12,1,74,484,"Short",0.0907800014864569,0.830738743300387,NA,0.43335194373414,"localGP"
"14996",61,13,7,6,92.2608433233279,92.3609329000905,"Smooth","Max. Reward Condition",20,"4",12,3,74,484,"Short",0.0907800014864569,0.830738743300387,NA,0.43335194373414,"localGP"
"14997",61,14,8,5,68.8394216351871,92.3609329000905,"Smooth","Max. Reward Condition",20,"4",12,2,64,484,"Short",0.0907800014864569,0.830738743300387,NA,0.43335194373414,"localGP"
"14998",61,15,8,6,87.8662142990348,92.3609329000905,"Smooth","Max. Reward Condition",20,"4",12,1,75,484,"Short",0.0907800014864569,0.830738743300387,NA,0.43335194373414,"localGP"
"14999",61,16,7,6,92.2608433233279,92.3609329000905,"Smooth","Max. Reward Condition",20,"4",12,2,74,484,"Short",0.0907800014864569,0.830738743300387,NA,0.43335194373414,"localGP"
"15000",61,17,7,5,86.8061250260335,92.3609329000905,"Smooth","Max. Reward Condition",20,"4",12,2,63,484,"Short",0.0907800014864569,0.830738743300387,NA,0.43335194373414,"localGP"
"15001",61,18,6,5,78.7023797954434,92.3609329000905,"Smooth","Max. Reward Condition",20,"4",12,5,62,484,"Short",0.0907800014864569,0.830738743300387,NA,0.43335194373414,"localGP"
"15002",61,19,3,9,40.0072640474866,92.3609329000905,"Smooth","Max. Reward Condition",20,"4",12,6,103,484,"Short",0.0907800014864569,0.830738743300387,NA,0.43335194373414,"localGP"
"15003",61,20,4,9,46.7098213602663,92.3609329000905,"Smooth","Max. Reward Condition",20,"4",12,11,104,484,"Short",0.0907800014864569,0.830738743300387,NA,0.43335194373414,"localGP"
"15004",61,21,4,10,37.8645060831113,92.3609329000905,"Smooth","Max. Reward Condition",20,"4",12,1,115,484,"Short",0.0907800014864569,0.830738743300387,NA,0.43335194373414,"localGP"
"15005",61,1,4,7,87.7929185379322,87.7929185379322,"Smooth","Max. Reward Condition",40,"5",8,NA,82,485,"Long",0.0996406695602408,0.879489002507904,NA,0.523839925950727,"localGP"
"15006",61,2,4,8,69.4439461709685,87.7929185379322,"Smooth","Max. Reward Condition",40,"5",8,8,93,485,"Long",0.0996406695602408,0.879489002507904,NA,0.523839925950727,"localGP"
"15007",61,3,5,8,45.4136649367735,87.7929185379322,"Smooth","Max. Reward Condition",40,"5",8,7,94,485,"Long",0.0996406695602408,0.879489002507904,NA,0.523839925950727,"localGP"
"15008",61,4,4,7,87.7929185379322,87.7929185379322,"Smooth","Max. Reward Condition",40,"5",8,8,82,485,"Long",0.0996406695602408,0.879489002507904,NA,0.523839925950727,"localGP"
"15009",61,5,3,7,79.3800074226317,87.7929185379322,"Smooth","Max. Reward Condition",40,"5",8,8,81,485,"Long",0.0996406695602408,0.879489002507904,NA,0.523839925950727,"localGP"
"15010",61,6,3,6,92.3422522413602,92.3422522413602,"Smooth","Max. Reward Condition",40,"5",8,8,70,485,"Long",0.0996406695602408,0.879489002507904,NA,0.523839925950727,"localGP"
"15011",61,7,2,6,63.82023009432,92.3422522413602,"Smooth","Max. Reward Condition",40,"5",8,2,69,485,"Long",0.0996406695602408,0.879489002507904,NA,0.523839925950727,"localGP"
"15012",61,8,2,5,73.2302297303204,92.3422522413602,"Smooth","Max. Reward Condition",40,"5",8,1,58,485,"Long",0.0996406695602408,0.879489002507904,NA,0.523839925950727,"localGP"
"15013",61,9,2,4,66.8505188208105,92.3422522413602,"Smooth","Max. Reward Condition",40,"5",8,1,47,485,"Long",0.0996406695602408,0.879489002507904,NA,0.523839925950727,"localGP"
"15014",61,10,3,3,52.6628186310928,92.3422522413602,"Smooth","Max. Reward Condition",40,"5",8,5,37,485,"Long",0.0996406695602408,0.879489002507904,NA,0.523839925950727,"localGP"
"15015",61,11,4,3,36.7498748726121,92.3422522413602,"Smooth","Max. Reward Condition",40,"5",8,1,38,485,"Long",0.0996406695602408,0.879489002507904,NA,0.523839925950727,"localGP"
"15016",61,12,1,4,55.5969206133783,92.3422522413602,"Smooth","Max. Reward Condition",40,"5",8,3,46,485,"Long",0.0996406695602408,0.879489002507904,NA,0.523839925950727,"localGP"
"15017",61,13,10,8,76.4183100211284,92.3422522413602,"Smooth","Max. Reward Condition",40,"5",8,1,99,485,"Long",0.0996406695602408,0.879489002507904,NA,0.523839925950727,"localGP"
"15018",61,14,9,8,27.0558212429055,92.3422522413602,"Smooth","Max. Reward Condition",40,"5",8,2,98,485,"Long",0.0996406695602408,0.879489002507904,NA,0.523839925950727,"localGP"
"15019",61,15,8,7,14.1323595247913,92.3422522413602,"Smooth","Max. Reward Condition",40,"5",8,1,86,485,"Long",0.0996406695602408,0.879489002507904,NA,0.523839925950727,"localGP"
"15020",61,16,3,3,52.6628186310928,92.3422522413602,"Smooth","Max. Reward Condition",40,"5",8,2,37,485,"Long",0.0996406695602408,0.879489002507904,NA,0.523839925950727,"localGP"
"15021",61,17,2,3,53.3062519651342,92.3422522413602,"Smooth","Max. Reward Condition",40,"5",8,12,36,485,"Long",0.0996406695602408,0.879489002507904,NA,0.523839925950727,"localGP"
"15022",61,18,2,2,48.0793702112335,92.3422522413602,"Smooth","Max. Reward Condition",40,"5",8,2,25,485,"Long",0.0996406695602408,0.879489002507904,NA,0.523839925950727,"localGP"
"15023",61,19,3,9,40.8521738054873,92.3422522413602,"Smooth","Max. Reward Condition",40,"5",8,2,103,485,"Long",0.0996406695602408,0.879489002507904,NA,0.523839925950727,"localGP"
"15024",61,20,3,10,63.8923159509584,92.3422522413602,"Smooth","Max. Reward Condition",40,"5",8,4,114,485,"Long",0.0996406695602408,0.879489002507904,NA,0.523839925950727,"localGP"
"15025",61,21,2,10,80.310641709381,92.3422522413602,"Smooth","Max. Reward Condition",40,"5",8,1,113,485,"Long",0.0996406695602408,0.879489002507904,NA,0.523839925950727,"localGP"
"15026",61,22,1,10,55.500663546292,92.3422522413602,"Smooth","Max. Reward Condition",40,"5",8,1,112,485,"Long",0.0996406695602408,0.879489002507904,NA,0.523839925950727,"localGP"
"15027",61,23,1,9,48.6391024853793,92.3422522413602,"Smooth","Max. Reward Condition",40,"5",8,2,101,485,"Long",0.0996406695602408,0.879489002507904,NA,0.523839925950727,"localGP"
"15028",61,24,0,9,69.7292299048647,92.3422522413602,"Smooth","Max. Reward Condition",40,"5",8,1,100,485,"Long",0.0996406695602408,0.879489002507904,NA,0.523839925950727,"localGP"
"15029",61,25,1,8,49.7201616143844,92.3422522413602,"Smooth","Max. Reward Condition",40,"5",8,4,90,485,"Long",0.0996406695602408,0.879489002507904,NA,0.523839925950727,"localGP"
"15030",61,26,2,8,33.284084895173,92.3422522413602,"Smooth","Max. Reward Condition",40,"5",8,1,91,485,"Long",0.0996406695602408,0.879489002507904,NA,0.523839925950727,"localGP"
"15031",61,27,3,8,44.1553815422113,92.3422522413602,"Smooth","Max. Reward Condition",40,"5",8,2,92,485,"Long",0.0996406695602408,0.879489002507904,NA,0.523839925950727,"localGP"
"15032",61,28,2,10,80.310641709381,92.3422522413602,"Smooth","Max. Reward Condition",40,"5",8,2,113,485,"Long",0.0996406695602408,0.879489002507904,NA,0.523839925950727,"localGP"
"15033",61,29,7,1,50.2177427569694,92.3422522413602,"Smooth","Max. Reward Condition",40,"5",8,6,19,485,"Long",0.0996406695602408,0.879489002507904,NA,0.523839925950727,"localGP"
"15034",61,30,7,0,41.9382069240684,92.3422522413602,"Smooth","Max. Reward Condition",40,"5",8,1,8,485,"Long",0.0996406695602408,0.879489002507904,NA,0.523839925950727,"localGP"
"15035",61,31,9,9,49.9056902969143,92.3422522413602,"Smooth","Max. Reward Condition",40,"5",8,1,109,485,"Long",0.0996406695602408,0.879489002507904,NA,0.523839925950727,"localGP"
"15036",61,32,10,9,65.2100813195769,92.3422522413602,"Smooth","Max. Reward Condition",40,"5",8,1,110,485,"Long",0.0996406695602408,0.879489002507904,NA,0.523839925950727,"localGP"
"15037",61,33,7,7,17.1903965403995,92.3422522413602,"Smooth","Max. Reward Condition",40,"5",8,1,85,485,"Long",0.0996406695602408,0.879489002507904,NA,0.523839925950727,"localGP"
"15038",61,34,10,2,57.5348979137983,92.3422522413602,"Smooth","Max. Reward Condition",40,"5",8,3,33,485,"Long",0.0996406695602408,0.879489002507904,NA,0.523839925950727,"localGP"
"15039",61,35,10,1,40.1836169652237,92.3422522413602,"Smooth","Max. Reward Condition",40,"5",8,6,22,485,"Long",0.0996406695602408,0.879489002507904,NA,0.523839925950727,"localGP"
"15040",61,36,3,8,44.1553815422113,92.3422522413602,"Smooth","Max. Reward Condition",40,"5",8,2,92,485,"Long",0.0996406695602408,0.879489002507904,NA,0.523839925950727,"localGP"
"15041",61,37,1,3,30.8979610069097,92.3422522413602,"Smooth","Max. Reward Condition",40,"5",8,5,35,485,"Long",0.0996406695602408,0.879489002507904,NA,0.523839925950727,"localGP"
"15042",61,38,1,5,69.9793335818367,92.3422522413602,"Smooth","Max. Reward Condition",40,"5",8,11,57,485,"Long",0.0996406695602408,0.879489002507904,NA,0.523839925950727,"localGP"
"15043",61,39,0,5,72.1267915674782,92.3422522413602,"Smooth","Max. Reward Condition",40,"5",8,14,56,485,"Long",0.0996406695602408,0.879489002507904,NA,0.523839925950727,"localGP"
"15044",61,40,0,4,61.7396718300263,92.3422522413602,"Smooth","Max. Reward Condition",40,"5",8,2,45,485,"Long",0.0996406695602408,0.879489002507904,NA,0.523839925950727,"localGP"
"15045",61,41,1,7,26.9136247200842,92.3422522413602,"Smooth","Max. Reward Condition",40,"5",8,2,79,485,"Long",0.0996406695602408,0.879489002507904,NA,0.523839925950727,"localGP"
"15046",61,1,8,0,96.125082157983,96.125082157983,"Smooth","Max. Reward Condition",20,"6",5,NA,9,486,"Short",0.084980928878925,21.855052959659,NA,5.91160564708691,"localGP"
"15047",61,2,7,0,68.4752649344305,96.125082157983,"Smooth","Max. Reward Condition",20,"6",5,15,8,486,"Short",0.084980928878925,21.855052959659,NA,5.91160564708691,"localGP"
"15048",61,3,6,3,31.2645262268698,96.125082157983,"Smooth","Max. Reward Condition",20,"6",5,8,40,486,"Short",0.084980928878925,21.855052959659,NA,5.91160564708691,"localGP"
"15049",61,4,8,3,73.4939072834287,96.125082157983,"Smooth","Max. Reward Condition",20,"6",5,4,42,486,"Short",0.084980928878925,21.855052959659,NA,5.91160564708691,"localGP"
"15050",61,5,8,2,68.5610945075531,96.125082157983,"Smooth","Max. Reward Condition",20,"6",5,8,31,486,"Short",0.084980928878925,21.855052959659,NA,5.91160564708691,"localGP"
"15051",61,6,9,2,40.6256617216609,96.125082157983,"Smooth","Max. Reward Condition",20,"6",5,2,32,486,"Short",0.084980928878925,21.855052959659,NA,5.91160564708691,"localGP"
"15052",61,7,2,2,61.7436417215084,96.125082157983,"Smooth","Max. Reward Condition",20,"6",5,1,25,486,"Short",0.084980928878925,21.855052959659,NA,5.91160564708691,"localGP"
"15053",61,8,0,4,49.9176816085481,96.125082157983,"Smooth","Max. Reward Condition",20,"6",5,2,45,486,"Short",0.084980928878925,21.855052959659,NA,5.91160564708691,"localGP"
"15054",61,9,10,1,59.8039431461058,96.125082157983,"Smooth","Max. Reward Condition",20,"6",5,3,22,486,"Short",0.084980928878925,21.855052959659,NA,5.91160564708691,"localGP"
"15055",61,10,10,0,60.7914007542761,96.125082157983,"Smooth","Max. Reward Condition",20,"6",5,2,11,486,"Short",0.084980928878925,21.855052959659,NA,5.91160564708691,"localGP"
"15056",61,11,9,0,92.5470885084956,96.125082157983,"Smooth","Max. Reward Condition",20,"6",5,1,10,486,"Short",0.084980928878925,21.855052959659,NA,5.91160564708691,"localGP"
"15057",61,12,4,0,48.9349746000449,96.125082157983,"Smooth","Max. Reward Condition",20,"6",5,2,5,486,"Short",0.084980928878925,21.855052959659,NA,5.91160564708691,"localGP"
"15058",61,13,7,5,32.4689598978585,96.125082157983,"Smooth","Max. Reward Condition",20,"6",5,2,63,486,"Short",0.084980928878925,21.855052959659,NA,5.91160564708691,"localGP"
"15059",61,14,6,8,31.779943763312,96.125082157983,"Smooth","Max. Reward Condition",20,"6",5,1,95,486,"Short",0.084980928878925,21.855052959659,NA,5.91160564708691,"localGP"
"15060",61,15,0,6,27.6444637033922,96.125082157983,"Smooth","Max. Reward Condition",20,"6",5,5,67,486,"Short",0.084980928878925,21.855052959659,NA,5.91160564708691,"localGP"
"15061",61,16,0,7,66.0642048985975,96.125082157983,"Smooth","Max. Reward Condition",20,"6",5,1,78,486,"Short",0.084980928878925,21.855052959659,NA,5.91160564708691,"localGP"
"15062",61,17,0,8,60.0699780954412,96.125082157983,"Smooth","Max. Reward Condition",20,"6",5,2,89,486,"Short",0.084980928878925,21.855052959659,NA,5.91160564708691,"localGP"
"15063",61,18,0,8,60.0699780954412,96.125082157983,"Smooth","Max. Reward Condition",20,"6",5,1,89,486,"Short",0.084980928878925,21.855052959659,NA,5.91160564708691,"localGP"
"15064",61,19,0,7,66.0642048985975,96.125082157983,"Smooth","Max. Reward Condition",20,"6",5,6,78,486,"Short",0.084980928878925,21.855052959659,NA,5.91160564708691,"localGP"
"15065",61,20,0,6,27.6444637033922,96.125082157983,"Smooth","Max. Reward Condition",20,"6",5,1,67,486,"Short",0.084980928878925,21.855052959659,NA,5.91160564708691,"localGP"
"15066",61,21,10,6,82.4387014347711,96.125082157983,"Smooth","Max. Reward Condition",20,"6",5,8,77,486,"Short",0.084980928878925,21.855052959659,NA,5.91160564708691,"localGP"
"15067",61,1,8,1,22.4638703652577,22.4638703652577,"Smooth","Max. Reward Condition",40,"7",18,NA,20,487,"Long",0.102417770815793,0.890528153032121,NA,0.547099343830194,"localGP"
"15068",61,2,8,3,32.1774726570329,32.1774726570329,"Smooth","Max. Reward Condition",40,"7",18,11,42,487,"Long",0.102417770815793,0.890528153032121,NA,0.547099343830194,"localGP"
"15069",61,3,10,3,47.7289893692748,47.7289893692748,"Smooth","Max. Reward Condition",40,"7",18,10,44,487,"Long",0.102417770815793,0.890528153032121,NA,0.547099343830194,"localGP"
"15070",61,4,7,3,0,47.7289893692748,"Smooth","Max. Reward Condition",40,"7",18,10,41,487,"Long",0.102417770815793,0.890528153032121,NA,0.547099343830194,"localGP"
"15071",61,5,1,1,48.0935875031168,48.0935875031168,"Smooth","Max. Reward Condition",40,"7",18,10,13,487,"Long",0.102417770815793,0.890528153032121,NA,0.547099343830194,"localGP"
"15072",61,6,1,2,56.0034935119072,56.0034935119072,"Smooth","Max. Reward Condition",40,"7",18,9,24,487,"Long",0.102417770815793,0.890528153032121,NA,0.547099343830194,"localGP"
"15073",61,7,3,2,87.0484650270771,87.0484650270771,"Smooth","Max. Reward Condition",40,"7",18,1,26,487,"Long",0.102417770815793,0.890528153032121,NA,0.547099343830194,"localGP"
"15074",61,8,4,2,74.4058624133972,87.0484650270771,"Smooth","Max. Reward Condition",40,"7",18,4,27,487,"Long",0.102417770815793,0.890528153032121,NA,0.547099343830194,"localGP"
"15075",61,9,9,7,72.9623547713888,87.0484650270771,"Smooth","Max. Reward Condition",40,"7",18,8,87,487,"Long",0.102417770815793,0.890528153032121,NA,0.547099343830194,"localGP"
"15076",61,10,8,8,58.8343770395875,87.0484650270771,"Smooth","Max. Reward Condition",40,"7",18,1,97,487,"Long",0.102417770815793,0.890528153032121,NA,0.547099343830194,"localGP"
"15077",61,11,8,7,51.6253344127728,87.0484650270771,"Smooth","Max. Reward Condition",40,"7",18,1,86,487,"Long",0.102417770815793,0.890528153032121,NA,0.547099343830194,"localGP"
"15078",61,12,8,6,52.3875490141336,87.0484650270771,"Smooth","Max. Reward Condition",40,"7",18,1,75,487,"Long",0.102417770815793,0.890528153032121,NA,0.547099343830194,"localGP"
"15079",61,13,5,2,52.4052015124445,87.0484650270771,"Smooth","Max. Reward Condition",40,"7",18,2,28,487,"Long",0.102417770815793,0.890528153032121,NA,0.547099343830194,"localGP"
"15080",61,14,10,4,53.5685725301176,87.0484650270771,"Smooth","Max. Reward Condition",40,"7",18,1,55,487,"Long",0.102417770815793,0.890528153032121,NA,0.547099343830194,"localGP"
"15081",61,15,10,5,37.8302996702739,87.0484650270771,"Smooth","Max. Reward Condition",40,"7",18,4,66,487,"Long",0.102417770815793,0.890528153032121,NA,0.547099343830194,"localGP"
"15082",61,16,9,5,25.5809293587448,87.0484650270771,"Smooth","Max. Reward Condition",40,"7",18,1,65,487,"Long",0.102417770815793,0.890528153032121,NA,0.547099343830194,"localGP"
"15083",61,17,7,5,34.8171406531834,87.0484650270771,"Smooth","Max. Reward Condition",40,"7",18,1,63,487,"Long",0.102417770815793,0.890528153032121,NA,0.547099343830194,"localGP"
"15084",61,18,4,10,41.5348285805763,87.0484650270771,"Smooth","Max. Reward Condition",40,"7",18,2,115,487,"Long",0.102417770815793,0.890528153032121,NA,0.547099343830194,"localGP"
"15085",61,19,3,7,22.0436802123003,87.0484650270771,"Smooth","Max. Reward Condition",40,"7",18,1,81,487,"Long",0.102417770815793,0.890528153032121,NA,0.547099343830194,"localGP"
"15086",61,20,5,7,60.8656482156471,87.0484650270771,"Smooth","Max. Reward Condition",40,"7",18,3,83,487,"Long",0.102417770815793,0.890528153032121,NA,0.547099343830194,"localGP"
"15087",61,21,6,7,45.7922377623339,87.0484650270771,"Smooth","Max. Reward Condition",40,"7",18,1,84,487,"Long",0.102417770815793,0.890528153032121,NA,0.547099343830194,"localGP"
"15088",61,22,6,4,24.0248838436953,87.0484650270771,"Smooth","Max. Reward Condition",40,"7",18,1,51,487,"Long",0.102417770815793,0.890528153032121,NA,0.547099343830194,"localGP"
"15089",61,23,6,5,39.8371872215826,87.0484650270771,"Smooth","Max. Reward Condition",40,"7",18,1,62,487,"Long",0.102417770815793,0.890528153032121,NA,0.547099343830194,"localGP"
"15090",61,24,4,5,66.1329906623103,87.0484650270771,"Smooth","Max. Reward Condition",40,"7",18,1,60,487,"Long",0.102417770815793,0.890528153032121,NA,0.547099343830194,"localGP"
"15091",61,25,4,4,52.24416387013,87.0484650270771,"Smooth","Max. Reward Condition",40,"7",18,3,49,487,"Long",0.102417770815793,0.890528153032121,NA,0.547099343830194,"localGP"
"15092",61,26,3,10,32.5695318981662,87.0484650270771,"Smooth","Max. Reward Condition",40,"7",18,1,114,487,"Long",0.102417770815793,0.890528153032121,NA,0.547099343830194,"localGP"
"15093",61,27,3,3,53.9768384538052,87.0484650270771,"Smooth","Max. Reward Condition",40,"7",18,11,37,487,"Long",0.102417770815793,0.890528153032121,NA,0.547099343830194,"localGP"
"15094",61,28,8,5,35.8126072041007,87.0484650270771,"Smooth","Max. Reward Condition",40,"7",18,1,64,487,"Long",0.102417770815793,0.890528153032121,NA,0.547099343830194,"localGP"
"15095",61,29,6,4,24.0248838436953,87.0484650270771,"Smooth","Max. Reward Condition",40,"7",18,16,51,487,"Long",0.102417770815793,0.890528153032121,NA,0.547099343830194,"localGP"
"15096",61,30,3,10,32.5695318981662,87.0484650270771,"Smooth","Max. Reward Condition",40,"7",18,8,114,487,"Long",0.102417770815793,0.890528153032121,NA,0.547099343830194,"localGP"
"15097",61,31,1,0,52.4795285472342,87.0484650270771,"Smooth","Max. Reward Condition",40,"7",18,9,2,487,"Long",0.102417770815793,0.890528153032121,NA,0.547099343830194,"localGP"
"15098",61,32,2,0,34.0203157022651,87.0484650270771,"Smooth","Max. Reward Condition",40,"7",18,3,3,487,"Long",0.102417770815793,0.890528153032121,NA,0.547099343830194,"localGP"
"15099",61,33,2,1,70.0239835784985,87.0484650270771,"Smooth","Max. Reward Condition",40,"7",18,5,14,487,"Long",0.102417770815793,0.890528153032121,NA,0.547099343830194,"localGP"
"15100",61,34,2,2,100,100,"Smooth","Max. Reward Condition",40,"7",18,14,25,487,"Long",0.102417770815793,0.890528153032121,NA,0.547099343830194,"localGP"
"15101",61,35,6,4,24.0248838436953,100,"Smooth","Max. Reward Condition",40,"7",18,2,51,487,"Long",0.102417770815793,0.890528153032121,NA,0.547099343830194,"localGP"
"15102",61,36,8,10,43.0920417226209,100,"Smooth","Max. Reward Condition",40,"7",18,4,119,487,"Long",0.102417770815793,0.890528153032121,NA,0.547099343830194,"localGP"
"15103",61,37,1,8,43.9523199496518,100,"Smooth","Max. Reward Condition",40,"7",18,2,90,487,"Long",0.102417770815793,0.890528153032121,NA,0.547099343830194,"localGP"
"15104",61,38,1,7,8.31794726790205,100,"Smooth","Max. Reward Condition",40,"7",18,2,79,487,"Long",0.102417770815793,0.890528153032121,NA,0.547099343830194,"localGP"
"15105",61,39,10,9,68.5571263747788,100,"Smooth","Max. Reward Condition",40,"7",18,2,110,487,"Long",0.102417770815793,0.890528153032121,NA,0.547099343830194,"localGP"
"15106",61,40,9,7,72.9623547713888,100,"Smooth","Max. Reward Condition",40,"7",18,2,87,487,"Long",0.102417770815793,0.890528153032121,NA,0.547099343830194,"localGP"
"15107",61,41,10,7,45.9324442548253,100,"Smooth","Max. Reward Condition",40,"7",18,1,88,487,"Long",0.102417770815793,0.890528153032121,NA,0.547099343830194,"localGP"
"15108",61,1,2,4,48.1844951677525,48.1844951677525,"Smooth","Max. Reward Condition",20,"8",4,NA,47,488,"Short",0.11096096543469,0.867672379879454,NA,0.502926997878791,"localGP"
"15109",61,2,9,5,68.6489850017742,68.6489850017742,"Smooth","Max. Reward Condition",20,"8",4,11,65,488,"Short",0.11096096543469,0.867672379879454,NA,0.502926997878791,"localGP"
"15110",61,3,8,5,68.1580149592583,68.6489850017742,"Smooth","Max. Reward Condition",20,"8",4,1,64,488,"Short",0.11096096543469,0.867672379879454,NA,0.502926997878791,"localGP"
"15111",61,4,8,4,73.0063845921063,73.0063845921063,"Smooth","Max. Reward Condition",20,"8",4,3,53,488,"Short",0.11096096543469,0.867672379879454,NA,0.502926997878791,"localGP"
"15112",61,5,7,4,41.2492240825344,73.0063845921063,"Smooth","Max. Reward Condition",20,"8",4,1,52,488,"Short",0.11096096543469,0.867672379879454,NA,0.502926997878791,"localGP"
"15113",61,6,6,10,48.7082287749255,73.0063845921063,"Smooth","Max. Reward Condition",20,"8",4,1,117,488,"Short",0.11096096543469,0.867672379879454,NA,0.502926997878791,"localGP"
"15114",61,7,0,1,65.3456129286578,73.0063845921063,"Smooth","Max. Reward Condition",20,"8",4,2,12,488,"Short",0.11096096543469,0.867672379879454,NA,0.502926997878791,"localGP"
"15115",61,8,0,9,36.6552465782619,73.0063845921063,"Smooth","Max. Reward Condition",20,"8",4,0,100,488,"Short",0.11096096543469,0.867672379879454,NA,0.502926997878791,"localGP"
"15116",61,9,10,5,13.5240325022362,73.0063845921063,"Smooth","Max. Reward Condition",20,"8",4,1,66,488,"Short",0.11096096543469,0.867672379879454,NA,0.502926997878791,"localGP"
"15117",61,10,8,6,34.6398496168061,73.0063845921063,"Smooth","Max. Reward Condition",20,"8",4,1,75,488,"Short",0.11096096543469,0.867672379879454,NA,0.502926997878791,"localGP"
"15118",61,11,8,8,37.2485540840057,73.0063845921063,"Smooth","Max. Reward Condition",20,"8",4,0,97,488,"Short",0.11096096543469,0.867672379879454,NA,0.502926997878791,"localGP"
"15119",61,12,9,8,49.0474995122184,73.0063845921063,"Smooth","Max. Reward Condition",20,"8",4,1,98,488,"Short",0.11096096543469,0.867672379879454,NA,0.502926997878791,"localGP"
"15120",61,13,2,5,52.9476469260849,73.0063845921063,"Smooth","Max. Reward Condition",20,"8",4,1,58,488,"Short",0.11096096543469,0.867672379879454,NA,0.502926997878791,"localGP"
"15121",61,14,2,7,36.3841568460802,73.0063845921063,"Smooth","Max. Reward Condition",20,"8",4,1,80,488,"Short",0.11096096543469,0.867672379879454,NA,0.502926997878791,"localGP"
"15122",61,15,9,7,50.1010574572642,73.0063845921063,"Smooth","Max. Reward Condition",20,"8",4,1,87,488,"Short",0.11096096543469,0.867672379879454,NA,0.502926997878791,"localGP"
"15123",61,16,10,7,16.2974098604969,73.0063845921063,"Smooth","Max. Reward Condition",20,"8",4,4,88,488,"Short",0.11096096543469,0.867672379879454,NA,0.502926997878791,"localGP"
"15124",61,17,6,5,27.715879819657,73.0063845921063,"Smooth","Max. Reward Condition",20,"8",4,1,62,488,"Short",0.11096096543469,0.867672379879454,NA,0.502926997878791,"localGP"
"15125",61,18,3,2,48.6711536627271,73.0063845921063,"Smooth","Max. Reward Condition",20,"8",4,2,26,488,"Short",0.11096096543469,0.867672379879454,NA,0.502926997878791,"localGP"
"15126",61,19,1,1,71.1759996690276,73.0063845921063,"Smooth","Max. Reward Condition",20,"8",4,5,13,488,"Short",0.11096096543469,0.867672379879454,NA,0.502926997878791,"localGP"
"15127",61,20,1,2,73.4445687616828,73.4445687616828,"Smooth","Max. Reward Condition",20,"8",4,1,24,488,"Short",0.11096096543469,0.867672379879454,NA,0.502926997878791,"localGP"
"15128",61,21,10,2,51.2894760836585,73.4445687616828,"Smooth","Max. Reward Condition",20,"8",4,3,33,488,"Short",0.11096096543469,0.867672379879454,NA,0.502926997878791,"localGP"
"15129",62,1,1,6,25.7521416904729,25.7521416904729,"Rough","Avg. Reward Condition",20,"1",2,NA,68,489,"Short",0.0961149709593784,0.708888406034686,NA,0.521665989113518,"localGP"
"15130",62,2,3,6,11.9639341167165,25.7521416904729,"Rough","Avg. Reward Condition",20,"1",2,7,70,489,"Short",0.0961149709593784,0.708888406034686,NA,0.521665989113518,"localGP"
"15131",62,3,9,10,39.8149202593405,39.8149202593405,"Rough","Avg. Reward Condition",20,"1",2,4,120,489,"Short",0.0961149709593784,0.708888406034686,NA,0.521665989113518,"localGP"
"15132",62,4,8,10,50.0631766898922,50.0631766898922,"Rough","Avg. Reward Condition",20,"1",2,1,119,489,"Short",0.0961149709593784,0.708888406034686,NA,0.521665989113518,"localGP"
"15133",62,5,7,10,82.2172279121399,82.2172279121399,"Rough","Avg. Reward Condition",20,"1",2,2,118,489,"Short",0.0961149709593784,0.708888406034686,NA,0.521665989113518,"localGP"
"15134",62,6,6,9,30.5053411729536,82.2172279121399,"Rough","Avg. Reward Condition",20,"1",2,1,106,489,"Short",0.0961149709593784,0.708888406034686,NA,0.521665989113518,"localGP"
"15135",62,7,5,8,25.9035878012328,82.2172279121399,"Rough","Avg. Reward Condition",20,"1",2,2,94,489,"Short",0.0961149709593784,0.708888406034686,NA,0.521665989113518,"localGP"
"15136",62,8,5,9,16.8148223768183,82.2172279121399,"Rough","Avg. Reward Condition",20,"1",2,1,105,489,"Short",0.0961149709593784,0.708888406034686,NA,0.521665989113518,"localGP"
"15137",62,9,4,9,50.5750945891225,82.2172279121399,"Rough","Avg. Reward Condition",20,"1",2,2,104,489,"Short",0.0961149709593784,0.708888406034686,NA,0.521665989113518,"localGP"
"15138",62,10,3,9,100,100,"Rough","Avg. Reward Condition",20,"1",2,1,103,489,"Short",0.0961149709593784,0.708888406034686,NA,0.521665989113518,"localGP"
"15139",62,11,2,9,94.3317374885778,100,"Rough","Avg. Reward Condition",20,"1",2,5,102,489,"Short",0.0961149709593784,0.708888406034686,NA,0.521665989113518,"localGP"
"15140",62,12,1,10,33.6796759387102,100,"Rough","Avg. Reward Condition",20,"1",2,1,112,489,"Short",0.0961149709593784,0.708888406034686,NA,0.521665989113518,"localGP"
"15141",62,13,1,9,45.0686328655171,100,"Rough","Avg. Reward Condition",20,"1",2,3,101,489,"Short",0.0961149709593784,0.708888406034686,NA,0.521665989113518,"localGP"
"15142",62,14,1,8,53.0522742783677,100,"Rough","Avg. Reward Condition",20,"1",2,3,90,489,"Short",0.0961149709593784,0.708888406034686,NA,0.521665989113518,"localGP"
"15143",62,15,4,2,17.4226376876341,100,"Rough","Avg. Reward Condition",20,"1",2,1,27,489,"Short",0.0961149709593784,0.708888406034686,NA,0.521665989113518,"localGP"
"15144",62,16,4,2,17.4226376876341,100,"Rough","Avg. Reward Condition",20,"1",2,1,27,489,"Short",0.0961149709593784,0.708888406034686,NA,0.521665989113518,"localGP"
"15145",62,17,0,0,59.752754852951,100,"Rough","Avg. Reward Condition",20,"1",2,1,1,489,"Short",0.0961149709593784,0.708888406034686,NA,0.521665989113518,"localGP"
"15146",62,18,0,1,65.1431397571806,100,"Rough","Avg. Reward Condition",20,"1",2,2,12,489,"Short",0.0961149709593784,0.708888406034686,NA,0.521665989113518,"localGP"
"15147",62,19,2,1,41.6870799554234,100,"Rough","Avg. Reward Condition",20,"1",2,1,14,489,"Short",0.0961149709593784,0.708888406034686,NA,0.521665989113518,"localGP"
"15148",62,20,1,1,53.5541131096444,100,"Rough","Avg. Reward Condition",20,"1",2,1,13,489,"Short",0.0961149709593784,0.708888406034686,NA,0.521665989113518,"localGP"
"15149",62,21,1,0,62.0575397860804,100,"Rough","Avg. Reward Condition",20,"1",2,1,2,489,"Short",0.0961149709593784,0.708888406034686,NA,0.521665989113518,"localGP"
"15150",62,1,8,5,58.2160279726654,58.2160279726654,"Rough","Avg. Reward Condition",40,"2",1,NA,64,490,"Long",0.101404381001681,0.629132255692758,NA,0.561299323546151,"localGP"
"15151",62,2,9,5,46.4508872756904,58.2160279726654,"Rough","Avg. Reward Condition",40,"2",1,1,65,490,"Long",0.101404381001681,0.629132255692758,NA,0.561299323546151,"localGP"
"15152",62,3,8,10,52.0181459798519,58.2160279726654,"Rough","Avg. Reward Condition",40,"2",1,1,119,490,"Long",0.101404381001681,0.629132255692758,NA,0.561299323546151,"localGP"
"15153",62,4,9,10,49.6139701131598,58.2160279726654,"Rough","Avg. Reward Condition",40,"2",1,1,120,490,"Long",0.101404381001681,0.629132255692758,NA,0.561299323546151,"localGP"
"15154",62,5,10,10,43.1852507215821,58.2160279726654,"Rough","Avg. Reward Condition",40,"2",1,2,121,490,"Long",0.101404381001681,0.629132255692758,NA,0.561299323546151,"localGP"
"15155",62,6,10,2,27.6401369749031,58.2160279726654,"Rough","Avg. Reward Condition",40,"2",1,1,33,490,"Long",0.101404381001681,0.629132255692758,NA,0.561299323546151,"localGP"
"15156",62,7,9,2,45.6743517242672,58.2160279726654,"Rough","Avg. Reward Condition",40,"2",1,3,32,490,"Long",0.101404381001681,0.629132255692758,NA,0.561299323546151,"localGP"
"15157",62,8,6,1,70.4800541800228,70.4800541800228,"Rough","Avg. Reward Condition",40,"2",1,1,18,490,"Long",0.101404381001681,0.629132255692758,NA,0.561299323546151,"localGP"
"15158",62,9,6,0,87.9392304939487,87.9392304939487,"Rough","Avg. Reward Condition",40,"2",1,3,7,490,"Long",0.101404381001681,0.629132255692758,NA,0.561299323546151,"localGP"
"15159",62,10,5,1,66.7584273273,87.9392304939487,"Rough","Avg. Reward Condition",40,"2",1,1,17,490,"Long",0.101404381001681,0.629132255692758,NA,0.561299323546151,"localGP"
"15160",62,11,5,0,64.2045633155116,87.9392304939487,"Rough","Avg. Reward Condition",40,"2",1,3,6,490,"Long",0.101404381001681,0.629132255692758,NA,0.561299323546151,"localGP"
"15161",62,12,9,0,33.4185710880108,87.9392304939487,"Rough","Avg. Reward Condition",40,"2",1,1,10,490,"Long",0.101404381001681,0.629132255692758,NA,0.561299323546151,"localGP"
"15162",62,13,9,1,33.320982275261,87.9392304939487,"Rough","Avg. Reward Condition",40,"2",1,2,21,490,"Long",0.101404381001681,0.629132255692758,NA,0.561299323546151,"localGP"
"15163",62,14,4,0,27.0153724932925,87.9392304939487,"Rough","Avg. Reward Condition",40,"2",1,3,5,490,"Long",0.101404381001681,0.629132255692758,NA,0.561299323546151,"localGP"
"15164",62,15,4,1,21.3952704288319,87.9392304939487,"Rough","Avg. Reward Condition",40,"2",1,2,16,490,"Long",0.101404381001681,0.629132255692758,NA,0.561299323546151,"localGP"
"15165",62,16,5,4,93.0511729954542,93.0511729954542,"Rough","Avg. Reward Condition",40,"2",1,5,50,490,"Long",0.101404381001681,0.629132255692758,NA,0.561299323546151,"localGP"
"15166",62,17,6,4,96.8351832239486,96.8351832239486,"Rough","Avg. Reward Condition",40,"2",1,2,51,490,"Long",0.101404381001681,0.629132255692758,NA,0.561299323546151,"localGP"
"15167",62,18,6,5,96.622130971634,96.8351832239486,"Rough","Avg. Reward Condition",40,"2",1,1,62,490,"Long",0.101404381001681,0.629132255692758,NA,0.561299323546151,"localGP"
"15168",62,19,7,5,77.3624039749998,96.8351832239486,"Rough","Avg. Reward Condition",40,"2",1,0,63,490,"Long",0.101404381001681,0.629132255692758,NA,0.561299323546151,"localGP"
"15169",62,20,7,4,77.4616893062404,96.8351832239486,"Rough","Avg. Reward Condition",40,"2",1,1,52,490,"Long",0.101404381001681,0.629132255692758,NA,0.561299323546151,"localGP"
"15170",62,21,3,3,25.8331935832357,96.8351832239486,"Rough","Avg. Reward Condition",40,"2",1,2,37,490,"Long",0.101404381001681,0.629132255692758,NA,0.561299323546151,"localGP"
"15171",62,22,0,2,31.3251454168042,96.8351832239486,"Rough","Avg. Reward Condition",40,"2",1,1,23,490,"Long",0.101404381001681,0.629132255692758,NA,0.561299323546151,"localGP"
"15172",62,23,1,2,0,96.8351832239486,"Rough","Avg. Reward Condition",40,"2",1,4,24,490,"Long",0.101404381001681,0.629132255692758,NA,0.561299323546151,"localGP"
"15173",62,24,0,7,66.7767330115422,96.8351832239486,"Rough","Avg. Reward Condition",40,"2",1,1,78,490,"Long",0.101404381001681,0.629132255692758,NA,0.561299323546151,"localGP"
"15174",62,25,0,6,34.4954147677116,96.8351832239486,"Rough","Avg. Reward Condition",40,"2",1,7,67,490,"Long",0.101404381001681,0.629132255692758,NA,0.561299323546151,"localGP"
"15175",62,26,0,5,38.1968021459426,96.8351832239486,"Rough","Avg. Reward Condition",40,"2",1,1,56,490,"Long",0.101404381001681,0.629132255692758,NA,0.561299323546151,"localGP"
"15176",62,27,0,4,53.2133546704332,96.8351832239486,"Rough","Avg. Reward Condition",40,"2",1,1,45,490,"Long",0.101404381001681,0.629132255692758,NA,0.561299323546151,"localGP"
"15177",62,28,5,5,89.574494748802,96.8351832239486,"Rough","Avg. Reward Condition",40,"2",1,9,61,490,"Long",0.101404381001681,0.629132255692758,NA,0.561299323546151,"localGP"
"15178",62,29,5,6,69.9155090037251,96.8351832239486,"Rough","Avg. Reward Condition",40,"2",1,2,72,490,"Long",0.101404381001681,0.629132255692758,NA,0.561299323546151,"localGP"
"15179",62,30,6,6,78.697918940418,96.8351832239486,"Rough","Avg. Reward Condition",40,"2",1,6,73,490,"Long",0.101404381001681,0.629132255692758,NA,0.561299323546151,"localGP"
"15180",62,31,5,6,69.9155090037251,96.8351832239486,"Rough","Avg. Reward Condition",40,"2",1,9,72,490,"Long",0.101404381001681,0.629132255692758,NA,0.561299323546151,"localGP"
"15181",62,32,4,6,37.058891508221,96.8351832239486,"Rough","Avg. Reward Condition",40,"2",1,5,71,490,"Long",0.101404381001681,0.629132255692758,NA,0.561299323546151,"localGP"
"15182",62,33,4,5,50.9861643343635,96.8351832239486,"Rough","Avg. Reward Condition",40,"2",1,3,60,490,"Long",0.101404381001681,0.629132255692758,NA,0.561299323546151,"localGP"
"15183",62,34,4,4,58.9084220518728,96.8351832239486,"Rough","Avg. Reward Condition",40,"2",1,1,49,490,"Long",0.101404381001681,0.629132255692758,NA,0.561299323546151,"localGP"
"15184",62,35,3,5,41.3738955859387,96.8351832239486,"Rough","Avg. Reward Condition",40,"2",1,2,59,490,"Long",0.101404381001681,0.629132255692758,NA,0.561299323546151,"localGP"
"15185",62,36,2,5,32.535407260204,96.8351832239486,"Rough","Avg. Reward Condition",40,"2",1,2,58,490,"Long",0.101404381001681,0.629132255692758,NA,0.561299323546151,"localGP"
"15186",62,37,1,3,10.2009483490212,96.8351832239486,"Rough","Avg. Reward Condition",40,"2",1,1,35,490,"Long",0.101404381001681,0.629132255692758,NA,0.561299323546151,"localGP"
"15187",62,38,1,0,84.3956226620629,96.8351832239486,"Rough","Avg. Reward Condition",40,"2",1,1,2,490,"Long",0.101404381001681,0.629132255692758,NA,0.561299323546151,"localGP"
"15188",62,39,2,0,70.8875298246222,96.8351832239486,"Rough","Avg. Reward Condition",40,"2",1,8,3,490,"Long",0.101404381001681,0.629132255692758,NA,0.561299323546151,"localGP"
"15189",62,40,3,0,22.5301208321615,96.8351832239486,"Rough","Avg. Reward Condition",40,"2",1,5,4,490,"Long",0.101404381001681,0.629132255692758,NA,0.561299323546151,"localGP"
"15190",62,41,3,1,33.2382175382002,96.8351832239486,"Rough","Avg. Reward Condition",40,"2",1,1,15,490,"Long",0.101404381001681,0.629132255692758,NA,0.561299323546151,"localGP"
"15191",62,1,1,1,22.2975838808084,22.2975838808084,"Rough","Avg. Reward Condition",20,"3",6,NA,13,491,"Short",0.0845071288208954,0.679220347796558,NA,0.483030410317854,"localGP"
"15192",62,2,3,0,63.3554027374264,63.3554027374264,"Rough","Avg. Reward Condition",20,"3",6,3,4,491,"Short",0.0845071288208954,0.679220347796558,NA,0.483030410317854,"localGP"
"15193",62,3,4,0,55.5674013625867,63.3554027374264,"Rough","Avg. Reward Condition",20,"3",6,8,5,491,"Short",0.0845071288208954,0.679220347796558,NA,0.483030410317854,"localGP"
"15194",62,4,5,0,91.7432297732024,91.7432297732024,"Rough","Avg. Reward Condition",20,"3",6,5,6,491,"Short",0.0845071288208954,0.679220347796558,NA,0.483030410317854,"localGP"
"15195",62,5,5,1,54.7135189925466,91.7432297732024,"Rough","Avg. Reward Condition",20,"3",6,1,17,491,"Short",0.0845071288208954,0.679220347796558,NA,0.483030410317854,"localGP"
"15196",62,6,1,9,36.7437798963148,91.7432297732024,"Rough","Avg. Reward Condition",20,"3",6,6,101,491,"Short",0.0845071288208954,0.679220347796558,NA,0.483030410317854,"localGP"
"15197",62,7,2,9,26.1687678921862,91.7432297732024,"Rough","Avg. Reward Condition",20,"3",6,3,102,491,"Short",0.0845071288208954,0.679220347796558,NA,0.483030410317854,"localGP"
"15198",62,8,2,10,50.1552784295293,91.7432297732024,"Rough","Avg. Reward Condition",20,"3",6,4,113,491,"Short",0.0845071288208954,0.679220347796558,NA,0.483030410317854,"localGP"
"15199",62,9,6,2,37.1794683639589,91.7432297732024,"Rough","Avg. Reward Condition",20,"3",6,2,29,491,"Short",0.0845071288208954,0.679220347796558,NA,0.483030410317854,"localGP"
"15200",62,10,6,3,37.4132597632544,91.7432297732024,"Rough","Avg. Reward Condition",20,"3",6,9,40,491,"Short",0.0845071288208954,0.679220347796558,NA,0.483030410317854,"localGP"
"15201",62,11,7,3,29.6760895076296,91.7432297732024,"Rough","Avg. Reward Condition",20,"3",6,1,41,491,"Short",0.0845071288208954,0.679220347796558,NA,0.483030410317854,"localGP"
"15202",62,12,1,3,70.5820098602199,91.7432297732024,"Rough","Avg. Reward Condition",20,"3",6,2,35,491,"Short",0.0845071288208954,0.679220347796558,NA,0.483030410317854,"localGP"
"15203",62,13,0,3,82.5721379784096,91.7432297732024,"Rough","Avg. Reward Condition",20,"3",6,2,34,491,"Short",0.0845071288208954,0.679220347796558,NA,0.483030410317854,"localGP"
"15204",62,14,0,2,64.4680936879448,91.7432297732024,"Rough","Avg. Reward Condition",20,"3",6,1,23,491,"Short",0.0845071288208954,0.679220347796558,NA,0.483030410317854,"localGP"
"15205",62,15,5,8,46.7235740972404,91.7432297732024,"Rough","Avg. Reward Condition",20,"3",6,1,94,491,"Short",0.0845071288208954,0.679220347796558,NA,0.483030410317854,"localGP"
"15206",62,16,5,9,24.8190311871749,91.7432297732024,"Rough","Avg. Reward Condition",20,"3",6,1,105,491,"Short",0.0845071288208954,0.679220347796558,NA,0.483030410317854,"localGP"
"15207",62,17,9,0,42.7227287180246,91.7432297732024,"Rough","Avg. Reward Condition",20,"3",6,2,10,491,"Short",0.0845071288208954,0.679220347796558,NA,0.483030410317854,"localGP"
"15208",62,18,7,0,94.4174730147353,94.4174730147353,"Rough","Avg. Reward Condition",20,"3",6,2,8,491,"Short",0.0845071288208954,0.679220347796558,NA,0.483030410317854,"localGP"
"15209",62,19,6,0,94.4963050018738,94.4963050018738,"Rough","Avg. Reward Condition",20,"3",6,1,7,491,"Short",0.0845071288208954,0.679220347796558,NA,0.483030410317854,"localGP"
"15210",62,20,5,0,91.7432297732024,94.4963050018738,"Rough","Avg. Reward Condition",20,"3",6,2,6,491,"Short",0.0845071288208954,0.679220347796558,NA,0.483030410317854,"localGP"
"15211",62,21,6,0,94.4963050018738,94.4963050018738,"Rough","Avg. Reward Condition",20,"3",6,1,7,491,"Short",0.0845071288208954,0.679220347796558,NA,0.483030410317854,"localGP"
"15212",62,1,4,4,44.1531168030834,44.1531168030834,"Rough","Avg. Reward Condition",40,"4",9,NA,49,492,"Long",0.0965742921563597,0.634612606686342,NA,0.512096181672476,"localGP"
"15213",62,2,4,3,30.449935821985,44.1531168030834,"Rough","Avg. Reward Condition",40,"4",9,3,38,492,"Long",0.0965742921563597,0.634612606686342,NA,0.512096181672476,"localGP"
"15214",62,3,3,2,59.8826476253747,59.8826476253747,"Rough","Avg. Reward Condition",40,"4",9,5,26,492,"Long",0.0965742921563597,0.634612606686342,NA,0.512096181672476,"localGP"
"15215",62,4,3,1,40.3499664940064,59.8826476253747,"Rough","Avg. Reward Condition",40,"4",9,5,15,492,"Long",0.0965742921563597,0.634612606686342,NA,0.512096181672476,"localGP"
"15216",62,5,2,2,29.9562633330357,59.8826476253747,"Rough","Avg. Reward Condition",40,"4",9,3,25,492,"Long",0.0965742921563597,0.634612606686342,NA,0.512096181672476,"localGP"
"15217",62,6,4,5,65.4711627445738,65.4711627445738,"Rough","Avg. Reward Condition",40,"4",9,7,60,492,"Long",0.0965742921563597,0.634612606686342,NA,0.512096181672476,"localGP"
"15218",62,7,2,7,27.9615833854138,65.4711627445738,"Rough","Avg. Reward Condition",40,"4",9,8,80,492,"Long",0.0965742921563597,0.634612606686342,NA,0.512096181672476,"localGP"
"15219",62,8,2,6,36.7603971386675,65.4711627445738,"Rough","Avg. Reward Condition",40,"4",9,6,69,492,"Long",0.0965742921563597,0.634612606686342,NA,0.512096181672476,"localGP"
"15220",62,9,3,5,65.8441011417539,65.8441011417539,"Rough","Avg. Reward Condition",40,"4",9,9,59,492,"Long",0.0965742921563597,0.634612606686342,NA,0.512096181672476,"localGP"
"15221",62,10,9,4,66.4162368396028,66.4162368396028,"Rough","Avg. Reward Condition",40,"4",9,1,54,492,"Long",0.0965742921563597,0.634612606686342,NA,0.512096181672476,"localGP"
"15222",62,11,8,4,25.3679855103689,66.4162368396028,"Rough","Avg. Reward Condition",40,"4",9,1,53,492,"Long",0.0965742921563597,0.634612606686342,NA,0.512096181672476,"localGP"
"15223",62,12,6,7,31.2453009050804,66.4162368396028,"Rough","Avg. Reward Condition",40,"4",9,1,84,492,"Long",0.0965742921563597,0.634612606686342,NA,0.512096181672476,"localGP"
"15224",62,13,4,7,31.2245968865116,66.4162368396028,"Rough","Avg. Reward Condition",40,"4",9,1,82,492,"Long",0.0965742921563597,0.634612606686342,NA,0.512096181672476,"localGP"
"15225",62,14,10,7,64.0304826931053,66.4162368396028,"Rough","Avg. Reward Condition",40,"4",9,1,88,492,"Long",0.0965742921563597,0.634612606686342,NA,0.512096181672476,"localGP"
"15226",62,15,10,6,41.1599115765723,66.4162368396028,"Rough","Avg. Reward Condition",40,"4",9,1,77,492,"Long",0.0965742921563597,0.634612606686342,NA,0.512096181672476,"localGP"
"15227",62,16,10,8,84.8321481843009,84.8321481843009,"Rough","Avg. Reward Condition",40,"4",9,1,99,492,"Long",0.0965742921563597,0.634612606686342,NA,0.512096181672476,"localGP"
"15228",62,17,9,8,100,100,"Rough","Avg. Reward Condition",40,"4",9,1,98,492,"Long",0.0965742921563597,0.634612606686342,NA,0.512096181672476,"localGP"
"15229",62,18,9,9,56.1300557046755,100,"Rough","Avg. Reward Condition",40,"4",9,1,109,492,"Long",0.0965742921563597,0.634612606686342,NA,0.512096181672476,"localGP"
"15230",62,19,9,5,32.4681463140711,100,"Rough","Avg. Reward Condition",40,"4",9,1,65,492,"Long",0.0965742921563597,0.634612606686342,NA,0.512096181672476,"localGP"
"15231",62,20,8,5,0,100,"Rough","Avg. Reward Condition",40,"4",9,6,64,492,"Long",0.0965742921563597,0.634612606686342,NA,0.512096181672476,"localGP"
"15232",62,21,7,5,4.73175051861213,100,"Rough","Avg. Reward Condition",40,"4",9,6,63,492,"Long",0.0965742921563597,0.634612606686342,NA,0.512096181672476,"localGP"
"15233",62,22,6,5,36.7517013773069,100,"Rough","Avg. Reward Condition",40,"4",9,2,62,492,"Long",0.0965742921563597,0.634612606686342,NA,0.512096181672476,"localGP"
"15234",62,23,5,5,60.2282366593648,100,"Rough","Avg. Reward Condition",40,"4",9,4,61,492,"Long",0.0965742921563597,0.634612606686342,NA,0.512096181672476,"localGP"
"15235",62,24,5,4,31.7569987981429,100,"Rough","Avg. Reward Condition",40,"4",9,4,50,492,"Long",0.0965742921563597,0.634612606686342,NA,0.512096181672476,"localGP"
"15236",62,25,6,2,57.8143678139961,100,"Rough","Avg. Reward Condition",40,"4",9,1,29,492,"Long",0.0965742921563597,0.634612606686342,NA,0.512096181672476,"localGP"
"15237",62,26,6,1,54.5470744987009,100,"Rough","Avg. Reward Condition",40,"4",9,2,18,492,"Long",0.0965742921563597,0.634612606686342,NA,0.512096181672476,"localGP"
"15238",62,27,1,7,60.3654685590386,100,"Rough","Avg. Reward Condition",40,"4",9,1,79,492,"Long",0.0965742921563597,0.634612606686342,NA,0.512096181672476,"localGP"
"15239",62,28,0,7,63.762860531431,100,"Rough","Avg. Reward Condition",40,"4",9,1,78,492,"Long",0.0965742921563597,0.634612606686342,NA,0.512096181672476,"localGP"
"15240",62,29,0,6,96.5524227911389,100,"Rough","Avg. Reward Condition",40,"4",9,1,67,492,"Long",0.0965742921563597,0.634612606686342,NA,0.512096181672476,"localGP"
"15241",62,30,2,1,14.59231424238,100,"Rough","Avg. Reward Condition",40,"4",9,1,14,492,"Long",0.0965742921563597,0.634612606686342,NA,0.512096181672476,"localGP"
"15242",62,31,2,3,14.7404354515513,100,"Rough","Avg. Reward Condition",40,"4",9,1,36,492,"Long",0.0965742921563597,0.634612606686342,NA,0.512096181672476,"localGP"
"15243",62,32,6,3,42.903174760405,100,"Rough","Avg. Reward Condition",40,"4",9,1,40,492,"Long",0.0965742921563597,0.634612606686342,NA,0.512096181672476,"localGP"
"15244",62,33,7,1,45.4129619985676,100,"Rough","Avg. Reward Condition",40,"4",9,1,19,492,"Long",0.0965742921563597,0.634612606686342,NA,0.512096181672476,"localGP"
"15245",62,34,4,0,79.9431598436755,100,"Rough","Avg. Reward Condition",40,"4",9,1,5,492,"Long",0.0965742921563597,0.634612606686342,NA,0.512096181672476,"localGP"
"15246",62,35,5,0,63.7023993468335,100,"Rough","Avg. Reward Condition",40,"4",9,1,6,492,"Long",0.0965742921563597,0.634612606686342,NA,0.512096181672476,"localGP"
"15247",62,36,6,0,42.0165877631551,100,"Rough","Avg. Reward Condition",40,"4",9,4,7,492,"Long",0.0965742921563597,0.634612606686342,NA,0.512096181672476,"localGP"
"15248",62,37,9,10,28.2000882502669,100,"Rough","Avg. Reward Condition",40,"4",9,1,120,492,"Long",0.0965742921563597,0.634612606686342,NA,0.512096181672476,"localGP"
"15249",62,38,10,10,20.1449124623771,100,"Rough","Avg. Reward Condition",40,"4",9,4,121,492,"Long",0.0965742921563597,0.634612606686342,NA,0.512096181672476,"localGP"
"15250",62,39,8,2,56.8753633027435,100,"Rough","Avg. Reward Condition",40,"4",9,1,31,492,"Long",0.0965742921563597,0.634612606686342,NA,0.512096181672476,"localGP"
"15251",62,40,3,0,59.7528798800862,100,"Rough","Avg. Reward Condition",40,"4",9,5,4,492,"Long",0.0965742921563597,0.634612606686342,NA,0.512096181672476,"localGP"
"15252",62,41,8,7,42.1666103712664,100,"Rough","Avg. Reward Condition",40,"4",9,2,86,492,"Long",0.0965742921563597,0.634612606686342,NA,0.512096181672476,"localGP"
"15253",62,1,9,7,50.1010574572642,50.1010574572642,"Rough","Avg. Reward Condition",20,"5",4,NA,87,493,"Short",0.0906284772926201,0.616188658790586,NA,0.481131978294396,"localGP"
"15254",62,2,9,8,49.0474995122184,50.1010574572642,"Rough","Avg. Reward Condition",20,"5",4,3,98,493,"Short",0.0906284772926201,0.616188658790586,NA,0.481131978294396,"localGP"
"15255",62,3,10,8,16.5930440253731,50.1010574572642,"Rough","Avg. Reward Condition",20,"5",4,6,99,493,"Short",0.0906284772926201,0.616188658790586,NA,0.481131978294396,"localGP"
"15256",62,4,10,6,0,50.1010574572642,"Rough","Avg. Reward Condition",20,"5",4,4,77,493,"Short",0.0906284772926201,0.616188658790586,NA,0.481131978294396,"localGP"
"15257",62,5,7,6,33.7698034361065,50.1010574572642,"Rough","Avg. Reward Condition",20,"5",4,1,74,493,"Short",0.0906284772926201,0.616188658790586,NA,0.481131978294396,"localGP"
"15258",62,6,3,10,56.7304025391651,56.7304025391651,"Rough","Avg. Reward Condition",20,"5",4,1,114,493,"Short",0.0906284772926201,0.616188658790586,NA,0.481131978294396,"localGP"
"15259",62,7,2,10,54.5646114683312,56.7304025391651,"Rough","Avg. Reward Condition",20,"5",4,1,113,493,"Short",0.0906284772926201,0.616188658790586,NA,0.481131978294396,"localGP"
"15260",62,8,2,4,48.1844951677525,56.7304025391651,"Rough","Avg. Reward Condition",20,"5",4,1,47,493,"Short",0.0906284772926201,0.616188658790586,NA,0.481131978294396,"localGP"
"15261",62,9,1,4,31.2670409305907,56.7304025391651,"Rough","Avg. Reward Condition",20,"5",4,1,46,493,"Short",0.0906284772926201,0.616188658790586,NA,0.481131978294396,"localGP"
"15262",62,10,4,5,36.1447579478145,56.7304025391651,"Rough","Avg. Reward Condition",20,"5",4,1,60,493,"Short",0.0906284772926201,0.616188658790586,NA,0.481131978294396,"localGP"
"15263",62,11,4,4,49.5091600763757,56.7304025391651,"Rough","Avg. Reward Condition",20,"5",4,1,49,493,"Short",0.0906284772926201,0.616188658790586,NA,0.481131978294396,"localGP"
"15264",62,12,4,3,94.794324286051,94.794324286051,"Rough","Avg. Reward Condition",20,"5",4,1,38,493,"Short",0.0906284772926201,0.616188658790586,NA,0.481131978294396,"localGP"
"15265",62,13,4,3,94.794324286051,94.794324286051,"Rough","Avg. Reward Condition",20,"5",4,2,38,493,"Short",0.0906284772926201,0.616188658790586,NA,0.481131978294396,"localGP"
"15266",62,14,6,4,15.4794174054474,94.794324286051,"Rough","Avg. Reward Condition",20,"5",4,1,51,493,"Short",0.0906284772926201,0.616188658790586,NA,0.481131978294396,"localGP"
"15267",62,15,9,3,44.908976431908,94.794324286051,"Rough","Avg. Reward Condition",20,"5",4,8,43,493,"Short",0.0906284772926201,0.616188658790586,NA,0.481131978294396,"localGP"
"15268",62,16,5,3,80.7551191777029,94.794324286051,"Rough","Avg. Reward Condition",20,"5",4,1,39,493,"Short",0.0906284772926201,0.616188658790586,NA,0.481131978294396,"localGP"
"15269",62,17,4,3,94.794324286051,94.794324286051,"Rough","Avg. Reward Condition",20,"5",4,3,38,493,"Short",0.0906284772926201,0.616188658790586,NA,0.481131978294396,"localGP"
"15270",62,18,4,2,100,100,"Rough","Avg. Reward Condition",20,"5",4,10,27,493,"Short",0.0906284772926201,0.616188658790586,NA,0.481131978294396,"localGP"
"15271",62,19,5,2,88.4170710697694,100,"Rough","Avg. Reward Condition",20,"5",4,4,28,493,"Short",0.0906284772926201,0.616188658790586,NA,0.481131978294396,"localGP"
"15272",62,20,6,2,47.7797456303013,100,"Rough","Avg. Reward Condition",20,"5",4,2,29,493,"Short",0.0906284772926201,0.616188658790586,NA,0.481131978294396,"localGP"
"15273",62,21,4,6,62.1617444201005,100,"Rough","Avg. Reward Condition",20,"5",4,1,71,493,"Short",0.0906284772926201,0.616188658790586,NA,0.481131978294396,"localGP"
"15274",62,1,7,9,39.2512889710385,39.2512889710385,"Rough","Avg. Reward Condition",40,"6",11,NA,107,494,"Long",0.107224637253675,0.655475962656624,NA,0.546154277585034,"localGP"
"15275",62,2,5,9,67.3684283417963,67.3684283417963,"Rough","Avg. Reward Condition",40,"6",11,8,105,494,"Long",0.107224637253675,0.655475962656624,NA,0.546154277585034,"localGP"
"15276",62,3,5,8,54.8387102771574,67.3684283417963,"Rough","Avg. Reward Condition",40,"6",11,6,94,494,"Long",0.107224637253675,0.655475962656624,NA,0.546154277585034,"localGP"
"15277",62,4,6,8,28.6530615090915,67.3684283417963,"Rough","Avg. Reward Condition",40,"6",11,6,95,494,"Long",0.107224637253675,0.655475962656624,NA,0.546154277585034,"localGP"
"15278",62,5,0,8,67.5757211779263,67.5757211779263,"Rough","Avg. Reward Condition",40,"6",11,1,89,494,"Long",0.107224637253675,0.655475962656624,NA,0.546154277585034,"localGP"
"15279",62,6,0,10,38.3017166206563,67.5757211779263,"Rough","Avg. Reward Condition",40,"6",11,2,111,494,"Long",0.107224637253675,0.655475962656624,NA,0.546154277585034,"localGP"
"15280",62,7,2,9,30.1299532832918,67.5757211779263,"Rough","Avg. Reward Condition",40,"6",11,2,102,494,"Long",0.107224637253675,0.655475962656624,NA,0.546154277585034,"localGP"
"15281",62,8,2,10,17.4994853434702,67.5757211779263,"Rough","Avg. Reward Condition",40,"6",11,1,113,494,"Long",0.107224637253675,0.655475962656624,NA,0.546154277585034,"localGP"
"15282",62,9,3,10,47.1514098553432,67.5757211779263,"Rough","Avg. Reward Condition",40,"6",11,1,114,494,"Long",0.107224637253675,0.655475962656624,NA,0.546154277585034,"localGP"
"15283",62,10,4,6,31.0378764516063,67.5757211779263,"Rough","Avg. Reward Condition",40,"6",11,1,71,494,"Long",0.107224637253675,0.655475962656624,NA,0.546154277585034,"localGP"
"15284",62,11,4,7,65.5617086800568,67.5757211779263,"Rough","Avg. Reward Condition",40,"6",11,1,82,494,"Long",0.107224637253675,0.655475962656624,NA,0.546154277585034,"localGP"
"15285",62,12,5,7,51.7565921683248,67.5757211779263,"Rough","Avg. Reward Condition",40,"6",11,1,83,494,"Long",0.107224637253675,0.655475962656624,NA,0.546154277585034,"localGP"
"15286",62,13,3,7,59.6140621219219,67.5757211779263,"Rough","Avg. Reward Condition",40,"6",11,1,81,494,"Long",0.107224637253675,0.655475962656624,NA,0.546154277585034,"localGP"
"15287",62,14,8,0,36.3714446151272,67.5757211779263,"Rough","Avg. Reward Condition",40,"6",11,1,9,494,"Long",0.107224637253675,0.655475962656624,NA,0.546154277585034,"localGP"
"15288",62,15,4,9,78.163385341713,78.163385341713,"Rough","Avg. Reward Condition",40,"6",11,2,104,494,"Long",0.107224637253675,0.655475962656624,NA,0.546154277585034,"localGP"
"15289",62,16,4,8,79.4784884383396,79.4784884383396,"Rough","Avg. Reward Condition",40,"6",11,0,93,494,"Long",0.107224637253675,0.655475962656624,NA,0.546154277585034,"localGP"
"15290",62,17,8,7,44.4895686177393,79.4784884383396,"Rough","Avg. Reward Condition",40,"6",11,1,86,494,"Long",0.107224637253675,0.655475962656624,NA,0.546154277585034,"localGP"
"15291",62,18,8,5,25.4104652088754,79.4784884383396,"Rough","Avg. Reward Condition",40,"6",11,1,64,494,"Long",0.107224637253675,0.655475962656624,NA,0.546154277585034,"localGP"
"15292",62,19,7,5,74.6263346102851,79.4784884383396,"Rough","Avg. Reward Condition",40,"6",11,2,63,494,"Long",0.107224637253675,0.655475962656624,NA,0.546154277585034,"localGP"
"15293",62,20,7,6,78.20301873206,79.4784884383396,"Rough","Avg. Reward Condition",40,"6",11,1,74,494,"Long",0.107224637253675,0.655475962656624,NA,0.546154277585034,"localGP"
"15294",62,21,8,6,60.0661393407619,79.4784884383396,"Rough","Avg. Reward Condition",40,"6",11,6,75,494,"Long",0.107224637253675,0.655475962656624,NA,0.546154277585034,"localGP"
"15295",62,22,0,4,39.3974743760866,79.4784884383396,"Rough","Avg. Reward Condition",40,"6",11,3,45,494,"Long",0.107224637253675,0.655475962656624,NA,0.546154277585034,"localGP"
"15296",62,23,6,1,16.1803589451831,79.4784884383396,"Rough","Avg. Reward Condition",40,"6",11,3,18,494,"Long",0.107224637253675,0.655475962656624,NA,0.546154277585034,"localGP"
"15297",62,24,6,2,47.8721615024449,79.4784884383396,"Rough","Avg. Reward Condition",40,"6",11,1,29,494,"Long",0.107224637253675,0.655475962656624,NA,0.546154277585034,"localGP"
"15298",62,25,7,2,35.7041281850423,79.4784884383396,"Rough","Avg. Reward Condition",40,"6",11,1,30,494,"Long",0.107224637253675,0.655475962656624,NA,0.546154277585034,"localGP"
"15299",62,26,5,4,30.7989766906586,79.4784884383396,"Rough","Avg. Reward Condition",40,"6",11,1,50,494,"Long",0.107224637253675,0.655475962656624,NA,0.546154277585034,"localGP"
"15300",62,27,6,4,60.614772799294,79.4784884383396,"Rough","Avg. Reward Condition",40,"6",11,1,51,494,"Long",0.107224637253675,0.655475962656624,NA,0.546154277585034,"localGP"
"15301",62,28,4,4,12.8086319556226,79.4784884383396,"Rough","Avg. Reward Condition",40,"6",11,1,49,494,"Long",0.107224637253675,0.655475962656624,NA,0.546154277585034,"localGP"
"15302",62,29,4,2,52.3985197221421,79.4784884383396,"Rough","Avg. Reward Condition",40,"6",11,1,27,494,"Long",0.107224637253675,0.655475962656624,NA,0.546154277585034,"localGP"
"15303",62,30,3,2,46.913663419152,79.4784884383396,"Rough","Avg. Reward Condition",40,"6",11,1,26,494,"Long",0.107224637253675,0.655475962656624,NA,0.546154277585034,"localGP"
"15304",62,31,4,0,44.8118345976793,79.4784884383396,"Rough","Avg. Reward Condition",40,"6",11,1,5,494,"Long",0.107224637253675,0.655475962656624,NA,0.546154277585034,"localGP"
"15305",62,32,4,1,66.1495990392583,79.4784884383396,"Rough","Avg. Reward Condition",40,"6",11,5,16,494,"Long",0.107224637253675,0.655475962656624,NA,0.546154277585034,"localGP"
"15306",62,33,3,10,47.1514098553432,79.4784884383396,"Rough","Avg. Reward Condition",40,"6",11,1,114,494,"Long",0.107224637253675,0.655475962656624,NA,0.546154277585034,"localGP"
"15307",62,34,4,10,100,100,"Rough","Avg. Reward Condition",40,"6",11,2,115,494,"Long",0.107224637253675,0.655475962656624,NA,0.546154277585034,"localGP"
"15308",62,35,4,10,100,100,"Rough","Avg. Reward Condition",40,"6",11,3,115,494,"Long",0.107224637253675,0.655475962656624,NA,0.546154277585034,"localGP"
"15309",62,36,9,0,14.1036247824297,100,"Rough","Avg. Reward Condition",40,"6",11,1,10,494,"Long",0.107224637253675,0.655475962656624,NA,0.546154277585034,"localGP"
"15310",62,37,9,3,44.6212995024142,100,"Rough","Avg. Reward Condition",40,"6",11,1,43,494,"Long",0.107224637253675,0.655475962656624,NA,0.546154277585034,"localGP"
"15311",62,38,0,2,46.5877000271828,100,"Rough","Avg. Reward Condition",40,"6",11,1,23,494,"Long",0.107224637253675,0.655475962656624,NA,0.546154277585034,"localGP"
"15312",62,39,1,2,66.3313254646448,100,"Rough","Avg. Reward Condition",40,"6",11,2,24,494,"Long",0.107224637253675,0.655475962656624,NA,0.546154277585034,"localGP"
"15313",62,40,1,1,53.9274395779777,100,"Rough","Avg. Reward Condition",40,"6",11,1,13,494,"Long",0.107224637253675,0.655475962656624,NA,0.546154277585034,"localGP"
"15314",62,41,2,0,19.407077744957,100,"Rough","Avg. Reward Condition",40,"6",11,1,3,494,"Long",0.107224637253675,0.655475962656624,NA,0.546154277585034,"localGP"
"15315",62,1,0,1,65.8004801351009,65.8004801351009,"Rough","Avg. Reward Condition",20,"7",14,NA,12,495,"Short",0.095756559772508,0.700250851212473,NA,0.538237066626638,"localGP"
"15316",62,2,7,4,30.1967224118984,65.8004801351009,"Rough","Avg. Reward Condition",20,"7",14,7,52,495,"Short",0.095756559772508,0.700250851212473,NA,0.538237066626638,"localGP"
"15317",62,3,6,4,31.7673275946696,65.8004801351009,"Rough","Avg. Reward Condition",20,"7",14,4,51,495,"Short",0.095756559772508,0.700250851212473,NA,0.538237066626638,"localGP"
"15318",62,4,5,4,33.1949686505856,65.8004801351009,"Rough","Avg. Reward Condition",20,"7",14,7,50,495,"Short",0.095756559772508,0.700250851212473,NA,0.538237066626638,"localGP"
"15319",62,5,4,4,31.2783489505753,65.8004801351009,"Rough","Avg. Reward Condition",20,"7",14,3,49,495,"Short",0.095756559772508,0.700250851212473,NA,0.538237066626638,"localGP"
"15320",62,6,1,10,45.3799352902399,65.8004801351009,"Rough","Avg. Reward Condition",20,"7",14,1,112,495,"Short",0.095756559772508,0.700250851212473,NA,0.538237066626638,"localGP"
"15321",62,7,2,10,57.5696420564348,65.8004801351009,"Rough","Avg. Reward Condition",20,"7",14,1,113,495,"Short",0.095756559772508,0.700250851212473,NA,0.538237066626638,"localGP"
"15322",62,8,6,4,31.7673275946696,65.8004801351009,"Rough","Avg. Reward Condition",20,"7",14,1,51,495,"Short",0.095756559772508,0.700250851212473,NA,0.538237066626638,"localGP"
"15323",62,9,6,5,12.2964958539745,65.8004801351009,"Rough","Avg. Reward Condition",20,"7",14,2,62,495,"Short",0.095756559772508,0.700250851212473,NA,0.538237066626638,"localGP"
"15324",62,10,1,2,100,100,"Rough","Avg. Reward Condition",20,"7",14,1,24,495,"Short",0.095756559772508,0.700250851212473,NA,0.538237066626638,"localGP"
"15325",62,11,2,8,35.4444030293938,100,"Rough","Avg. Reward Condition",20,"7",14,1,91,495,"Short",0.095756559772508,0.700250851212473,NA,0.538237066626638,"localGP"
"15326",62,12,3,8,65.8667223880299,100,"Rough","Avg. Reward Condition",20,"7",14,2,92,495,"Short",0.095756559772508,0.700250851212473,NA,0.538237066626638,"localGP"
"15327",62,13,3,7,83.336671792531,100,"Rough","Avg. Reward Condition",20,"7",14,3,81,495,"Short",0.095756559772508,0.700250851212473,NA,0.538237066626638,"localGP"
"15328",62,14,3,6,62.6985194647097,100,"Rough","Avg. Reward Condition",20,"7",14,1,70,495,"Short",0.095756559772508,0.700250851212473,NA,0.538237066626638,"localGP"
"15329",62,15,5,6,32.4190183733433,100,"Rough","Avg. Reward Condition",20,"7",14,2,72,495,"Short",0.095756559772508,0.700250851212473,NA,0.538237066626638,"localGP"
"15330",62,16,6,7,64.3536990872378,100,"Rough","Avg. Reward Condition",20,"7",14,5,84,495,"Short",0.095756559772508,0.700250851212473,NA,0.538237066626638,"localGP"
"15331",62,17,8,9,77.111237702123,100,"Rough","Avg. Reward Condition",20,"7",14,2,108,495,"Short",0.095756559772508,0.700250851212473,NA,0.538237066626638,"localGP"
"15332",62,18,7,9,60.2315250004543,100,"Rough","Avg. Reward Condition",20,"7",14,1,107,495,"Short",0.095756559772508,0.700250851212473,NA,0.538237066626638,"localGP"
"15333",62,19,8,10,56.0539932412239,100,"Rough","Avg. Reward Condition",20,"7",14,2,119,495,"Short",0.095756559772508,0.700250851212473,NA,0.538237066626638,"localGP"
"15334",62,20,4,0,56.6818334145278,100,"Rough","Avg. Reward Condition",20,"7",14,1,5,495,"Short",0.095756559772508,0.700250851212473,NA,0.538237066626638,"localGP"
"15335",62,21,5,0,68.5162654383433,100,"Rough","Avg. Reward Condition",20,"7",14,1,6,495,"Short",0.095756559772508,0.700250851212473,NA,0.538237066626638,"localGP"
"15336",62,1,1,1,76.3592435056854,76.3592435056854,"Rough","Avg. Reward Condition",40,"8",5,NA,13,496,"Long",0.0929982056929313,0.654961687290832,NA,0.531704762460207,"localGP"
"15337",62,2,2,1,65.1261244784447,76.3592435056854,"Rough","Avg. Reward Condition",40,"8",5,5,14,496,"Long",0.0929982056929313,0.654961687290832,NA,0.531704762460207,"localGP"
"15338",62,3,2,2,61.7436417215084,76.3592435056854,"Rough","Avg. Reward Condition",40,"8",5,4,25,496,"Long",0.0929982056929313,0.654961687290832,NA,0.531704762460207,"localGP"
"15339",62,4,1,2,63.2638935825621,76.3592435056854,"Rough","Avg. Reward Condition",40,"8",5,2,24,496,"Long",0.0929982056929313,0.654961687290832,NA,0.531704762460207,"localGP"
"15340",62,5,0,2,58.4045209406956,76.3592435056854,"Rough","Avg. Reward Condition",40,"8",5,2,23,496,"Long",0.0929982056929313,0.654961687290832,NA,0.531704762460207,"localGP"
"15341",62,6,0,3,37.5224299882295,76.3592435056854,"Rough","Avg. Reward Condition",40,"8",5,3,34,496,"Long",0.0929982056929313,0.654961687290832,NA,0.531704762460207,"localGP"
"15342",62,7,2,4,23.662499097667,76.3592435056854,"Rough","Avg. Reward Condition",40,"8",5,4,47,496,"Long",0.0929982056929313,0.654961687290832,NA,0.531704762460207,"localGP"
"15343",62,8,3,5,31.9706635707149,76.3592435056854,"Rough","Avg. Reward Condition",40,"8",5,3,59,496,"Long",0.0929982056929313,0.654961687290832,NA,0.531704762460207,"localGP"
"15344",62,9,4,5,27.8972182072898,76.3592435056854,"Rough","Avg. Reward Condition",40,"8",5,3,60,496,"Long",0.0929982056929313,0.654961687290832,NA,0.531704762460207,"localGP"
"15345",62,10,6,5,19.3202384321572,76.3592435056854,"Rough","Avg. Reward Condition",40,"8",5,1,62,496,"Long",0.0929982056929313,0.654961687290832,NA,0.531704762460207,"localGP"
"15346",62,11,8,5,25.922745926598,76.3592435056854,"Rough","Avg. Reward Condition",40,"8",5,6,64,496,"Long",0.0929982056929313,0.654961687290832,NA,0.531704762460207,"localGP"
"15347",62,12,8,6,91.4722545331952,91.4722545331952,"Rough","Avg. Reward Condition",40,"8",5,1,75,496,"Long",0.0929982056929313,0.654961687290832,NA,0.531704762460207,"localGP"
"15348",62,13,5,3,47.725265337293,91.4722545331952,"Rough","Avg. Reward Condition",40,"8",5,1,39,496,"Long",0.0929982056929313,0.654961687290832,NA,0.531704762460207,"localGP"
"15349",62,14,5,4,54.3126092330093,91.4722545331952,"Rough","Avg. Reward Condition",40,"8",5,1,50,496,"Long",0.0929982056929313,0.654961687290832,NA,0.531704762460207,"localGP"
"15350",62,15,8,7,100,100,"Rough","Avg. Reward Condition",40,"8",5,1,86,496,"Long",0.0929982056929313,0.654961687290832,NA,0.531704762460207,"localGP"
"15351",62,16,7,7,68.4962011684434,100,"Rough","Avg. Reward Condition",40,"8",5,1,85,496,"Long",0.0929982056929313,0.654961687290832,NA,0.531704762460207,"localGP"
"15352",62,17,6,9,54.6126076443518,100,"Rough","Avg. Reward Condition",40,"8",5,1,106,496,"Long",0.0929982056929313,0.654961687290832,NA,0.531704762460207,"localGP"
"15353",62,18,5,9,64.402620965622,100,"Rough","Avg. Reward Condition",40,"8",5,2,105,496,"Long",0.0929982056929313,0.654961687290832,NA,0.531704762460207,"localGP"
"15354",62,19,5,8,49.7859994292566,100,"Rough","Avg. Reward Condition",40,"8",5,2,94,496,"Long",0.0929982056929313,0.654961687290832,NA,0.531704762460207,"localGP"
"15355",62,20,6,2,51.6560216281502,100,"Rough","Avg. Reward Condition",40,"8",5,4,29,496,"Long",0.0929982056929313,0.654961687290832,NA,0.531704762460207,"localGP"
"15356",62,21,5,2,42.3575427746737,100,"Rough","Avg. Reward Condition",40,"8",5,1,28,496,"Long",0.0929982056929313,0.654961687290832,NA,0.531704762460207,"localGP"
"15357",62,22,4,2,28.5435224430932,100,"Rough","Avg. Reward Condition",40,"8",5,2,27,496,"Long",0.0929982056929313,0.654961687290832,NA,0.531704762460207,"localGP"
"15358",62,23,3,2,22.9115521258941,100,"Rough","Avg. Reward Condition",40,"8",5,2,26,496,"Long",0.0929982056929313,0.654961687290832,NA,0.531704762460207,"localGP"
"15359",62,24,3,1,36.8335295517252,100,"Rough","Avg. Reward Condition",40,"8",5,2,15,496,"Long",0.0929982056929313,0.654961687290832,NA,0.531704762460207,"localGP"
"15360",62,25,2,0,77.0544773481124,100,"Rough","Avg. Reward Condition",40,"8",5,7,3,496,"Long",0.0929982056929313,0.654961687290832,NA,0.531704762460207,"localGP"
"15361",62,26,4,0,48.9349746000449,100,"Rough","Avg. Reward Condition",40,"8",5,1,5,496,"Long",0.0929982056929313,0.654961687290832,NA,0.531704762460207,"localGP"
"15362",62,27,4,1,39.4465578742712,100,"Rough","Avg. Reward Condition",40,"8",5,2,16,496,"Long",0.0929982056929313,0.654961687290832,NA,0.531704762460207,"localGP"
"15363",62,28,1,0,96.5592273768924,100,"Rough","Avg. Reward Condition",40,"8",5,3,2,496,"Long",0.0929982056929313,0.654961687290832,NA,0.531704762460207,"localGP"
"15364",62,29,9,7,82.2639339178051,100,"Rough","Avg. Reward Condition",40,"8",5,1,87,496,"Long",0.0929982056929313,0.654961687290832,NA,0.531704762460207,"localGP"
"15365",62,30,9,6,62.6880904214702,100,"Rough","Avg. Reward Condition",40,"8",5,2,76,496,"Long",0.0929982056929313,0.654961687290832,NA,0.531704762460207,"localGP"
"15366",62,31,8,7,100,100,"Rough","Avg. Reward Condition",40,"8",5,7,86,496,"Long",0.0929982056929313,0.654961687290832,NA,0.531704762460207,"localGP"
"15367",62,32,9,8,81.2433897221898,100,"Rough","Avg. Reward Condition",40,"8",5,6,98,496,"Long",0.0929982056929313,0.654961687290832,NA,0.531704762460207,"localGP"
"15368",62,33,8,8,82.5602297507619,100,"Rough","Avg. Reward Condition",40,"8",5,5,97,496,"Long",0.0929982056929313,0.654961687290832,NA,0.531704762460207,"localGP"
"15369",62,34,7,8,38.3612104416698,100,"Rough","Avg. Reward Condition",40,"8",5,1,96,496,"Long",0.0929982056929313,0.654961687290832,NA,0.531704762460207,"localGP"
"15370",62,35,8,2,68.5610945075531,100,"Rough","Avg. Reward Condition",40,"8",5,1,31,496,"Long",0.0929982056929313,0.654961687290832,NA,0.531704762460207,"localGP"
"15371",62,36,7,3,38.4994048862077,100,"Rough","Avg. Reward Condition",40,"8",5,1,41,496,"Long",0.0929982056929313,0.654961687290832,NA,0.531704762460207,"localGP"
"15372",62,37,7,5,32.4689598978585,100,"Rough","Avg. Reward Condition",40,"8",5,1,63,496,"Long",0.0929982056929313,0.654961687290832,NA,0.531704762460207,"localGP"
"15373",62,38,7,6,95.8234728185907,100,"Rough","Avg. Reward Condition",40,"8",5,4,74,496,"Long",0.0929982056929313,0.654961687290832,NA,0.531704762460207,"localGP"
"15374",62,39,8,6,91.4722545331952,100,"Rough","Avg. Reward Condition",40,"8",5,2,75,496,"Long",0.0929982056929313,0.654961687290832,NA,0.531704762460207,"localGP"
"15375",62,40,8,6,91.4722545331952,100,"Rough","Avg. Reward Condition",40,"8",5,4,75,496,"Long",0.0929982056929313,0.654961687290832,NA,0.531704762460207,"localGP"
"15376",62,41,8,6,91.4722545331952,100,"Rough","Avg. Reward Condition",40,"8",5,2,75,496,"Long",0.0929982056929313,0.654961687290832,NA,0.531704762460207,"localGP"
"15377",63,1,3,10,39.8581222940404,39.8581222940404,"Rough","Avg. Reward Condition",40,"1",9,NA,114,497,"Long",0.0935590799741977,0.51514176826324,NA,0.461619406089244,"localGP"
"15378",63,2,3,9,63.3340745487714,63.3340745487714,"Rough","Avg. Reward Condition",40,"1",9,6,103,497,"Long",0.0935590799741977,0.51514176826324,NA,0.461619406089244,"localGP"
"15379",63,3,0,2,53.9477562891327,63.3340745487714,"Rough","Avg. Reward Condition",40,"1",9,3,23,497,"Long",0.0935590799741977,0.51514176826324,NA,0.461619406089244,"localGP"
"15380",63,4,0,3,20.3156192085015,63.3340745487714,"Rough","Avg. Reward Condition",40,"1",9,5,34,497,"Long",0.0935590799741977,0.51514176826324,NA,0.461619406089244,"localGP"
"15381",63,5,4,9,76.5336766063453,76.5336766063453,"Rough","Avg. Reward Condition",40,"1",9,2,104,497,"Long",0.0935590799741977,0.51514176826324,NA,0.461619406089244,"localGP"
"15382",63,6,4,8,60.4776805465143,76.5336766063453,"Rough","Avg. Reward Condition",40,"1",9,0,93,497,"Long",0.0935590799741977,0.51514176826324,NA,0.461619406089244,"localGP"
"15383",63,7,8,5,0,76.5336766063453,"Rough","Avg. Reward Condition",40,"1",9,1,64,497,"Long",0.0935590799741977,0.51514176826324,NA,0.461619406089244,"localGP"
"15384",63,8,8,6,1.80796018647668,76.5336766063453,"Rough","Avg. Reward Condition",40,"1",9,1,75,497,"Long",0.0935590799741977,0.51514176826324,NA,0.461619406089244,"localGP"
"15385",63,9,3,6,56.4526333659953,76.5336766063453,"Rough","Avg. Reward Condition",40,"1",9,0,70,497,"Long",0.0935590799741977,0.51514176826324,NA,0.461619406089244,"localGP"
"15386",63,10,4,2,55.6576112274651,76.5336766063453,"Rough","Avg. Reward Condition",40,"1",9,4,27,497,"Long",0.0935590799741977,0.51514176826324,NA,0.461619406089244,"localGP"
"15387",63,11,5,2,51.6174788041229,76.5336766063453,"Rough","Avg. Reward Condition",40,"1",9,0,28,497,"Long",0.0935590799741977,0.51514176826324,NA,0.461619406089244,"localGP"
"15388",63,12,6,1,54.5470744987009,76.5336766063453,"Rough","Avg. Reward Condition",40,"1",9,1,18,497,"Long",0.0935590799741977,0.51514176826324,NA,0.461619406089244,"localGP"
"15389",63,13,7,3,18.1076390436013,76.5336766063453,"Rough","Avg. Reward Condition",40,"1",9,2,41,497,"Long",0.0935590799741977,0.51514176826324,NA,0.461619406089244,"localGP"
"15390",63,14,8,10,60.2945325402359,76.5336766063453,"Rough","Avg. Reward Condition",40,"1",9,3,119,497,"Long",0.0935590799741977,0.51514176826324,NA,0.461619406089244,"localGP"
"15391",63,15,9,10,28.2000882502669,76.5336766063453,"Rough","Avg. Reward Condition",40,"1",9,1,120,497,"Long",0.0935590799741977,0.51514176826324,NA,0.461619406089244,"localGP"
"15392",63,16,9,9,56.1300557046755,76.5336766063453,"Rough","Avg. Reward Condition",40,"1",9,0,109,497,"Long",0.0935590799741977,0.51514176826324,NA,0.461619406089244,"localGP"
"15393",63,17,8,9,64.9640361511548,76.5336766063453,"Rough","Avg. Reward Condition",40,"1",9,2,108,497,"Long",0.0935590799741977,0.51514176826324,NA,0.461619406089244,"localGP"
"15394",63,18,1,2,36.7054218908071,76.5336766063453,"Rough","Avg. Reward Condition",40,"1",9,1,24,497,"Long",0.0935590799741977,0.51514176826324,NA,0.461619406089244,"localGP"
"15395",63,19,1,4,24.6705634918407,76.5336766063453,"Rough","Avg. Reward Condition",40,"1",9,3,46,497,"Long",0.0935590799741977,0.51514176826324,NA,0.461619406089244,"localGP"
"15396",63,20,10,9,64.7402218310995,76.5336766063453,"Rough","Avg. Reward Condition",40,"1",9,1,110,497,"Long",0.0935590799741977,0.51514176826324,NA,0.461619406089244,"localGP"
"15397",63,21,10,10,20.1449124623771,76.5336766063453,"Rough","Avg. Reward Condition",40,"1",9,2,121,497,"Long",0.0935590799741977,0.51514176826324,NA,0.461619406089244,"localGP"
"15398",63,22,1,4,24.6705634918407,76.5336766063453,"Rough","Avg. Reward Condition",40,"1",9,0,46,497,"Long",0.0935590799741977,0.51514176826324,NA,0.461619406089244,"localGP"
"15399",63,23,1,6,71.1930582119882,76.5336766063453,"Rough","Avg. Reward Condition",40,"1",9,1,68,497,"Long",0.0935590799741977,0.51514176826324,NA,0.461619406089244,"localGP"
"15400",63,24,0,6,96.5524227911389,96.5524227911389,"Rough","Avg. Reward Condition",40,"1",9,2,67,497,"Long",0.0935590799741977,0.51514176826324,NA,0.461619406089244,"localGP"
"15401",63,25,0,7,63.762860531431,96.5524227911389,"Rough","Avg. Reward Condition",40,"1",9,2,78,497,"Long",0.0935590799741977,0.51514176826324,NA,0.461619406089244,"localGP"
"15402",63,26,1,7,60.3654685590386,96.5524227911389,"Rough","Avg. Reward Condition",40,"1",9,3,79,497,"Long",0.0935590799741977,0.51514176826324,NA,0.461619406089244,"localGP"
"15403",63,27,1,8,35.1070926300529,96.5524227911389,"Rough","Avg. Reward Condition",40,"1",9,1,90,497,"Long",0.0935590799741977,0.51514176826324,NA,0.461619406089244,"localGP"
"15404",63,28,2,8,43.6838621835881,96.5524227911389,"Rough","Avg. Reward Condition",40,"1",9,0,91,497,"Long",0.0935590799741977,0.51514176826324,NA,0.461619406089244,"localGP"
"15405",63,29,2,10,28.9056526912457,96.5524227911389,"Rough","Avg. Reward Condition",40,"1",9,6,113,497,"Long",0.0935590799741977,0.51514176826324,NA,0.461619406089244,"localGP"
"15406",63,30,6,6,30.335879587278,96.5524227911389,"Rough","Avg. Reward Condition",40,"1",9,1,73,497,"Long",0.0935590799741977,0.51514176826324,NA,0.461619406089244,"localGP"
"15407",63,31,5,6,33.1152517472353,96.5524227911389,"Rough","Avg. Reward Condition",40,"1",9,2,72,497,"Long",0.0935590799741977,0.51514176826324,NA,0.461619406089244,"localGP"
"15408",63,32,6,8,47.3250412535165,96.5524227911389,"Rough","Avg. Reward Condition",40,"1",9,2,95,497,"Long",0.0935590799741977,0.51514176826324,NA,0.461619406089244,"localGP"
"15409",63,33,5,8,61.7105758678251,96.5524227911389,"Rough","Avg. Reward Condition",40,"1",9,1,94,497,"Long",0.0935590799741977,0.51514176826324,NA,0.461619406089244,"localGP"
"15410",63,34,5,9,75.2199907218667,96.5524227911389,"Rough","Avg. Reward Condition",40,"1",9,3,105,497,"Long",0.0935590799741977,0.51514176826324,NA,0.461619406089244,"localGP"
"15411",63,35,5,9,75.2199907218667,96.5524227911389,"Rough","Avg. Reward Condition",40,"1",9,3,105,497,"Long",0.0935590799741977,0.51514176826324,NA,0.461619406089244,"localGP"
"15412",63,36,1,6,71.1930582119882,96.5524227911389,"Rough","Avg. Reward Condition",40,"1",9,2,68,497,"Long",0.0935590799741977,0.51514176826324,NA,0.461619406089244,"localGP"
"15413",63,37,0,6,96.5524227911389,96.5524227911389,"Rough","Avg. Reward Condition",40,"1",9,2,67,497,"Long",0.0935590799741977,0.51514176826324,NA,0.461619406089244,"localGP"
"15414",63,38,6,4,34.6420598160748,96.5524227911389,"Rough","Avg. Reward Condition",40,"1",9,1,51,497,"Long",0.0935590799741977,0.51514176826324,NA,0.461619406089244,"localGP"
"15415",63,39,4,5,65.4711627445738,96.5524227911389,"Rough","Avg. Reward Condition",40,"1",9,3,60,497,"Long",0.0935590799741977,0.51514176826324,NA,0.461619406089244,"localGP"
"15416",63,40,4,6,36.2825140010078,96.5524227911389,"Rough","Avg. Reward Condition",40,"1",9,0,71,497,"Long",0.0935590799741977,0.51514176826324,NA,0.461619406089244,"localGP"
"15417",63,41,4,7,31.2245968865116,96.5524227911389,"Rough","Avg. Reward Condition",40,"1",9,1,82,497,"Long",0.0935590799741977,0.51514176826324,NA,0.461619406089244,"localGP"
"15418",63,1,6,6,28.3443995527315,28.3443995527315,"Rough","Avg. Reward Condition",20,"2",14,NA,73,498,"Short",0.0727229972410094,0.697436647455208,NA,0.360912893777073,"localGP"
"15419",63,2,7,7,54.0986871423135,54.0986871423135,"Rough","Avg. Reward Condition",20,"2",14,9,85,498,"Short",0.0727229972410094,0.697436647455208,NA,0.360912893777073,"localGP"
"15420",63,3,7,0,11.3051024452039,54.0986871423135,"Rough","Avg. Reward Condition",20,"2",14,1,8,498,"Short",0.0727229972410094,0.697436647455208,NA,0.360912893777073,"localGP"
"15421",63,4,4,1,65.3463353635867,65.3463353635867,"Rough","Avg. Reward Condition",20,"2",14,3,16,498,"Short",0.0727229972410094,0.697436647455208,NA,0.360912893777073,"localGP"
"15422",63,5,3,1,57.3323437114298,65.3463353635867,"Rough","Avg. Reward Condition",20,"2",14,4,15,498,"Short",0.0727229972410094,0.697436647455208,NA,0.360912893777073,"localGP"
"15423",63,6,2,1,53.6211624173466,65.3463353635867,"Rough","Avg. Reward Condition",20,"2",14,3,14,498,"Short",0.0727229972410094,0.697436647455208,NA,0.360912893777073,"localGP"
"15424",63,7,2,0,39.9028275804377,65.3463353635867,"Rough","Avg. Reward Condition",20,"2",14,2,3,498,"Short",0.0727229972410094,0.697436647455208,NA,0.360912893777073,"localGP"
"15425",63,8,6,4,31.7673275946696,65.3463353635867,"Rough","Avg. Reward Condition",20,"2",14,3,51,498,"Short",0.0727229972410094,0.697436647455208,NA,0.360912893777073,"localGP"
"15426",63,9,1,4,50.1159622354863,65.3463353635867,"Rough","Avg. Reward Condition",20,"2",14,2,46,498,"Short",0.0727229972410094,0.697436647455208,NA,0.360912893777073,"localGP"
"15427",63,10,0,4,77.3776317669719,77.3776317669719,"Rough","Avg. Reward Condition",20,"2",14,1,45,498,"Short",0.0727229972410094,0.697436647455208,NA,0.360912893777073,"localGP"
"15428",63,11,5,3,53.3657371426027,77.3776317669719,"Rough","Avg. Reward Condition",20,"2",14,1,39,498,"Short",0.0727229972410094,0.697436647455208,NA,0.360912893777073,"localGP"
"15429",63,12,5,2,56.3291955901051,77.3776317669719,"Rough","Avg. Reward Condition",20,"2",14,2,28,498,"Short",0.0727229972410094,0.697436647455208,NA,0.360912893777073,"localGP"
"15430",63,13,6,2,45.4146704420325,77.3776317669719,"Rough","Avg. Reward Condition",20,"2",14,1,29,498,"Short",0.0727229972410094,0.697436647455208,NA,0.360912893777073,"localGP"
"15431",63,14,5,1,54.5671632518635,77.3776317669719,"Rough","Avg. Reward Condition",20,"2",14,2,17,498,"Short",0.0727229972410094,0.697436647455208,NA,0.360912893777073,"localGP"
"15432",63,15,10,7,61.8713496288932,77.3776317669719,"Rough","Avg. Reward Condition",20,"2",14,1,88,498,"Short",0.0727229972410094,0.697436647455208,NA,0.360912893777073,"localGP"
"15433",63,16,10,8,35.2764128240829,77.3776317669719,"Rough","Avg. Reward Condition",20,"2",14,1,99,498,"Short",0.0727229972410094,0.697436647455208,NA,0.360912893777073,"localGP"
"15434",63,17,7,5,16.7721316648849,77.3776317669719,"Rough","Avg. Reward Condition",20,"2",14,2,63,498,"Short",0.0727229972410094,0.697436647455208,NA,0.360912893777073,"localGP"
"15435",63,18,5,9,30.8764007888026,77.3776317669719,"Rough","Avg. Reward Condition",20,"2",14,2,105,498,"Short",0.0727229972410094,0.697436647455208,NA,0.360912893777073,"localGP"
"15436",63,19,6,7,64.3536990872378,77.3776317669719,"Rough","Avg. Reward Condition",20,"2",14,1,84,498,"Short",0.0727229972410094,0.697436647455208,NA,0.360912893777073,"localGP"
"15437",63,20,1,3,79.9836672889353,79.9836672889353,"Rough","Avg. Reward Condition",20,"2",14,2,35,498,"Short",0.0727229972410094,0.697436647455208,NA,0.360912893777073,"localGP"
"15438",63,21,0,3,91.5355338017791,91.5355338017791,"Rough","Avg. Reward Condition",20,"2",14,2,34,498,"Short",0.0727229972410094,0.697436647455208,NA,0.360912893777073,"localGP"
"15439",63,1,8,9,55.5010385970611,55.5010385970611,"Rough","Avg. Reward Condition",40,"3",17,NA,108,499,"Long",0.316551154091449,142.981915618192,NA,126.446273904823,"localGP"
"15440",63,2,8,8,48.6209458913059,55.5010385970611,"Rough","Avg. Reward Condition",40,"3",17,2,97,499,"Long",0.316551154091449,142.981915618192,NA,126.446273904823,"localGP"
"15441",63,3,8,7,41.2249363226123,55.5010385970611,"Rough","Avg. Reward Condition",40,"3",17,1,86,499,"Long",0.316551154091449,142.981915618192,NA,126.446273904823,"localGP"
"15442",63,4,8,6,32.3056613261891,55.5010385970611,"Rough","Avg. Reward Condition",40,"3",17,3,75,499,"Long",0.316551154091449,142.981915618192,NA,126.446273904823,"localGP"
"15443",63,5,9,6,69.0496352033319,69.0496352033319,"Rough","Avg. Reward Condition",40,"3",17,0,76,499,"Long",0.316551154091449,142.981915618192,NA,126.446273904823,"localGP"
"15444",63,6,10,6,67.2792889568495,69.0496352033319,"Rough","Avg. Reward Condition",40,"3",17,1,77,499,"Long",0.316551154091449,142.981915618192,NA,126.446273904823,"localGP"
"15445",63,7,9,6,69.0496352033319,69.0496352033319,"Rough","Avg. Reward Condition",40,"3",17,2,76,499,"Long",0.316551154091449,142.981915618192,NA,126.446273904823,"localGP"
"15446",63,8,8,6,32.3056613261891,69.0496352033319,"Rough","Avg. Reward Condition",40,"3",17,2,75,499,"Long",0.316551154091449,142.981915618192,NA,126.446273904823,"localGP"
"15447",63,9,7,1,68.4445451989571,69.0496352033319,"Rough","Avg. Reward Condition",40,"3",17,4,19,499,"Long",0.316551154091449,142.981915618192,NA,126.446273904823,"localGP"
"15448",63,10,7,2,75.4767861169897,75.4767861169897,"Rough","Avg. Reward Condition",40,"3",17,1,30,499,"Long",0.316551154091449,142.981915618192,NA,126.446273904823,"localGP"
"15449",63,11,8,2,58.6698020983596,75.4767861169897,"Rough","Avg. Reward Condition",40,"3",17,2,31,499,"Long",0.316551154091449,142.981915618192,NA,126.446273904823,"localGP"
"15450",63,12,8,2,58.6698020983596,75.4767861169897,"Rough","Avg. Reward Condition",40,"3",17,1,31,499,"Long",0.316551154091449,142.981915618192,NA,126.446273904823,"localGP"
"15451",63,13,7,2,75.4767861169897,75.4767861169897,"Rough","Avg. Reward Condition",40,"3",17,4,30,499,"Long",0.316551154091449,142.981915618192,NA,126.446273904823,"localGP"
"15452",63,14,8,3,41.0422069840065,75.4767861169897,"Rough","Avg. Reward Condition",40,"3",17,1,42,499,"Long",0.316551154091449,142.981915618192,NA,126.446273904823,"localGP"
"15453",63,15,9,4,37.4189636336299,75.4767861169897,"Rough","Avg. Reward Condition",40,"3",17,3,54,499,"Long",0.316551154091449,142.981915618192,NA,126.446273904823,"localGP"
"15454",63,16,8,4,25.5290036062029,75.4767861169897,"Rough","Avg. Reward Condition",40,"3",17,1,53,499,"Long",0.316551154091449,142.981915618192,NA,126.446273904823,"localGP"
"15455",63,17,1,0,56.6190027883909,75.4767861169897,"Rough","Avg. Reward Condition",40,"3",17,1,2,499,"Long",0.316551154091449,142.981915618192,NA,126.446273904823,"localGP"
"15456",63,18,6,10,42.2521571557116,75.4767861169897,"Rough","Avg. Reward Condition",40,"3",17,4,117,499,"Long",0.316551154091449,142.981915618192,NA,126.446273904823,"localGP"
"15457",63,19,6,10,42.2521571557116,75.4767861169897,"Rough","Avg. Reward Condition",40,"3",17,1,117,499,"Long",0.316551154091449,142.981915618192,NA,126.446273904823,"localGP"
"15458",63,20,8,1,72.482907273136,75.4767861169897,"Rough","Avg. Reward Condition",40,"3",17,1,20,499,"Long",0.316551154091449,142.981915618192,NA,126.446273904823,"localGP"
"15459",63,21,8,0,64.6506684788646,75.4767861169897,"Rough","Avg. Reward Condition",40,"3",17,5,9,499,"Long",0.316551154091449,142.981915618192,NA,126.446273904823,"localGP"
"15460",63,22,7,0,58.3371739610509,75.4767861169897,"Rough","Avg. Reward Condition",40,"3",17,5,8,499,"Long",0.316551154091449,142.981915618192,NA,126.446273904823,"localGP"
"15461",63,23,2,9,69.3281763432378,75.4767861169897,"Rough","Avg. Reward Condition",40,"3",17,1,102,499,"Long",0.316551154091449,142.981915618192,NA,126.446273904823,"localGP"
"15462",63,24,2,5,96.5712701527156,96.5712701527156,"Rough","Avg. Reward Condition",40,"3",17,0,58,499,"Long",0.316551154091449,142.981915618192,NA,126.446273904823,"localGP"
"15463",63,25,6,9,16.1161494292061,96.5712701527156,"Rough","Avg. Reward Condition",40,"3",17,1,106,499,"Long",0.316551154091449,142.981915618192,NA,126.446273904823,"localGP"
"15464",63,26,6,8,0,96.5712701527156,"Rough","Avg. Reward Condition",40,"3",17,2,95,499,"Long",0.316551154091449,142.981915618192,NA,126.446273904823,"localGP"
"15465",63,27,7,8,22.0278987459419,96.5712701527156,"Rough","Avg. Reward Condition",40,"3",17,1,96,499,"Long",0.316551154091449,142.981915618192,NA,126.446273904823,"localGP"
"15466",63,28,6,10,42.2521571557116,96.5712701527156,"Rough","Avg. Reward Condition",40,"3",17,6,117,499,"Long",0.316551154091449,142.981915618192,NA,126.446273904823,"localGP"
"15467",63,29,10,10,65.1732478778687,96.5712701527156,"Rough","Avg. Reward Condition",40,"3",17,1,121,499,"Long",0.316551154091449,142.981915618192,NA,126.446273904823,"localGP"
"15468",63,30,9,10,51.9374709842096,96.5712701527156,"Rough","Avg. Reward Condition",40,"3",17,1,120,499,"Long",0.316551154091449,142.981915618192,NA,126.446273904823,"localGP"
"15469",63,31,9,4,37.4189636336299,96.5712701527156,"Rough","Avg. Reward Condition",40,"3",17,1,54,499,"Long",0.316551154091449,142.981915618192,NA,126.446273904823,"localGP"
"15470",63,32,9,3,46.6566969511363,96.5712701527156,"Rough","Avg. Reward Condition",40,"3",17,2,43,499,"Long",0.316551154091449,142.981915618192,NA,126.446273904823,"localGP"
"15471",63,33,9,2,61.2328313853332,96.5712701527156,"Rough","Avg. Reward Condition",40,"3",17,1,32,499,"Long",0.316551154091449,142.981915618192,NA,126.446273904823,"localGP"
"15472",63,34,7,2,75.4767861169897,96.5712701527156,"Rough","Avg. Reward Condition",40,"3",17,1,30,499,"Long",0.316551154091449,142.981915618192,NA,126.446273904823,"localGP"
"15473",63,35,7,2,75.4767861169897,96.5712701527156,"Rough","Avg. Reward Condition",40,"3",17,8,30,499,"Long",0.316551154091449,142.981915618192,NA,126.446273904823,"localGP"
"15474",63,36,7,3,55.1490469076326,96.5712701527156,"Rough","Avg. Reward Condition",40,"3",17,1,41,499,"Long",0.316551154091449,142.981915618192,NA,126.446273904823,"localGP"
"15475",63,37,8,3,41.0422069840065,96.5712701527156,"Rough","Avg. Reward Condition",40,"3",17,1,42,499,"Long",0.316551154091449,142.981915618192,NA,126.446273904823,"localGP"
"15476",63,38,8,5,20.7172540891827,96.5712701527156,"Rough","Avg. Reward Condition",40,"3",17,1,64,499,"Long",0.316551154091449,142.981915618192,NA,126.446273904823,"localGP"
"15477",63,39,7,10,45.8329437845991,96.5712701527156,"Rough","Avg. Reward Condition",40,"3",17,3,118,499,"Long",0.316551154091449,142.981915618192,NA,126.446273904823,"localGP"
"15478",63,40,7,1,68.4445451989571,96.5712701527156,"Rough","Avg. Reward Condition",40,"3",17,1,19,499,"Long",0.316551154091449,142.981915618192,NA,126.446273904823,"localGP"
"15479",63,41,7,3,55.1490469076326,96.5712701527156,"Rough","Avg. Reward Condition",40,"3",17,2,41,499,"Long",0.316551154091449,142.981915618192,NA,126.446273904823,"localGP"
"15480",63,1,6,1,69.9924833118535,69.9924833118535,"Rough","Avg. Reward Condition",20,"4",16,NA,18,500,"Short",0.0858699573126961,0.734225296749392,NA,0.446260315001429,"localGP"
"15481",63,2,5,1,38.6890479154097,69.9924833118535,"Rough","Avg. Reward Condition",20,"4",16,7,17,500,"Short",0.0858699573126961,0.734225296749392,NA,0.446260315001429,"localGP"
"15482",63,3,9,5,54.5094189956315,69.9924833118535,"Rough","Avg. Reward Condition",20,"4",16,2,65,500,"Short",0.0858699573126961,0.734225296749392,NA,0.446260315001429,"localGP"
"15483",63,4,2,4,51.6785957888899,69.9924833118535,"Rough","Avg. Reward Condition",20,"4",16,1,47,500,"Short",0.0858699573126961,0.734225296749392,NA,0.446260315001429,"localGP"
"15484",63,5,1,5,4.1424885441266,69.9924833118535,"Rough","Avg. Reward Condition",20,"4",16,2,57,500,"Short",0.0858699573126961,0.734225296749392,NA,0.446260315001429,"localGP"
"15485",63,6,3,6,61.712476104061,69.9924833118535,"Rough","Avg. Reward Condition",20,"4",16,0,70,500,"Short",0.0858699573126961,0.734225296749392,NA,0.446260315001429,"localGP"
"15486",63,7,9,10,29.5582991168429,69.9924833118535,"Rough","Avg. Reward Condition",20,"4",16,0,120,500,"Short",0.0858699573126961,0.734225296749392,NA,0.446260315001429,"localGP"
"15487",63,8,9,7,82.1507669313946,82.1507669313946,"Rough","Avg. Reward Condition",20,"4",16,2,87,500,"Short",0.0858699573126961,0.734225296749392,NA,0.446260315001429,"localGP"
"15488",63,9,9,8,70.9435815561283,82.1507669313946,"Rough","Avg. Reward Condition",20,"4",16,1,98,500,"Short",0.0858699573126961,0.734225296749392,NA,0.446260315001429,"localGP"
"15489",63,10,8,8,44.062668247347,82.1507669313946,"Rough","Avg. Reward Condition",20,"4",16,0,97,500,"Short",0.0858699573126961,0.734225296749392,NA,0.446260315001429,"localGP"
"15490",63,11,6,8,18.8814193506035,82.1507669313946,"Rough","Avg. Reward Condition",20,"4",16,1,95,500,"Short",0.0858699573126961,0.734225296749392,NA,0.446260315001429,"localGP"
"15491",63,12,4,8,36.8102979545033,82.1507669313946,"Rough","Avg. Reward Condition",20,"4",16,1,93,500,"Short",0.0858699573126961,0.734225296749392,NA,0.446260315001429,"localGP"
"15492",63,13,2,8,47.6806943266492,82.1507669313946,"Rough","Avg. Reward Condition",20,"4",16,2,91,500,"Short",0.0858699573126961,0.734225296749392,NA,0.446260315001429,"localGP"
"15493",63,14,2,9,67.2457029271411,82.1507669313946,"Rough","Avg. Reward Condition",20,"4",16,2,102,500,"Short",0.0858699573126961,0.734225296749392,NA,0.446260315001429,"localGP"
"15494",63,15,3,9,73.328444338372,82.1507669313946,"Rough","Avg. Reward Condition",20,"4",16,2,103,500,"Short",0.0858699573126961,0.734225296749392,NA,0.446260315001429,"localGP"
"15495",63,16,3,10,53.1177540166695,82.1507669313946,"Rough","Avg. Reward Condition",20,"4",16,2,114,500,"Short",0.0858699573126961,0.734225296749392,NA,0.446260315001429,"localGP"
"15496",63,17,2,5,41.71018551704,82.1507669313946,"Rough","Avg. Reward Condition",20,"4",16,6,58,500,"Short",0.0858699573126961,0.734225296749392,NA,0.446260315001429,"localGP"
"15497",63,18,6,10,14.287143352339,82.1507669313946,"Rough","Avg. Reward Condition",20,"4",16,0,117,500,"Short",0.0858699573126961,0.734225296749392,NA,0.446260315001429,"localGP"
"15498",63,19,6,0,47.7737474629067,82.1507669313946,"Rough","Avg. Reward Condition",20,"4",16,1,7,500,"Short",0.0858699573126961,0.734225296749392,NA,0.446260315001429,"localGP"
"15499",63,20,7,3,32.8647798695032,82.1507669313946,"Rough","Avg. Reward Condition",20,"4",16,1,41,500,"Short",0.0858699573126961,0.734225296749392,NA,0.446260315001429,"localGP"
"15500",63,21,5,10,12.2429925631197,82.1507669313946,"Rough","Avg. Reward Condition",20,"4",16,0,116,500,"Short",0.0858699573126961,0.734225296749392,NA,0.446260315001429,"localGP"
"15501",63,1,2,1,51.6085825276977,51.6085825276977,"Rough","Avg. Reward Condition",40,"5",4,NA,14,501,"Long",0.0985529114530178,0.531155727082457,NA,0.476323695691772,"localGP"
"15502",63,2,6,1,31.833699427692,51.6085825276977,"Rough","Avg. Reward Condition",40,"5",4,8,18,501,"Long",0.0985529114530178,0.531155727082457,NA,0.476323695691772,"localGP"
"15503",63,3,6,2,47.7797456303013,51.6085825276977,"Rough","Avg. Reward Condition",40,"5",4,1,29,501,"Long",0.0985529114530178,0.531155727082457,NA,0.476323695691772,"localGP"
"15504",63,4,5,2,88.4170710697694,88.4170710697694,"Rough","Avg. Reward Condition",40,"5",4,3,28,501,"Long",0.0985529114530178,0.531155727082457,NA,0.476323695691772,"localGP"
"15505",63,5,2,3,28.2357872462132,88.4170710697694,"Rough","Avg. Reward Condition",40,"5",4,1,36,501,"Long",0.0985529114530178,0.531155727082457,NA,0.476323695691772,"localGP"
"15506",63,6,2,2,35.4180456791571,88.4170710697694,"Rough","Avg. Reward Condition",40,"5",4,2,25,501,"Long",0.0985529114530178,0.531155727082457,NA,0.476323695691772,"localGP"
"15507",63,7,5,3,80.7551191777029,88.4170710697694,"Rough","Avg. Reward Condition",40,"5",4,1,39,501,"Long",0.0985529114530178,0.531155727082457,NA,0.476323695691772,"localGP"
"15508",63,8,6,4,15.4794174054474,88.4170710697694,"Rough","Avg. Reward Condition",40,"5",4,0,51,501,"Long",0.0985529114530178,0.531155727082457,NA,0.476323695691772,"localGP"
"15509",63,9,5,4,35.2754667062624,88.4170710697694,"Rough","Avg. Reward Condition",40,"5",4,1,50,501,"Long",0.0985529114530178,0.531155727082457,NA,0.476323695691772,"localGP"
"15510",63,10,5,3,80.7551191777029,88.4170710697694,"Rough","Avg. Reward Condition",40,"5",4,0,39,501,"Long",0.0985529114530178,0.531155727082457,NA,0.476323695691772,"localGP"
"15511",63,11,6,3,49.7582235748205,88.4170710697694,"Rough","Avg. Reward Condition",40,"5",4,0,40,501,"Long",0.0985529114530178,0.531155727082457,NA,0.476323695691772,"localGP"
"15512",63,12,6,7,58.9424744854528,88.4170710697694,"Rough","Avg. Reward Condition",40,"5",4,2,84,501,"Long",0.0985529114530178,0.531155727082457,NA,0.476323695691772,"localGP"
"15513",63,13,6,10,48.7082287749255,88.4170710697694,"Rough","Avg. Reward Condition",40,"5",4,1,117,501,"Long",0.0985529114530178,0.531155727082457,NA,0.476323695691772,"localGP"
"15514",63,14,9,7,50.1010574572642,88.4170710697694,"Rough","Avg. Reward Condition",40,"5",4,3,87,501,"Long",0.0985529114530178,0.531155727082457,NA,0.476323695691772,"localGP"
"15515",63,15,9,8,49.0474995122184,88.4170710697694,"Rough","Avg. Reward Condition",40,"5",4,1,98,501,"Long",0.0985529114530178,0.531155727082457,NA,0.476323695691772,"localGP"
"15516",63,16,7,7,31.8600199928014,88.4170710697694,"Rough","Avg. Reward Condition",40,"5",4,1,85,501,"Long",0.0985529114530178,0.531155727082457,NA,0.476323695691772,"localGP"
"15517",63,17,7,6,33.7698034361065,88.4170710697694,"Rough","Avg. Reward Condition",40,"5",4,6,74,501,"Long",0.0985529114530178,0.531155727082457,NA,0.476323695691772,"localGP"
"15518",63,18,5,6,67.055437287635,88.4170710697694,"Rough","Avg. Reward Condition",40,"5",4,1,72,501,"Long",0.0985529114530178,0.531155727082457,NA,0.476323695691772,"localGP"
"15519",63,19,5,5,32.848866860403,88.4170710697694,"Rough","Avg. Reward Condition",40,"5",4,1,61,501,"Long",0.0985529114530178,0.531155727082457,NA,0.476323695691772,"localGP"
"15520",63,20,5,6,67.055437287635,88.4170710697694,"Rough","Avg. Reward Condition",40,"5",4,3,72,501,"Long",0.0985529114530178,0.531155727082457,NA,0.476323695691772,"localGP"
"15521",63,21,4,6,62.1617444201005,88.4170710697694,"Rough","Avg. Reward Condition",40,"5",4,1,71,501,"Long",0.0985529114530178,0.531155727082457,NA,0.476323695691772,"localGP"
"15522",63,22,9,4,51.3835658310019,88.4170710697694,"Rough","Avg. Reward Condition",40,"5",4,2,54,501,"Long",0.0985529114530178,0.531155727082457,NA,0.476323695691772,"localGP"
"15523",63,23,9,3,44.908976431908,88.4170710697694,"Rough","Avg. Reward Condition",40,"5",4,0,43,501,"Long",0.0985529114530178,0.531155727082457,NA,0.476323695691772,"localGP"
"15524",63,24,10,3,29.4064021858765,88.4170710697694,"Rough","Avg. Reward Condition",40,"5",4,0,44,501,"Long",0.0985529114530178,0.531155727082457,NA,0.476323695691772,"localGP"
"15525",63,25,10,2,51.2894760836585,88.4170710697694,"Rough","Avg. Reward Condition",40,"5",4,1,33,501,"Long",0.0985529114530178,0.531155727082457,NA,0.476323695691772,"localGP"
"15526",63,26,9,0,11.8774072924795,88.4170710697694,"Rough","Avg. Reward Condition",40,"5",4,0,10,501,"Long",0.0985529114530178,0.531155727082457,NA,0.476323695691772,"localGP"
"15527",63,27,8,0,39.2746651521329,88.4170710697694,"Rough","Avg. Reward Condition",40,"5",4,1,9,501,"Long",0.0985529114530178,0.531155727082457,NA,0.476323695691772,"localGP"
"15528",63,28,3,3,61.9515693449088,88.4170710697694,"Rough","Avg. Reward Condition",40,"5",4,1,37,501,"Long",0.0985529114530178,0.531155727082457,NA,0.476323695691772,"localGP"
"15529",63,29,3,2,48.6711536627271,88.4170710697694,"Rough","Avg. Reward Condition",40,"5",4,6,26,501,"Long",0.0985529114530178,0.531155727082457,NA,0.476323695691772,"localGP"
"15530",63,30,4,2,100,100,"Rough","Avg. Reward Condition",40,"5",4,1,27,501,"Long",0.0985529114530178,0.531155727082457,NA,0.476323695691772,"localGP"
"15531",63,31,5,3,80.7551191777029,100,"Rough","Avg. Reward Condition",40,"5",4,1,39,501,"Long",0.0985529114530178,0.531155727082457,NA,0.476323695691772,"localGP"
"15532",63,32,4,3,94.794324286051,100,"Rough","Avg. Reward Condition",40,"5",4,8,38,501,"Long",0.0985529114530178,0.531155727082457,NA,0.476323695691772,"localGP"
"15533",63,33,4,2,100,100,"Rough","Avg. Reward Condition",40,"5",4,4,27,501,"Long",0.0985529114530178,0.531155727082457,NA,0.476323695691772,"localGP"
"15534",63,34,4,0,27.757926963594,100,"Rough","Avg. Reward Condition",40,"5",4,4,5,501,"Long",0.0985529114530178,0.531155727082457,NA,0.476323695691772,"localGP"
"15535",63,35,6,0,33.2351530302692,100,"Rough","Avg. Reward Condition",40,"5",4,3,7,501,"Long",0.0985529114530178,0.531155727082457,NA,0.476323695691772,"localGP"
"15536",63,36,7,0,47.3215439823763,100,"Rough","Avg. Reward Condition",40,"5",4,0,8,501,"Long",0.0985529114530178,0.531155727082457,NA,0.476323695691772,"localGP"
"15537",63,37,0,8,24.5864269279588,100,"Rough","Avg. Reward Condition",40,"5",4,4,89,501,"Long",0.0985529114530178,0.531155727082457,NA,0.476323695691772,"localGP"
"15538",63,38,9,1,39.5345898107298,100,"Rough","Avg. Reward Condition",40,"5",4,2,21,501,"Long",0.0985529114530178,0.531155727082457,NA,0.476323695691772,"localGP"
"15539",63,39,7,1,40.8192453000824,100,"Rough","Avg. Reward Condition",40,"5",4,1,19,501,"Long",0.0985529114530178,0.531155727082457,NA,0.476323695691772,"localGP"
"15540",63,40,8,1,47.0627415324652,100,"Rough","Avg. Reward Condition",40,"5",4,1,20,501,"Long",0.0985529114530178,0.531155727082457,NA,0.476323695691772,"localGP"
"15541",63,41,1,4,31.2670409305907,100,"Rough","Avg. Reward Condition",40,"5",4,3,46,501,"Long",0.0985529114530178,0.531155727082457,NA,0.476323695691772,"localGP"
"15542",63,1,6,6,86.9756652326962,86.9756652326962,"Rough","Avg. Reward Condition",20,"6",5,NA,73,502,"Short",0.0739493802109219,0.719547775944559,NA,0.366027928132534,"localGP"
"15543",63,2,5,6,48.862030975187,86.9756652326962,"Rough","Avg. Reward Condition",20,"6",5,10,72,502,"Short",0.0739493802109219,0.719547775944559,NA,0.366027928132534,"localGP"
"15544",63,3,6,7,60.8864429943102,86.9756652326962,"Rough","Avg. Reward Condition",20,"6",5,4,84,502,"Short",0.0739493802109219,0.719547775944559,NA,0.366027928132534,"localGP"
"15545",63,4,6,6,86.9756652326962,86.9756652326962,"Rough","Avg. Reward Condition",20,"6",5,6,73,502,"Short",0.0739493802109219,0.719547775944559,NA,0.366027928132534,"localGP"
"15546",63,5,7,6,95.8234728185907,95.8234728185907,"Rough","Avg. Reward Condition",20,"6",5,7,74,502,"Short",0.0739493802109219,0.719547775944559,NA,0.366027928132534,"localGP"
"15547",63,6,7,7,68.4962011684434,95.8234728185907,"Rough","Avg. Reward Condition",20,"6",5,2,85,502,"Short",0.0739493802109219,0.719547775944559,NA,0.366027928132534,"localGP"
"15548",63,7,2,3,50.3035066578995,95.8234728185907,"Rough","Avg. Reward Condition",20,"6",5,1,36,502,"Short",0.0739493802109219,0.719547775944559,NA,0.366027928132534,"localGP"
"15549",63,8,5,5,35.9893886726837,95.8234728185907,"Rough","Avg. Reward Condition",20,"6",5,2,61,502,"Short",0.0739493802109219,0.719547775944559,NA,0.366027928132534,"localGP"
"15550",63,9,6,5,19.3202384321572,95.8234728185907,"Rough","Avg. Reward Condition",20,"6",5,1,62,502,"Short",0.0739493802109219,0.719547775944559,NA,0.366027928132534,"localGP"
"15551",63,10,6,6,86.9756652326962,95.8234728185907,"Rough","Avg. Reward Condition",20,"6",5,2,73,502,"Short",0.0739493802109219,0.719547775944559,NA,0.366027928132534,"localGP"
"15552",63,11,7,6,95.8234728185907,95.8234728185907,"Rough","Avg. Reward Condition",20,"6",5,3,74,502,"Short",0.0739493802109219,0.719547775944559,NA,0.366027928132534,"localGP"
"15553",63,12,7,6,95.8234728185907,95.8234728185907,"Rough","Avg. Reward Condition",20,"6",5,0,74,502,"Short",0.0739493802109219,0.719547775944559,NA,0.366027928132534,"localGP"
"15554",63,13,8,6,91.4722545331952,95.8234728185907,"Rough","Avg. Reward Condition",20,"6",5,1,75,502,"Short",0.0739493802109219,0.719547775944559,NA,0.366027928132534,"localGP"
"15555",63,14,8,6,91.4722545331952,95.8234728185907,"Rough","Avg. Reward Condition",20,"6",5,1,75,502,"Short",0.0739493802109219,0.719547775944559,NA,0.366027928132534,"localGP"
"15556",63,15,8,5,25.922745926598,95.8234728185907,"Rough","Avg. Reward Condition",20,"6",5,0,64,502,"Short",0.0739493802109219,0.719547775944559,NA,0.366027928132534,"localGP"
"15557",63,16,8,6,91.4722545331952,95.8234728185907,"Rough","Avg. Reward Condition",20,"6",5,1,75,502,"Short",0.0739493802109219,0.719547775944559,NA,0.366027928132534,"localGP"
"15558",63,17,7,6,95.8234728185907,95.8234728185907,"Rough","Avg. Reward Condition",20,"6",5,1,74,502,"Short",0.0739493802109219,0.719547775944559,NA,0.366027928132534,"localGP"
"15559",63,18,7,6,95.8234728185907,95.8234728185907,"Rough","Avg. Reward Condition",20,"6",5,1,74,502,"Short",0.0739493802109219,0.719547775944559,NA,0.366027928132534,"localGP"
"15560",63,19,6,6,86.9756652326962,95.8234728185907,"Rough","Avg. Reward Condition",20,"6",5,0,73,502,"Short",0.0739493802109219,0.719547775944559,NA,0.366027928132534,"localGP"
"15561",63,20,7,6,95.8234728185907,95.8234728185907,"Rough","Avg. Reward Condition",20,"6",5,1,74,502,"Short",0.0739493802109219,0.719547775944559,NA,0.366027928132534,"localGP"
"15562",63,21,7,6,95.8234728185907,95.8234728185907,"Rough","Avg. Reward Condition",20,"6",5,3,74,502,"Short",0.0739493802109219,0.719547775944559,NA,0.366027928132534,"localGP"
"15563",63,1,3,6,46.2251084893925,46.2251084893925,"Rough","Avg. Reward Condition",40,"7",3,NA,70,503,"Long",0.0921156553460817,0.544052826076189,NA,0.468841759324414,"localGP"
"15564",63,2,4,6,65.0620615185849,65.0620615185849,"Rough","Avg. Reward Condition",40,"7",3,4,71,503,"Long",0.0921156553460817,0.544052826076189,NA,0.468841759324414,"localGP"
"15565",63,3,5,6,47.8129336861214,65.0620615185849,"Rough","Avg. Reward Condition",40,"7",3,4,72,503,"Long",0.0921156553460817,0.544052826076189,NA,0.468841759324414,"localGP"
"15566",63,4,1,0,14.462063322547,65.0620615185849,"Rough","Avg. Reward Condition",40,"7",3,3,2,503,"Long",0.0921156553460817,0.544052826076189,NA,0.468841759324414,"localGP"
"15567",63,5,8,7,70.5152140178525,70.5152140178525,"Rough","Avg. Reward Condition",40,"7",3,2,86,503,"Long",0.0921156553460817,0.544052826076189,NA,0.468841759324414,"localGP"
"15568",63,6,8,8,86.9112548531245,86.9112548531245,"Rough","Avg. Reward Condition",40,"7",3,1,97,503,"Long",0.0921156553460817,0.544052826076189,NA,0.468841759324414,"localGP"
"15569",63,7,1,0,14.462063322547,86.9112548531245,"Rough","Avg. Reward Condition",40,"7",3,3,2,503,"Long",0.0921156553460817,0.544052826076189,NA,0.468841759324414,"localGP"
"15570",63,8,1,1,55.6104424370959,86.9112548531245,"Rough","Avg. Reward Condition",40,"7",3,0,13,503,"Long",0.0921156553460817,0.544052826076189,NA,0.468841759324414,"localGP"
"15571",63,9,1,2,73.9442731369025,86.9112548531245,"Rough","Avg. Reward Condition",40,"7",3,3,24,503,"Long",0.0921156553460817,0.544052826076189,NA,0.468841759324414,"localGP"
"15572",63,10,10,6,69.1638610636693,86.9112548531245,"Rough","Avg. Reward Condition",40,"7",3,0,77,503,"Long",0.0921156553460817,0.544052826076189,NA,0.468841759324414,"localGP"
"15573",63,11,9,6,44.7930308508045,86.9112548531245,"Rough","Avg. Reward Condition",40,"7",3,1,76,503,"Long",0.0921156553460817,0.544052826076189,NA,0.468841759324414,"localGP"
"15574",63,12,8,6,39.3548348521366,86.9112548531245,"Rough","Avg. Reward Condition",40,"7",3,0,75,503,"Long",0.0921156553460817,0.544052826076189,NA,0.468841759324414,"localGP"
"15575",63,13,8,5,39.6478380945369,86.9112548531245,"Rough","Avg. Reward Condition",40,"7",3,2,64,503,"Long",0.0921156553460817,0.544052826076189,NA,0.468841759324414,"localGP"
"15576",63,14,8,4,40.0633709552843,86.9112548531245,"Rough","Avg. Reward Condition",40,"7",3,1,53,503,"Long",0.0921156553460817,0.544052826076189,NA,0.468841759324414,"localGP"
"15577",63,15,8,3,39.0577365841797,86.9112548531245,"Rough","Avg. Reward Condition",40,"7",3,1,42,503,"Long",0.0921156553460817,0.544052826076189,NA,0.468841759324414,"localGP"
"15578",63,16,7,3,65.2894287443007,86.9112548531245,"Rough","Avg. Reward Condition",40,"7",3,1,41,503,"Long",0.0921156553460817,0.544052826076189,NA,0.468841759324414,"localGP"
"15579",63,17,8,1,44.8716015513811,86.9112548531245,"Rough","Avg. Reward Condition",40,"7",3,1,20,503,"Long",0.0921156553460817,0.544052826076189,NA,0.468841759324414,"localGP"
"15580",63,18,8,0,15.9935523633461,86.9112548531245,"Rough","Avg. Reward Condition",40,"7",3,3,9,503,"Long",0.0921156553460817,0.544052826076189,NA,0.468841759324414,"localGP"
"15581",63,19,7,2,63.8501760294012,86.9112548531245,"Rough","Avg. Reward Condition",40,"7",3,3,30,503,"Long",0.0921156553460817,0.544052826076189,NA,0.468841759324414,"localGP"
"15582",63,20,6,2,71.6274675486182,86.9112548531245,"Rough","Avg. Reward Condition",40,"7",3,2,29,503,"Long",0.0921156553460817,0.544052826076189,NA,0.468841759324414,"localGP"
"15583",63,21,6,1,32.7748600046913,86.9112548531245,"Rough","Avg. Reward Condition",40,"7",3,1,18,503,"Long",0.0921156553460817,0.544052826076189,NA,0.468841759324414,"localGP"
"15584",63,22,4,3,48.5897341820255,86.9112548531245,"Rough","Avg. Reward Condition",40,"7",3,0,38,503,"Long",0.0921156553460817,0.544052826076189,NA,0.468841759324414,"localGP"
"15585",63,23,4,4,49.7580304361875,86.9112548531245,"Rough","Avg. Reward Condition",40,"7",3,3,49,503,"Long",0.0921156553460817,0.544052826076189,NA,0.468841759324414,"localGP"
"15586",63,24,10,1,38.6271450157014,86.9112548531245,"Rough","Avg. Reward Condition",40,"7",3,1,22,503,"Long",0.0921156553460817,0.544052826076189,NA,0.468841759324414,"localGP"
"15587",63,25,10,0,39.4294452948652,86.9112548531245,"Rough","Avg. Reward Condition",40,"7",3,2,11,503,"Long",0.0921156553460817,0.544052826076189,NA,0.468841759324414,"localGP"
"15588",63,26,7,1,45.1385973531357,86.9112548531245,"Rough","Avg. Reward Condition",40,"7",3,3,19,503,"Long",0.0921156553460817,0.544052826076189,NA,0.468841759324414,"localGP"
"15589",63,27,9,3,32.6557513762686,86.9112548531245,"Rough","Avg. Reward Condition",40,"7",3,0,43,503,"Long",0.0921156553460817,0.544052826076189,NA,0.468841759324414,"localGP"
"15590",63,28,10,3,43.0975597606831,86.9112548531245,"Rough","Avg. Reward Condition",40,"7",3,3,44,503,"Long",0.0921156553460817,0.544052826076189,NA,0.468841759324414,"localGP"
"15591",63,29,10,2,54.7529878122934,86.9112548531245,"Rough","Avg. Reward Condition",40,"7",3,0,33,503,"Long",0.0921156553460817,0.544052826076189,NA,0.468841759324414,"localGP"
"15592",63,30,9,2,37.0588416723866,86.9112548531245,"Rough","Avg. Reward Condition",40,"7",3,1,32,503,"Long",0.0921156553460817,0.544052826076189,NA,0.468841759324414,"localGP"
"15593",63,31,9,1,28.641219902717,86.9112548531245,"Rough","Avg. Reward Condition",40,"7",3,2,21,503,"Long",0.0921156553460817,0.544052826076189,NA,0.468841759324414,"localGP"
"15594",63,32,9,4,46.930643246426,86.9112548531245,"Rough","Avg. Reward Condition",40,"7",3,4,54,503,"Long",0.0921156553460817,0.544052826076189,NA,0.468841759324414,"localGP"
"15595",63,33,9,9,64.5300150123819,86.9112548531245,"Rough","Avg. Reward Condition",40,"7",3,2,109,503,"Long",0.0921156553460817,0.544052826076189,NA,0.468841759324414,"localGP"
"15596",63,34,9,10,56.585007074553,86.9112548531245,"Rough","Avg. Reward Condition",40,"7",3,1,120,503,"Long",0.0921156553460817,0.544052826076189,NA,0.468841759324414,"localGP"
"15597",63,35,10,10,53.1955394610768,86.9112548531245,"Rough","Avg. Reward Condition",40,"7",3,1,121,503,"Long",0.0921156553460817,0.544052826076189,NA,0.468841759324414,"localGP"
"15598",63,36,2,5,22.080089893032,86.9112548531245,"Rough","Avg. Reward Condition",40,"7",3,0,58,503,"Long",0.0921156553460817,0.544052826076189,NA,0.468841759324414,"localGP"
"15599",63,37,1,4,28.2772225047423,86.9112548531245,"Rough","Avg. Reward Condition",40,"7",3,1,46,503,"Long",0.0921156553460817,0.544052826076189,NA,0.468841759324414,"localGP"
"15600",63,38,1,3,44.0291099812152,86.9112548531245,"Rough","Avg. Reward Condition",40,"7",3,3,35,503,"Long",0.0921156553460817,0.544052826076189,NA,0.468841759324414,"localGP"
"15601",63,39,0,3,46.9181544218078,86.9112548531245,"Rough","Avg. Reward Condition",40,"7",3,1,34,503,"Long",0.0921156553460817,0.544052826076189,NA,0.468841759324414,"localGP"
"15602",63,40,0,4,38.4070367108847,86.9112548531245,"Rough","Avg. Reward Condition",40,"7",3,9,45,503,"Long",0.0921156553460817,0.544052826076189,NA,0.468841759324414,"localGP"
"15603",63,41,0,2,79.3285213093921,86.9112548531245,"Rough","Avg. Reward Condition",40,"7",3,3,23,503,"Long",0.0921156553460817,0.544052826076189,NA,0.468841759324414,"localGP"
"15604",63,1,5,6,17.4640278220834,17.4640278220834,"Rough","Avg. Reward Condition",20,"8",6,NA,72,504,"Short",0.0829688681547198,0.691127918552291,NA,0.385278119115707,"localGP"
"15605",63,2,2,7,22.5684927641823,22.5684927641823,"Rough","Avg. Reward Condition",20,"8",6,10,80,504,"Short",0.0829688681547198,0.691127918552291,NA,0.385278119115707,"localGP"
"15606",63,3,5,2,26.5214537157222,26.5214537157222,"Rough","Avg. Reward Condition",20,"8",6,5,28,504,"Short",0.0829688681547198,0.691127918552291,NA,0.385278119115707,"localGP"
"15607",63,4,6,9,23.3299176414796,26.5214537157222,"Rough","Avg. Reward Condition",20,"8",6,2,106,504,"Short",0.0829688681547198,0.691127918552291,NA,0.385278119115707,"localGP"
"15608",63,5,0,5,85.1317086337792,85.1317086337792,"Rough","Avg. Reward Condition",20,"8",6,4,56,504,"Short",0.0829688681547198,0.691127918552291,NA,0.385278119115707,"localGP"
"15609",63,6,3,7,37.0565054700231,85.1317086337792,"Rough","Avg. Reward Condition",20,"8",6,4,81,504,"Short",0.0829688681547198,0.691127918552291,NA,0.385278119115707,"localGP"
"15610",63,7,4,7,63.6433329496781,85.1317086337792,"Rough","Avg. Reward Condition",20,"8",6,1,82,504,"Short",0.0829688681547198,0.691127918552291,NA,0.385278119115707,"localGP"
"15611",63,8,4,8,46.9524514765954,85.1317086337792,"Rough","Avg. Reward Condition",20,"8",6,2,93,504,"Short",0.0829688681547198,0.691127918552291,NA,0.385278119115707,"localGP"
"15612",63,9,3,8,24.7062704261568,85.1317086337792,"Rough","Avg. Reward Condition",20,"8",6,3,92,504,"Short",0.0829688681547198,0.691127918552291,NA,0.385278119115707,"localGP"
"15613",63,10,3,1,50.2100304142553,85.1317086337792,"Rough","Avg. Reward Condition",20,"8",6,2,15,504,"Short",0.0829688681547198,0.691127918552291,NA,0.385278119115707,"localGP"
"15614",63,11,2,1,32.7608851957518,85.1317086337792,"Rough","Avg. Reward Condition",20,"8",6,2,14,504,"Short",0.0829688681547198,0.691127918552291,NA,0.385278119115707,"localGP"
"15615",63,12,10,9,86.1457429128577,86.1457429128577,"Rough","Avg. Reward Condition",20,"8",6,1,110,504,"Short",0.0829688681547198,0.691127918552291,NA,0.385278119115707,"localGP"
"15616",63,13,9,9,83.6268655538995,86.1457429128577,"Rough","Avg. Reward Condition",20,"8",6,1,109,504,"Short",0.0829688681547198,0.691127918552291,NA,0.385278119115707,"localGP"
"15617",63,14,8,9,49.0885670492111,86.1457429128577,"Rough","Avg. Reward Condition",20,"8",6,1,108,504,"Short",0.0829688681547198,0.691127918552291,NA,0.385278119115707,"localGP"
"15618",63,15,7,1,83.5475141176989,86.1457429128577,"Rough","Avg. Reward Condition",20,"8",6,1,19,504,"Short",0.0829688681547198,0.691127918552291,NA,0.385278119115707,"localGP"
"15619",63,16,8,1,68.8502438954186,86.1457429128577,"Rough","Avg. Reward Condition",20,"8",6,2,20,504,"Short",0.0829688681547198,0.691127918552291,NA,0.385278119115707,"localGP"
"15620",63,17,8,2,56.1209576242771,86.1457429128577,"Rough","Avg. Reward Condition",20,"8",6,1,31,504,"Short",0.0829688681547198,0.691127918552291,NA,0.385278119115707,"localGP"
"15621",63,18,10,10,61.5766654698321,86.1457429128577,"Rough","Avg. Reward Condition",20,"8",6,1,121,504,"Short",0.0829688681547198,0.691127918552291,NA,0.385278119115707,"localGP"
"15622",63,19,9,10,34.3418785557881,86.1457429128577,"Rough","Avg. Reward Condition",20,"8",6,1,120,504,"Short",0.0829688681547198,0.691127918552291,NA,0.385278119115707,"localGP"
"15623",63,20,9,7,52.0950905321092,86.1457429128577,"Rough","Avg. Reward Condition",20,"8",6,0,87,504,"Short",0.0829688681547198,0.691127918552291,NA,0.385278119115707,"localGP"
"15624",63,21,9,8,81.6907585501877,86.1457429128577,"Rough","Avg. Reward Condition",20,"8",6,1,98,504,"Short",0.0829688681547198,0.691127918552291,NA,0.385278119115707,"localGP"
"15625",64,1,2,2,100,100,"Smooth","Avg. Reward Condition",40,"1",18,NA,25,505,"Long",0.0588179172106714,1.1803785963612,NA,0.137566266781167,"localGP"
"15626",64,2,2,3,53.5961483472986,100,"Smooth","Avg. Reward Condition",40,"1",18,1,36,505,"Long",0.0588179172106714,1.1803785963612,NA,0.137566266781167,"localGP"
"15627",64,3,0,7,18.2389240639338,100,"Smooth","Avg. Reward Condition",40,"1",18,1,78,505,"Long",0.0588179172106714,1.1803785963612,NA,0.137566266781167,"localGP"
"15628",64,4,9,1,36.0277373757591,100,"Smooth","Avg. Reward Condition",40,"1",18,1,21,505,"Long",0.0588179172106714,1.1803785963612,NA,0.137566266781167,"localGP"
"15629",64,5,6,3,2.55804621582689,100,"Smooth","Avg. Reward Condition",40,"1",18,1,40,505,"Long",0.0588179172106714,1.1803785963612,NA,0.137566266781167,"localGP"
"15630",64,6,3,2,87.0484650270771,100,"Smooth","Avg. Reward Condition",40,"1",18,3,26,505,"Long",0.0588179172106714,1.1803785963612,NA,0.137566266781167,"localGP"
"15631",64,7,3,2,87.0484650270771,100,"Smooth","Avg. Reward Condition",40,"1",18,1,26,505,"Long",0.0588179172106714,1.1803785963612,NA,0.137566266781167,"localGP"
"15632",64,8,3,1,75.1442624365829,100,"Smooth","Avg. Reward Condition",40,"1",18,2,15,505,"Long",0.0588179172106714,1.1803785963612,NA,0.137566266781167,"localGP"
"15633",64,9,2,1,70.0239835784985,100,"Smooth","Avg. Reward Condition",40,"1",18,1,14,505,"Long",0.0588179172106714,1.1803785963612,NA,0.137566266781167,"localGP"
"15634",64,10,2,2,100,100,"Smooth","Avg. Reward Condition",40,"1",18,2,25,505,"Long",0.0588179172106714,1.1803785963612,NA,0.137566266781167,"localGP"
"15635",64,11,2,2,100,100,"Smooth","Avg. Reward Condition",40,"1",18,1,25,505,"Long",0.0588179172106714,1.1803785963612,NA,0.137566266781167,"localGP"
"15636",64,12,2,2,100,100,"Smooth","Avg. Reward Condition",40,"1",18,2,25,505,"Long",0.0588179172106714,1.1803785963612,NA,0.137566266781167,"localGP"
"15637",64,13,2,2,100,100,"Smooth","Avg. Reward Condition",40,"1",18,5,25,505,"Long",0.0588179172106714,1.1803785963612,NA,0.137566266781167,"localGP"
"15638",64,14,2,2,100,100,"Smooth","Avg. Reward Condition",40,"1",18,1,25,505,"Long",0.0588179172106714,1.1803785963612,NA,0.137566266781167,"localGP"
"15639",64,15,2,2,100,100,"Smooth","Avg. Reward Condition",40,"1",18,5,25,505,"Long",0.0588179172106714,1.1803785963612,NA,0.137566266781167,"localGP"
"15640",64,16,2,2,100,100,"Smooth","Avg. Reward Condition",40,"1",18,1,25,505,"Long",0.0588179172106714,1.1803785963612,NA,0.137566266781167,"localGP"
"15641",64,17,6,5,39.8371872215826,100,"Smooth","Avg. Reward Condition",40,"1",18,1,62,505,"Long",0.0588179172106714,1.1803785963612,NA,0.137566266781167,"localGP"
"15642",64,18,10,6,35.7890292277551,100,"Smooth","Avg. Reward Condition",40,"1",18,1,77,505,"Long",0.0588179172106714,1.1803785963612,NA,0.137566266781167,"localGP"
"15643",64,19,10,3,47.7289893692748,100,"Smooth","Avg. Reward Condition",40,"1",18,6,44,505,"Long",0.0588179172106714,1.1803785963612,NA,0.137566266781167,"localGP"
"15644",64,20,6,7,45.7922377623339,100,"Smooth","Avg. Reward Condition",40,"1",18,1,84,505,"Long",0.0588179172106714,1.1803785963612,NA,0.137566266781167,"localGP"
"15645",64,21,6,3,2.55804621582689,100,"Smooth","Avg. Reward Condition",40,"1",18,4,40,505,"Long",0.0588179172106714,1.1803785963612,NA,0.137566266781167,"localGP"
"15646",64,22,4,10,41.5348285805763,100,"Smooth","Avg. Reward Condition",40,"1",18,1,115,505,"Long",0.0588179172106714,1.1803785963612,NA,0.137566266781167,"localGP"
"15647",64,23,8,10,43.0920417226209,100,"Smooth","Avg. Reward Condition",40,"1",18,1,119,505,"Long",0.0588179172106714,1.1803785963612,NA,0.137566266781167,"localGP"
"15648",64,24,7,1,20.2621772906114,100,"Smooth","Avg. Reward Condition",40,"1",18,4,19,505,"Long",0.0588179172106714,1.1803785963612,NA,0.137566266781167,"localGP"
"15649",64,25,1,5,10.6858485286314,100,"Smooth","Avg. Reward Condition",40,"1",18,0,57,505,"Long",0.0588179172106714,1.1803785963612,NA,0.137566266781167,"localGP"
"15650",64,26,8,10,43.0920417226209,100,"Smooth","Avg. Reward Condition",40,"1",18,2,119,505,"Long",0.0588179172106714,1.1803785963612,NA,0.137566266781167,"localGP"
"15651",64,27,10,10,40.9300790469513,100,"Smooth","Avg. Reward Condition",40,"1",18,1,121,505,"Long",0.0588179172106714,1.1803785963612,NA,0.137566266781167,"localGP"
"15652",64,28,5,1,44.0731143129656,100,"Smooth","Avg. Reward Condition",40,"1",18,5,17,505,"Long",0.0588179172106714,1.1803785963612,NA,0.137566266781167,"localGP"
"15653",64,29,7,9,43.7178093969653,100,"Smooth","Avg. Reward Condition",40,"1",18,1,107,505,"Long",0.0588179172106714,1.1803785963612,NA,0.137566266781167,"localGP"
"15654",64,30,8,1,22.4638703652577,100,"Smooth","Avg. Reward Condition",40,"1",18,1,20,505,"Long",0.0588179172106714,1.1803785963612,NA,0.137566266781167,"localGP"
"15655",64,31,7,5,34.8171406531834,100,"Smooth","Avg. Reward Condition",40,"1",18,1,63,505,"Long",0.0588179172106714,1.1803785963612,NA,0.137566266781167,"localGP"
"15656",64,32,10,6,35.7890292277551,100,"Smooth","Avg. Reward Condition",40,"1",18,2,77,505,"Long",0.0588179172106714,1.1803785963612,NA,0.137566266781167,"localGP"
"15657",64,33,5,7,60.8656482156471,100,"Smooth","Avg. Reward Condition",40,"1",18,1,83,505,"Long",0.0588179172106714,1.1803785963612,NA,0.137566266781167,"localGP"
"15658",64,34,5,8,32.0305817810502,100,"Smooth","Avg. Reward Condition",40,"1",18,1,94,505,"Long",0.0588179172106714,1.1803785963612,NA,0.137566266781167,"localGP"
"15659",64,35,10,4,53.5685725301176,100,"Smooth","Avg. Reward Condition",40,"1",18,1,55,505,"Long",0.0588179172106714,1.1803785963612,NA,0.137566266781167,"localGP"
"15660",64,36,8,0,49.6392731518266,100,"Smooth","Avg. Reward Condition",40,"1",18,1,9,505,"Long",0.0588179172106714,1.1803785963612,NA,0.137566266781167,"localGP"
"15661",64,37,8,8,58.8343770395875,100,"Smooth","Avg. Reward Condition",40,"1",18,0,97,505,"Long",0.0588179172106714,1.1803785963612,NA,0.137566266781167,"localGP"
"15662",64,38,0,7,18.2389240639338,100,"Smooth","Avg. Reward Condition",40,"1",18,1,78,505,"Long",0.0588179172106714,1.1803785963612,NA,0.137566266781167,"localGP"
"15663",64,39,8,3,32.1774726570329,100,"Smooth","Avg. Reward Condition",40,"1",18,1,42,505,"Long",0.0588179172106714,1.1803785963612,NA,0.137566266781167,"localGP"
"15664",64,40,6,0,37.7168186975526,100,"Smooth","Avg. Reward Condition",40,"1",18,1,7,505,"Long",0.0588179172106714,1.1803785963612,NA,0.137566266781167,"localGP"
"15665",64,41,2,9,54.5359599883725,100,"Smooth","Avg. Reward Condition",40,"1",18,1,102,505,"Long",0.0588179172106714,1.1803785963612,NA,0.137566266781167,"localGP"
"15666",64,1,7,2,67.7479443661215,67.7479443661215,"Smooth","Avg. Reward Condition",20,"2",12,NA,30,506,"Short",0.0629234371833433,1.8381483529083,NA,0.29651877899555,"localGP"
"15667",64,2,7,3,39.8382948822968,67.7479443661215,"Smooth","Avg. Reward Condition",20,"2",12,1,41,506,"Short",0.0629234371833433,1.8381483529083,NA,0.29651877899555,"localGP"
"15668",64,3,6,2,67.1671387107325,67.7479443661215,"Smooth","Avg. Reward Condition",20,"2",12,1,29,506,"Short",0.0629234371833433,1.8381483529083,NA,0.29651877899555,"localGP"
"15669",64,4,6,1,64.0621686856382,67.7479443661215,"Smooth","Avg. Reward Condition",20,"2",12,1,18,506,"Short",0.0629234371833433,1.8381483529083,NA,0.29651877899555,"localGP"
"15670",64,5,4,8,46.4068555234457,67.7479443661215,"Smooth","Avg. Reward Condition",20,"2",12,2,93,506,"Short",0.0629234371833433,1.8381483529083,NA,0.29651877899555,"localGP"
"15671",64,6,3,10,38.2936585715873,67.7479443661215,"Smooth","Avg. Reward Condition",20,"2",12,2,114,506,"Short",0.0629234371833433,1.8381483529083,NA,0.29651877899555,"localGP"
"15672",64,7,3,5,12.152517891431,67.7479443661215,"Smooth","Avg. Reward Condition",20,"2",12,1,59,506,"Short",0.0629234371833433,1.8381483529083,NA,0.29651877899555,"localGP"
"15673",64,8,9,2,39.8228418923137,67.7479443661215,"Smooth","Avg. Reward Condition",20,"2",12,2,32,506,"Short",0.0629234371833433,1.8381483529083,NA,0.29651877899555,"localGP"
"15674",64,9,9,5,58.7716718822745,67.7479443661215,"Smooth","Avg. Reward Condition",20,"2",12,2,65,506,"Short",0.0629234371833433,1.8381483529083,NA,0.29651877899555,"localGP"
"15675",64,10,10,5,62.8520083349877,67.7479443661215,"Smooth","Avg. Reward Condition",20,"2",12,1,66,506,"Short",0.0629234371833433,1.8381483529083,NA,0.29651877899555,"localGP"
"15676",64,11,10,6,45.8452635270677,67.7479443661215,"Smooth","Avg. Reward Condition",20,"2",12,1,77,506,"Short",0.0629234371833433,1.8381483529083,NA,0.29651877899555,"localGP"
"15677",64,12,0,2,9.45487172108052,67.7479443661215,"Smooth","Avg. Reward Condition",20,"2",12,1,23,506,"Short",0.0629234371833433,1.8381483529083,NA,0.29651877899555,"localGP"
"15678",64,13,0,2,9.45487172108052,67.7479443661215,"Smooth","Avg. Reward Condition",20,"2",12,1,23,506,"Short",0.0629234371833433,1.8381483529083,NA,0.29651877899555,"localGP"
"15679",64,14,6,8,66.326299077943,67.7479443661215,"Smooth","Avg. Reward Condition",20,"2",12,1,95,506,"Short",0.0629234371833433,1.8381483529083,NA,0.29651877899555,"localGP"
"15680",64,15,6,9,44.7235531380428,67.7479443661215,"Smooth","Avg. Reward Condition",20,"2",12,1,106,506,"Short",0.0629234371833433,1.8381483529083,NA,0.29651877899555,"localGP"
"15681",64,16,6,10,32.3469021465109,67.7479443661215,"Smooth","Avg. Reward Condition",20,"2",12,1,117,506,"Short",0.0629234371833433,1.8381483529083,NA,0.29651877899555,"localGP"
"15682",64,17,7,1,80.4403331972244,80.4403331972244,"Smooth","Avg. Reward Condition",20,"2",12,1,19,506,"Short",0.0629234371833433,1.8381483529083,NA,0.29651877899555,"localGP"
"15683",64,18,7,0,73.3448619452636,80.4403331972244,"Smooth","Avg. Reward Condition",20,"2",12,1,8,506,"Short",0.0629234371833433,1.8381483529083,NA,0.29651877899555,"localGP"
"15684",64,19,8,0,73.9756184562908,80.4403331972244,"Smooth","Avg. Reward Condition",20,"2",12,1,9,506,"Short",0.0629234371833433,1.8381483529083,NA,0.29651877899555,"localGP"
"15685",64,20,9,7,78.9152227809253,80.4403331972244,"Smooth","Avg. Reward Condition",20,"2",12,1,87,506,"Short",0.0629234371833433,1.8381483529083,NA,0.29651877899555,"localGP"
"15686",64,21,8,7,81.8274104004157,81.8274104004157,"Smooth","Avg. Reward Condition",20,"2",12,1,86,506,"Short",0.0629234371833433,1.8381483529083,NA,0.29651877899555,"localGP"
"15687",64,1,5,10,12.2429925631197,12.2429925631197,"Smooth","Avg. Reward Condition",40,"3",16,NA,116,507,"Long",0.0618933897992738,0.601465369128769,NA,0.312715690403953,"localGP"
"15688",64,2,6,2,37.2945484739635,37.2945484739635,"Smooth","Avg. Reward Condition",40,"3",16,1,29,507,"Long",0.0618933897992738,0.601465369128769,NA,0.312715690403953,"localGP"
"15689",64,3,9,4,32.5386103866141,37.2945484739635,"Smooth","Avg. Reward Condition",40,"3",16,1,54,507,"Long",0.0618933897992738,0.601465369128769,NA,0.312715690403953,"localGP"
"15690",64,4,8,4,42.8412484535967,42.8412484535967,"Smooth","Avg. Reward Condition",40,"3",16,2,53,507,"Long",0.0618933897992738,0.601465369128769,NA,0.312715690403953,"localGP"
"15691",64,5,8,5,55.4827017867846,55.4827017867846,"Smooth","Avg. Reward Condition",40,"3",16,2,64,507,"Long",0.0618933897992738,0.601465369128769,NA,0.312715690403953,"localGP"
"15692",64,6,7,5,45.3166315681639,55.4827017867846,"Smooth","Avg. Reward Condition",40,"3",16,3,63,507,"Long",0.0618933897992738,0.601465369128769,NA,0.312715690403953,"localGP"
"15693",64,7,9,5,54.5094189956315,55.4827017867846,"Smooth","Avg. Reward Condition",40,"3",16,4,65,507,"Long",0.0618933897992738,0.601465369128769,NA,0.312715690403953,"localGP"
"15694",64,8,0,0,62.3937858826807,62.3937858826807,"Smooth","Avg. Reward Condition",40,"3",16,2,1,507,"Long",0.0618933897992738,0.601465369128769,NA,0.312715690403953,"localGP"
"15695",64,9,0,1,45.6400924104609,62.3937858826807,"Smooth","Avg. Reward Condition",40,"3",16,1,12,507,"Long",0.0618933897992738,0.601465369128769,NA,0.312715690403953,"localGP"
"15696",64,10,0,2,44.6802852658924,62.3937858826807,"Smooth","Avg. Reward Condition",40,"3",16,1,23,507,"Long",0.0618933897992738,0.601465369128769,NA,0.312715690403953,"localGP"
"15697",64,11,9,10,29.5582991168429,62.3937858826807,"Smooth","Avg. Reward Condition",40,"3",16,2,120,507,"Long",0.0618933897992738,0.601465369128769,NA,0.312715690403953,"localGP"
"15698",64,12,9,8,70.9435815561283,70.9435815561283,"Smooth","Avg. Reward Condition",40,"3",16,2,98,507,"Long",0.0618933897992738,0.601465369128769,NA,0.312715690403953,"localGP"
"15699",64,13,9,9,48.2469413431705,70.9435815561283,"Smooth","Avg. Reward Condition",40,"3",16,1,109,507,"Long",0.0618933897992738,0.601465369128769,NA,0.312715690403953,"localGP"
"15700",64,14,10,9,72.5110425569696,72.5110425569696,"Smooth","Avg. Reward Condition",40,"3",16,2,110,507,"Long",0.0618933897992738,0.601465369128769,NA,0.312715690403953,"localGP"
"15701",64,15,10,8,76.157753608192,76.157753608192,"Smooth","Avg. Reward Condition",40,"3",16,1,99,507,"Long",0.0618933897992738,0.601465369128769,NA,0.312715690403953,"localGP"
"15702",64,16,10,7,85.439763813076,85.439763813076,"Smooth","Avg. Reward Condition",40,"3",16,7,88,507,"Long",0.0618933897992738,0.601465369128769,NA,0.312715690403953,"localGP"
"15703",64,17,10,6,87.869042125599,87.869042125599,"Smooth","Avg. Reward Condition",40,"3",16,1,77,507,"Long",0.0618933897992738,0.601465369128769,NA,0.312715690403953,"localGP"
"15704",64,18,10,6,87.869042125599,87.869042125599,"Smooth","Avg. Reward Condition",40,"3",16,4,77,507,"Long",0.0618933897992738,0.601465369128769,NA,0.312715690403953,"localGP"
"15705",64,19,10,5,61.4885690232436,87.869042125599,"Smooth","Avg. Reward Condition",40,"3",16,1,66,507,"Long",0.0618933897992738,0.601465369128769,NA,0.312715690403953,"localGP"
"15706",64,20,10,4,47.4832881916052,87.869042125599,"Smooth","Avg. Reward Condition",40,"3",16,1,55,507,"Long",0.0618933897992738,0.601465369128769,NA,0.312715690403953,"localGP"
"15707",64,21,10,3,46.319630109496,87.869042125599,"Smooth","Avg. Reward Condition",40,"3",16,1,44,507,"Long",0.0618933897992738,0.601465369128769,NA,0.312715690403953,"localGP"
"15708",64,22,5,4,27.745691269728,87.869042125599,"Smooth","Avg. Reward Condition",40,"3",16,1,50,507,"Long",0.0618933897992738,0.601465369128769,NA,0.312715690403953,"localGP"
"15709",64,23,6,4,32.9227848500965,87.869042125599,"Smooth","Avg. Reward Condition",40,"3",16,1,51,507,"Long",0.0618933897992738,0.601465369128769,NA,0.312715690403953,"localGP"
"15710",64,24,7,3,32.8647798695032,87.869042125599,"Smooth","Avg. Reward Condition",40,"3",16,1,41,507,"Long",0.0618933897992738,0.601465369128769,NA,0.312715690403953,"localGP"
"15711",64,25,1,2,17.0104767919916,87.869042125599,"Smooth","Avg. Reward Condition",40,"3",16,1,24,507,"Long",0.0618933897992738,0.601465369128769,NA,0.312715690403953,"localGP"
"15712",64,26,0,3,30.8986299879706,87.869042125599,"Smooth","Avg. Reward Condition",40,"3",16,1,34,507,"Long",0.0618933897992738,0.601465369128769,NA,0.312715690403953,"localGP"
"15713",64,27,1,4,16.6041970073858,87.869042125599,"Smooth","Avg. Reward Condition",40,"3",16,1,46,507,"Long",0.0618933897992738,0.601465369128769,NA,0.312715690403953,"localGP"
"15714",64,28,0,5,14.7037346704813,87.869042125599,"Smooth","Avg. Reward Condition",40,"3",16,1,56,507,"Long",0.0618933897992738,0.601465369128769,NA,0.312715690403953,"localGP"
"15715",64,29,2,0,58.0037440903614,87.869042125599,"Smooth","Avg. Reward Condition",40,"3",16,2,3,507,"Long",0.0618933897992738,0.601465369128769,NA,0.312715690403953,"localGP"
"15716",64,30,3,0,1.25418482696895,87.869042125599,"Smooth","Avg. Reward Condition",40,"3",16,1,4,507,"Long",0.0618933897992738,0.601465369128769,NA,0.312715690403953,"localGP"
"15717",64,31,9,0,28.4138633075893,87.869042125599,"Smooth","Avg. Reward Condition",40,"3",16,2,10,507,"Long",0.0618933897992738,0.601465369128769,NA,0.312715690403953,"localGP"
"15718",64,32,10,0,30.3219618945097,87.869042125599,"Smooth","Avg. Reward Condition",40,"3",16,1,11,507,"Long",0.0618933897992738,0.601465369128769,NA,0.312715690403953,"localGP"
"15719",64,33,1,5,4.1424885441266,87.869042125599,"Smooth","Avg. Reward Condition",40,"3",16,1,57,507,"Long",0.0618933897992738,0.601465369128769,NA,0.312715690403953,"localGP"
"15720",64,34,0,4,9.44675850929692,87.869042125599,"Smooth","Avg. Reward Condition",40,"3",16,1,45,507,"Long",0.0618933897992738,0.601465369128769,NA,0.312715690403953,"localGP"
"15721",64,35,4,5,56.5702647427263,87.869042125599,"Smooth","Avg. Reward Condition",40,"3",16,2,60,507,"Long",0.0618933897992738,0.601465369128769,NA,0.312715690403953,"localGP"
"15722",64,36,5,9,27.8877377842442,87.869042125599,"Smooth","Avg. Reward Condition",40,"3",16,1,105,507,"Long",0.0618933897992738,0.601465369128769,NA,0.312715690403953,"localGP"
"15723",64,37,6,7,11.109165355926,87.869042125599,"Smooth","Avg. Reward Condition",40,"3",16,1,84,507,"Long",0.0618933897992738,0.601465369128769,NA,0.312715690403953,"localGP"
"15724",64,38,7,7,17.2801623922948,87.869042125599,"Smooth","Avg. Reward Condition",40,"3",16,1,85,507,"Long",0.0618933897992738,0.601465369128769,NA,0.312715690403953,"localGP"
"15725",64,39,8,1,52.8904958122933,87.869042125599,"Smooth","Avg. Reward Condition",40,"3",16,1,20,507,"Long",0.0618933897992738,0.601465369128769,NA,0.312715690403953,"localGP"
"15726",64,40,7,0,35.3153428371359,87.869042125599,"Smooth","Avg. Reward Condition",40,"3",16,1,8,507,"Long",0.0618933897992738,0.601465369128769,NA,0.312715690403953,"localGP"
"15727",64,41,8,9,55.0798412458746,87.869042125599,"Smooth","Avg. Reward Condition",40,"3",16,1,108,507,"Long",0.0618933897992738,0.601465369128769,NA,0.312715690403953,"localGP"
"15728",64,1,2,3,47.5308435127139,47.5308435127139,"Smooth","Avg. Reward Condition",20,"4",15,NA,36,508,"Short",0.0661023162147032,1.32764967499586,NA,0.280936844680054,"localGP"
"15729",64,2,4,10,83.5723455325822,83.5723455325822,"Smooth","Avg. Reward Condition",20,"4",15,3,115,508,"Short",0.0661023162147032,1.32764967499586,NA,0.280936844680054,"localGP"
"15730",64,3,5,10,83.4515170389364,83.5723455325822,"Smooth","Avg. Reward Condition",20,"4",15,2,116,508,"Short",0.0661023162147032,1.32764967499586,NA,0.280936844680054,"localGP"
"15731",64,4,5,8,12.3881850292677,83.5723455325822,"Smooth","Avg. Reward Condition",20,"4",15,1,94,508,"Short",0.0661023162147032,1.32764967499586,NA,0.280936844680054,"localGP"
"15732",64,5,2,5,87.9015805668821,87.9015805668821,"Smooth","Avg. Reward Condition",20,"4",15,1,58,508,"Short",0.0661023162147032,1.32764967499586,NA,0.280936844680054,"localGP"
"15733",64,6,3,5,91.5692138938096,91.5692138938096,"Smooth","Avg. Reward Condition",20,"4",15,2,59,508,"Short",0.0661023162147032,1.32764967499586,NA,0.280936844680054,"localGP"
"15734",64,7,4,5,83.3494721532076,91.5692138938096,"Smooth","Avg. Reward Condition",20,"4",15,1,60,508,"Short",0.0661023162147032,1.32764967499586,NA,0.280936844680054,"localGP"
"15735",64,8,4,3,81.4050752772215,91.5692138938096,"Smooth","Avg. Reward Condition",20,"4",15,1,38,508,"Short",0.0661023162147032,1.32764967499586,NA,0.280936844680054,"localGP"
"15736",64,9,4,3,81.4050752772215,91.5692138938096,"Smooth","Avg. Reward Condition",20,"4",15,1,38,508,"Short",0.0661023162147032,1.32764967499586,NA,0.280936844680054,"localGP"
"15737",64,10,4,4,91.6833131282772,91.6833131282772,"Smooth","Avg. Reward Condition",20,"4",15,3,49,508,"Short",0.0661023162147032,1.32764967499586,NA,0.280936844680054,"localGP"
"15738",64,11,4,5,83.3494721532076,91.6833131282772,"Smooth","Avg. Reward Condition",20,"4",15,1,60,508,"Short",0.0661023162147032,1.32764967499586,NA,0.280936844680054,"localGP"
"15739",64,12,4,4,91.6833131282772,91.6833131282772,"Smooth","Avg. Reward Condition",20,"4",15,0,49,508,"Short",0.0661023162147032,1.32764967499586,NA,0.280936844680054,"localGP"
"15740",64,13,4,5,83.3494721532076,91.6833131282772,"Smooth","Avg. Reward Condition",20,"4",15,4,60,508,"Short",0.0661023162147032,1.32764967499586,NA,0.280936844680054,"localGP"
"15741",64,14,3,5,91.5692138938096,91.6833131282772,"Smooth","Avg. Reward Condition",20,"4",15,0,59,508,"Short",0.0661023162147032,1.32764967499586,NA,0.280936844680054,"localGP"
"15742",64,15,3,5,91.5692138938096,91.6833131282772,"Smooth","Avg. Reward Condition",20,"4",15,0,59,508,"Short",0.0661023162147032,1.32764967499586,NA,0.280936844680054,"localGP"
"15743",64,16,3,5,91.5692138938096,91.6833131282772,"Smooth","Avg. Reward Condition",20,"4",15,1,59,508,"Short",0.0661023162147032,1.32764967499586,NA,0.280936844680054,"localGP"
"15744",64,17,3,4,73.9807102150318,91.6833131282772,"Smooth","Avg. Reward Condition",20,"4",15,1,48,508,"Short",0.0661023162147032,1.32764967499586,NA,0.280936844680054,"localGP"
"15745",64,18,4,4,91.6833131282772,91.6833131282772,"Smooth","Avg. Reward Condition",20,"4",15,1,49,508,"Short",0.0661023162147032,1.32764967499586,NA,0.280936844680054,"localGP"
"15746",64,19,4,3,81.4050752772215,91.6833131282772,"Smooth","Avg. Reward Condition",20,"4",15,1,38,508,"Short",0.0661023162147032,1.32764967499586,NA,0.280936844680054,"localGP"
"15747",64,20,5,3,74.9439554440197,91.6833131282772,"Smooth","Avg. Reward Condition",20,"4",15,1,39,508,"Short",0.0661023162147032,1.32764967499586,NA,0.280936844680054,"localGP"
"15748",64,21,5,4,66.0342467267579,91.6833131282772,"Smooth","Avg. Reward Condition",20,"4",15,1,50,508,"Short",0.0661023162147032,1.32764967499586,NA,0.280936844680054,"localGP"
"15749",64,1,9,5,12.8213865416785,12.8213865416785,"Smooth","Avg. Reward Condition",40,"5",5,NA,65,509,"Long",0.0662408978815242,0.721348662496731,NA,0.279230046649443,"localGP"
"15750",64,2,7,6,95.8234728185907,95.8234728185907,"Smooth","Avg. Reward Condition",40,"5",5,1,74,509,"Long",0.0662408978815242,0.721348662496731,NA,0.279230046649443,"localGP"
"15751",64,3,7,6,95.8234728185907,95.8234728185907,"Smooth","Avg. Reward Condition",40,"5",5,2,74,509,"Long",0.0662408978815242,0.721348662496731,NA,0.279230046649443,"localGP"
"15752",64,4,7,5,32.4689598978585,95.8234728185907,"Smooth","Avg. Reward Condition",40,"5",5,1,63,509,"Long",0.0662408978815242,0.721348662496731,NA,0.279230046649443,"localGP"
"15753",64,5,7,6,95.8234728185907,95.8234728185907,"Smooth","Avg. Reward Condition",40,"5",5,1,74,509,"Long",0.0662408978815242,0.721348662496731,NA,0.279230046649443,"localGP"
"15754",64,6,7,7,68.4962011684434,95.8234728185907,"Smooth","Avg. Reward Condition",40,"5",5,1,85,509,"Long",0.0662408978815242,0.721348662496731,NA,0.279230046649443,"localGP"
"15755",64,7,7,6,95.8234728185907,95.8234728185907,"Smooth","Avg. Reward Condition",40,"5",5,1,74,509,"Long",0.0662408978815242,0.721348662496731,NA,0.279230046649443,"localGP"
"15756",64,8,7,6,95.8234728185907,95.8234728185907,"Smooth","Avg. Reward Condition",40,"5",5,2,74,509,"Long",0.0662408978815242,0.721348662496731,NA,0.279230046649443,"localGP"
"15757",64,9,3,1,36.8335295517252,95.8234728185907,"Smooth","Avg. Reward Condition",40,"5",5,2,15,509,"Long",0.0662408978815242,0.721348662496731,NA,0.279230046649443,"localGP"
"15758",64,10,2,1,65.1261244784447,95.8234728185907,"Smooth","Avg. Reward Condition",40,"5",5,1,14,509,"Long",0.0662408978815242,0.721348662496731,NA,0.279230046649443,"localGP"
"15759",64,11,5,7,50.9750480071235,95.8234728185907,"Smooth","Avg. Reward Condition",40,"5",5,1,83,509,"Long",0.0662408978815242,0.721348662496731,NA,0.279230046649443,"localGP"
"15760",64,12,3,7,57.0516260288864,95.8234728185907,"Smooth","Avg. Reward Condition",40,"5",5,1,81,509,"Long",0.0662408978815242,0.721348662496731,NA,0.279230046649443,"localGP"
"15761",64,13,2,7,63.0009414809194,95.8234728185907,"Smooth","Avg. Reward Condition",40,"5",5,1,80,509,"Long",0.0662408978815242,0.721348662496731,NA,0.279230046649443,"localGP"
"15762",64,14,3,7,57.0516260288864,95.8234728185907,"Smooth","Avg. Reward Condition",40,"5",5,1,81,509,"Long",0.0662408978815242,0.721348662496731,NA,0.279230046649443,"localGP"
"15763",64,15,10,5,64.2061057653187,95.8234728185907,"Smooth","Avg. Reward Condition",40,"5",5,1,66,509,"Long",0.0662408978815242,0.721348662496731,NA,0.279230046649443,"localGP"
"15764",64,16,2,5,55.6706913285101,95.8234728185907,"Smooth","Avg. Reward Condition",40,"5",5,1,58,509,"Long",0.0662408978815242,0.721348662496731,NA,0.279230046649443,"localGP"
"15765",64,17,3,5,31.9706635707149,95.8234728185907,"Smooth","Avg. Reward Condition",40,"5",5,1,59,509,"Long",0.0662408978815242,0.721348662496731,NA,0.279230046649443,"localGP"
"15766",64,18,1,1,76.3592435056854,95.8234728185907,"Smooth","Avg. Reward Condition",40,"5",5,1,13,509,"Long",0.0662408978815242,0.721348662496731,NA,0.279230046649443,"localGP"
"15767",64,19,1,0,96.5592273768924,96.5592273768924,"Smooth","Avg. Reward Condition",40,"5",5,1,2,509,"Long",0.0662408978815242,0.721348662496731,NA,0.279230046649443,"localGP"
"15768",64,20,0,0,76.5662850402658,96.5592273768924,"Smooth","Avg. Reward Condition",40,"5",5,1,1,509,"Long",0.0662408978815242,0.721348662496731,NA,0.279230046649443,"localGP"
"15769",64,21,1,0,96.5592273768924,96.5592273768924,"Smooth","Avg. Reward Condition",40,"5",5,1,2,509,"Long",0.0662408978815242,0.721348662496731,NA,0.279230046649443,"localGP"
"15770",64,22,2,0,77.0544773481124,96.5592273768924,"Smooth","Avg. Reward Condition",40,"5",5,1,3,509,"Long",0.0662408978815242,0.721348662496731,NA,0.279230046649443,"localGP"
"15771",64,23,1,0,96.5592273768924,96.5592273768924,"Smooth","Avg. Reward Condition",40,"5",5,1,2,509,"Long",0.0662408978815242,0.721348662496731,NA,0.279230046649443,"localGP"
"15772",64,24,1,0,96.5592273768924,96.5592273768924,"Smooth","Avg. Reward Condition",40,"5",5,1,2,509,"Long",0.0662408978815242,0.721348662496731,NA,0.279230046649443,"localGP"
"15773",64,25,1,0,96.5592273768924,96.5592273768924,"Smooth","Avg. Reward Condition",40,"5",5,1,2,509,"Long",0.0662408978815242,0.721348662496731,NA,0.279230046649443,"localGP"
"15774",64,26,1,0,96.5592273768924,96.5592273768924,"Smooth","Avg. Reward Condition",40,"5",5,0,2,509,"Long",0.0662408978815242,0.721348662496731,NA,0.279230046649443,"localGP"
"15775",64,27,1,0,96.5592273768924,96.5592273768924,"Smooth","Avg. Reward Condition",40,"5",5,0,2,509,"Long",0.0662408978815242,0.721348662496731,NA,0.279230046649443,"localGP"
"15776",64,28,1,0,96.5592273768924,96.5592273768924,"Smooth","Avg. Reward Condition",40,"5",5,1,2,509,"Long",0.0662408978815242,0.721348662496731,NA,0.279230046649443,"localGP"
"15777",64,29,1,0,96.5592273768924,96.5592273768924,"Smooth","Avg. Reward Condition",40,"5",5,1,2,509,"Long",0.0662408978815242,0.721348662496731,NA,0.279230046649443,"localGP"
"15778",64,30,1,0,96.5592273768924,96.5592273768924,"Smooth","Avg. Reward Condition",40,"5",5,1,2,509,"Long",0.0662408978815242,0.721348662496731,NA,0.279230046649443,"localGP"
"15779",64,31,1,0,96.5592273768924,96.5592273768924,"Smooth","Avg. Reward Condition",40,"5",5,1,2,509,"Long",0.0662408978815242,0.721348662496731,NA,0.279230046649443,"localGP"
"15780",64,32,1,0,96.5592273768924,96.5592273768924,"Smooth","Avg. Reward Condition",40,"5",5,1,2,509,"Long",0.0662408978815242,0.721348662496731,NA,0.279230046649443,"localGP"
"15781",64,33,1,0,96.5592273768924,96.5592273768924,"Smooth","Avg. Reward Condition",40,"5",5,1,2,509,"Long",0.0662408978815242,0.721348662496731,NA,0.279230046649443,"localGP"
"15782",64,34,1,0,96.5592273768924,96.5592273768924,"Smooth","Avg. Reward Condition",40,"5",5,0,2,509,"Long",0.0662408978815242,0.721348662496731,NA,0.279230046649443,"localGP"
"15783",64,35,1,0,96.5592273768924,96.5592273768924,"Smooth","Avg. Reward Condition",40,"5",5,0,2,509,"Long",0.0662408978815242,0.721348662496731,NA,0.279230046649443,"localGP"
"15784",64,36,1,0,96.5592273768924,96.5592273768924,"Smooth","Avg. Reward Condition",40,"5",5,1,2,509,"Long",0.0662408978815242,0.721348662496731,NA,0.279230046649443,"localGP"
"15785",64,37,1,0,96.5592273768924,96.5592273768924,"Smooth","Avg. Reward Condition",40,"5",5,1,2,509,"Long",0.0662408978815242,0.721348662496731,NA,0.279230046649443,"localGP"
"15786",64,38,1,0,96.5592273768924,96.5592273768924,"Smooth","Avg. Reward Condition",40,"5",5,0,2,509,"Long",0.0662408978815242,0.721348662496731,NA,0.279230046649443,"localGP"
"15787",64,39,2,6,69.3656436525534,96.5592273768924,"Smooth","Avg. Reward Condition",40,"5",5,1,69,509,"Long",0.0662408978815242,0.721348662496731,NA,0.279230046649443,"localGP"
"15788",64,40,1,6,35.5836136671524,96.5592273768924,"Smooth","Avg. Reward Condition",40,"5",5,0,68,509,"Long",0.0662408978815242,0.721348662496731,NA,0.279230046649443,"localGP"
"15789",64,41,2,7,63.0009414809194,96.5592273768924,"Smooth","Avg. Reward Condition",40,"5",5,0,80,509,"Long",0.0662408978815242,0.721348662496731,NA,0.279230046649443,"localGP"
"15790",64,1,4,5,26.1313491177931,26.1313491177931,"Smooth","Avg. Reward Condition",20,"6",10,NA,60,510,"Short",0.0571968221279474,1.20925738093926,NA,0.275627487854449,"localGP"
"15791",64,2,4,7,40.2484782792363,40.2484782792363,"Smooth","Avg. Reward Condition",20,"6",10,1,82,510,"Short",0.0571968221279474,1.20925738093926,NA,0.275627487854449,"localGP"
"15792",64,3,9,2,45.2192972308501,45.2192972308501,"Smooth","Avg. Reward Condition",20,"6",10,2,32,510,"Short",0.0571968221279474,1.20925738093926,NA,0.275627487854449,"localGP"
"15793",64,4,0,3,50.2820074971904,50.2820074971904,"Smooth","Avg. Reward Condition",20,"6",10,1,34,510,"Short",0.0571968221279474,1.20925738093926,NA,0.275627487854449,"localGP"
"15794",64,5,0,2,68.7680082177569,68.7680082177569,"Smooth","Avg. Reward Condition",20,"6",10,2,23,510,"Short",0.0571968221279474,1.20925738093926,NA,0.275627487854449,"localGP"
"15795",64,6,2,6,66.3176566242465,68.7680082177569,"Smooth","Avg. Reward Condition",20,"6",10,2,69,510,"Short",0.0571968221279474,1.20925738093926,NA,0.275627487854449,"localGP"
"15796",64,7,4,1,57.1643827547163,68.7680082177569,"Smooth","Avg. Reward Condition",20,"6",10,1,16,510,"Short",0.0571968221279474,1.20925738093926,NA,0.275627487854449,"localGP"
"15797",64,8,5,1,61.2403460186364,68.7680082177569,"Smooth","Avg. Reward Condition",20,"6",10,2,17,510,"Short",0.0571968221279474,1.20925738093926,NA,0.275627487854449,"localGP"
"15798",64,9,8,7,36.5898536730988,68.7680082177569,"Smooth","Avg. Reward Condition",20,"6",10,4,86,510,"Short",0.0571968221279474,1.20925738093926,NA,0.275627487854449,"localGP"
"15799",64,10,10,6,47.8273989223107,68.7680082177569,"Smooth","Avg. Reward Condition",20,"6",10,3,77,510,"Short",0.0571968221279474,1.20925738093926,NA,0.275627487854449,"localGP"
"15800",64,11,3,10,16.8706552626844,68.7680082177569,"Smooth","Avg. Reward Condition",20,"6",10,0,114,510,"Short",0.0571968221279474,1.20925738093926,NA,0.275627487854449,"localGP"
"15801",64,12,7,2,56.4176187347025,68.7680082177569,"Smooth","Avg. Reward Condition",20,"6",10,0,30,510,"Short",0.0571968221279474,1.20925738093926,NA,0.275627487854449,"localGP"
"15802",64,13,3,5,55.1289621064368,68.7680082177569,"Smooth","Avg. Reward Condition",20,"6",10,0,59,510,"Short",0.0571968221279474,1.20925738093926,NA,0.275627487854449,"localGP"
"15803",64,14,6,2,77.623663955121,77.623663955121,"Smooth","Avg. Reward Condition",20,"6",10,0,29,510,"Short",0.0571968221279474,1.20925738093926,NA,0.275627487854449,"localGP"
"15804",64,15,7,0,65.3233265309543,77.623663955121,"Smooth","Avg. Reward Condition",20,"6",10,1,8,510,"Short",0.0571968221279474,1.20925738093926,NA,0.275627487854449,"localGP"
"15805",64,16,1,0,22.8566856126171,77.623663955121,"Smooth","Avg. Reward Condition",20,"6",10,1,2,510,"Short",0.0571968221279474,1.20925738093926,NA,0.275627487854449,"localGP"
"15806",64,17,10,9,28.3067992353855,77.623663955121,"Smooth","Avg. Reward Condition",20,"6",10,0,110,510,"Short",0.0571968221279474,1.20925738093926,NA,0.275627487854449,"localGP"
"15807",64,18,4,1,57.1643827547163,77.623663955121,"Smooth","Avg. Reward Condition",20,"6",10,0,16,510,"Short",0.0571968221279474,1.20925738093926,NA,0.275627487854449,"localGP"
"15808",64,19,4,2,49.5824885929655,77.623663955121,"Smooth","Avg. Reward Condition",20,"6",10,0,27,510,"Short",0.0571968221279474,1.20925738093926,NA,0.275627487854449,"localGP"
"15809",64,20,2,0,38.9511021226629,77.623663955121,"Smooth","Avg. Reward Condition",20,"6",10,0,3,510,"Short",0.0571968221279474,1.20925738093926,NA,0.275627487854449,"localGP"
"15810",64,21,3,0,32.200389023984,77.623663955121,"Smooth","Avg. Reward Condition",20,"6",10,0,4,510,"Short",0.0571968221279474,1.20925738093926,NA,0.275627487854449,"localGP"
"15811",64,1,4,7,65.5617086800568,65.5617086800568,"Smooth","Avg. Reward Condition",40,"7",11,NA,82,511,"Long",0.0668510313359571,0.622578284230726,NA,0.30652026526527,"localGP"
"15812",64,2,0,5,32.447397425839,65.5617086800568,"Smooth","Avg. Reward Condition",40,"7",11,4,56,511,"Long",0.0668510313359571,0.622578284230726,NA,0.30652026526527,"localGP"
"15813",64,3,5,9,67.3684283417963,67.3684283417963,"Smooth","Avg. Reward Condition",40,"7",11,2,105,511,"Long",0.0668510313359571,0.622578284230726,NA,0.30652026526527,"localGP"
"15814",64,4,5,8,54.8387102771574,67.3684283417963,"Smooth","Avg. Reward Condition",40,"7",11,1,94,511,"Long",0.0668510313359571,0.622578284230726,NA,0.30652026526527,"localGP"
"15815",64,5,5,7,51.7565921683248,67.3684283417963,"Smooth","Avg. Reward Condition",40,"7",11,2,83,511,"Long",0.0668510313359571,0.622578284230726,NA,0.30652026526527,"localGP"
"15816",64,6,5,6,49.4392607625957,67.3684283417963,"Smooth","Avg. Reward Condition",40,"7",11,1,72,511,"Long",0.0668510313359571,0.622578284230726,NA,0.30652026526527,"localGP"
"15817",64,7,2,3,41.0550340200253,67.3684283417963,"Smooth","Avg. Reward Condition",40,"7",11,2,36,511,"Long",0.0668510313359571,0.622578284230726,NA,0.30652026526527,"localGP"
"15818",64,8,1,2,66.3313254646448,67.3684283417963,"Smooth","Avg. Reward Condition",40,"7",11,1,24,511,"Long",0.0668510313359571,0.622578284230726,NA,0.30652026526527,"localGP"
"15819",64,9,4,9,78.163385341713,78.163385341713,"Smooth","Avg. Reward Condition",40,"7",11,1,104,511,"Long",0.0668510313359571,0.622578284230726,NA,0.30652026526527,"localGP"
"15820",64,10,2,7,55.5981513858235,78.163385341713,"Smooth","Avg. Reward Condition",40,"7",11,1,80,511,"Long",0.0668510313359571,0.622578284230726,NA,0.30652026526527,"localGP"
"15821",64,11,9,5,4.84185863158433,78.163385341713,"Smooth","Avg. Reward Condition",40,"7",11,0,65,511,"Long",0.0668510313359571,0.622578284230726,NA,0.30652026526527,"localGP"
"15822",64,12,4,4,12.8086319556226,78.163385341713,"Smooth","Avg. Reward Condition",40,"7",11,0,49,511,"Long",0.0668510313359571,0.622578284230726,NA,0.30652026526527,"localGP"
"15823",64,13,2,6,16.8739975298769,78.163385341713,"Smooth","Avg. Reward Condition",40,"7",11,0,69,511,"Long",0.0668510313359571,0.622578284230726,NA,0.30652026526527,"localGP"
"15824",64,14,0,6,64.4347453431336,78.163385341713,"Smooth","Avg. Reward Condition",40,"7",11,0,67,511,"Long",0.0668510313359571,0.622578284230726,NA,0.30652026526527,"localGP"
"15825",64,15,0,7,87.1881878039336,87.1881878039336,"Smooth","Avg. Reward Condition",40,"7",11,0,78,511,"Long",0.0668510313359571,0.622578284230726,NA,0.30652026526527,"localGP"
"15826",64,16,1,7,66.3320145159087,87.1881878039336,"Smooth","Avg. Reward Condition",40,"7",11,0,79,511,"Long",0.0668510313359571,0.622578284230726,NA,0.30652026526527,"localGP"
"15827",64,17,1,8,56.1053689232527,87.1881878039336,"Smooth","Avg. Reward Condition",40,"7",11,0,90,511,"Long",0.0668510313359571,0.622578284230726,NA,0.30652026526527,"localGP"
"15828",64,18,7,9,39.2512889710385,87.1881878039336,"Smooth","Avg. Reward Condition",40,"7",11,0,107,511,"Long",0.0668510313359571,0.622578284230726,NA,0.30652026526527,"localGP"
"15829",64,19,6,4,60.614772799294,87.1881878039336,"Smooth","Avg. Reward Condition",40,"7",11,0,51,511,"Long",0.0668510313359571,0.622578284230726,NA,0.30652026526527,"localGP"
"15830",64,20,6,5,71.4465704662512,87.1881878039336,"Smooth","Avg. Reward Condition",40,"7",11,0,62,511,"Long",0.0668510313359571,0.622578284230726,NA,0.30652026526527,"localGP"
"15831",64,21,9,3,44.6212995024142,87.1881878039336,"Smooth","Avg. Reward Condition",40,"7",11,0,43,511,"Long",0.0668510313359571,0.622578284230726,NA,0.30652026526527,"localGP"
"15832",64,22,10,3,16.8579870376679,87.1881878039336,"Smooth","Avg. Reward Condition",40,"7",11,0,44,511,"Long",0.0668510313359571,0.622578284230726,NA,0.30652026526527,"localGP"
"15833",64,23,10,5,24.0277528362219,87.1881878039336,"Smooth","Avg. Reward Condition",40,"7",11,0,66,511,"Long",0.0668510313359571,0.622578284230726,NA,0.30652026526527,"localGP"
"15834",64,24,0,1,42.1655197788006,87.1881878039336,"Smooth","Avg. Reward Condition",40,"7",11,0,12,511,"Long",0.0668510313359571,0.622578284230726,NA,0.30652026526527,"localGP"
"15835",64,25,0,2,46.5877000271828,87.1881878039336,"Smooth","Avg. Reward Condition",40,"7",11,0,23,511,"Long",0.0668510313359571,0.622578284230726,NA,0.30652026526527,"localGP"
"15836",64,26,9,1,20.8343699641272,87.1881878039336,"Smooth","Avg. Reward Condition",40,"7",11,0,21,511,"Long",0.0668510313359571,0.622578284230726,NA,0.30652026526527,"localGP"
"15837",64,27,9,7,46.7520963310915,87.1881878039336,"Smooth","Avg. Reward Condition",40,"7",11,0,87,511,"Long",0.0668510313359571,0.622578284230726,NA,0.30652026526527,"localGP"
"15838",64,28,9,8,43.5318799562685,87.1881878039336,"Smooth","Avg. Reward Condition",40,"7",11,0,98,511,"Long",0.0668510313359571,0.622578284230726,NA,0.30652026526527,"localGP"
"15839",64,29,4,10,100,100,"Smooth","Avg. Reward Condition",40,"7",11,0,115,511,"Long",0.0668510313359571,0.622578284230726,NA,0.30652026526527,"localGP"
"15840",64,30,4,10,100,100,"Smooth","Avg. Reward Condition",40,"7",11,0,115,511,"Long",0.0668510313359571,0.622578284230726,NA,0.30652026526527,"localGP"
"15841",64,31,4,10,100,100,"Smooth","Avg. Reward Condition",40,"7",11,0,115,511,"Long",0.0668510313359571,0.622578284230726,NA,0.30652026526527,"localGP"
"15842",64,32,4,10,100,100,"Smooth","Avg. Reward Condition",40,"7",11,0,115,511,"Long",0.0668510313359571,0.622578284230726,NA,0.30652026526527,"localGP"
"15843",64,33,4,10,100,100,"Smooth","Avg. Reward Condition",40,"7",11,0,115,511,"Long",0.0668510313359571,0.622578284230726,NA,0.30652026526527,"localGP"
"15844",64,34,4,10,100,100,"Smooth","Avg. Reward Condition",40,"7",11,0,115,511,"Long",0.0668510313359571,0.622578284230726,NA,0.30652026526527,"localGP"
"15845",64,35,4,10,100,100,"Smooth","Avg. Reward Condition",40,"7",11,0,115,511,"Long",0.0668510313359571,0.622578284230726,NA,0.30652026526527,"localGP"
"15846",64,36,4,10,100,100,"Smooth","Avg. Reward Condition",40,"7",11,0,115,511,"Long",0.0668510313359571,0.622578284230726,NA,0.30652026526527,"localGP"
"15847",64,37,4,10,100,100,"Smooth","Avg. Reward Condition",40,"7",11,0,115,511,"Long",0.0668510313359571,0.622578284230726,NA,0.30652026526527,"localGP"
"15848",64,38,5,10,87.2658829250153,100,"Smooth","Avg. Reward Condition",40,"7",11,0,116,511,"Long",0.0668510313359571,0.622578284230726,NA,0.30652026526527,"localGP"
"15849",64,39,4,10,100,100,"Smooth","Avg. Reward Condition",40,"7",11,0,115,511,"Long",0.0668510313359571,0.622578284230726,NA,0.30652026526527,"localGP"
"15850",64,40,4,10,100,100,"Smooth","Avg. Reward Condition",40,"7",11,0,115,511,"Long",0.0668510313359571,0.622578284230726,NA,0.30652026526527,"localGP"
"15851",64,41,4,10,100,100,"Smooth","Avg. Reward Condition",40,"7",11,0,115,511,"Long",0.0668510313359571,0.622578284230726,NA,0.30652026526527,"localGP"
"15852",64,1,6,0,42.2635733296854,42.2635733296854,"Smooth","Avg. Reward Condition",20,"8",13,NA,7,512,"Short",0.0626464852350114,1.07049715835447,NA,0.302074517979852,"localGP"
"15853",64,2,7,8,30.3880367689593,42.2635733296854,"Smooth","Avg. Reward Condition",20,"8",13,5,96,512,"Short",0.0626464852350114,1.07049715835447,NA,0.302074517979852,"localGP"
"15854",64,3,3,0,52.2562561155338,52.2562561155338,"Smooth","Avg. Reward Condition",20,"8",13,8,4,512,"Short",0.0626464852350114,1.07049715835447,NA,0.302074517979852,"localGP"
"15855",64,4,5,9,27.5584141998454,52.2562561155338,"Smooth","Avg. Reward Condition",20,"8",13,7,105,512,"Short",0.0626464852350114,1.07049715835447,NA,0.302074517979852,"localGP"
"15856",64,5,1,6,39.9812394486691,52.2562561155338,"Smooth","Avg. Reward Condition",20,"8",13,5,68,512,"Short",0.0626464852350114,1.07049715835447,NA,0.302074517979852,"localGP"
"15857",64,6,7,7,65.4024008297737,65.4024008297737,"Smooth","Avg. Reward Condition",20,"8",13,4,85,512,"Short",0.0626464852350114,1.07049715835447,NA,0.302074517979852,"localGP"
"15858",64,7,6,6,81.5801840646008,81.5801840646008,"Smooth","Avg. Reward Condition",20,"8",13,7,73,512,"Short",0.0626464852350114,1.07049715835447,NA,0.302074517979852,"localGP"
"15859",64,8,7,6,59.1670306987151,81.5801840646008,"Smooth","Avg. Reward Condition",20,"8",13,2,74,512,"Short",0.0626464852350114,1.07049715835447,NA,0.302074517979852,"localGP"
"15860",64,9,6,6,81.5801840646008,81.5801840646008,"Smooth","Avg. Reward Condition",20,"8",13,1,73,512,"Short",0.0626464852350114,1.07049715835447,NA,0.302074517979852,"localGP"
"15861",64,10,5,6,67.8000614723364,81.5801840646008,"Smooth","Avg. Reward Condition",20,"8",13,3,72,512,"Short",0.0626464852350114,1.07049715835447,NA,0.302074517979852,"localGP"
"15862",64,11,6,6,81.5801840646008,81.5801840646008,"Smooth","Avg. Reward Condition",20,"8",13,1,73,512,"Short",0.0626464852350114,1.07049715835447,NA,0.302074517979852,"localGP"
"15863",64,12,6,7,61.746746813945,81.5801840646008,"Smooth","Avg. Reward Condition",20,"8",13,2,84,512,"Short",0.0626464852350114,1.07049715835447,NA,0.302074517979852,"localGP"
"15864",64,13,2,4,86.7630388184153,86.7630388184153,"Smooth","Avg. Reward Condition",20,"8",13,3,47,512,"Short",0.0626464852350114,1.07049715835447,NA,0.302074517979852,"localGP"
"15865",64,14,1,4,57.8821067127826,86.7630388184153,"Smooth","Avg. Reward Condition",20,"8",13,1,46,512,"Short",0.0626464852350114,1.07049715835447,NA,0.302074517979852,"localGP"
"15866",64,15,3,4,69.0645761763699,86.7630388184153,"Smooth","Avg. Reward Condition",20,"8",13,0,48,512,"Short",0.0626464852350114,1.07049715835447,NA,0.302074517979852,"localGP"
"15867",64,16,2,4,86.7630388184153,86.7630388184153,"Smooth","Avg. Reward Condition",20,"8",13,0,47,512,"Short",0.0626464852350114,1.07049715835447,NA,0.302074517979852,"localGP"
"15868",64,17,2,3,88.3048631958372,88.3048631958372,"Smooth","Avg. Reward Condition",20,"8",13,0,36,512,"Short",0.0626464852350114,1.07049715835447,NA,0.302074517979852,"localGP"
"15869",64,18,0,0,69.6664055105251,88.3048631958372,"Smooth","Avg. Reward Condition",20,"8",13,0,1,512,"Short",0.0626464852350114,1.07049715835447,NA,0.302074517979852,"localGP"
"15870",64,19,0,2,22.53914607483,88.3048631958372,"Smooth","Avg. Reward Condition",20,"8",13,0,23,512,"Short",0.0626464852350114,1.07049715835447,NA,0.302074517979852,"localGP"
"15871",64,20,9,6,20.0963903815858,88.3048631958372,"Smooth","Avg. Reward Condition",20,"8",13,0,76,512,"Short",0.0626464852350114,1.07049715835447,NA,0.302074517979852,"localGP"
"15872",64,21,10,4,46.4286824642032,88.3048631958372,"Smooth","Avg. Reward Condition",20,"8",13,0,55,512,"Short",0.0626464852350114,1.07049715835447,NA,0.302074517979852,"localGP"
"15873",65,1,10,9,64.7402218310995,64.7402218310995,"Rough","Max. Reward Condition",20,"1",9,NA,110,513,"Short",0.0718550027593346,0.686066347812119,NA,0.352389223334039,"localGP"
"15874",65,2,9,9,56.1300557046755,64.7402218310995,"Rough","Max. Reward Condition",20,"1",9,1,109,513,"Short",0.0718550027593346,0.686066347812119,NA,0.352389223334039,"localGP"
"15875",65,3,10,9,64.7402218310995,64.7402218310995,"Rough","Max. Reward Condition",20,"1",9,1,110,513,"Short",0.0718550027593346,0.686066347812119,NA,0.352389223334039,"localGP"
"15876",65,4,10,8,84.8321481843009,84.8321481843009,"Rough","Max. Reward Condition",20,"1",9,4,99,513,"Short",0.0718550027593346,0.686066347812119,NA,0.352389223334039,"localGP"
"15877",65,5,10,8,84.8321481843009,84.8321481843009,"Rough","Max. Reward Condition",20,"1",9,1,99,513,"Short",0.0718550027593346,0.686066347812119,NA,0.352389223334039,"localGP"
"15878",65,6,10,7,64.0304826931053,84.8321481843009,"Rough","Max. Reward Condition",20,"1",9,3,88,513,"Short",0.0718550027593346,0.686066347812119,NA,0.352389223334039,"localGP"
"15879",65,7,10,8,84.8321481843009,84.8321481843009,"Rough","Max. Reward Condition",20,"1",9,1,99,513,"Short",0.0718550027593346,0.686066347812119,NA,0.352389223334039,"localGP"
"15880",65,8,9,8,100,100,"Rough","Max. Reward Condition",20,"1",9,1,98,513,"Short",0.0718550027593346,0.686066347812119,NA,0.352389223334039,"localGP"
"15881",65,9,9,7,82.8870600418845,100,"Rough","Max. Reward Condition",20,"1",9,2,87,513,"Short",0.0718550027593346,0.686066347812119,NA,0.352389223334039,"localGP"
"15882",65,10,8,7,42.1666103712664,100,"Rough","Max. Reward Condition",20,"1",9,2,86,513,"Short",0.0718550027593346,0.686066347812119,NA,0.352389223334039,"localGP"
"15883",65,11,8,8,67.1128582001085,100,"Rough","Max. Reward Condition",20,"1",9,5,97,513,"Short",0.0718550027593346,0.686066347812119,NA,0.352389223334039,"localGP"
"15884",65,12,5,8,61.7105758678251,100,"Rough","Max. Reward Condition",20,"1",9,3,94,513,"Short",0.0718550027593346,0.686066347812119,NA,0.352389223334039,"localGP"
"15885",65,13,6,8,47.3250412535165,100,"Rough","Max. Reward Condition",20,"1",9,7,95,513,"Short",0.0718550027593346,0.686066347812119,NA,0.352389223334039,"localGP"
"15886",65,14,9,8,100,100,"Rough","Max. Reward Condition",20,"1",9,13,98,513,"Short",0.0718550027593346,0.686066347812119,NA,0.352389223334039,"localGP"
"15887",65,15,9,10,28.2000882502669,100,"Rough","Max. Reward Condition",20,"1",9,0,120,513,"Short",0.0718550027593346,0.686066347812119,NA,0.352389223334039,"localGP"
"15888",65,16,5,2,51.6174788041229,100,"Rough","Max. Reward Condition",20,"1",9,2,28,513,"Short",0.0718550027593346,0.686066347812119,NA,0.352389223334039,"localGP"
"15889",65,17,5,4,31.7569987981429,100,"Rough","Max. Reward Condition",20,"1",9,1,50,513,"Short",0.0718550027593346,0.686066347812119,NA,0.352389223334039,"localGP"
"15890",65,18,5,3,31.7363408535339,100,"Rough","Max. Reward Condition",20,"1",9,3,39,513,"Short",0.0718550027593346,0.686066347812119,NA,0.352389223334039,"localGP"
"15891",65,19,4,3,30.449935821985,100,"Rough","Max. Reward Condition",20,"1",9,0,38,513,"Short",0.0718550027593346,0.686066347812119,NA,0.352389223334039,"localGP"
"15892",65,20,2,2,29.9562633330357,100,"Rough","Max. Reward Condition",20,"1",9,3,25,513,"Short",0.0718550027593346,0.686066347812119,NA,0.352389223334039,"localGP"
"15893",65,21,1,0,83.523634481826,100,"Rough","Max. Reward Condition",20,"1",9,1,2,513,"Short",0.0718550027593346,0.686066347812119,NA,0.352389223334039,"localGP"
"15894",65,1,0,1,65.8842210019146,65.8842210019146,"Rough","Max. Reward Condition",40,"2",3,NA,12,514,"Long",0.101661891932678,0.747032059814406,NA,0.536083497855708,"localGP"
"15895",65,2,0,0,44.0135944380154,65.8842210019146,"Rough","Max. Reward Condition",40,"2",3,1,1,514,"Long",0.101661891932678,0.747032059814406,NA,0.536083497855708,"localGP"
"15896",65,3,1,0,14.462063322547,65.8842210019146,"Rough","Max. Reward Condition",40,"2",3,4,2,514,"Long",0.101661891932678,0.747032059814406,NA,0.536083497855708,"localGP"
"15897",65,4,8,9,62.9374230938864,65.8842210019146,"Rough","Max. Reward Condition",40,"2",3,3,108,514,"Long",0.101661891932678,0.747032059814406,NA,0.536083497855708,"localGP"
"15898",65,5,6,10,74.9768973404555,74.9768973404555,"Rough","Max. Reward Condition",40,"2",3,9,117,514,"Long",0.101661891932678,0.747032059814406,NA,0.536083497855708,"localGP"
"15899",65,6,6,10,74.9768973404555,74.9768973404555,"Rough","Max. Reward Condition",40,"2",3,2,117,514,"Long",0.101661891932678,0.747032059814406,NA,0.536083497855708,"localGP"
"15900",65,7,7,10,69.9878976597928,74.9768973404555,"Rough","Max. Reward Condition",40,"2",3,1,118,514,"Long",0.101661891932678,0.747032059814406,NA,0.536083497855708,"localGP"
"15901",65,8,7,9,92.1104494537164,92.1104494537164,"Rough","Max. Reward Condition",40,"2",3,1,107,514,"Long",0.101661891932678,0.747032059814406,NA,0.536083497855708,"localGP"
"15902",65,9,6,9,72.1740224383506,92.1104494537164,"Rough","Max. Reward Condition",40,"2",3,5,106,514,"Long",0.101661891932678,0.747032059814406,NA,0.536083497855708,"localGP"
"15903",65,10,5,10,69.7494805541345,92.1104494537164,"Rough","Max. Reward Condition",40,"2",3,2,116,514,"Long",0.101661891932678,0.747032059814406,NA,0.536083497855708,"localGP"
"15904",65,11,0,0,44.0135944380154,92.1104494537164,"Rough","Max. Reward Condition",40,"2",3,1,1,514,"Long",0.101661891932678,0.747032059814406,NA,0.536083497855708,"localGP"
"15905",65,12,10,9,83.9309950136253,92.1104494537164,"Rough","Max. Reward Condition",40,"2",3,1,110,514,"Long",0.101661891932678,0.747032059814406,NA,0.536083497855708,"localGP"
"15906",65,13,10,8,89.8653397577546,92.1104494537164,"Rough","Max. Reward Condition",40,"2",3,5,99,514,"Long",0.101661891932678,0.747032059814406,NA,0.536083497855708,"localGP"
"15907",65,14,10,7,74.302046558664,92.1104494537164,"Rough","Max. Reward Condition",40,"2",3,1,88,514,"Long",0.101661891932678,0.747032059814406,NA,0.536083497855708,"localGP"
"15908",65,15,9,7,49.674641221052,92.1104494537164,"Rough","Max. Reward Condition",40,"2",3,1,87,514,"Long",0.101661891932678,0.747032059814406,NA,0.536083497855708,"localGP"
"15909",65,16,9,5,55.8126955341154,92.1104494537164,"Rough","Max. Reward Condition",40,"2",3,7,65,514,"Long",0.101661891932678,0.747032059814406,NA,0.536083497855708,"localGP"
"15910",65,17,9,4,46.930643246426,92.1104494537164,"Rough","Max. Reward Condition",40,"2",3,2,54,514,"Long",0.101661891932678,0.747032059814406,NA,0.536083497855708,"localGP"
"15911",65,18,5,2,41.5069107029267,92.1104494537164,"Rough","Max. Reward Condition",40,"2",3,5,28,514,"Long",0.101661891932678,0.747032059814406,NA,0.536083497855708,"localGP"
"15912",65,19,5,1,10.7719922717038,92.1104494537164,"Rough","Max. Reward Condition",40,"2",3,10,17,514,"Long",0.101661891932678,0.747032059814406,NA,0.536083497855708,"localGP"
"15913",65,20,8,10,41.0809609626061,92.1104494537164,"Rough","Max. Reward Condition",40,"2",3,2,119,514,"Long",0.101661891932678,0.747032059814406,NA,0.536083497855708,"localGP"
"15914",65,21,8,8,86.9112548531245,92.1104494537164,"Rough","Max. Reward Condition",40,"2",3,3,97,514,"Long",0.101661891932678,0.747032059814406,NA,0.536083497855708,"localGP"
"15915",65,22,7,8,100,100,"Rough","Max. Reward Condition",40,"2",3,2,96,514,"Long",0.101661891932678,0.747032059814406,NA,0.536083497855708,"localGP"
"15916",65,23,7,7,84.838078337325,100,"Rough","Max. Reward Condition",40,"2",3,2,85,514,"Long",0.101661891932678,0.747032059814406,NA,0.536083497855708,"localGP"
"15917",65,24,7,8,100,100,"Rough","Max. Reward Condition",40,"2",3,1,96,514,"Long",0.101661891932678,0.747032059814406,NA,0.536083497855708,"localGP"
"15918",65,25,8,8,86.9112548531245,100,"Rough","Max. Reward Condition",40,"2",3,4,97,514,"Long",0.101661891932678,0.747032059814406,NA,0.536083497855708,"localGP"
"15919",65,26,7,8,100,100,"Rough","Max. Reward Condition",40,"2",3,2,96,514,"Long",0.101661891932678,0.747032059814406,NA,0.536083497855708,"localGP"
"15920",65,27,7,7,84.838078337325,100,"Rough","Max. Reward Condition",40,"2",3,1,85,514,"Long",0.101661891932678,0.747032059814406,NA,0.536083497855708,"localGP"
"15921",65,28,8,7,70.5152140178525,100,"Rough","Max. Reward Condition",40,"2",3,2,86,514,"Long",0.101661891932678,0.747032059814406,NA,0.536083497855708,"localGP"
"15922",65,29,9,3,32.6557513762686,100,"Rough","Max. Reward Condition",40,"2",3,2,43,514,"Long",0.101661891932678,0.747032059814406,NA,0.536083497855708,"localGP"
"15923",65,30,9,2,37.0588416723866,100,"Rough","Max. Reward Condition",40,"2",3,3,32,514,"Long",0.101661891932678,0.747032059814406,NA,0.536083497855708,"localGP"
"15924",65,31,8,3,39.0577365841797,100,"Rough","Max. Reward Condition",40,"2",3,2,42,514,"Long",0.101661891932678,0.747032059814406,NA,0.536083497855708,"localGP"
"15925",65,32,7,3,65.2894287443007,100,"Rough","Max. Reward Condition",40,"2",3,1,41,514,"Long",0.101661891932678,0.747032059814406,NA,0.536083497855708,"localGP"
"15926",65,33,7,2,63.8501760294012,100,"Rough","Max. Reward Condition",40,"2",3,1,30,514,"Long",0.101661891932678,0.747032059814406,NA,0.536083497855708,"localGP"
"15927",65,34,7,1,45.1385973531357,100,"Rough","Max. Reward Condition",40,"2",3,2,19,514,"Long",0.101661891932678,0.747032059814406,NA,0.536083497855708,"localGP"
"15928",65,35,7,0,27.7354878985852,100,"Rough","Max. Reward Condition",40,"2",3,2,8,514,"Long",0.101661891932678,0.747032059814406,NA,0.536083497855708,"localGP"
"15929",65,36,0,0,44.0135944380154,100,"Rough","Max. Reward Condition",40,"2",3,3,1,514,"Long",0.101661891932678,0.747032059814406,NA,0.536083497855708,"localGP"
"15930",65,37,2,2,53.1533598477093,100,"Rough","Max. Reward Condition",40,"2",3,6,25,514,"Long",0.101661891932678,0.747032059814406,NA,0.536083497855708,"localGP"
"15931",65,38,1,2,73.9442731369025,100,"Rough","Max. Reward Condition",40,"2",3,2,24,514,"Long",0.101661891932678,0.747032059814406,NA,0.536083497855708,"localGP"
"15932",65,39,0,2,79.3285213093921,100,"Rough","Max. Reward Condition",40,"2",3,5,23,514,"Long",0.101661891932678,0.747032059814406,NA,0.536083497855708,"localGP"
"15933",65,40,0,3,46.9181544218078,100,"Rough","Max. Reward Condition",40,"2",3,1,34,514,"Long",0.101661891932678,0.747032059814406,NA,0.536083497855708,"localGP"
"15934",65,41,1,3,44.0291099812152,100,"Rough","Max. Reward Condition",40,"2",3,2,35,514,"Long",0.101661891932678,0.747032059814406,NA,0.536083497855708,"localGP"
"15935",65,1,0,4,39.3974743760866,39.3974743760866,"Rough","Max. Reward Condition",20,"3",11,NA,45,515,"Short",0.0874583499575635,0.744149374872209,NA,0.439264086521651,"localGP"
"15936",65,2,8,7,44.4895686177393,44.4895686177393,"Rough","Max. Reward Condition",20,"3",11,10,86,515,"Short",0.0874583499575635,0.744149374872209,NA,0.439264086521651,"localGP"
"15937",65,3,8,8,38.0062708258148,44.4895686177393,"Rough","Max. Reward Condition",20,"3",11,4,97,515,"Short",0.0874583499575635,0.744149374872209,NA,0.439264086521651,"localGP"
"15938",65,4,9,8,43.5318799562685,44.4895686177393,"Rough","Max. Reward Condition",20,"3",11,7,98,515,"Short",0.0874583499575635,0.744149374872209,NA,0.439264086521651,"localGP"
"15939",65,5,4,3,13.976974015902,44.4895686177393,"Rough","Max. Reward Condition",20,"3",11,4,38,515,"Short",0.0874583499575635,0.744149374872209,NA,0.439264086521651,"localGP"
"15940",65,6,1,10,22.1436361165022,44.4895686177393,"Rough","Max. Reward Condition",20,"3",11,6,112,515,"Short",0.0874583499575635,0.744149374872209,NA,0.439264086521651,"localGP"
"15941",65,7,2,4,24.879382735305,44.4895686177393,"Rough","Max. Reward Condition",20,"3",11,3,47,515,"Short",0.0874583499575635,0.744149374872209,NA,0.439264086521651,"localGP"
"15942",65,8,1,5,17.0308109764636,44.4895686177393,"Rough","Max. Reward Condition",20,"3",11,4,57,515,"Short",0.0874583499575635,0.744149374872209,NA,0.439264086521651,"localGP"
"15943",65,9,9,5,4.84185863158433,44.4895686177393,"Rough","Max. Reward Condition",20,"3",11,0,65,515,"Short",0.0874583499575635,0.744149374872209,NA,0.439264086521651,"localGP"
"15944",65,10,9,7,46.7520963310915,46.7520963310915,"Rough","Max. Reward Condition",20,"3",11,1,87,515,"Short",0.0874583499575635,0.744149374872209,NA,0.439264086521651,"localGP"
"15945",65,11,10,7,37.1719234376725,46.7520963310915,"Rough","Max. Reward Condition",20,"3",11,1,88,515,"Short",0.0874583499575635,0.744149374872209,NA,0.439264086521651,"localGP"
"15946",65,12,5,4,30.7989766906586,46.7520963310915,"Rough","Max. Reward Condition",20,"3",11,1,50,515,"Short",0.0874583499575635,0.744149374872209,NA,0.439264086521651,"localGP"
"15947",65,13,7,4,66.5199662009468,66.5199662009468,"Rough","Max. Reward Condition",20,"3",11,1,52,515,"Short",0.0874583499575635,0.744149374872209,NA,0.439264086521651,"localGP"
"15948",65,14,6,4,60.614772799294,66.5199662009468,"Rough","Max. Reward Condition",20,"3",11,4,51,515,"Short",0.0874583499575635,0.744149374872209,NA,0.439264086521651,"localGP"
"15949",65,15,6,5,71.4465704662512,71.4465704662512,"Rough","Max. Reward Condition",20,"3",11,1,62,515,"Short",0.0874583499575635,0.744149374872209,NA,0.439264086521651,"localGP"
"15950",65,16,8,3,49.8615329660386,71.4465704662512,"Rough","Max. Reward Condition",20,"3",11,2,42,515,"Short",0.0874583499575635,0.744149374872209,NA,0.439264086521651,"localGP"
"15951",65,17,8,2,27.9169058810438,71.4465704662512,"Rough","Max. Reward Condition",20,"3",11,1,31,515,"Short",0.0874583499575635,0.744149374872209,NA,0.439264086521651,"localGP"
"15952",65,18,10,2,3.70972504488681,71.4465704662512,"Rough","Max. Reward Condition",20,"3",11,3,33,515,"Short",0.0874583499575635,0.744149374872209,NA,0.439264086521651,"localGP"
"15953",65,19,10,0,23.8973959656056,71.4465704662512,"Rough","Max. Reward Condition",20,"3",11,1,11,515,"Short",0.0874583499575635,0.744149374872209,NA,0.439264086521651,"localGP"
"15954",65,20,2,4,24.879382735305,71.4465704662512,"Rough","Max. Reward Condition",20,"3",11,1,47,515,"Short",0.0874583499575635,0.744149374872209,NA,0.439264086521651,"localGP"
"15955",65,21,2,3,41.0550340200253,71.4465704662512,"Rough","Max. Reward Condition",20,"3",11,2,36,515,"Short",0.0874583499575635,0.744149374872209,NA,0.439264086521651,"localGP"
"15956",65,1,10,4,17.8264500337638,17.8264500337638,"Rough","Max. Reward Condition",40,"4",14,NA,55,516,"Long",0.110354356904632,0.726836276761278,NA,0.566084034917446,"localGP"
"15957",65,2,10,1,68.9533017628341,68.9533017628341,"Rough","Max. Reward Condition",40,"4",14,1,22,516,"Long",0.110354356904632,0.726836276761278,NA,0.566084034917446,"localGP"
"15958",65,3,10,2,34.4298886256847,68.9533017628341,"Rough","Max. Reward Condition",40,"4",14,4,33,516,"Long",0.110354356904632,0.726836276761278,NA,0.566084034917446,"localGP"
"15959",65,4,10,5,30.1430147577339,68.9533017628341,"Rough","Max. Reward Condition",40,"4",14,3,66,516,"Long",0.110354356904632,0.726836276761278,NA,0.566084034917446,"localGP"
"15960",65,5,5,7,59.9884412518984,68.9533017628341,"Rough","Max. Reward Condition",40,"4",14,1,83,516,"Long",0.110354356904632,0.726836276761278,NA,0.566084034917446,"localGP"
"15961",65,6,5,6,32.4190183733433,68.9533017628341,"Rough","Max. Reward Condition",40,"4",14,9,72,516,"Long",0.110354356904632,0.726836276761278,NA,0.566084034917446,"localGP"
"15962",65,7,4,5,31.8484137393175,68.9533017628341,"Rough","Max. Reward Condition",40,"4",14,5,60,516,"Long",0.110354356904632,0.726836276761278,NA,0.566084034917446,"localGP"
"15963",65,8,3,5,32.3660103282064,68.9533017628341,"Rough","Max. Reward Condition",40,"4",14,5,59,516,"Long",0.110354356904632,0.726836276761278,NA,0.566084034917446,"localGP"
"15964",65,9,1,5,56.5450425488561,68.9533017628341,"Rough","Max. Reward Condition",40,"4",14,7,57,516,"Long",0.110354356904632,0.726836276761278,NA,0.566084034917446,"localGP"
"15965",65,10,5,3,53.3657371426027,68.9533017628341,"Rough","Max. Reward Condition",40,"4",14,4,39,516,"Long",0.110354356904632,0.726836276761278,NA,0.566084034917446,"localGP"
"15966",65,11,4,3,65.3292450203886,68.9533017628341,"Rough","Max. Reward Condition",40,"4",14,1,38,516,"Long",0.110354356904632,0.726836276761278,NA,0.566084034917446,"localGP"
"15967",65,12,4,4,31.2783489505753,68.9533017628341,"Rough","Max. Reward Condition",40,"4",14,1,49,516,"Long",0.110354356904632,0.726836276761278,NA,0.566084034917446,"localGP"
"15968",65,13,2,1,53.6211624173466,68.9533017628341,"Rough","Max. Reward Condition",40,"4",14,1,14,516,"Long",0.110354356904632,0.726836276761278,NA,0.566084034917446,"localGP"
"15969",65,14,3,1,57.3323437114298,68.9533017628341,"Rough","Max. Reward Condition",40,"4",14,1,15,516,"Long",0.110354356904632,0.726836276761278,NA,0.566084034917446,"localGP"
"15970",65,15,5,1,54.5671632518635,68.9533017628341,"Rough","Max. Reward Condition",40,"4",14,2,17,516,"Long",0.110354356904632,0.726836276761278,NA,0.566084034917446,"localGP"
"15971",65,16,4,0,56.6818334145278,68.9533017628341,"Rough","Max. Reward Condition",40,"4",14,1,5,516,"Long",0.110354356904632,0.726836276761278,NA,0.566084034917446,"localGP"
"15972",65,17,6,0,43.3311523001001,68.9533017628341,"Rough","Max. Reward Condition",40,"4",14,1,7,516,"Long",0.110354356904632,0.726836276761278,NA,0.566084034917446,"localGP"
"15973",65,18,2,7,55.242778504398,68.9533017628341,"Rough","Max. Reward Condition",40,"4",14,1,80,516,"Long",0.110354356904632,0.726836276761278,NA,0.566084034917446,"localGP"
"15974",65,19,3,7,83.336671792531,83.336671792531,"Rough","Max. Reward Condition",40,"4",14,3,81,516,"Long",0.110354356904632,0.726836276761278,NA,0.566084034917446,"localGP"
"15975",65,20,6,8,53.0492949372385,83.336671792531,"Rough","Max. Reward Condition",40,"4",14,1,95,516,"Long",0.110354356904632,0.726836276761278,NA,0.566084034917446,"localGP"
"15976",65,21,9,6,53.922059162167,83.336671792531,"Rough","Max. Reward Condition",40,"4",14,2,76,516,"Long",0.110354356904632,0.726836276761278,NA,0.566084034917446,"localGP"
"15977",65,22,2,4,34.5094895994283,83.336671792531,"Rough","Max. Reward Condition",40,"4",14,6,47,516,"Long",0.110354356904632,0.726836276761278,NA,0.566084034917446,"localGP"
"15978",65,23,3,6,62.6985194647097,83.336671792531,"Rough","Max. Reward Condition",40,"4",14,7,70,516,"Long",0.110354356904632,0.726836276761278,NA,0.566084034917446,"localGP"
"15979",65,24,7,8,64.3486070540573,83.336671792531,"Rough","Max. Reward Condition",40,"4",14,1,96,516,"Long",0.110354356904632,0.726836276761278,NA,0.566084034917446,"localGP"
"15980",65,25,8,7,50.4837512080328,83.336671792531,"Rough","Max. Reward Condition",40,"4",14,3,86,516,"Long",0.110354356904632,0.726836276761278,NA,0.566084034917446,"localGP"
"15981",65,26,8,8,71.5418011701731,83.336671792531,"Rough","Max. Reward Condition",40,"4",14,2,97,516,"Long",0.110354356904632,0.726836276761278,NA,0.566084034917446,"localGP"
"15982",65,27,8,9,77.111237702123,83.336671792531,"Rough","Max. Reward Condition",40,"4",14,2,108,516,"Long",0.110354356904632,0.726836276761278,NA,0.566084034917446,"localGP"
"15983",65,28,7,9,60.2315250004543,83.336671792531,"Rough","Max. Reward Condition",40,"4",14,5,107,516,"Long",0.110354356904632,0.726836276761278,NA,0.566084034917446,"localGP"
"15984",65,29,8,9,77.111237702123,83.336671792531,"Rough","Max. Reward Condition",40,"4",14,2,108,516,"Long",0.110354356904632,0.726836276761278,NA,0.566084034917446,"localGP"
"15985",65,30,8,10,56.0539932412239,83.336671792531,"Rough","Max. Reward Condition",40,"4",14,1,119,516,"Long",0.110354356904632,0.726836276761278,NA,0.566084034917446,"localGP"
"15986",65,31,9,10,28.085231327396,83.336671792531,"Rough","Max. Reward Condition",40,"4",14,2,120,516,"Long",0.110354356904632,0.726836276761278,NA,0.566084034917446,"localGP"
"15987",65,32,1,3,79.9836672889353,83.336671792531,"Rough","Max. Reward Condition",40,"4",14,1,35,516,"Long",0.110354356904632,0.726836276761278,NA,0.566084034917446,"localGP"
"15988",65,33,2,5,54.5749797854144,83.336671792531,"Rough","Max. Reward Condition",40,"4",14,1,58,516,"Long",0.110354356904632,0.726836276761278,NA,0.566084034917446,"localGP"
"15989",65,34,2,6,67.3937194364363,83.336671792531,"Rough","Max. Reward Condition",40,"4",14,1,69,516,"Long",0.110354356904632,0.726836276761278,NA,0.566084034917446,"localGP"
"15990",65,35,3,9,51.081612220025,83.336671792531,"Rough","Max. Reward Condition",40,"4",14,2,103,516,"Long",0.110354356904632,0.726836276761278,NA,0.566084034917446,"localGP"
"15991",65,36,4,9,36.9938233917223,83.336671792531,"Rough","Max. Reward Condition",40,"4",14,1,104,516,"Long",0.110354356904632,0.726836276761278,NA,0.566084034917446,"localGP"
"15992",65,37,2,8,35.4444030293938,83.336671792531,"Rough","Max. Reward Condition",40,"4",14,7,91,516,"Long",0.110354356904632,0.726836276761278,NA,0.566084034917446,"localGP"
"15993",65,38,0,8,35.7214499575293,83.336671792531,"Rough","Max. Reward Condition",40,"4",14,1,89,516,"Long",0.110354356904632,0.726836276761278,NA,0.566084034917446,"localGP"
"15994",65,39,1,6,65.2952902215334,83.336671792531,"Rough","Max. Reward Condition",40,"4",14,2,68,516,"Long",0.110354356904632,0.726836276761278,NA,0.566084034917446,"localGP"
"15995",65,40,7,10,53.2320602280266,83.336671792531,"Rough","Max. Reward Condition",40,"4",14,0,118,516,"Long",0.110354356904632,0.726836276761278,NA,0.566084034917446,"localGP"
"15996",65,41,2,0,39.9028275804377,83.336671792531,"Rough","Max. Reward Condition",40,"4",14,1,3,516,"Long",0.110354356904632,0.726836276761278,NA,0.566084034917446,"localGP"
"15997",65,1,0,3,37.5224299882295,37.5224299882295,"Rough","Max. Reward Condition",20,"5",5,NA,34,517,"Short",0.0607507141088092,0.585849661407031,NA,0.27436034364843,"localGP"
"15998",65,2,0,4,49.9176816085481,49.9176816085481,"Rough","Max. Reward Condition",20,"5",5,1,45,517,"Short",0.0607507141088092,0.585849661407031,NA,0.27436034364843,"localGP"
"15999",65,3,6,7,60.8864429943102,60.8864429943102,"Rough","Max. Reward Condition",20,"5",5,7,84,517,"Short",0.0607507141088092,0.585849661407031,NA,0.27436034364843,"localGP"
"16000",65,4,7,7,68.4962011684434,68.4962011684434,"Rough","Max. Reward Condition",20,"5",5,7,85,517,"Short",0.0607507141088092,0.585849661407031,NA,0.27436034364843,"localGP"
"16001",65,5,7,6,95.8234728185907,95.8234728185907,"Rough","Max. Reward Condition",20,"5",5,3,74,517,"Short",0.0607507141088092,0.585849661407031,NA,0.27436034364843,"localGP"
"16002",65,6,7,5,32.4689598978585,95.8234728185907,"Rough","Max. Reward Condition",20,"5",5,2,63,517,"Short",0.0607507141088092,0.585849661407031,NA,0.27436034364843,"localGP"
"16003",65,7,7,6,95.8234728185907,95.8234728185907,"Rough","Max. Reward Condition",20,"5",5,2,74,517,"Short",0.0607507141088092,0.585849661407031,NA,0.27436034364843,"localGP"
"16004",65,8,6,3,31.2645262268698,95.8234728185907,"Rough","Max. Reward Condition",20,"5",5,1,40,517,"Short",0.0607507141088092,0.585849661407031,NA,0.27436034364843,"localGP"
"16005",65,9,7,3,38.4994048862077,95.8234728185907,"Rough","Max. Reward Condition",20,"5",5,1,41,517,"Short",0.0607507141088092,0.585849661407031,NA,0.27436034364843,"localGP"
"16006",65,10,7,4,41.506316602299,95.8234728185907,"Rough","Max. Reward Condition",20,"5",5,1,52,517,"Short",0.0607507141088092,0.585849661407031,NA,0.27436034364843,"localGP"
"16007",65,11,7,6,95.8234728185907,95.8234728185907,"Rough","Max. Reward Condition",20,"5",5,1,74,517,"Short",0.0607507141088092,0.585849661407031,NA,0.27436034364843,"localGP"
"16008",65,12,7,6,95.8234728185907,95.8234728185907,"Rough","Max. Reward Condition",20,"5",5,2,74,517,"Short",0.0607507141088092,0.585849661407031,NA,0.27436034364843,"localGP"
"16009",65,13,7,6,95.8234728185907,95.8234728185907,"Rough","Max. Reward Condition",20,"5",5,1,74,517,"Short",0.0607507141088092,0.585849661407031,NA,0.27436034364843,"localGP"
"16010",65,14,7,6,95.8234728185907,95.8234728185907,"Rough","Max. Reward Condition",20,"5",5,1,74,517,"Short",0.0607507141088092,0.585849661407031,NA,0.27436034364843,"localGP"
"16011",65,15,7,6,95.8234728185907,95.8234728185907,"Rough","Max. Reward Condition",20,"5",5,1,74,517,"Short",0.0607507141088092,0.585849661407031,NA,0.27436034364843,"localGP"
"16012",65,16,7,6,95.8234728185907,95.8234728185907,"Rough","Max. Reward Condition",20,"5",5,10,74,517,"Short",0.0607507141088092,0.585849661407031,NA,0.27436034364843,"localGP"
"16013",65,17,7,6,95.8234728185907,95.8234728185907,"Rough","Max. Reward Condition",20,"5",5,2,74,517,"Short",0.0607507141088092,0.585849661407031,NA,0.27436034364843,"localGP"
"16014",65,18,8,6,91.4722545331952,95.8234728185907,"Rough","Max. Reward Condition",20,"5",5,3,75,517,"Short",0.0607507141088092,0.585849661407031,NA,0.27436034364843,"localGP"
"16015",65,19,7,6,95.8234728185907,95.8234728185907,"Rough","Max. Reward Condition",20,"5",5,3,74,517,"Short",0.0607507141088092,0.585849661407031,NA,0.27436034364843,"localGP"
"16016",65,20,8,6,91.4722545331952,95.8234728185907,"Rough","Max. Reward Condition",20,"5",5,3,75,517,"Short",0.0607507141088092,0.585849661407031,NA,0.27436034364843,"localGP"
"16017",65,21,8,6,91.4722545331952,95.8234728185907,"Rough","Max. Reward Condition",20,"5",5,4,75,517,"Short",0.0607507141088092,0.585849661407031,NA,0.27436034364843,"localGP"
"16018",65,1,7,0,42.9589109344854,42.9589109344854,"Rough","Max. Reward Condition",40,"6",18,NA,8,518,"Long",0.106620905499558,0.691432835357407,NA,0.539958558493464,"localGP"
"16019",65,2,8,5,35.8126072041007,42.9589109344854,"Rough","Max. Reward Condition",40,"6",18,3,64,518,"Long",0.106620905499558,0.691432835357407,NA,0.539958558493464,"localGP"
"16020",65,3,8,2,23.7481836425879,42.9589109344854,"Rough","Max. Reward Condition",40,"6",18,5,31,518,"Long",0.106620905499558,0.691432835357407,NA,0.539958558493464,"localGP"
"16021",65,4,4,9,48.6599556271506,48.6599556271506,"Rough","Max. Reward Condition",40,"6",18,3,104,518,"Long",0.106620905499558,0.691432835357407,NA,0.539958558493464,"localGP"
"16022",65,5,1,1,48.0935875031168,48.6599556271506,"Rough","Max. Reward Condition",40,"6",18,5,13,518,"Long",0.106620905499558,0.691432835357407,NA,0.539958558493464,"localGP"
"16023",65,6,7,4,21.5751534071113,48.6599556271506,"Rough","Max. Reward Condition",40,"6",18,4,52,518,"Long",0.106620905499558,0.691432835357407,NA,0.539958558493464,"localGP"
"16024",65,7,3,3,53.9768384538052,53.9768384538052,"Rough","Max. Reward Condition",40,"6",18,2,37,518,"Long",0.106620905499558,0.691432835357407,NA,0.539958558493464,"localGP"
"16025",65,8,4,3,63.7013527592454,63.7013527592454,"Rough","Max. Reward Condition",40,"6",18,1,38,518,"Long",0.106620905499558,0.691432835357407,NA,0.539958558493464,"localGP"
"16026",65,9,4,4,52.24416387013,63.7013527592454,"Rough","Max. Reward Condition",40,"6",18,0,49,518,"Long",0.106620905499558,0.691432835357407,NA,0.539958558493464,"localGP"
"16027",65,10,6,3,2.55804621582689,63.7013527592454,"Rough","Max. Reward Condition",40,"6",18,2,40,518,"Long",0.106620905499558,0.691432835357407,NA,0.539958558493464,"localGP"
"16028",65,11,1,9,58.9073420651609,63.7013527592454,"Rough","Max. Reward Condition",40,"6",18,2,101,518,"Long",0.106620905499558,0.691432835357407,NA,0.539958558493464,"localGP"
"16029",65,12,1,8,43.9523199496518,63.7013527592454,"Rough","Max. Reward Condition",40,"6",18,2,90,518,"Long",0.106620905499558,0.691432835357407,NA,0.539958558493464,"localGP"
"16030",65,13,9,10,51.7164759770516,63.7013527592454,"Rough","Max. Reward Condition",40,"6",18,1,120,518,"Long",0.106620905499558,0.691432835357407,NA,0.539958558493464,"localGP"
"16031",65,14,1,6,8.94196519629523,63.7013527592454,"Rough","Max. Reward Condition",40,"6",18,2,68,518,"Long",0.106620905499558,0.691432835357407,NA,0.539958558493464,"localGP"
"16032",65,15,2,6,9.85315561544602,63.7013527592454,"Rough","Max. Reward Condition",40,"6",18,1,69,518,"Long",0.106620905499558,0.691432835357407,NA,0.539958558493464,"localGP"
"16033",65,16,3,7,22.0436802123003,63.7013527592454,"Rough","Max. Reward Condition",40,"6",18,1,81,518,"Long",0.106620905499558,0.691432835357407,NA,0.539958558493464,"localGP"
"16034",65,17,0,5,18.0799924222245,63.7013527592454,"Rough","Max. Reward Condition",40,"6",18,1,56,518,"Long",0.106620905499558,0.691432835357407,NA,0.539958558493464,"localGP"
"16035",65,18,1,4,5.78214672223985,63.7013527592454,"Rough","Max. Reward Condition",40,"6",18,1,46,518,"Long",0.106620905499558,0.691432835357407,NA,0.539958558493464,"localGP"
"16036",65,19,10,1,51.8458396113601,63.7013527592454,"Rough","Max. Reward Condition",40,"6",18,1,22,518,"Long",0.106620905499558,0.691432835357407,NA,0.539958558493464,"localGP"
"16037",65,20,10,1,51.8458396113601,63.7013527592454,"Rough","Max. Reward Condition",40,"6",18,6,22,518,"Long",0.106620905499558,0.691432835357407,NA,0.539958558493464,"localGP"
"16038",65,21,4,1,62.7752571733289,63.7013527592454,"Rough","Max. Reward Condition",40,"6",18,2,16,518,"Long",0.106620905499558,0.691432835357407,NA,0.539958558493464,"localGP"
"16039",65,22,5,1,44.0731143129656,63.7013527592454,"Rough","Max. Reward Condition",40,"6",18,6,17,518,"Long",0.106620905499558,0.691432835357407,NA,0.539958558493464,"localGP"
"16040",65,23,6,2,24.0265388631754,63.7013527592454,"Rough","Max. Reward Condition",40,"6",18,7,29,518,"Long",0.106620905499558,0.691432835357407,NA,0.539958558493464,"localGP"
"16041",65,24,1,10,30.5577705769791,63.7013527592454,"Rough","Max. Reward Condition",40,"6",18,1,112,518,"Long",0.106620905499558,0.691432835357407,NA,0.539958558493464,"localGP"
"16042",65,25,0,7,18.2389240639338,63.7013527592454,"Rough","Max. Reward Condition",40,"6",18,1,78,518,"Long",0.106620905499558,0.691432835357407,NA,0.539958558493464,"localGP"
"16043",65,26,1,10,30.5577705769791,63.7013527592454,"Rough","Max. Reward Condition",40,"6",18,1,112,518,"Long",0.106620905499558,0.691432835357407,NA,0.539958558493464,"localGP"
"16044",65,27,2,10,25.2569128061938,63.7013527592454,"Rough","Max. Reward Condition",40,"6",18,1,113,518,"Long",0.106620905499558,0.691432835357407,NA,0.539958558493464,"localGP"
"16045",65,28,3,10,32.5695318981662,63.7013527592454,"Rough","Max. Reward Condition",40,"6",18,5,114,518,"Long",0.106620905499558,0.691432835357407,NA,0.539958558493464,"localGP"
"16046",65,29,4,10,41.5348285805763,63.7013527592454,"Rough","Max. Reward Condition",40,"6",18,2,115,518,"Long",0.106620905499558,0.691432835357407,NA,0.539958558493464,"localGP"
"16047",65,30,2,8,43.6561164584679,63.7013527592454,"Rough","Max. Reward Condition",40,"6",18,3,91,518,"Long",0.106620905499558,0.691432835357407,NA,0.539958558493464,"localGP"
"16048",65,31,8,8,58.8343770395875,63.7013527592454,"Rough","Max. Reward Condition",40,"6",18,2,97,518,"Long",0.106620905499558,0.691432835357407,NA,0.539958558493464,"localGP"
"16049",65,32,10,9,68.5571263747788,68.5571263747788,"Rough","Max. Reward Condition",40,"6",18,2,110,518,"Long",0.106620905499558,0.691432835357407,NA,0.539958558493464,"localGP"
"16050",65,33,10,8,59.2407992793453,68.5571263747788,"Rough","Max. Reward Condition",40,"6",18,1,99,518,"Long",0.106620905499558,0.691432835357407,NA,0.539958558493464,"localGP"
"16051",65,34,10,7,45.9324442548253,68.5571263747788,"Rough","Max. Reward Condition",40,"6",18,1,88,518,"Long",0.106620905499558,0.691432835357407,NA,0.539958558493464,"localGP"
"16052",65,35,6,10,34.4746445894491,68.5571263747788,"Rough","Max. Reward Condition",40,"6",18,2,117,518,"Long",0.106620905499558,0.691432835357407,NA,0.539958558493464,"localGP"
"16053",65,36,7,10,39.5407952471519,68.5571263747788,"Rough","Max. Reward Condition",40,"6",18,4,118,518,"Long",0.106620905499558,0.691432835357407,NA,0.539958558493464,"localGP"
"16054",65,37,7,9,43.7178093969653,68.5571263747788,"Rough","Max. Reward Condition",40,"6",18,3,107,518,"Long",0.106620905499558,0.691432835357407,NA,0.539958558493464,"localGP"
"16055",65,38,7,8,41.2424197528624,68.5571263747788,"Rough","Max. Reward Condition",40,"6",18,2,96,518,"Long",0.106620905499558,0.691432835357407,NA,0.539958558493464,"localGP"
"16056",65,39,5,6,67.4717782812046,68.5571263747788,"Rough","Max. Reward Condition",40,"6",18,4,72,518,"Long",0.106620905499558,0.691432835357407,NA,0.539958558493464,"localGP"
"16057",65,40,5,5,61.5391732787472,68.5571263747788,"Rough","Max. Reward Condition",40,"6",18,2,61,518,"Long",0.106620905499558,0.691432835357407,NA,0.539958558493464,"localGP"
"16058",65,41,9,10,51.7164759770516,68.5571263747788,"Rough","Max. Reward Condition",40,"6",18,3,120,518,"Long",0.106620905499558,0.691432835357407,NA,0.539958558493464,"localGP"
"16059",65,1,9,9,82.3610633531152,82.3610633531152,"Rough","Max. Reward Condition",20,"7",17,NA,109,519,"Short",0.0803625432871784,0.668633504378747,NA,0.386556420134771,"localGP"
"16060",65,2,10,10,65.1732478778687,82.3610633531152,"Rough","Max. Reward Condition",20,"7",17,10,121,519,"Short",0.0803625432871784,0.668633504378747,NA,0.386556420134771,"localGP"
"16061",65,3,10,9,62.3531210252204,82.3610633531152,"Rough","Max. Reward Condition",20,"7",17,8,110,519,"Short",0.0803625432871784,0.668633504378747,NA,0.386556420134771,"localGP"
"16062",65,4,10,8,52.8164121364867,82.3610633531152,"Rough","Max. Reward Condition",20,"7",17,9,99,519,"Short",0.0803625432871784,0.668633504378747,NA,0.386556420134771,"localGP"
"16063",65,5,8,3,41.0422069840065,82.3610633531152,"Rough","Max. Reward Condition",20,"7",17,1,42,519,"Short",0.0803625432871784,0.668633504378747,NA,0.386556420134771,"localGP"
"16064",65,6,8,2,58.6698020983596,82.3610633531152,"Rough","Max. Reward Condition",20,"7",17,1,31,519,"Short",0.0803625432871784,0.668633504378747,NA,0.386556420134771,"localGP"
"16065",65,7,4,7,36.7346397615748,82.3610633531152,"Rough","Max. Reward Condition",20,"7",17,1,82,519,"Short",0.0803625432871784,0.668633504378747,NA,0.386556420134771,"localGP"
"16066",65,8,5,7,31.5219187843773,82.3610633531152,"Rough","Max. Reward Condition",20,"7",17,2,83,519,"Short",0.0803625432871784,0.668633504378747,NA,0.386556420134771,"localGP"
"16067",65,9,5,6,42.0069236019537,82.3610633531152,"Rough","Max. Reward Condition",20,"7",17,1,72,519,"Short",0.0803625432871784,0.668633504378747,NA,0.386556420134771,"localGP"
"16068",65,10,4,6,52.4710109761759,82.3610633531152,"Rough","Max. Reward Condition",20,"7",17,1,71,519,"Short",0.0803625432871784,0.668633504378747,NA,0.386556420134771,"localGP"
"16069",65,11,4,5,82.6609311486781,82.6609311486781,"Rough","Max. Reward Condition",20,"7",17,9,60,519,"Short",0.0803625432871784,0.668633504378747,NA,0.386556420134771,"localGP"
"16070",65,12,5,5,42.2377203459465,82.6609311486781,"Rough","Max. Reward Condition",20,"7",17,1,61,519,"Short",0.0803625432871784,0.668633504378747,NA,0.386556420134771,"localGP"
"16071",65,13,3,5,100,100,"Rough","Max. Reward Condition",20,"7",17,3,59,519,"Short",0.0803625432871784,0.668633504378747,NA,0.386556420134771,"localGP"
"16072",65,14,3,4,81.7432518785976,100,"Rough","Max. Reward Condition",20,"7",17,2,48,519,"Short",0.0803625432871784,0.668633504378747,NA,0.386556420134771,"localGP"
"16073",65,15,2,4,78.1145537046303,100,"Rough","Max. Reward Condition",20,"7",17,12,47,519,"Short",0.0803625432871784,0.668633504378747,NA,0.386556420134771,"localGP"
"16074",65,16,6,3,42.4608725278466,100,"Rough","Max. Reward Condition",20,"7",17,2,40,519,"Short",0.0803625432871784,0.668633504378747,NA,0.386556420134771,"localGP"
"16075",65,17,7,8,22.0278987459419,100,"Rough","Max. Reward Condition",20,"7",17,2,96,519,"Short",0.0803625432871784,0.668633504378747,NA,0.386556420134771,"localGP"
"16076",65,18,0,4,42.8036360256074,100,"Rough","Max. Reward Condition",20,"7",17,1,45,519,"Short",0.0803625432871784,0.668633504378747,NA,0.386556420134771,"localGP"
"16077",65,19,0,3,53.5211844117636,100,"Rough","Max. Reward Condition",20,"7",17,2,34,519,"Short",0.0803625432871784,0.668633504378747,NA,0.386556420134771,"localGP"
"16078",65,20,0,2,36.3094858806942,100,"Rough","Max. Reward Condition",20,"7",17,1,23,519,"Short",0.0803625432871784,0.668633504378747,NA,0.386556420134771,"localGP"
"16079",65,21,0,1,40.8666314399302,100,"Rough","Max. Reward Condition",20,"7",17,1,12,519,"Short",0.0803625432871784,0.668633504378747,NA,0.386556420134771,"localGP"
"16080",65,1,0,3,50.2820074971904,50.2820074971904,"Rough","Max. Reward Condition",40,"8",10,NA,34,520,"Long",0.115092302467886,0.720466495373132,NA,0.574269214800669,"localGP"
"16081",65,2,7,8,53.3553084137589,53.3553084137589,"Rough","Max. Reward Condition",40,"8",10,2,96,520,"Long",0.115092302467886,0.720466495373132,NA,0.574269214800669,"localGP"
"16082",65,3,8,8,22.9010925935709,53.3553084137589,"Rough","Max. Reward Condition",40,"8",10,1,97,520,"Long",0.115092302467886,0.720466495373132,NA,0.574269214800669,"localGP"
"16083",65,4,2,5,54.3562924005925,54.3562924005925,"Rough","Max. Reward Condition",40,"8",10,4,58,520,"Long",0.115092302467886,0.720466495373132,NA,0.574269214800669,"localGP"
"16084",65,5,3,5,55.1289621064368,55.1289621064368,"Rough","Max. Reward Condition",40,"8",10,2,59,520,"Long",0.115092302467886,0.720466495373132,NA,0.574269214800669,"localGP"
"16085",65,6,9,8,39.8812443557939,55.1289621064368,"Rough","Max. Reward Condition",40,"8",10,2,98,520,"Long",0.115092302467886,0.720466495373132,NA,0.574269214800669,"localGP"
"16086",65,7,9,9,50.1504839805643,55.1289621064368,"Rough","Max. Reward Condition",40,"8",10,7,109,520,"Long",0.115092302467886,0.720466495373132,NA,0.574269214800669,"localGP"
"16087",65,8,6,5,50.4304471190936,55.1289621064368,"Rough","Max. Reward Condition",40,"8",10,1,62,520,"Long",0.115092302467886,0.720466495373132,NA,0.574269214800669,"localGP"
"16088",65,9,7,5,66.0456136537345,66.0456136537345,"Rough","Max. Reward Condition",40,"8",10,5,63,520,"Long",0.115092302467886,0.720466495373132,NA,0.574269214800669,"localGP"
"16089",65,10,8,9,49.5506805256934,66.0456136537345,"Rough","Max. Reward Condition",40,"8",10,7,108,520,"Long",0.115092302467886,0.720466495373132,NA,0.574269214800669,"localGP"
"16090",65,11,8,10,42.4353725916264,66.0456136537345,"Rough","Max. Reward Condition",40,"8",10,2,119,520,"Long",0.115092302467886,0.720466495373132,NA,0.574269214800669,"localGP"
"16091",65,12,5,0,61.2584278059806,66.0456136537345,"Rough","Max. Reward Condition",40,"8",10,1,6,520,"Long",0.115092302467886,0.720466495373132,NA,0.574269214800669,"localGP"
"16092",65,13,9,6,37.140783042608,66.0456136537345,"Rough","Max. Reward Condition",40,"8",10,3,76,520,"Long",0.115092302467886,0.720466495373132,NA,0.574269214800669,"localGP"
"16093",65,14,0,7,23.2514294242232,66.0456136537345,"Rough","Max. Reward Condition",40,"8",10,3,78,520,"Long",0.115092302467886,0.720466495373132,NA,0.574269214800669,"localGP"
"16094",65,15,2,8,51.8875226536614,66.0456136537345,"Rough","Max. Reward Condition",40,"8",10,1,91,520,"Long",0.115092302467886,0.720466495373132,NA,0.574269214800669,"localGP"
"16095",65,16,1,8,51.8595364200522,66.0456136537345,"Rough","Max. Reward Condition",40,"8",10,1,90,520,"Long",0.115092302467886,0.720466495373132,NA,0.574269214800669,"localGP"
"16096",65,17,9,5,33.9547418705907,66.0456136537345,"Rough","Max. Reward Condition",40,"8",10,1,65,520,"Long",0.115092302467886,0.720466495373132,NA,0.574269214800669,"localGP"
"16097",65,18,9,1,41.1826185307411,66.0456136537345,"Rough","Max. Reward Condition",40,"8",10,9,21,520,"Long",0.115092302467886,0.720466495373132,NA,0.574269214800669,"localGP"
"16098",65,19,5,6,44.3936408013236,66.0456136537345,"Rough","Max. Reward Condition",40,"8",10,3,72,520,"Long",0.115092302467886,0.720466495373132,NA,0.574269214800669,"localGP"
"16099",65,20,6,6,43.5674810058941,66.0456136537345,"Rough","Max. Reward Condition",40,"8",10,4,73,520,"Long",0.115092302467886,0.720466495373132,NA,0.574269214800669,"localGP"
"16100",65,21,2,7,63.6213705397212,66.0456136537345,"Rough","Max. Reward Condition",40,"8",10,1,80,520,"Long",0.115092302467886,0.720466495373132,NA,0.574269214800669,"localGP"
"16101",65,22,3,4,73.1932360426665,73.1932360426665,"Rough","Max. Reward Condition",40,"8",10,1,48,520,"Long",0.115092302467886,0.720466495373132,NA,0.574269214800669,"localGP"
"16102",65,23,3,7,68.6339099521152,73.1932360426665,"Rough","Max. Reward Condition",40,"8",10,3,81,520,"Long",0.115092302467886,0.720466495373132,NA,0.574269214800669,"localGP"
"16103",65,24,3,8,54.1275167425475,73.1932360426665,"Rough","Max. Reward Condition",40,"8",10,1,92,520,"Long",0.115092302467886,0.720466495373132,NA,0.574269214800669,"localGP"
"16104",65,25,8,3,46.1516878548074,73.1932360426665,"Rough","Max. Reward Condition",40,"8",10,1,42,520,"Long",0.115092302467886,0.720466495373132,NA,0.574269214800669,"localGP"
"16105",65,26,3,8,54.1275167425475,73.1932360426665,"Rough","Max. Reward Condition",40,"8",10,1,92,520,"Long",0.115092302467886,0.720466495373132,NA,0.574269214800669,"localGP"
"16106",65,27,6,3,73.4359730531231,73.4359730531231,"Rough","Max. Reward Condition",40,"8",10,3,40,520,"Long",0.115092302467886,0.720466495373132,NA,0.574269214800669,"localGP"
"16107",65,28,4,6,46.5482672237454,73.4359730531231,"Rough","Max. Reward Condition",40,"8",10,1,71,520,"Long",0.115092302467886,0.720466495373132,NA,0.574269214800669,"localGP"
"16108",65,29,4,7,40.2484782792363,73.4359730531231,"Rough","Max. Reward Condition",40,"8",10,1,82,520,"Long",0.115092302467886,0.720466495373132,NA,0.574269214800669,"localGP"
"16109",65,30,6,1,59.0938949398231,73.4359730531231,"Rough","Max. Reward Condition",40,"8",10,4,18,520,"Long",0.115092302467886,0.720466495373132,NA,0.574269214800669,"localGP"
"16110",65,31,10,8,34.492458846517,73.4359730531231,"Rough","Max. Reward Condition",40,"8",10,1,99,520,"Long",0.115092302467886,0.720466495373132,NA,0.574269214800669,"localGP"
"16111",65,32,1,8,51.8595364200522,73.4359730531231,"Rough","Max. Reward Condition",40,"8",10,5,90,520,"Long",0.115092302467886,0.720466495373132,NA,0.574269214800669,"localGP"
"16112",65,33,1,3,55.7844556265517,73.4359730531231,"Rough","Max. Reward Condition",40,"8",10,3,35,520,"Long",0.115092302467886,0.720466495373132,NA,0.574269214800669,"localGP"
"16113",65,34,0,4,27.2386379054734,73.4359730531231,"Rough","Max. Reward Condition",40,"8",10,1,45,520,"Long",0.115092302467886,0.720466495373132,NA,0.574269214800669,"localGP"
"16114",65,35,5,5,32.9255511589724,73.4359730531231,"Rough","Max. Reward Condition",40,"8",10,1,61,520,"Long",0.115092302467886,0.720466495373132,NA,0.574269214800669,"localGP"
"16115",65,36,3,0,32.200389023984,73.4359730531231,"Rough","Max. Reward Condition",40,"8",10,2,4,520,"Long",0.115092302467886,0.720466495373132,NA,0.574269214800669,"localGP"
"16116",65,37,1,0,22.8566856126171,73.4359730531231,"Rough","Max. Reward Condition",40,"8",10,1,2,520,"Long",0.115092302467886,0.720466495373132,NA,0.574269214800669,"localGP"
"16117",65,38,8,5,42.0096919098843,73.4359730531231,"Rough","Max. Reward Condition",40,"8",10,2,64,520,"Long",0.115092302467886,0.720466495373132,NA,0.574269214800669,"localGP"
"16118",65,39,9,9,50.1504839805643,73.4359730531231,"Rough","Max. Reward Condition",40,"8",10,4,109,520,"Long",0.115092302467886,0.720466495373132,NA,0.574269214800669,"localGP"
"16119",65,40,9,10,42.4594754153395,73.4359730531231,"Rough","Max. Reward Condition",40,"8",10,1,120,520,"Long",0.115092302467886,0.720466495373132,NA,0.574269214800669,"localGP"
"16120",65,41,10,10,45.7586464060383,73.4359730531231,"Rough","Max. Reward Condition",40,"8",10,2,121,520,"Long",0.115092302467886,0.720466495373132,NA,0.574269214800669,"localGP"
"16121",66,1,9,10,60.7749452676807,60.7749452676807,"Rough","Max. Reward Condition",40,"1",13,NA,120,521,"Long",0.123427294185026,1.09482674153978,NA,0.531419064900855,"localGP"
"16122",66,2,2,5,73.5182942872348,73.5182942872348,"Rough","Max. Reward Condition",40,"1",13,4,58,521,"Long",0.123427294185026,1.09482674153978,NA,0.531419064900855,"localGP"
"16123",66,3,3,6,16.3738177121343,73.5182942872348,"Rough","Max. Reward Condition",40,"1",13,4,70,521,"Long",0.123427294185026,1.09482674153978,NA,0.531419064900855,"localGP"
"16124",66,4,0,6,56.4375165015689,73.5182942872348,"Rough","Max. Reward Condition",40,"1",13,4,67,521,"Long",0.123427294185026,1.09482674153978,NA,0.531419064900855,"localGP"
"16125",66,5,2,1,67.2278837680135,73.5182942872348,"Rough","Max. Reward Condition",40,"1",13,3,14,521,"Long",0.123427294185026,1.09482674153978,NA,0.531419064900855,"localGP"
"16126",66,6,8,3,21.3087357569789,73.5182942872348,"Rough","Max. Reward Condition",40,"1",13,5,42,521,"Long",0.123427294185026,1.09482674153978,NA,0.531419064900855,"localGP"
"16127",66,7,1,10,0.804134309136922,73.5182942872348,"Rough","Max. Reward Condition",40,"1",13,1,112,521,"Long",0.123427294185026,1.09482674153978,NA,0.531419064900855,"localGP"
"16128",66,8,9,0,44.4816550255405,73.5182942872348,"Rough","Max. Reward Condition",40,"1",13,1,10,521,"Long",0.123427294185026,1.09482674153978,NA,0.531419064900855,"localGP"
"16129",66,9,7,0,37.9803640535325,73.5182942872348,"Rough","Max. Reward Condition",40,"1",13,2,8,521,"Long",0.123427294185026,1.09482674153978,NA,0.531419064900855,"localGP"
"16130",66,10,7,4,32.6827550464112,73.5182942872348,"Rough","Max. Reward Condition",40,"1",13,2,52,521,"Long",0.123427294185026,1.09482674153978,NA,0.531419064900855,"localGP"
"16131",66,11,6,4,11.152859969979,73.5182942872348,"Rough","Max. Reward Condition",40,"1",13,1,51,521,"Long",0.123427294185026,1.09482674153978,NA,0.531419064900855,"localGP"
"16132",66,12,10,8,70.6098250573604,73.5182942872348,"Rough","Max. Reward Condition",40,"1",13,1,99,521,"Long",0.123427294185026,1.09482674153978,NA,0.531419064900855,"localGP"
"16133",66,13,7,3,27.7085834681235,73.5182942872348,"Rough","Max. Reward Condition",40,"1",13,2,41,521,"Long",0.123427294185026,1.09482674153978,NA,0.531419064900855,"localGP"
"16134",66,14,8,9,45.2150517088665,73.5182942872348,"Rough","Max. Reward Condition",40,"1",13,2,108,521,"Long",0.123427294185026,1.09482674153978,NA,0.531419064900855,"localGP"
"16135",66,15,6,9,20.5227228082924,73.5182942872348,"Rough","Max. Reward Condition",40,"1",13,1,106,521,"Long",0.123427294185026,1.09482674153978,NA,0.531419064900855,"localGP"
"16136",66,16,6,10,0.313800419129401,73.5182942872348,"Rough","Max. Reward Condition",40,"1",13,2,117,521,"Long",0.123427294185026,1.09482674153978,NA,0.531419064900855,"localGP"
"16137",66,17,5,7,44.9495290274255,73.5182942872348,"Rough","Max. Reward Condition",40,"1",13,8,83,521,"Long",0.123427294185026,1.09482674153978,NA,0.531419064900855,"localGP"
"16138",66,18,5,1,30.9871614244868,73.5182942872348,"Rough","Max. Reward Condition",40,"1",13,6,17,521,"Long",0.123427294185026,1.09482674153978,NA,0.531419064900855,"localGP"
"16139",66,19,0,3,14.3344846656823,73.5182942872348,"Rough","Max. Reward Condition",40,"1",13,6,34,521,"Long",0.123427294185026,1.09482674153978,NA,0.531419064900855,"localGP"
"16140",66,20,7,0,37.9803640535325,73.5182942872348,"Rough","Max. Reward Condition",40,"1",13,14,8,521,"Long",0.123427294185026,1.09482674153978,NA,0.531419064900855,"localGP"
"16141",66,21,10,4,46.4286824642032,73.5182942872348,"Rough","Max. Reward Condition",40,"1",13,20,55,521,"Long",0.123427294185026,1.09482674153978,NA,0.531419064900855,"localGP"
"16142",66,22,9,3,35.3475203040359,73.5182942872348,"Rough","Max. Reward Condition",40,"1",13,1,43,521,"Long",0.123427294185026,1.09482674153978,NA,0.531419064900855,"localGP"
"16143",66,23,8,1,40.1033986833103,73.5182942872348,"Rough","Max. Reward Condition",40,"1",13,1,20,521,"Long",0.123427294185026,1.09482674153978,NA,0.531419064900855,"localGP"
"16144",66,24,9,7,38.2481492101488,73.5182942872348,"Rough","Max. Reward Condition",40,"1",13,1,87,521,"Long",0.123427294185026,1.09482674153978,NA,0.531419064900855,"localGP"
"16145",66,25,9,6,20.0963903815858,73.5182942872348,"Rough","Max. Reward Condition",40,"1",13,9,76,521,"Long",0.123427294185026,1.09482674153978,NA,0.531419064900855,"localGP"
"16146",66,26,7,6,59.1670306987151,73.5182942872348,"Rough","Max. Reward Condition",40,"1",13,20,74,521,"Long",0.123427294185026,1.09482674153978,NA,0.531419064900855,"localGP"
"16147",66,27,10,10,64.51081568663,73.5182942872348,"Rough","Max. Reward Condition",40,"1",13,14,121,521,"Long",0.123427294185026,1.09482674153978,NA,0.531419064900855,"localGP"
"16148",66,28,10,9,78.2027912905164,78.2027912905164,"Rough","Max. Reward Condition",40,"1",13,4,110,521,"Long",0.123427294185026,1.09482674153978,NA,0.531419064900855,"localGP"
"16149",66,29,10,10,64.51081568663,78.2027912905164,"Rough","Max. Reward Condition",40,"1",13,7,121,521,"Long",0.123427294185026,1.09482674153978,NA,0.531419064900855,"localGP"
"16150",66,30,5,3,56.2859882283375,78.2027912905164,"Rough","Max. Reward Condition",40,"1",13,2,39,521,"Long",0.123427294185026,1.09482674153978,NA,0.531419064900855,"localGP"
"16151",66,31,5,2,18.276410658703,78.2027912905164,"Rough","Max. Reward Condition",40,"1",13,3,28,521,"Long",0.123427294185026,1.09482674153978,NA,0.531419064900855,"localGP"
"16152",66,32,4,8,29.543409633079,78.2027912905164,"Rough","Max. Reward Condition",40,"1",13,3,93,521,"Long",0.123427294185026,1.09482674153978,NA,0.531419064900855,"localGP"
"16153",66,33,7,4,32.6827550464112,78.2027912905164,"Rough","Max. Reward Condition",40,"1",13,2,52,521,"Long",0.123427294185026,1.09482674153978,NA,0.531419064900855,"localGP"
"16154",66,34,6,6,81.5801840646008,81.5801840646008,"Rough","Max. Reward Condition",40,"1",13,3,73,521,"Long",0.123427294185026,1.09482674153978,NA,0.531419064900855,"localGP"
"16155",66,35,1,7,39.7333701144124,81.5801840646008,"Rough","Max. Reward Condition",40,"1",13,4,79,521,"Long",0.123427294185026,1.09482674153978,NA,0.531419064900855,"localGP"
"16156",66,36,7,9,8.80347395519033,81.5801840646008,"Rough","Max. Reward Condition",40,"1",13,5,107,521,"Long",0.123427294185026,1.09482674153978,NA,0.531419064900855,"localGP"
"16157",66,37,9,8,52.3170386231255,81.5801840646008,"Rough","Max. Reward Condition",40,"1",13,5,98,521,"Long",0.123427294185026,1.09482674153978,NA,0.531419064900855,"localGP"
"16158",66,38,1,0,62.1042117184929,81.5801840646008,"Rough","Max. Reward Condition",40,"1",13,0,2,521,"Long",0.123427294185026,1.09482674153978,NA,0.531419064900855,"localGP"
"16159",66,39,1,1,60.4080576029201,81.5801840646008,"Rough","Max. Reward Condition",40,"1",13,0,13,521,"Long",0.123427294185026,1.09482674153978,NA,0.531419064900855,"localGP"
"16160",66,40,6,1,0,81.5801840646008,"Rough","Max. Reward Condition",40,"1",13,1,18,521,"Long",0.123427294185026,1.09482674153978,NA,0.531419064900855,"localGP"
"16161",66,41,2,4,86.7630388184153,86.7630388184153,"Rough","Max. Reward Condition",40,"1",13,0,47,521,"Long",0.123427294185026,1.09482674153978,NA,0.531419064900855,"localGP"
"16162",66,1,8,2,53.532220554727,53.532220554727,"Rough","Max. Reward Condition",20,"2",7,NA,31,522,"Short",0.0667541305397369,3.19551461434133,NA,0.812178906206949,"localGP"
"16163",66,2,8,6,73.8483056301387,73.8483056301387,"Rough","Max. Reward Condition",20,"2",7,4,75,522,"Short",0.0667541305397369,3.19551461434133,NA,0.812178906206949,"localGP"
"16164",66,3,8,7,60.6485436141064,73.8483056301387,"Rough","Max. Reward Condition",20,"2",7,10,86,522,"Short",0.0667541305397369,3.19551461434133,NA,0.812178906206949,"localGP"
"16165",66,4,7,6,64.1165610070556,73.8483056301387,"Rough","Max. Reward Condition",20,"2",7,10,74,522,"Short",0.0667541305397369,3.19551461434133,NA,0.812178906206949,"localGP"
"16166",66,5,7,4,76.4592320894519,76.4592320894519,"Rough","Max. Reward Condition",20,"2",7,10,52,522,"Short",0.0667541305397369,3.19551461434133,NA,0.812178906206949,"localGP"
"16167",66,6,7,3,81.9279469354685,81.9279469354685,"Rough","Max. Reward Condition",20,"2",7,9,41,522,"Short",0.0667541305397369,3.19551461434133,NA,0.812178906206949,"localGP"
"16168",66,7,7,2,58.8232550696874,81.9279469354685,"Rough","Max. Reward Condition",20,"2",7,2,30,522,"Short",0.0667541305397369,3.19551461434133,NA,0.812178906206949,"localGP"
"16169",66,8,8,4,92.0072637842279,92.0072637842279,"Rough","Max. Reward Condition",20,"2",7,1,53,522,"Short",0.0667541305397369,3.19551461434133,NA,0.812178906206949,"localGP"
"16170",66,9,9,4,77.6481440786295,92.0072637842279,"Rough","Max. Reward Condition",20,"2",7,1,54,522,"Short",0.0667541305397369,3.19551461434133,NA,0.812178906206949,"localGP"
"16171",66,10,8,4,92.0072637842279,92.0072637842279,"Rough","Max. Reward Condition",20,"2",7,2,53,522,"Short",0.0667541305397369,3.19551461434133,NA,0.812178906206949,"localGP"
"16172",66,11,6,5,47.1321659100767,92.0072637842279,"Rough","Max. Reward Condition",20,"2",7,1,62,522,"Short",0.0667541305397369,3.19551461434133,NA,0.812178906206949,"localGP"
"16173",66,12,3,8,50.2866899354238,92.0072637842279,"Rough","Max. Reward Condition",20,"2",7,2,92,522,"Short",0.0667541305397369,3.19551461434133,NA,0.812178906206949,"localGP"
"16174",66,13,0,4,87.6072005238065,92.0072637842279,"Rough","Max. Reward Condition",20,"2",7,4,45,522,"Short",0.0667541305397369,3.19551461434133,NA,0.812178906206949,"localGP"
"16175",66,14,0,3,65.0525898505903,92.0072637842279,"Rough","Max. Reward Condition",20,"2",7,1,34,522,"Short",0.0667541305397369,3.19551461434133,NA,0.812178906206949,"localGP"
"16176",66,15,0,5,44.2701367778032,92.0072637842279,"Rough","Max. Reward Condition",20,"2",7,0,56,522,"Short",0.0667541305397369,3.19551461434133,NA,0.812178906206949,"localGP"
"16177",66,16,0,4,87.6072005238065,92.0072637842279,"Rough","Max. Reward Condition",20,"2",7,0,45,522,"Short",0.0667541305397369,3.19551461434133,NA,0.812178906206949,"localGP"
"16178",66,17,1,4,71.7748626014639,92.0072637842279,"Rough","Max. Reward Condition",20,"2",7,0,46,522,"Short",0.0667541305397369,3.19551461434133,NA,0.812178906206949,"localGP"
"16179",66,18,0,4,87.6072005238065,92.0072637842279,"Rough","Max. Reward Condition",20,"2",7,0,45,522,"Short",0.0667541305397369,3.19551461434133,NA,0.812178906206949,"localGP"
"16180",66,19,1,4,71.7748626014639,92.0072637842279,"Rough","Max. Reward Condition",20,"2",7,0,46,522,"Short",0.0667541305397369,3.19551461434133,NA,0.812178906206949,"localGP"
"16181",66,20,0,6,34.4193486809273,92.0072637842279,"Rough","Max. Reward Condition",20,"2",7,6,67,522,"Short",0.0667541305397369,3.19551461434133,NA,0.812178906206949,"localGP"
"16182",66,21,0,9,34.5534423219967,92.0072637842279,"Rough","Max. Reward Condition",20,"2",7,7,100,522,"Short",0.0667541305397369,3.19551461434133,NA,0.812178906206949,"localGP"
"16183",66,1,6,4,26.4092350309844,26.4092350309844,"Rough","Max. Reward Condition",40,"3",0,NA,51,523,"Long",0.107873471437135,1.19568249049118,NA,0.538905996043082,"localGP"
"16184",66,2,6,0,31.7584982892941,31.7584982892941,"Rough","Max. Reward Condition",40,"3",0,11,7,523,"Long",0.107873471437135,1.19568249049118,NA,0.538905996043082,"localGP"
"16185",66,3,1,2,77.703125599037,77.703125599037,"Rough","Max. Reward Condition",40,"3",0,10,24,523,"Long",0.107873471437135,1.19568249049118,NA,0.538905996043082,"localGP"
"16186",66,4,3,10,32.167524099138,77.703125599037,"Rough","Max. Reward Condition",40,"3",0,10,114,523,"Long",0.107873471437135,1.19568249049118,NA,0.538905996043082,"localGP"
"16187",66,5,4,8,67.9616061763023,77.703125599037,"Rough","Max. Reward Condition",40,"3",0,10,93,523,"Long",0.107873471437135,1.19568249049118,NA,0.538905996043082,"localGP"
"16188",66,6,5,8,68.8909705274262,77.703125599037,"Rough","Max. Reward Condition",40,"3",0,2,94,523,"Long",0.107873471437135,1.19568249049118,NA,0.538905996043082,"localGP"
"16189",66,7,5,5,2.28166204896147,77.703125599037,"Rough","Max. Reward Condition",40,"3",0,2,61,523,"Long",0.107873471437135,1.19568249049118,NA,0.538905996043082,"localGP"
"16190",66,8,7,8,55.9864237907349,77.703125599037,"Rough","Max. Reward Condition",40,"3",0,8,96,523,"Long",0.107873471437135,1.19568249049118,NA,0.538905996043082,"localGP"
"16191",66,9,6,9,38.5462096801416,77.703125599037,"Rough","Max. Reward Condition",40,"3",0,8,106,523,"Long",0.107873471437135,1.19568249049118,NA,0.538905996043082,"localGP"
"16192",66,10,7,6,58.4137969202167,77.703125599037,"Rough","Max. Reward Condition",40,"3",0,1,74,523,"Long",0.107873471437135,1.19568249049118,NA,0.538905996043082,"localGP"
"16193",66,11,10,9,53.0594493428652,77.703125599037,"Rough","Max. Reward Condition",40,"3",0,2,110,523,"Long",0.107873471437135,1.19568249049118,NA,0.538905996043082,"localGP"
"16194",66,12,9,7,93.0900522357202,93.0900522357202,"Rough","Max. Reward Condition",40,"3",0,2,87,523,"Long",0.107873471437135,1.19568249049118,NA,0.538905996043082,"localGP"
"16195",66,13,10,7,82.7698657970911,93.0900522357202,"Rough","Max. Reward Condition",40,"3",0,2,88,523,"Long",0.107873471437135,1.19568249049118,NA,0.538905996043082,"localGP"
"16196",66,14,9,7,93.0900522357202,93.0900522357202,"Rough","Max. Reward Condition",40,"3",0,1,87,523,"Long",0.107873471437135,1.19568249049118,NA,0.538905996043082,"localGP"
"16197",66,15,9,6,52.7533090833761,93.0900522357202,"Rough","Max. Reward Condition",40,"3",0,2,76,523,"Long",0.107873471437135,1.19568249049118,NA,0.538905996043082,"localGP"
"16198",66,16,2,6,50.7364669239803,93.0900522357202,"Rough","Max. Reward Condition",40,"3",0,2,69,523,"Long",0.107873471437135,1.19568249049118,NA,0.538905996043082,"localGP"
"16199",66,17,3,1,29.8909935964922,93.0900522357202,"Rough","Max. Reward Condition",40,"3",0,3,15,523,"Long",0.107873471437135,1.19568249049118,NA,0.538905996043082,"localGP"
"16200",66,18,5,10,34.5994838474691,93.0900522357202,"Rough","Max. Reward Condition",40,"3",0,2,116,523,"Long",0.107873471437135,1.19568249049118,NA,0.538905996043082,"localGP"
"16201",66,19,9,2,59.0192052842826,93.0900522357202,"Rough","Max. Reward Condition",40,"3",0,2,32,523,"Long",0.107873471437135,1.19568249049118,NA,0.538905996043082,"localGP"
"16202",66,20,10,3,47.4549008064648,93.0900522357202,"Rough","Max. Reward Condition",40,"3",0,2,44,523,"Long",0.107873471437135,1.19568249049118,NA,0.538905996043082,"localGP"
"16203",66,21,10,1,59.1692091474609,93.0900522357202,"Rough","Max. Reward Condition",40,"3",0,3,22,523,"Long",0.107873471437135,1.19568249049118,NA,0.538905996043082,"localGP"
"16204",66,22,9,1,39.3581963035653,93.0900522357202,"Rough","Max. Reward Condition",40,"3",0,2,21,523,"Long",0.107873471437135,1.19568249049118,NA,0.538905996043082,"localGP"
"16205",66,23,9,7,93.0900522357202,93.0900522357202,"Rough","Max. Reward Condition",40,"3",0,8,87,523,"Long",0.107873471437135,1.19568249049118,NA,0.538905996043082,"localGP"
"16206",66,24,10,3,47.4549008064648,93.0900522357202,"Rough","Max. Reward Condition",40,"3",0,9,44,523,"Long",0.107873471437135,1.19568249049118,NA,0.538905996043082,"localGP"
"16207",66,25,9,0,44.764827701854,93.0900522357202,"Rough","Max. Reward Condition",40,"3",0,8,10,523,"Long",0.107873471437135,1.19568249049118,NA,0.538905996043082,"localGP"
"16208",66,26,10,0,53.5439418376189,93.0900522357202,"Rough","Max. Reward Condition",40,"3",0,9,11,523,"Long",0.107873471437135,1.19568249049118,NA,0.538905996043082,"localGP"
"16209",66,27,3,7,55.5467645036046,93.0900522357202,"Rough","Max. Reward Condition",40,"3",0,8,81,523,"Long",0.107873471437135,1.19568249049118,NA,0.538905996043082,"localGP"
"16210",66,28,5,7,46.7426538325774,93.0900522357202,"Rough","Max. Reward Condition",40,"3",0,9,83,523,"Long",0.107873471437135,1.19568249049118,NA,0.538905996043082,"localGP"
"16211",66,29,5,4,41.9694329426613,93.0900522357202,"Rough","Max. Reward Condition",40,"3",0,3,50,523,"Long",0.107873471437135,1.19568249049118,NA,0.538905996043082,"localGP"
"16212",66,30,7,0,21.4630619894753,93.0900522357202,"Rough","Max. Reward Condition",40,"3",0,9,8,523,"Long",0.107873471437135,1.19568249049118,NA,0.538905996043082,"localGP"
"16213",66,31,8,7,98.0758057854271,98.0758057854271,"Rough","Max. Reward Condition",40,"3",0,1,86,523,"Long",0.107873471437135,1.19568249049118,NA,0.538905996043082,"localGP"
"16214",66,32,8,6,65.2396135357156,98.0758057854271,"Rough","Max. Reward Condition",40,"3",0,2,75,523,"Long",0.107873471437135,1.19568249049118,NA,0.538905996043082,"localGP"
"16215",66,33,5,2,21.0941848731246,98.0758057854271,"Rough","Max. Reward Condition",40,"3",0,2,28,523,"Long",0.107873471437135,1.19568249049118,NA,0.538905996043082,"localGP"
"16216",66,34,0,0,35.9067188197196,98.0758057854271,"Rough","Max. Reward Condition",40,"3",0,2,1,523,"Long",0.107873471437135,1.19568249049118,NA,0.538905996043082,"localGP"
"16217",66,35,0,2,53.4074849522853,98.0758057854271,"Rough","Max. Reward Condition",40,"3",0,1,23,523,"Long",0.107873471437135,1.19568249049118,NA,0.538905996043082,"localGP"
"16218",66,36,3,8,52.5458075522518,98.0758057854271,"Rough","Max. Reward Condition",40,"3",0,2,92,523,"Long",0.107873471437135,1.19568249049118,NA,0.538905996043082,"localGP"
"16219",66,37,7,7,59.9525509256433,98.0758057854271,"Rough","Max. Reward Condition",40,"3",0,2,85,523,"Long",0.107873471437135,1.19568249049118,NA,0.538905996043082,"localGP"
"16220",66,38,9,5,7.18281505521625,98.0758057854271,"Rough","Max. Reward Condition",40,"3",0,4,65,523,"Long",0.107873471437135,1.19568249049118,NA,0.538905996043082,"localGP"
"16221",66,39,2,0,73.189103748547,98.0758057854271,"Rough","Max. Reward Condition",40,"3",0,2,3,523,"Long",0.107873471437135,1.19568249049118,NA,0.538905996043082,"localGP"
"16222",66,40,0,3,67.8002087512036,98.0758057854271,"Rough","Max. Reward Condition",40,"3",0,5,34,523,"Long",0.107873471437135,1.19568249049118,NA,0.538905996043082,"localGP"
"16223",66,41,0,4,73.5825236697953,98.0758057854271,"Rough","Max. Reward Condition",40,"3",0,10,45,523,"Long",0.107873471437135,1.19568249049118,NA,0.538905996043082,"localGP"
"16224",66,1,7,1,45.1385973531357,45.1385973531357,"Rough","Max. Reward Condition",20,"4",3,NA,19,524,"Short",0.0560497591713673,5.58894677016678,NA,1.66377997859593,"localGP"
"16225",66,2,1,10,28.6584716384155,45.1385973531357,"Rough","Max. Reward Condition",20,"4",3,11,112,524,"Short",0.0560497591713673,5.58894677016678,NA,1.66377997859593,"localGP"
"16226",66,3,5,10,69.7494805541345,69.7494805541345,"Rough","Max. Reward Condition",20,"4",3,10,116,524,"Short",0.0560497591713673,5.58894677016678,NA,1.66377997859593,"localGP"
"16227",66,4,5,9,48.3044171595969,69.7494805541345,"Rough","Max. Reward Condition",20,"4",3,10,105,524,"Short",0.0560497591713673,5.58894677016678,NA,1.66377997859593,"localGP"
"16228",66,5,8,9,62.9374230938864,69.7494805541345,"Rough","Max. Reward Condition",20,"4",3,10,108,524,"Short",0.0560497591713673,5.58894677016678,NA,1.66377997859593,"localGP"
"16229",66,6,8,10,41.0809609626061,69.7494805541345,"Rough","Max. Reward Condition",20,"4",3,15,119,524,"Short",0.0560497591713673,5.58894677016678,NA,1.66377997859593,"localGP"
"16230",66,7,10,4,55.8295029198289,69.7494805541345,"Rough","Max. Reward Condition",20,"4",3,10,55,524,"Short",0.0560497591713673,5.58894677016678,NA,1.66377997859593,"localGP"
"16231",66,8,10,5,66.5733513621972,69.7494805541345,"Rough","Max. Reward Condition",20,"4",3,1,66,524,"Short",0.0560497591713673,5.58894677016678,NA,1.66377997859593,"localGP"
"16232",66,9,9,5,55.8126955341154,69.7494805541345,"Rough","Max. Reward Condition",20,"4",3,2,65,524,"Short",0.0560497591713673,5.58894677016678,NA,1.66377997859593,"localGP"
"16233",66,10,9,6,44.7930308508045,69.7494805541345,"Rough","Max. Reward Condition",20,"4",3,2,76,524,"Short",0.0560497591713673,5.58894677016678,NA,1.66377997859593,"localGP"
"16234",66,11,4,7,73.9799406731188,73.9799406731188,"Rough","Max. Reward Condition",20,"4",3,1,82,524,"Short",0.0560497591713673,5.58894677016678,NA,1.66377997859593,"localGP"
"16235",66,12,4,5,54.5351061532027,73.9799406731188,"Rough","Max. Reward Condition",20,"4",3,2,60,524,"Short",0.0560497591713673,5.58894677016678,NA,1.66377997859593,"localGP"
"16236",66,13,1,5,38.9803477901221,73.9799406731188,"Rough","Max. Reward Condition",20,"4",3,1,57,524,"Short",0.0560497591713673,5.58894677016678,NA,1.66377997859593,"localGP"
"16237",66,14,2,6,23.2904809961193,73.9799406731188,"Rough","Max. Reward Condition",20,"4",3,2,69,524,"Short",0.0560497591713673,5.58894677016678,NA,1.66377997859593,"localGP"
"16238",66,15,0,0,44.0135944380154,73.9799406731188,"Rough","Max. Reward Condition",20,"4",3,1,1,524,"Short",0.0560497591713673,5.58894677016678,NA,1.66377997859593,"localGP"
"16239",66,16,3,6,46.2251084893925,73.9799406731188,"Rough","Max. Reward Condition",20,"4",3,2,70,524,"Short",0.0560497591713673,5.58894677016678,NA,1.66377997859593,"localGP"
"16240",66,17,10,1,38.6271450157014,73.9799406731188,"Rough","Max. Reward Condition",20,"4",3,1,22,524,"Short",0.0560497591713673,5.58894677016678,NA,1.66377997859593,"localGP"
"16241",66,18,7,5,29.412889108469,73.9799406731188,"Rough","Max. Reward Condition",20,"4",3,5,63,524,"Short",0.0560497591713673,5.58894677016678,NA,1.66377997859593,"localGP"
"16242",66,19,7,3,65.2894287443007,73.9799406731188,"Rough","Max. Reward Condition",20,"4",3,1,41,524,"Short",0.0560497591713673,5.58894677016678,NA,1.66377997859593,"localGP"
"16243",66,20,1,2,73.9442731369025,73.9799406731188,"Rough","Max. Reward Condition",20,"4",3,2,24,524,"Short",0.0560497591713673,5.58894677016678,NA,1.66377997859593,"localGP"
"16244",66,21,0,2,79.3285213093921,79.3285213093921,"Rough","Max. Reward Condition",20,"4",3,2,23,524,"Short",0.0560497591713673,5.58894677016678,NA,1.66377997859593,"localGP"
"16245",66,1,2,8,11.0893535309519,11.0893535309519,"Rough","Max. Reward Condition",40,"5",6,NA,91,525,"Long",0.108384617837917,1.06378961814603,NA,0.457321413059098,"localGP"
"16246",66,2,4,8,46.9524514765954,46.9524514765954,"Rough","Max. Reward Condition",40,"5",6,8,93,525,"Long",0.108384617837917,1.06378961814603,NA,0.457321413059098,"localGP"
"16247",66,3,8,3,35.8284389219026,46.9524514765954,"Rough","Max. Reward Condition",40,"5",6,5,42,525,"Long",0.108384617837917,1.06378961814603,NA,0.457321413059098,"localGP"
"16248",66,4,8,10,32.093395262208,46.9524514765954,"Rough","Max. Reward Condition",40,"5",6,1,119,525,"Long",0.108384617837917,1.06378961814603,NA,0.457321413059098,"localGP"
"16249",66,5,9,3,30.7578099709399,46.9524514765954,"Rough","Max. Reward Condition",40,"5",6,2,43,525,"Long",0.108384617837917,1.06378961814603,NA,0.457321413059098,"localGP"
"16250",66,6,2,10,50.1552784295293,50.1552784295293,"Rough","Max. Reward Condition",40,"5",6,2,113,525,"Long",0.108384617837917,1.06378961814603,NA,0.457321413059098,"localGP"
"16251",66,7,1,10,67.9554499447788,67.9554499447788,"Rough","Max. Reward Condition",40,"5",6,1,112,525,"Long",0.108384617837917,1.06378961814603,NA,0.457321413059098,"localGP"
"16252",66,8,0,6,46.0544782889019,67.9554499447788,"Rough","Max. Reward Condition",40,"5",6,2,67,525,"Long",0.108384617837917,1.06378961814603,NA,0.457321413059098,"localGP"
"16253",66,9,1,2,44.6789211207644,67.9554499447788,"Rough","Max. Reward Condition",40,"5",6,5,24,525,"Long",0.108384617837917,1.06378961814603,NA,0.457321413059098,"localGP"
"16254",66,10,6,0,94.4963050018738,94.4963050018738,"Rough","Max. Reward Condition",40,"5",6,5,7,525,"Long",0.108384617837917,1.06378961814603,NA,0.457321413059098,"localGP"
"16255",66,11,7,0,94.4174730147353,94.4963050018738,"Rough","Max. Reward Condition",40,"5",6,5,8,525,"Long",0.108384617837917,1.06378961814603,NA,0.457321413059098,"localGP"
"16256",66,12,8,0,72.9354979095338,94.4963050018738,"Rough","Max. Reward Condition",40,"5",6,5,9,525,"Long",0.108384617837917,1.06378961814603,NA,0.457321413059098,"localGP"
"16257",66,13,8,9,49.0885670492111,94.4963050018738,"Rough","Max. Reward Condition",40,"5",6,5,108,525,"Long",0.108384617837917,1.06378961814603,NA,0.457321413059098,"localGP"
"16258",66,14,7,8,41.2867547239503,94.4963050018738,"Rough","Max. Reward Condition",40,"5",6,1,96,525,"Long",0.108384617837917,1.06378961814603,NA,0.457321413059098,"localGP"
"16259",66,15,10,6,56.8143010916022,94.4963050018738,"Rough","Max. Reward Condition",40,"5",6,2,77,525,"Long",0.108384617837917,1.06378961814603,NA,0.457321413059098,"localGP"
"16260",66,16,10,7,45.5021698511978,94.4963050018738,"Rough","Max. Reward Condition",40,"5",6,6,88,525,"Long",0.108384617837917,1.06378961814603,NA,0.457321413059098,"localGP"
"16261",66,17,7,2,60.5825002841952,94.4963050018738,"Rough","Max. Reward Condition",40,"5",6,1,30,525,"Long",0.108384617837917,1.06378961814603,NA,0.457321413059098,"localGP"
"16262",66,18,3,1,50.2100304142553,94.4963050018738,"Rough","Max. Reward Condition",40,"5",6,2,15,525,"Long",0.108384617837917,1.06378961814603,NA,0.457321413059098,"localGP"
"16263",66,19,2,1,32.7608851957518,94.4963050018738,"Rough","Max. Reward Condition",40,"5",6,2,14,525,"Long",0.108384617837917,1.06378961814603,NA,0.457321413059098,"localGP"
"16264",66,20,5,1,54.7135189925466,94.4963050018738,"Rough","Max. Reward Condition",40,"5",6,1,17,525,"Long",0.108384617837917,1.06378961814603,NA,0.457321413059098,"localGP"
"16265",66,21,5,3,48.1996361335517,94.4963050018738,"Rough","Max. Reward Condition",40,"5",6,2,39,525,"Long",0.108384617837917,1.06378961814603,NA,0.457321413059098,"localGP"
"16266",66,22,3,3,53.304494443318,94.4963050018738,"Rough","Max. Reward Condition",40,"5",6,2,37,525,"Long",0.108384617837917,1.06378961814603,NA,0.457321413059098,"localGP"
"16267",66,23,0,9,70.7016784293051,94.4963050018738,"Rough","Max. Reward Condition",40,"5",6,12,100,525,"Long",0.108384617837917,1.06378961814603,NA,0.457321413059098,"localGP"
"16268",66,24,7,6,39.4865899773576,94.4963050018738,"Rough","Max. Reward Condition",40,"5",6,5,74,525,"Long",0.108384617837917,1.06378961814603,NA,0.457321413059098,"localGP"
"16269",66,25,8,6,60.0245821381091,94.4963050018738,"Rough","Max. Reward Condition",40,"5",6,4,75,525,"Long",0.108384617837917,1.06378961814603,NA,0.457321413059098,"localGP"
"16270",66,26,8,2,56.1209576242771,94.4963050018738,"Rough","Max. Reward Condition",40,"5",6,7,31,525,"Long",0.108384617837917,1.06378961814603,NA,0.457321413059098,"localGP"
"16271",66,27,6,3,37.4132597632544,94.4963050018738,"Rough","Max. Reward Condition",40,"5",6,7,40,525,"Long",0.108384617837917,1.06378961814603,NA,0.457321413059098,"localGP"
"16272",66,28,6,0,94.4963050018738,94.4963050018738,"Rough","Max. Reward Condition",40,"5",6,6,7,525,"Long",0.108384617837917,1.06378961814603,NA,0.457321413059098,"localGP"
"16273",66,29,6,1,58.9505924012191,94.4963050018738,"Rough","Max. Reward Condition",40,"5",6,2,18,525,"Long",0.108384617837917,1.06378961814603,NA,0.457321413059098,"localGP"
"16274",66,30,0,8,61.7889867982793,94.4963050018738,"Rough","Max. Reward Condition",40,"5",6,3,89,525,"Long",0.108384617837917,1.06378961814603,NA,0.457321413059098,"localGP"
"16275",66,31,4,0,55.5674013625867,94.4963050018738,"Rough","Max. Reward Condition",40,"5",6,4,5,525,"Long",0.108384617837917,1.06378961814603,NA,0.457321413059098,"localGP"
"16276",66,32,4,1,54.7263505752768,94.4963050018738,"Rough","Max. Reward Condition",40,"5",6,3,16,525,"Long",0.108384617837917,1.06378961814603,NA,0.457321413059098,"localGP"
"16277",66,33,10,10,61.5766654698321,94.4963050018738,"Rough","Max. Reward Condition",40,"5",6,5,121,525,"Long",0.108384617837917,1.06378961814603,NA,0.457321413059098,"localGP"
"16278",66,34,6,1,58.9505924012191,94.4963050018738,"Rough","Max. Reward Condition",40,"5",6,4,18,525,"Long",0.108384617837917,1.06378961814603,NA,0.457321413059098,"localGP"
"16279",66,35,7,0,94.4174730147353,94.4963050018738,"Rough","Max. Reward Condition",40,"5",6,4,8,525,"Long",0.108384617837917,1.06378961814603,NA,0.457321413059098,"localGP"
"16280",66,36,6,0,94.4963050018738,94.4963050018738,"Rough","Max. Reward Condition",40,"5",6,9,7,525,"Long",0.108384617837917,1.06378961814603,NA,0.457321413059098,"localGP"
"16281",66,37,7,0,94.4174730147353,94.4963050018738,"Rough","Max. Reward Condition",40,"5",6,5,8,525,"Long",0.108384617837917,1.06378961814603,NA,0.457321413059098,"localGP"
"16282",66,38,5,5,11.8133453526905,94.4963050018738,"Rough","Max. Reward Condition",40,"5",6,2,61,525,"Long",0.108384617837917,1.06378961814603,NA,0.457321413059098,"localGP"
"16283",66,39,10,5,28.65801545199,94.4963050018738,"Rough","Max. Reward Condition",40,"5",6,4,66,525,"Long",0.108384617837917,1.06378961814603,NA,0.457321413059098,"localGP"
"16284",66,40,4,1,54.7263505752768,94.4963050018738,"Rough","Max. Reward Condition",40,"5",6,2,16,525,"Long",0.108384617837917,1.06378961814603,NA,0.457321413059098,"localGP"
"16285",66,41,4,2,29.5493469848231,94.4963050018738,"Rough","Max. Reward Condition",40,"5",6,2,27,525,"Long",0.108384617837917,1.06378961814603,NA,0.457321413059098,"localGP"
"16286",66,1,4,3,65.5943555027251,65.5943555027251,"Rough","Max. Reward Condition",20,"6",12,NA,38,526,"Short",0.0481468204030994,1.03284539363675,NA,0.224631192702718,"localGP"
"16287",66,2,3,3,78.6603428808522,78.6603428808522,"Rough","Max. Reward Condition",20,"6",12,10,37,526,"Short",0.0481468204030994,1.03284539363675,NA,0.224631192702718,"localGP"
"16288",66,3,3,2,92.3609329000905,92.3609329000905,"Rough","Max. Reward Condition",20,"6",12,5,26,526,"Short",0.0481468204030994,1.03284539363675,NA,0.224631192702718,"localGP"
"16289",66,4,2,2,75.2998584228021,92.3609329000905,"Rough","Max. Reward Condition",20,"6",12,5,25,526,"Short",0.0481468204030994,1.03284539363675,NA,0.224631192702718,"localGP"
"16290",66,5,3,2,92.3609329000905,92.3609329000905,"Rough","Max. Reward Condition",20,"6",12,5,26,526,"Short",0.0481468204030994,1.03284539363675,NA,0.224631192702718,"localGP"
"16291",66,6,3,1,68.4386100251646,92.3609329000905,"Rough","Max. Reward Condition",20,"6",12,5,15,526,"Short",0.0481468204030994,1.03284539363675,NA,0.224631192702718,"localGP"
"16292",66,7,3,2,92.3609329000905,92.3609329000905,"Rough","Max. Reward Condition",20,"6",12,1,26,526,"Short",0.0481468204030994,1.03284539363675,NA,0.224631192702718,"localGP"
"16293",66,8,3,2,92.3609329000905,92.3609329000905,"Rough","Max. Reward Condition",20,"6",12,2,26,526,"Short",0.0481468204030994,1.03284539363675,NA,0.224631192702718,"localGP"
"16294",66,9,3,2,92.3609329000905,92.3609329000905,"Rough","Max. Reward Condition",20,"6",12,1,26,526,"Short",0.0481468204030994,1.03284539363675,NA,0.224631192702718,"localGP"
"16295",66,10,3,2,92.3609329000905,92.3609329000905,"Rough","Max. Reward Condition",20,"6",12,2,26,526,"Short",0.0481468204030994,1.03284539363675,NA,0.224631192702718,"localGP"
"16296",66,11,3,2,92.3609329000905,92.3609329000905,"Rough","Max. Reward Condition",20,"6",12,1,26,526,"Short",0.0481468204030994,1.03284539363675,NA,0.224631192702718,"localGP"
"16297",66,12,3,2,92.3609329000905,92.3609329000905,"Rough","Max. Reward Condition",20,"6",12,2,26,526,"Short",0.0481468204030994,1.03284539363675,NA,0.224631192702718,"localGP"
"16298",66,13,3,2,92.3609329000905,92.3609329000905,"Rough","Max. Reward Condition",20,"6",12,1,26,526,"Short",0.0481468204030994,1.03284539363675,NA,0.224631192702718,"localGP"
"16299",66,14,3,2,92.3609329000905,92.3609329000905,"Rough","Max. Reward Condition",20,"6",12,2,26,526,"Short",0.0481468204030994,1.03284539363675,NA,0.224631192702718,"localGP"
"16300",66,15,4,2,81.6647174161388,92.3609329000905,"Rough","Max. Reward Condition",20,"6",12,5,27,526,"Short",0.0481468204030994,1.03284539363675,NA,0.224631192702718,"localGP"
"16301",66,16,4,1,56.1038322690093,92.3609329000905,"Rough","Max. Reward Condition",20,"6",12,5,16,526,"Short",0.0481468204030994,1.03284539363675,NA,0.224631192702718,"localGP"
"16302",66,17,4,2,81.6647174161388,92.3609329000905,"Rough","Max. Reward Condition",20,"6",12,5,27,526,"Short",0.0481468204030994,1.03284539363675,NA,0.224631192702718,"localGP"
"16303",66,18,4,2,81.6647174161388,92.3609329000905,"Rough","Max. Reward Condition",20,"6",12,1,27,526,"Short",0.0481468204030994,1.03284539363675,NA,0.224631192702718,"localGP"
"16304",66,19,4,2,81.6647174161388,92.3609329000905,"Rough","Max. Reward Condition",20,"6",12,2,27,526,"Short",0.0481468204030994,1.03284539363675,NA,0.224631192702718,"localGP"
"16305",66,20,3,2,92.3609329000905,92.3609329000905,"Rough","Max. Reward Condition",20,"6",12,2,26,526,"Short",0.0481468204030994,1.03284539363675,NA,0.224631192702718,"localGP"
"16306",66,21,3,2,92.3609329000905,92.3609329000905,"Rough","Max. Reward Condition",20,"6",12,6,26,526,"Short",0.0481468204030994,1.03284539363675,NA,0.224631192702718,"localGP"
"16307",66,1,7,9,57.3102242672527,57.3102242672527,"Rough","Max. Reward Condition",40,"7",5,NA,107,527,"Long",0.102431608190017,1.14584747499895,NA,0.503860510187174,"localGP"
"16308",66,2,3,8,22.3060524165521,57.3102242672527,"Rough","Max. Reward Condition",40,"7",5,1,92,527,"Long",0.102431608190017,1.14584747499895,NA,0.503860510187174,"localGP"
"16309",66,3,4,6,22.9832733100999,57.3102242672527,"Rough","Max. Reward Condition",40,"7",5,2,71,527,"Long",0.102431608190017,1.14584747499895,NA,0.503860510187174,"localGP"
"16310",66,4,1,5,50.8339680932968,57.3102242672527,"Rough","Max. Reward Condition",40,"7",5,2,57,527,"Long",0.102431608190017,1.14584747499895,NA,0.503860510187174,"localGP"
"16311",66,5,4,3,25.4004709385856,57.3102242672527,"Rough","Max. Reward Condition",40,"7",5,1,38,527,"Long",0.102431608190017,1.14584747499895,NA,0.503860510187174,"localGP"
"16312",66,6,3,2,22.9115521258941,57.3102242672527,"Rough","Max. Reward Condition",40,"7",5,2,26,527,"Long",0.102431608190017,1.14584747499895,NA,0.503860510187174,"localGP"
"16313",66,7,5,1,65.3608725522841,65.3608725522841,"Rough","Max. Reward Condition",40,"7",5,10,17,527,"Long",0.102431608190017,1.14584747499895,NA,0.503860510187174,"localGP"
"16314",66,8,3,2,22.9115521258941,65.3608725522841,"Rough","Max. Reward Condition",40,"7",5,4,26,527,"Long",0.102431608190017,1.14584747499895,NA,0.503860510187174,"localGP"
"16315",66,9,4,0,48.9349746000449,65.3608725522841,"Rough","Max. Reward Condition",40,"7",5,9,5,527,"Long",0.102431608190017,1.14584747499895,NA,0.503860510187174,"localGP"
"16316",66,10,5,7,50.9750480071235,65.3608725522841,"Rough","Max. Reward Condition",40,"7",5,5,83,527,"Long",0.102431608190017,1.14584747499895,NA,0.503860510187174,"localGP"
"16317",66,11,6,7,60.8864429943102,65.3608725522841,"Rough","Max. Reward Condition",40,"7",5,5,84,527,"Long",0.102431608190017,1.14584747499895,NA,0.503860510187174,"localGP"
"16318",66,12,9,7,82.2639339178051,82.2639339178051,"Rough","Max. Reward Condition",40,"7",5,5,87,527,"Long",0.102431608190017,1.14584747499895,NA,0.503860510187174,"localGP"
"16319",66,13,9,8,81.2433897221898,82.2639339178051,"Rough","Max. Reward Condition",40,"7",5,5,98,527,"Long",0.102431608190017,1.14584747499895,NA,0.503860510187174,"localGP"
"16320",66,14,9,6,62.6880904214702,82.2639339178051,"Rough","Max. Reward Condition",40,"7",5,5,76,527,"Long",0.102431608190017,1.14584747499895,NA,0.503860510187174,"localGP"
"16321",66,15,9,5,12.8213865416785,82.2639339178051,"Rough","Max. Reward Condition",40,"7",5,4,65,527,"Long",0.102431608190017,1.14584747499895,NA,0.503860510187174,"localGP"
"16322",66,16,8,2,68.5610945075531,82.2639339178051,"Rough","Max. Reward Condition",40,"7",5,2,31,527,"Long",0.102431608190017,1.14584747499895,NA,0.503860510187174,"localGP"
"16323",66,17,8,1,86.7518912658619,86.7518912658619,"Rough","Max. Reward Condition",40,"7",5,2,20,527,"Long",0.102431608190017,1.14584747499895,NA,0.503860510187174,"localGP"
"16324",66,18,8,0,96.125082157983,96.125082157983,"Rough","Max. Reward Condition",40,"7",5,3,9,527,"Long",0.102431608190017,1.14584747499895,NA,0.503860510187174,"localGP"
"16325",66,19,9,0,92.5470885084956,96.125082157983,"Rough","Max. Reward Condition",40,"7",5,2,10,527,"Long",0.102431608190017,1.14584747499895,NA,0.503860510187174,"localGP"
"16326",66,20,2,7,63.0009414809194,96.125082157983,"Rough","Max. Reward Condition",40,"7",5,11,80,527,"Long",0.102431608190017,1.14584747499895,NA,0.503860510187174,"localGP"
"16327",66,21,2,6,69.3656436525534,96.125082157983,"Rough","Max. Reward Condition",40,"7",5,2,69,527,"Long",0.102431608190017,1.14584747499895,NA,0.503860510187174,"localGP"
"16328",66,22,0,3,37.5224299882295,96.125082157983,"Rough","Max. Reward Condition",40,"7",5,3,34,527,"Long",0.102431608190017,1.14584747499895,NA,0.503860510187174,"localGP"
"16329",66,23,7,2,61.2330802415628,96.125082157983,"Rough","Max. Reward Condition",40,"7",5,1,30,527,"Long",0.102431608190017,1.14584747499895,NA,0.503860510187174,"localGP"
"16330",66,24,2,8,25.1092880006294,96.125082157983,"Rough","Max. Reward Condition",40,"7",5,2,91,527,"Long",0.102431608190017,1.14584747499895,NA,0.503860510187174,"localGP"
"16331",66,25,2,10,8.81939176369258,96.125082157983,"Rough","Max. Reward Condition",40,"7",5,2,113,527,"Long",0.102431608190017,1.14584747499895,NA,0.503860510187174,"localGP"
"16332",66,26,2,1,65.1261244784447,96.125082157983,"Rough","Max. Reward Condition",40,"7",5,4,14,527,"Long",0.102431608190017,1.14584747499895,NA,0.503860510187174,"localGP"
"16333",66,27,1,1,76.3592435056854,96.125082157983,"Rough","Max. Reward Condition",40,"7",5,4,13,527,"Long",0.102431608190017,1.14584747499895,NA,0.503860510187174,"localGP"
"16334",66,28,1,0,96.5592273768924,96.5592273768924,"Rough","Max. Reward Condition",40,"7",5,6,2,527,"Long",0.102431608190017,1.14584747499895,NA,0.503860510187174,"localGP"
"16335",66,29,2,0,77.0544773481124,96.5592273768924,"Rough","Max. Reward Condition",40,"7",5,1,3,527,"Long",0.102431608190017,1.14584747499895,NA,0.503860510187174,"localGP"
"16336",66,30,3,4,13.4107101100565,96.5592273768924,"Rough","Max. Reward Condition",40,"7",5,2,48,527,"Long",0.102431608190017,1.14584747499895,NA,0.503860510187174,"localGP"
"16337",66,31,9,5,12.8213865416785,96.5592273768924,"Rough","Max. Reward Condition",40,"7",5,1,65,527,"Long",0.102431608190017,1.14584747499895,NA,0.503860510187174,"localGP"
"16338",66,32,2,6,69.3656436525534,96.5592273768924,"Rough","Max. Reward Condition",40,"7",5,2,69,527,"Long",0.102431608190017,1.14584747499895,NA,0.503860510187174,"localGP"
"16339",66,33,0,0,76.5662850402658,96.5592273768924,"Rough","Max. Reward Condition",40,"7",5,2,1,527,"Long",0.102431608190017,1.14584747499895,NA,0.503860510187174,"localGP"
"16340",66,34,8,6,91.4722545331952,96.5592273768924,"Rough","Max. Reward Condition",40,"7",5,8,75,527,"Long",0.102431608190017,1.14584747499895,NA,0.503860510187174,"localGP"
"16341",66,35,8,7,100,100,"Rough","Max. Reward Condition",40,"7",5,3,86,527,"Long",0.102431608190017,1.14584747499895,NA,0.503860510187174,"localGP"
"16342",66,36,8,6,91.4722545331952,100,"Rough","Max. Reward Condition",40,"7",5,4,75,527,"Long",0.102431608190017,1.14584747499895,NA,0.503860510187174,"localGP"
"16343",66,37,8,6,91.4722545331952,100,"Rough","Max. Reward Condition",40,"7",5,10,75,527,"Long",0.102431608190017,1.14584747499895,NA,0.503860510187174,"localGP"
"16344",66,38,8,9,65.659951662905,100,"Rough","Max. Reward Condition",40,"7",5,11,108,527,"Long",0.102431608190017,1.14584747499895,NA,0.503860510187174,"localGP"
"16345",66,39,8,8,82.5602297507619,100,"Rough","Max. Reward Condition",40,"7",5,3,97,527,"Long",0.102431608190017,1.14584747499895,NA,0.503860510187174,"localGP"
"16346",66,40,8,0,96.125082157983,100,"Rough","Max. Reward Condition",40,"7",5,6,9,527,"Long",0.102431608190017,1.14584747499895,NA,0.503860510187174,"localGP"
"16347",66,41,7,0,68.4752649344305,100,"Rough","Max. Reward Condition",40,"7",5,9,8,527,"Long",0.102431608190017,1.14584747499895,NA,0.503860510187174,"localGP"
"16348",66,1,7,4,21.5751534071113,21.5751534071113,"Rough","Max. Reward Condition",20,"8",18,NA,52,528,"Short",0.0585648155750351,1.1683098383705,NA,0.292437129392633,"localGP"
"16349",66,2,5,5,61.5391732787472,61.5391732787472,"Rough","Max. Reward Condition",20,"8",18,14,61,528,"Short",0.0585648155750351,1.1683098383705,NA,0.292437129392633,"localGP"
"16350",66,3,4,4,52.24416387013,61.5391732787472,"Rough","Max. Reward Condition",20,"8",18,5,49,528,"Short",0.0585648155750351,1.1683098383705,NA,0.292437129392633,"localGP"
"16351",66,4,2,8,43.6561164584679,61.5391732787472,"Rough","Max. Reward Condition",20,"8",18,5,91,528,"Short",0.0585648155750351,1.1683098383705,NA,0.292437129392633,"localGP"
"16352",66,5,8,7,51.6253344127728,61.5391732787472,"Rough","Max. Reward Condition",20,"8",18,10,86,528,"Short",0.0585648155750351,1.1683098383705,NA,0.292437129392633,"localGP"
"16353",66,6,8,6,52.3875490141336,61.5391732787472,"Rough","Max. Reward Condition",20,"8",18,5,75,528,"Short",0.0585648155750351,1.1683098383705,NA,0.292437129392633,"localGP"
"16354",66,7,7,4,21.5751534071113,61.5391732787472,"Rough","Max. Reward Condition",20,"8",18,5,52,528,"Short",0.0585648155750351,1.1683098383705,NA,0.292437129392633,"localGP"
"16355",66,8,7,9,43.7178093969653,61.5391732787472,"Rough","Max. Reward Condition",20,"8",18,5,107,528,"Short",0.0585648155750351,1.1683098383705,NA,0.292437129392633,"localGP"
"16356",66,9,5,9,24.0405194815787,61.5391732787472,"Rough","Max. Reward Condition",20,"8",18,4,105,528,"Short",0.0585648155750351,1.1683098383705,NA,0.292437129392633,"localGP"
"16357",66,10,0,3,20.6322691826754,61.5391732787472,"Rough","Max. Reward Condition",20,"8",18,2,34,528,"Short",0.0585648155750351,1.1683098383705,NA,0.292437129392633,"localGP"
"16358",66,11,1,0,52.4795285472342,61.5391732787472,"Rough","Max. Reward Condition",20,"8",18,9,2,528,"Short",0.0585648155750351,1.1683098383705,NA,0.292437129392633,"localGP"
"16359",66,12,2,0,34.0203157022651,61.5391732787472,"Rough","Max. Reward Condition",20,"8",18,4,3,528,"Short",0.0585648155750351,1.1683098383705,NA,0.292437129392633,"localGP"
"16360",66,13,7,10,39.5407952471519,61.5391732787472,"Rough","Max. Reward Condition",20,"8",18,4,118,528,"Short",0.0585648155750351,1.1683098383705,NA,0.292437129392633,"localGP"
"16361",66,14,6,8,37.9736257778301,61.5391732787472,"Rough","Max. Reward Condition",20,"8",18,4,95,528,"Short",0.0585648155750351,1.1683098383705,NA,0.292437129392633,"localGP"
"16362",66,15,6,1,34.7009695996788,61.5391732787472,"Rough","Max. Reward Condition",20,"8",18,4,18,528,"Short",0.0585648155750351,1.1683098383705,NA,0.292437129392633,"localGP"
"16363",66,16,10,7,45.9324442548253,61.5391732787472,"Rough","Max. Reward Condition",20,"8",18,3,88,528,"Short",0.0585648155750351,1.1683098383705,NA,0.292437129392633,"localGP"
"16364",66,17,9,2,46.2486687787869,61.5391732787472,"Rough","Max. Reward Condition",20,"8",18,2,32,528,"Short",0.0585648155750351,1.1683098383705,NA,0.292437129392633,"localGP"
"16365",66,18,10,6,35.7890292277551,61.5391732787472,"Rough","Max. Reward Condition",20,"8",18,2,77,528,"Short",0.0585648155750351,1.1683098383705,NA,0.292437129392633,"localGP"
"16366",66,19,8,9,44.1981806048447,61.5391732787472,"Rough","Max. Reward Condition",20,"8",18,2,108,528,"Short",0.0585648155750351,1.1683098383705,NA,0.292437129392633,"localGP"
"16367",66,20,3,3,53.9768384538052,61.5391732787472,"Rough","Max. Reward Condition",20,"8",18,3,37,528,"Short",0.0585648155750351,1.1683098383705,NA,0.292437129392633,"localGP"
"16368",66,21,3,2,87.0484650270771,87.0484650270771,"Rough","Max. Reward Condition",20,"8",18,2,26,528,"Short",0.0585648155750351,1.1683098383705,NA,0.292437129392633,"localGP"
"16369",67,1,10,7,45.9324442548253,45.9324442548253,"Smooth","Max. Reward Condition",20,"1",18,NA,88,529,"Short",0.0880323791339884,0.744263837131648,NA,0.513460588724272,"localGP"
"16370",67,2,10,10,40.9300790469513,45.9324442548253,"Smooth","Max. Reward Condition",20,"1",18,1,121,529,"Short",0.0880323791339884,0.744263837131648,NA,0.513460588724272,"localGP"
"16371",67,3,9,10,51.7164759770516,51.7164759770516,"Smooth","Max. Reward Condition",20,"1",18,1,120,529,"Short",0.0880323791339884,0.744263837131648,NA,0.513460588724272,"localGP"
"16372",67,4,0,9,63.7273848369045,63.7273848369045,"Smooth","Max. Reward Condition",20,"1",18,2,100,529,"Short",0.0880323791339884,0.744263837131648,NA,0.513460588724272,"localGP"
"16373",67,5,0,6,15.0068435971623,63.7273848369045,"Smooth","Max. Reward Condition",20,"1",18,1,67,529,"Short",0.0880323791339884,0.744263837131648,NA,0.513460588724272,"localGP"
"16374",67,6,0,4,2.73847542307962,63.7273848369045,"Smooth","Max. Reward Condition",20,"1",18,1,45,529,"Short",0.0880323791339884,0.744263837131648,NA,0.513460588724272,"localGP"
"16375",67,7,1,4,5.78214672223985,63.7273848369045,"Smooth","Max. Reward Condition",20,"1",18,2,46,529,"Short",0.0880323791339884,0.744263837131648,NA,0.513460588724272,"localGP"
"16376",67,8,1,0,52.4795285472342,63.7273848369045,"Smooth","Max. Reward Condition",20,"1",18,1,2,529,"Short",0.0880323791339884,0.744263837131648,NA,0.513460588724272,"localGP"
"16377",67,9,2,0,34.0203157022651,63.7273848369045,"Smooth","Max. Reward Condition",20,"1",18,1,3,529,"Short",0.0880323791339884,0.744263837131648,NA,0.513460588724272,"localGP"
"16378",67,10,5,2,52.4052015124445,63.7273848369045,"Smooth","Max. Reward Condition",20,"1",18,1,28,529,"Short",0.0880323791339884,0.744263837131648,NA,0.513460588724272,"localGP"
"16379",67,11,5,3,28.2693028674169,63.7273848369045,"Smooth","Max. Reward Condition",20,"1",18,2,39,529,"Short",0.0880323791339884,0.744263837131648,NA,0.513460588724272,"localGP"
"16380",67,12,7,3,0,63.7273848369045,"Smooth","Max. Reward Condition",20,"1",18,2,41,529,"Short",0.0880323791339884,0.744263837131648,NA,0.513460588724272,"localGP"
"16381",67,13,8,2,23.7481836425879,63.7273848369045,"Smooth","Max. Reward Condition",20,"1",18,3,31,529,"Short",0.0880323791339884,0.744263837131648,NA,0.513460588724272,"localGP"
"16382",67,14,10,3,47.7289893692748,63.7273848369045,"Smooth","Max. Reward Condition",20,"1",18,1,44,529,"Short",0.0880323791339884,0.744263837131648,NA,0.513460588724272,"localGP"
"16383",67,15,10,2,47.0470762762012,63.7273848369045,"Smooth","Max. Reward Condition",20,"1",18,3,33,529,"Short",0.0880323791339884,0.744263837131648,NA,0.513460588724272,"localGP"
"16384",67,16,9,1,36.0277373757591,63.7273848369045,"Smooth","Max. Reward Condition",20,"1",18,5,21,529,"Short",0.0880323791339884,0.744263837131648,NA,0.513460588724272,"localGP"
"16385",67,17,8,1,22.4638703652577,63.7273848369045,"Smooth","Max. Reward Condition",20,"1",18,1,20,529,"Short",0.0880323791339884,0.744263837131648,NA,0.513460588724272,"localGP"
"16386",67,18,8,0,49.6392731518266,63.7273848369045,"Smooth","Max. Reward Condition",20,"1",18,4,9,529,"Short",0.0880323791339884,0.744263837131648,NA,0.513460588724272,"localGP"
"16387",67,19,7,0,42.9589109344854,63.7273848369045,"Smooth","Max. Reward Condition",20,"1",18,6,8,529,"Short",0.0880323791339884,0.744263837131648,NA,0.513460588724272,"localGP"
"16388",67,20,6,0,37.7168186975526,63.7273848369045,"Smooth","Max. Reward Condition",20,"1",18,6,7,529,"Short",0.0880323791339884,0.744263837131648,NA,0.513460588724272,"localGP"
"16389",67,21,5,0,43.1589496872262,63.7273848369045,"Smooth","Max. Reward Condition",20,"1",18,5,6,529,"Short",0.0880323791339884,0.744263837131648,NA,0.513460588724272,"localGP"
"16390",67,1,3,10,39.8581222940404,39.8581222940404,"Smooth","Max. Reward Condition",40,"2",9,NA,114,530,"Long",0.112605133389479,0.640553174879295,NA,0.577832317662225,"localGP"
"16391",67,2,4,10,47.1833228393405,47.1833228393405,"Smooth","Max. Reward Condition",40,"2",9,2,115,530,"Long",0.112605133389479,0.640553174879295,NA,0.577832317662225,"localGP"
"16392",67,3,4,8,60.4776805465143,60.4776805465143,"Smooth","Max. Reward Condition",40,"2",9,9,93,530,"Long",0.112605133389479,0.640553174879295,NA,0.577832317662225,"localGP"
"16393",67,4,8,0,41.6535963587684,60.4776805465143,"Smooth","Max. Reward Condition",40,"2",9,8,9,530,"Long",0.112605133389479,0.640553174879295,NA,0.577832317662225,"localGP"
"16394",67,5,8,1,48.5054292480758,60.4776805465143,"Smooth","Max. Reward Condition",40,"2",9,5,20,530,"Long",0.112605133389479,0.640553174879295,NA,0.577832317662225,"localGP"
"16395",67,6,10,4,62.6723256804465,62.6723256804465,"Smooth","Max. Reward Condition",40,"2",9,1,55,530,"Long",0.112605133389479,0.640553174879295,NA,0.577832317662225,"localGP"
"16396",67,7,9,5,32.4681463140711,62.6723256804465,"Smooth","Max. Reward Condition",40,"2",9,1,65,530,"Long",0.112605133389479,0.640553174879295,NA,0.577832317662225,"localGP"
"16397",67,8,8,5,0,62.6723256804465,"Smooth","Max. Reward Condition",40,"2",9,1,64,530,"Long",0.112605133389479,0.640553174879295,NA,0.577832317662225,"localGP"
"16398",67,9,7,5,4.73175051861213,62.6723256804465,"Smooth","Max. Reward Condition",40,"2",9,3,63,530,"Long",0.112605133389479,0.640553174879295,NA,0.577832317662225,"localGP"
"16399",67,10,6,2,57.8143678139961,62.6723256804465,"Smooth","Max. Reward Condition",40,"2",9,4,29,530,"Long",0.112605133389479,0.640553174879295,NA,0.577832317662225,"localGP"
"16400",67,11,6,4,34.6420598160748,62.6723256804465,"Smooth","Max. Reward Condition",40,"2",9,1,51,530,"Long",0.112605133389479,0.640553174879295,NA,0.577832317662225,"localGP"
"16401",67,12,6,3,42.903174760405,62.6723256804465,"Smooth","Max. Reward Condition",40,"2",9,3,40,530,"Long",0.112605133389479,0.640553174879295,NA,0.577832317662225,"localGP"
"16402",67,13,5,3,31.7363408535339,62.6723256804465,"Smooth","Max. Reward Condition",40,"2",9,11,39,530,"Long",0.112605133389479,0.640553174879295,NA,0.577832317662225,"localGP"
"16403",67,14,8,0,41.6535963587684,62.6723256804465,"Smooth","Max. Reward Condition",40,"2",9,1,9,530,"Long",0.112605133389479,0.640553174879295,NA,0.577832317662225,"localGP"
"16404",67,15,7,0,36.7201386585293,62.6723256804465,"Smooth","Max. Reward Condition",40,"2",9,1,8,530,"Long",0.112605133389479,0.640553174879295,NA,0.577832317662225,"localGP"
"16405",67,16,3,0,59.7528798800862,62.6723256804465,"Smooth","Max. Reward Condition",40,"2",9,1,4,530,"Long",0.112605133389479,0.640553174879295,NA,0.577832317662225,"localGP"
"16406",67,17,0,4,52.8064485464723,62.6723256804465,"Smooth","Max. Reward Condition",40,"2",9,1,45,530,"Long",0.112605133389479,0.640553174879295,NA,0.577832317662225,"localGP"
"16407",67,18,10,10,20.1449124623771,62.6723256804465,"Smooth","Max. Reward Condition",40,"2",9,1,121,530,"Long",0.112605133389479,0.640553174879295,NA,0.577832317662225,"localGP"
"16408",67,19,0,5,93.2896159771943,93.2896159771943,"Smooth","Max. Reward Condition",40,"2",9,4,56,530,"Long",0.112605133389479,0.640553174879295,NA,0.577832317662225,"localGP"
"16409",67,20,1,5,55.4257093623145,93.2896159771943,"Smooth","Max. Reward Condition",40,"2",9,1,57,530,"Long",0.112605133389479,0.640553174879295,NA,0.577832317662225,"localGP"
"16410",67,21,7,6,18.3179262510229,93.2896159771943,"Smooth","Max. Reward Condition",40,"2",9,4,74,530,"Long",0.112605133389479,0.640553174879295,NA,0.577832317662225,"localGP"
"16411",67,22,10,0,73.1299582594774,93.2896159771943,"Smooth","Max. Reward Condition",40,"2",9,1,11,530,"Long",0.112605133389479,0.640553174879295,NA,0.577832317662225,"localGP"
"16412",67,23,9,0,18.5206183987232,93.2896159771943,"Smooth","Max. Reward Condition",40,"2",9,2,10,530,"Long",0.112605133389479,0.640553174879295,NA,0.577832317662225,"localGP"
"16413",67,24,7,1,45.4129619985676,93.2896159771943,"Smooth","Max. Reward Condition",40,"2",9,1,19,530,"Long",0.112605133389479,0.640553174879295,NA,0.577832317662225,"localGP"
"16414",67,25,6,1,54.5470744987009,93.2896159771943,"Smooth","Max. Reward Condition",40,"2",9,10,18,530,"Long",0.112605133389479,0.640553174879295,NA,0.577832317662225,"localGP"
"16415",67,26,6,7,31.2453009050804,93.2896159771943,"Smooth","Max. Reward Condition",40,"2",9,1,84,530,"Long",0.112605133389479,0.640553174879295,NA,0.577832317662225,"localGP"
"16416",67,27,4,2,55.6576112274651,93.2896159771943,"Smooth","Max. Reward Condition",40,"2",9,1,27,530,"Long",0.112605133389479,0.640553174879295,NA,0.577832317662225,"localGP"
"16417",67,28,6,9,70.5892702957914,93.2896159771943,"Smooth","Max. Reward Condition",40,"2",9,1,106,530,"Long",0.112605133389479,0.640553174879295,NA,0.577832317662225,"localGP"
"16418",67,29,7,9,69.1316756663671,93.2896159771943,"Smooth","Max. Reward Condition",40,"2",9,1,107,530,"Long",0.112605133389479,0.640553174879295,NA,0.577832317662225,"localGP"
"16419",67,30,6,8,47.3250412535165,93.2896159771943,"Smooth","Max. Reward Condition",40,"2",9,6,95,530,"Long",0.112605133389479,0.640553174879295,NA,0.577832317662225,"localGP"
"16420",67,31,5,8,61.7105758678251,93.2896159771943,"Smooth","Max. Reward Condition",40,"2",9,1,94,530,"Long",0.112605133389479,0.640553174879295,NA,0.577832317662225,"localGP"
"16421",67,32,5,9,75.2199907218667,93.2896159771943,"Smooth","Max. Reward Condition",40,"2",9,1,105,530,"Long",0.112605133389479,0.640553174879295,NA,0.577832317662225,"localGP"
"16422",67,33,4,6,36.2825140010078,93.2896159771943,"Smooth","Max. Reward Condition",40,"2",9,1,71,530,"Long",0.112605133389479,0.640553174879295,NA,0.577832317662225,"localGP"
"16423",67,34,7,2,45.3020225853978,93.2896159771943,"Smooth","Max. Reward Condition",40,"2",9,1,30,530,"Long",0.112605133389479,0.640553174879295,NA,0.577832317662225,"localGP"
"16424",67,35,2,1,14.59231424238,93.2896159771943,"Smooth","Max. Reward Condition",40,"2",9,1,14,530,"Long",0.112605133389479,0.640553174879295,NA,0.577832317662225,"localGP"
"16425",67,36,0,3,20.3156192085015,93.2896159771943,"Smooth","Max. Reward Condition",40,"2",9,2,34,530,"Long",0.112605133389479,0.640553174879295,NA,0.577832317662225,"localGP"
"16426",67,37,1,3,7.73707960033028,93.2896159771943,"Smooth","Max. Reward Condition",40,"2",9,1,35,530,"Long",0.112605133389479,0.640553174879295,NA,0.577832317662225,"localGP"
"16427",67,38,2,4,13.5403872252535,93.2896159771943,"Smooth","Max. Reward Condition",40,"2",9,1,47,530,"Long",0.112605133389479,0.640553174879295,NA,0.577832317662225,"localGP"
"16428",67,39,3,4,44.2234113272728,93.2896159771943,"Smooth","Max. Reward Condition",40,"2",9,1,48,530,"Long",0.112605133389479,0.640553174879295,NA,0.577832317662225,"localGP"
"16429",67,40,3,5,65.8441011417539,93.2896159771943,"Smooth","Max. Reward Condition",40,"2",9,6,59,530,"Long",0.112605133389479,0.640553174879295,NA,0.577832317662225,"localGP"
"16430",67,41,5,5,60.2282366593648,93.2896159771943,"Smooth","Max. Reward Condition",40,"2",9,9,61,530,"Long",0.112605133389479,0.640553174879295,NA,0.577832317662225,"localGP"
"16431",67,1,8,7,50.4837512080328,50.4837512080328,"Smooth","Max. Reward Condition",20,"3",14,NA,86,531,"Short",0.108236856039408,0.781842078602923,NA,0.578002744921995,"localGP"
"16432",67,2,0,2,76.8659090537279,76.8659090537279,"Smooth","Max. Reward Condition",20,"3",14,1,23,531,"Short",0.108236856039408,0.781842078602923,NA,0.578002744921995,"localGP"
"16433",67,3,0,1,65.8004801351009,76.8659090537279,"Smooth","Max. Reward Condition",20,"3",14,2,12,531,"Short",0.108236856039408,0.781842078602923,NA,0.578002744921995,"localGP"
"16434",67,4,0,0,57.4172856426881,76.8659090537279,"Smooth","Max. Reward Condition",20,"3",14,2,1,531,"Short",0.108236856039408,0.781842078602923,NA,0.578002744921995,"localGP"
"16435",67,5,10,2,34.4298886256847,76.8659090537279,"Smooth","Max. Reward Condition",20,"3",14,1,33,531,"Short",0.108236856039408,0.781842078602923,NA,0.578002744921995,"localGP"
"16436",67,6,8,2,41.7677475298492,76.8659090537279,"Smooth","Max. Reward Condition",20,"3",14,1,31,531,"Short",0.108236856039408,0.781842078602923,NA,0.578002744921995,"localGP"
"16437",67,7,10,8,35.2764128240829,76.8659090537279,"Smooth","Max. Reward Condition",20,"3",14,1,99,531,"Short",0.108236856039408,0.781842078602923,NA,0.578002744921995,"localGP"
"16438",67,8,2,0,39.9028275804377,76.8659090537279,"Smooth","Max. Reward Condition",20,"3",14,1,3,531,"Short",0.108236856039408,0.781842078602923,NA,0.578002744921995,"localGP"
"16439",67,9,6,5,12.2964958539745,76.8659090537279,"Smooth","Max. Reward Condition",20,"3",14,2,62,531,"Short",0.108236856039408,0.781842078602923,NA,0.578002744921995,"localGP"
"16440",67,10,7,5,16.7721316648849,76.8659090537279,"Smooth","Max. Reward Condition",20,"3",14,1,63,531,"Short",0.108236856039408,0.781842078602923,NA,0.578002744921995,"localGP"
"16441",67,11,7,9,60.2315250004543,76.8659090537279,"Smooth","Max. Reward Condition",20,"3",14,2,107,531,"Short",0.108236856039408,0.781842078602923,NA,0.578002744921995,"localGP"
"16442",67,12,4,5,31.8484137393175,76.8659090537279,"Smooth","Max. Reward Condition",20,"3",14,1,60,531,"Short",0.108236856039408,0.781842078602923,NA,0.578002744921995,"localGP"
"16443",67,13,5,5,19.3481905334313,76.8659090537279,"Smooth","Max. Reward Condition",20,"3",14,1,61,531,"Short",0.108236856039408,0.781842078602923,NA,0.578002744921995,"localGP"
"16444",67,14,5,6,32.4190183733433,76.8659090537279,"Smooth","Max. Reward Condition",20,"3",14,1,72,531,"Short",0.108236856039408,0.781842078602923,NA,0.578002744921995,"localGP"
"16445",67,15,3,3,70.0835209190621,76.8659090537279,"Smooth","Max. Reward Condition",20,"3",14,1,37,531,"Short",0.108236856039408,0.781842078602923,NA,0.578002744921995,"localGP"
"16446",67,16,2,2,74.8205512494422,76.8659090537279,"Smooth","Max. Reward Condition",20,"3",14,1,25,531,"Short",0.108236856039408,0.781842078602923,NA,0.578002744921995,"localGP"
"16447",67,17,1,2,100,100,"Smooth","Max. Reward Condition",20,"3",14,1,24,531,"Short",0.108236856039408,0.781842078602923,NA,0.578002744921995,"localGP"
"16448",67,18,1,3,79.9836672889353,100,"Smooth","Max. Reward Condition",20,"3",14,3,35,531,"Short",0.108236856039408,0.781842078602923,NA,0.578002744921995,"localGP"
"16449",67,19,0,3,91.5355338017791,100,"Smooth","Max. Reward Condition",20,"3",14,1,34,531,"Short",0.108236856039408,0.781842078602923,NA,0.578002744921995,"localGP"
"16450",67,20,5,8,47.473484519333,100,"Smooth","Max. Reward Condition",20,"3",14,2,94,531,"Short",0.108236856039408,0.781842078602923,NA,0.578002744921995,"localGP"
"16451",67,21,5,9,30.8764007888026,100,"Smooth","Max. Reward Condition",20,"3",14,1,105,531,"Short",0.108236856039408,0.781842078602923,NA,0.578002744921995,"localGP"
"16452",67,1,6,2,72.3100865487056,72.3100865487056,"Smooth","Max. Reward Condition",40,"4",1,NA,29,532,"Long",0.117612523805905,0.659836315038672,NA,0.592787371564065,"localGP"
"16453",67,2,6,3,82.7136870116885,82.7136870116885,"Smooth","Max. Reward Condition",40,"4",1,7,40,532,"Long",0.117612523805905,0.659836315038672,NA,0.592787371564065,"localGP"
"16454",67,3,7,3,90.8008789663477,90.8008789663477,"Smooth","Max. Reward Condition",40,"4",1,5,41,532,"Long",0.117612523805905,0.659836315038672,NA,0.592787371564065,"localGP"
"16455",67,4,7,2,87.3844592186431,90.8008789663477,"Smooth","Max. Reward Condition",40,"4",1,1,30,532,"Long",0.117612523805905,0.659836315038672,NA,0.592787371564065,"localGP"
"16456",67,5,10,5,44.5875145646547,90.8008789663477,"Smooth","Max. Reward Condition",40,"4",1,1,66,532,"Long",0.117612523805905,0.659836315038672,NA,0.592787371564065,"localGP"
"16457",67,6,10,4,48.9608257222968,90.8008789663477,"Smooth","Max. Reward Condition",40,"4",1,1,55,532,"Long",0.117612523805905,0.659836315038672,NA,0.592787371564065,"localGP"
"16458",67,7,9,5,46.4508872756904,90.8008789663477,"Smooth","Max. Reward Condition",40,"4",1,2,65,532,"Long",0.117612523805905,0.659836315038672,NA,0.592787371564065,"localGP"
"16459",67,8,8,5,58.2160279726654,90.8008789663477,"Smooth","Max. Reward Condition",40,"4",1,1,64,532,"Long",0.117612523805905,0.659836315038672,NA,0.592787371564065,"localGP"
"16460",67,9,8,4,50.5233477520952,90.8008789663477,"Smooth","Max. Reward Condition",40,"4",1,3,53,532,"Long",0.117612523805905,0.659836315038672,NA,0.592787371564065,"localGP"
"16461",67,10,6,10,30.4281577841895,90.8008789663477,"Smooth","Max. Reward Condition",40,"4",1,1,117,532,"Long",0.117612523805905,0.659836315038672,NA,0.592787371564065,"localGP"
"16462",67,11,6,9,34.2500725757816,90.8008789663477,"Smooth","Max. Reward Condition",40,"4",1,2,106,532,"Long",0.117612523805905,0.659836315038672,NA,0.592787371564065,"localGP"
"16463",67,12,7,9,43.2219300321384,90.8008789663477,"Smooth","Max. Reward Condition",40,"4",1,1,107,532,"Long",0.117612523805905,0.659836315038672,NA,0.592787371564065,"localGP"
"16464",67,13,8,10,52.0181459798519,90.8008789663477,"Smooth","Max. Reward Condition",40,"4",1,1,119,532,"Long",0.117612523805905,0.659836315038672,NA,0.592787371564065,"localGP"
"16465",67,14,8,8,49.0688828610798,90.8008789663477,"Smooth","Max. Reward Condition",40,"4",1,1,97,532,"Long",0.117612523805905,0.659836315038672,NA,0.592787371564065,"localGP"
"16466",67,15,9,9,58.8980343444626,90.8008789663477,"Smooth","Max. Reward Condition",40,"4",1,2,109,532,"Long",0.117612523805905,0.659836315038672,NA,0.592787371564065,"localGP"
"16467",67,16,10,5,44.5875145646547,90.8008789663477,"Smooth","Max. Reward Condition",40,"4",1,1,66,532,"Long",0.117612523805905,0.659836315038672,NA,0.592787371564065,"localGP"
"16468",67,17,6,3,82.7136870116885,90.8008789663477,"Smooth","Max. Reward Condition",40,"4",1,6,40,532,"Long",0.117612523805905,0.659836315038672,NA,0.592787371564065,"localGP"
"16469",67,18,6,4,96.8351832239486,96.8351832239486,"Smooth","Max. Reward Condition",40,"4",1,1,51,532,"Long",0.117612523805905,0.659836315038672,NA,0.592787371564065,"localGP"
"16470",67,19,10,7,54.8683474490232,96.8351832239486,"Smooth","Max. Reward Condition",40,"4",1,2,88,532,"Long",0.117612523805905,0.659836315038672,NA,0.592787371564065,"localGP"
"16471",67,20,10,8,40.6942172697369,96.8351832239486,"Smooth","Max. Reward Condition",40,"4",1,1,99,532,"Long",0.117612523805905,0.659836315038672,NA,0.592787371564065,"localGP"
"16472",67,21,10,9,47.3705703671906,96.8351832239486,"Smooth","Max. Reward Condition",40,"4",1,1,110,532,"Long",0.117612523805905,0.659836315038672,NA,0.592787371564065,"localGP"
"16473",67,22,2,8,51.3910364348226,96.8351832239486,"Smooth","Max. Reward Condition",40,"4",1,13,91,532,"Long",0.117612523805905,0.659836315038672,NA,0.592787371564065,"localGP"
"16474",67,23,1,7,64.2118511787295,96.8351832239486,"Smooth","Max. Reward Condition",40,"4",1,4,79,532,"Long",0.117612523805905,0.659836315038672,NA,0.592787371564065,"localGP"
"16475",67,24,0,7,66.7767330115422,96.8351832239486,"Smooth","Max. Reward Condition",40,"4",1,2,78,532,"Long",0.117612523805905,0.659836315038672,NA,0.592787371564065,"localGP"
"16476",67,25,3,9,36.2621127065425,96.8351832239486,"Smooth","Max. Reward Condition",40,"4",1,12,103,532,"Long",0.117612523805905,0.659836315038672,NA,0.592787371564065,"localGP"
"16477",67,26,2,9,72.3557087257552,96.8351832239486,"Smooth","Max. Reward Condition",40,"4",1,12,102,532,"Long",0.117612523805905,0.659836315038672,NA,0.592787371564065,"localGP"
"16478",67,27,2,10,52.565154764264,96.8351832239486,"Smooth","Max. Reward Condition",40,"4",1,10,113,532,"Long",0.117612523805905,0.659836315038672,NA,0.592787371564065,"localGP"
"16479",67,28,8,2,77.798359488466,96.8351832239486,"Smooth","Max. Reward Condition",40,"4",1,5,31,532,"Long",0.117612523805905,0.659836315038672,NA,0.592787371564065,"localGP"
"16480",67,29,4,1,21.3952704288319,96.8351832239486,"Smooth","Max. Reward Condition",40,"4",1,1,16,532,"Long",0.117612523805905,0.659836315038672,NA,0.592787371564065,"localGP"
"16481",67,30,6,2,72.3100865487056,96.8351832239486,"Smooth","Max. Reward Condition",40,"4",1,1,29,532,"Long",0.117612523805905,0.659836315038672,NA,0.592787371564065,"localGP"
"16482",67,31,1,10,77.0882484878786,96.8351832239486,"Smooth","Max. Reward Condition",40,"4",1,3,112,532,"Long",0.117612523805905,0.659836315038672,NA,0.592787371564065,"localGP"
"16483",67,32,1,9,100,100,"Smooth","Max. Reward Condition",40,"4",1,6,101,532,"Long",0.117612523805905,0.659836315038672,NA,0.592787371564065,"localGP"
"16484",67,33,0,9,85.6539294273783,100,"Smooth","Max. Reward Condition",40,"4",1,1,100,532,"Long",0.117612523805905,0.659836315038672,NA,0.592787371564065,"localGP"
"16485",67,34,0,8,74.6091743351065,100,"Smooth","Max. Reward Condition",40,"4",1,1,89,532,"Long",0.117612523805905,0.659836315038672,NA,0.592787371564065,"localGP"
"16486",67,35,1,8,67.4295625369789,100,"Smooth","Max. Reward Condition",40,"4",1,4,90,532,"Long",0.117612523805905,0.659836315038672,NA,0.592787371564065,"localGP"
"16487",67,36,3,5,41.3738955859387,100,"Smooth","Max. Reward Condition",40,"4",1,1,59,532,"Long",0.117612523805905,0.659836315038672,NA,0.592787371564065,"localGP"
"16488",67,37,4,5,50.9861643343635,100,"Smooth","Max. Reward Condition",40,"4",1,5,60,532,"Long",0.117612523805905,0.659836315038672,NA,0.592787371564065,"localGP"
"16489",67,38,4,6,37.058891508221,100,"Smooth","Max. Reward Condition",40,"4",1,1,71,532,"Long",0.117612523805905,0.659836315038672,NA,0.592787371564065,"localGP"
"16490",67,39,4,4,58.9084220518728,100,"Smooth","Max. Reward Condition",40,"4",1,1,49,532,"Long",0.117612523805905,0.659836315038672,NA,0.592787371564065,"localGP"
"16491",67,40,2,4,44.0628638879187,100,"Smooth","Max. Reward Condition",40,"4",1,1,47,532,"Long",0.117612523805905,0.659836315038672,NA,0.592787371564065,"localGP"
"16492",67,41,3,2,40.3832671386769,100,"Smooth","Max. Reward Condition",40,"4",1,3,26,532,"Long",0.117612523805905,0.659836315038672,NA,0.592787371564065,"localGP"
"16493",67,1,9,4,46.930643246426,46.930643246426,"Smooth","Max. Reward Condition",20,"5",3,NA,54,533,"Short",0.104294070165201,0.759486037733277,NA,0.587488074700892,"localGP"
"16494",67,2,9,3,32.6557513762686,46.930643246426,"Smooth","Max. Reward Condition",20,"5",3,1,43,533,"Short",0.104294070165201,0.759486037733277,NA,0.587488074700892,"localGP"
"16495",67,3,8,3,39.0577365841797,46.930643246426,"Smooth","Max. Reward Condition",20,"5",3,4,42,533,"Short",0.104294070165201,0.759486037733277,NA,0.587488074700892,"localGP"
"16496",67,4,7,3,65.2894287443007,65.2894287443007,"Smooth","Max. Reward Condition",20,"5",3,6,41,533,"Short",0.104294070165201,0.759486037733277,NA,0.587488074700892,"localGP"
"16497",67,5,6,3,72.3648366559739,72.3648366559739,"Smooth","Max. Reward Condition",20,"5",3,6,40,533,"Short",0.104294070165201,0.759486037733277,NA,0.587488074700892,"localGP"
"16498",67,6,5,3,63.6314304033713,72.3648366559739,"Smooth","Max. Reward Condition",20,"5",3,7,39,533,"Short",0.104294070165201,0.759486037733277,NA,0.587488074700892,"localGP"
"16499",67,7,5,4,50.7453556763626,72.3648366559739,"Smooth","Max. Reward Condition",20,"5",3,1,50,533,"Short",0.104294070165201,0.759486037733277,NA,0.587488074700892,"localGP"
"16500",67,8,5,2,41.5069107029267,72.3648366559739,"Smooth","Max. Reward Condition",20,"5",3,1,28,533,"Short",0.104294070165201,0.759486037733277,NA,0.587488074700892,"localGP"
"16501",67,9,3,2,42.1944020034096,72.3648366559739,"Smooth","Max. Reward Condition",20,"5",3,1,26,533,"Short",0.104294070165201,0.759486037733277,NA,0.587488074700892,"localGP"
"16502",67,10,7,0,27.7354878985852,72.3648366559739,"Smooth","Max. Reward Condition",20,"5",3,2,8,533,"Short",0.104294070165201,0.759486037733277,NA,0.587488074700892,"localGP"
"16503",67,11,9,7,49.674641221052,72.3648366559739,"Smooth","Max. Reward Condition",20,"5",3,1,87,533,"Short",0.104294070165201,0.759486037733277,NA,0.587488074700892,"localGP"
"16504",67,12,9,6,44.7930308508045,72.3648366559739,"Smooth","Max. Reward Condition",20,"5",3,1,76,533,"Short",0.104294070165201,0.759486037733277,NA,0.587488074700892,"localGP"
"16505",67,13,10,6,69.1638610636693,72.3648366559739,"Smooth","Max. Reward Condition",20,"5",3,1,77,533,"Short",0.104294070165201,0.759486037733277,NA,0.587488074700892,"localGP"
"16506",67,14,10,7,74.302046558664,74.302046558664,"Smooth","Max. Reward Condition",20,"5",3,1,88,533,"Short",0.104294070165201,0.759486037733277,NA,0.587488074700892,"localGP"
"16507",67,15,10,9,83.9309950136253,83.9309950136253,"Smooth","Max. Reward Condition",20,"5",3,8,110,533,"Short",0.104294070165201,0.759486037733277,NA,0.587488074700892,"localGP"
"16508",67,16,10,10,53.1955394610768,83.9309950136253,"Smooth","Max. Reward Condition",20,"5",3,1,121,533,"Short",0.104294070165201,0.759486037733277,NA,0.587488074700892,"localGP"
"16509",67,17,9,10,56.585007074553,83.9309950136253,"Smooth","Max. Reward Condition",20,"5",3,1,120,533,"Short",0.104294070165201,0.759486037733277,NA,0.587488074700892,"localGP"
"16510",67,18,4,8,67.6195096925002,83.9309950136253,"Smooth","Max. Reward Condition",20,"5",3,2,93,533,"Short",0.104294070165201,0.759486037733277,NA,0.587488074700892,"localGP"
"16511",67,19,4,7,73.9799406731188,83.9309950136253,"Smooth","Max. Reward Condition",20,"5",3,1,82,533,"Short",0.104294070165201,0.759486037733277,NA,0.587488074700892,"localGP"
"16512",67,20,4,6,65.0620615185849,83.9309950136253,"Smooth","Max. Reward Condition",20,"5",3,2,71,533,"Short",0.104294070165201,0.759486037733277,NA,0.587488074700892,"localGP"
"16513",67,21,3,6,46.2251084893925,83.9309950136253,"Smooth","Max. Reward Condition",20,"5",3,1,70,533,"Short",0.104294070165201,0.759486037733277,NA,0.587488074700892,"localGP"
"16514",67,1,9,2,58.1650037764681,58.1650037764681,"Smooth","Max. Reward Condition",40,"6",4,NA,32,534,"Long",0.116989535084573,0.643965210977846,NA,0.620797939138787,"localGP"
"16515",67,2,1,4,31.2670409305907,58.1650037764681,"Smooth","Max. Reward Condition",40,"6",4,3,46,534,"Long",0.116989535084573,0.643965210977846,NA,0.620797939138787,"localGP"
"16516",67,3,3,5,42.7959120158228,58.1650037764681,"Smooth","Max. Reward Condition",40,"6",4,7,59,534,"Long",0.116989535084573,0.643965210977846,NA,0.620797939138787,"localGP"
"16517",67,4,2,5,52.9476469260849,58.1650037764681,"Smooth","Max. Reward Condition",40,"6",4,7,58,534,"Long",0.116989535084573,0.643965210977846,NA,0.620797939138787,"localGP"
"16518",67,5,2,4,48.1844951677525,58.1650037764681,"Smooth","Max. Reward Condition",40,"6",4,9,47,534,"Long",0.116989535084573,0.643965210977846,NA,0.620797939138787,"localGP"
"16519",67,6,4,6,62.1617444201005,62.1617444201005,"Smooth","Max. Reward Condition",40,"6",4,1,71,534,"Long",0.116989535084573,0.643965210977846,NA,0.620797939138787,"localGP"
"16520",67,7,5,6,67.055437287635,67.055437287635,"Smooth","Max. Reward Condition",40,"6",4,1,72,534,"Long",0.116989535084573,0.643965210977846,NA,0.620797939138787,"localGP"
"16521",67,8,1,7,1.24285436035292,67.055437287635,"Smooth","Max. Reward Condition",40,"6",4,1,79,534,"Long",0.116989535084573,0.643965210977846,NA,0.620797939138787,"localGP"
"16522",67,9,6,8,40.2396617091543,67.055437287635,"Smooth","Max. Reward Condition",40,"6",4,1,95,534,"Long",0.116989535084573,0.643965210977846,NA,0.620797939138787,"localGP"
"16523",67,10,6,7,58.9424744854528,67.055437287635,"Smooth","Max. Reward Condition",40,"6",4,10,84,534,"Long",0.116989535084573,0.643965210977846,NA,0.620797939138787,"localGP"
"16524",67,11,6,6,49.41154268664,67.055437287635,"Smooth","Max. Reward Condition",40,"6",4,10,73,534,"Long",0.116989535084573,0.643965210977846,NA,0.620797939138787,"localGP"
"16525",67,12,7,6,33.7698034361065,67.055437287635,"Smooth","Max. Reward Condition",40,"6",4,1,74,534,"Long",0.116989535084573,0.643965210977846,NA,0.620797939138787,"localGP"
"16526",67,13,7,7,31.8600199928014,67.055437287635,"Smooth","Max. Reward Condition",40,"6",4,2,85,534,"Long",0.116989535084573,0.643965210977846,NA,0.620797939138787,"localGP"
"16527",67,14,8,1,47.0627415324652,67.055437287635,"Smooth","Max. Reward Condition",40,"6",4,1,20,534,"Long",0.116989535084573,0.643965210977846,NA,0.620797939138787,"localGP"
"16528",67,15,3,0,32.6932648884738,67.055437287635,"Smooth","Max. Reward Condition",40,"6",4,1,4,534,"Long",0.116989535084573,0.643965210977846,NA,0.620797939138787,"localGP"
"16529",67,16,4,0,27.757926963594,67.055437287635,"Smooth","Max. Reward Condition",40,"6",4,1,5,534,"Long",0.116989535084573,0.643965210977846,NA,0.620797939138787,"localGP"
"16530",67,17,5,0,37.1740995963249,67.055437287635,"Smooth","Max. Reward Condition",40,"6",4,3,6,534,"Long",0.116989535084573,0.643965210977846,NA,0.620797939138787,"localGP"
"16531",67,18,2,0,60.1885036644996,67.055437287635,"Smooth","Max. Reward Condition",40,"6",4,2,3,534,"Long",0.116989535084573,0.643965210977846,NA,0.620797939138787,"localGP"
"16532",67,19,1,0,44.1381856766965,67.055437287635,"Smooth","Max. Reward Condition",40,"6",4,1,2,534,"Long",0.116989535084573,0.643965210977846,NA,0.620797939138787,"localGP"
"16533",67,20,0,0,43.5642695283009,67.055437287635,"Smooth","Max. Reward Condition",40,"6",4,2,1,534,"Long",0.116989535084573,0.643965210977846,NA,0.620797939138787,"localGP"
"16534",67,21,10,3,29.4064021858765,67.055437287635,"Smooth","Max. Reward Condition",40,"6",4,1,44,534,"Long",0.116989535084573,0.643965210977846,NA,0.620797939138787,"localGP"
"16535",67,22,5,9,23.8348743374816,67.055437287635,"Smooth","Max. Reward Condition",40,"6",4,3,105,534,"Long",0.116989535084573,0.643965210977846,NA,0.620797939138787,"localGP"
"16536",67,23,2,6,25.9979854237187,67.055437287635,"Smooth","Max. Reward Condition",40,"6",4,1,69,534,"Long",0.116989535084573,0.643965210977846,NA,0.620797939138787,"localGP"
"16537",67,24,0,5,22.8294473469867,67.055437287635,"Smooth","Max. Reward Condition",40,"6",4,2,56,534,"Long",0.116989535084573,0.643965210977846,NA,0.620797939138787,"localGP"
"16538",67,25,1,5,42.3282812740103,67.055437287635,"Smooth","Max. Reward Condition",40,"6",4,4,57,534,"Long",0.116989535084573,0.643965210977846,NA,0.620797939138787,"localGP"
"16539",67,26,3,4,52.4074938084039,67.055437287635,"Smooth","Max. Reward Condition",40,"6",4,1,48,534,"Long",0.116989535084573,0.643965210977846,NA,0.620797939138787,"localGP"
"16540",67,27,4,4,49.5091600763757,67.055437287635,"Smooth","Max. Reward Condition",40,"6",4,3,49,534,"Long",0.116989535084573,0.643965210977846,NA,0.620797939138787,"localGP"
"16541",67,28,5,3,80.7551191777029,80.7551191777029,"Smooth","Max. Reward Condition",40,"6",4,1,39,534,"Long",0.116989535084573,0.643965210977846,NA,0.620797939138787,"localGP"
"16542",67,29,5,2,88.4170710697694,88.4170710697694,"Smooth","Max. Reward Condition",40,"6",4,1,28,534,"Long",0.116989535084573,0.643965210977846,NA,0.620797939138787,"localGP"
"16543",67,30,6,2,47.7797456303013,88.4170710697694,"Smooth","Max. Reward Condition",40,"6",4,2,29,534,"Long",0.116989535084573,0.643965210977846,NA,0.620797939138787,"localGP"
"16544",67,31,7,2,55.9275751413252,88.4170710697694,"Smooth","Max. Reward Condition",40,"6",4,3,30,534,"Long",0.116989535084573,0.643965210977846,NA,0.620797939138787,"localGP"
"16545",67,32,7,3,65.7956842559425,88.4170710697694,"Smooth","Max. Reward Condition",40,"6",4,5,41,534,"Long",0.116989535084573,0.643965210977846,NA,0.620797939138787,"localGP"
"16546",67,33,6,0,33.2351530302692,88.4170710697694,"Smooth","Max. Reward Condition",40,"6",4,1,7,534,"Long",0.116989535084573,0.643965210977846,NA,0.620797939138787,"localGP"
"16547",67,34,6,10,48.7082287749255,88.4170710697694,"Smooth","Max. Reward Condition",40,"6",4,3,117,534,"Long",0.116989535084573,0.643965210977846,NA,0.620797939138787,"localGP"
"16548",67,35,7,10,50.1452665258359,88.4170710697694,"Smooth","Max. Reward Condition",40,"6",4,3,118,534,"Long",0.116989535084573,0.643965210977846,NA,0.620797939138787,"localGP"
"16549",67,36,5,5,32.848866860403,88.4170710697694,"Smooth","Max. Reward Condition",40,"6",4,10,61,534,"Long",0.116989535084573,0.643965210977846,NA,0.620797939138787,"localGP"
"16550",67,37,5,4,35.2754667062624,88.4170710697694,"Smooth","Max. Reward Condition",40,"6",4,3,50,534,"Long",0.116989535084573,0.643965210977846,NA,0.620797939138787,"localGP"
"16551",67,38,9,8,49.0474995122184,88.4170710697694,"Smooth","Max. Reward Condition",40,"6",4,1,98,534,"Long",0.116989535084573,0.643965210977846,NA,0.620797939138787,"localGP"
"16552",67,39,9,9,55.0944127232389,88.4170710697694,"Smooth","Max. Reward Condition",40,"6",4,3,109,534,"Long",0.116989535084573,0.643965210977846,NA,0.620797939138787,"localGP"
"16553",67,40,8,9,44.028878775324,88.4170710697694,"Smooth","Max. Reward Condition",40,"6",4,1,108,534,"Long",0.116989535084573,0.643965210977846,NA,0.620797939138787,"localGP"
"16554",67,41,7,9,44.9040563122342,88.4170710697694,"Smooth","Max. Reward Condition",40,"6",4,1,107,534,"Long",0.116989535084573,0.643965210977846,NA,0.620797939138787,"localGP"
"16555",67,1,6,0,48.4461489024529,48.4461489024529,"Smooth","Max. Reward Condition",20,"7",15,NA,7,535,"Short",0.106767714118586,0.745183685110032,NA,0.5932644690302,"localGP"
"16556",67,2,5,0,62.3288785579905,62.3288785579905,"Smooth","Max. Reward Condition",20,"7",15,1,6,535,"Short",0.106767714118586,0.745183685110032,NA,0.5932644690302,"localGP"
"16557",67,3,9,7,37.6760460592712,62.3288785579905,"Smooth","Max. Reward Condition",20,"7",15,2,87,535,"Short",0.106767714118586,0.745183685110032,NA,0.5932644690302,"localGP"
"16558",67,4,9,8,42.7391657259998,62.3288785579905,"Smooth","Max. Reward Condition",20,"7",15,1,98,535,"Short",0.106767714118586,0.745183685110032,NA,0.5932644690302,"localGP"
"16559",67,5,4,8,3.8244891492963,62.3288785579905,"Smooth","Max. Reward Condition",20,"7",15,1,93,535,"Short",0.106767714118586,0.745183685110032,NA,0.5932644690302,"localGP"
"16560",67,6,8,1,63.1293377459291,63.1293377459291,"Smooth","Max. Reward Condition",20,"7",15,1,20,535,"Short",0.106767714118586,0.745183685110032,NA,0.5932644690302,"localGP"
"16561",67,7,8,3,71.8089338593077,71.8089338593077,"Smooth","Max. Reward Condition",20,"7",15,2,42,535,"Short",0.106767714118586,0.745183685110032,NA,0.5932644690302,"localGP"
"16562",67,8,8,2,70.4382048809147,71.8089338593077,"Smooth","Max. Reward Condition",20,"7",15,2,31,535,"Short",0.106767714118586,0.745183685110032,NA,0.5932644690302,"localGP"
"16563",67,9,9,2,80.7274963103288,80.7274963103288,"Smooth","Max. Reward Condition",20,"7",15,3,32,535,"Short",0.106767714118586,0.745183685110032,NA,0.5932644690302,"localGP"
"16564",67,10,9,3,76.9729164746691,80.7274963103288,"Smooth","Max. Reward Condition",20,"7",15,2,43,535,"Short",0.106767714118586,0.745183685110032,NA,0.5932644690302,"localGP"
"16565",67,11,10,3,68.1676938664988,80.7274963103288,"Smooth","Max. Reward Condition",20,"7",15,3,44,535,"Short",0.106767714118586,0.745183685110032,NA,0.5932644690302,"localGP"
"16566",67,12,10,1,61.1492414265159,80.7274963103288,"Smooth","Max. Reward Condition",20,"7",15,1,22,535,"Short",0.106767714118586,0.745183685110032,NA,0.5932644690302,"localGP"
"16567",67,13,0,6,57.3114594367428,80.7274963103288,"Smooth","Max. Reward Condition",20,"7",15,2,67,535,"Short",0.106767714118586,0.745183685110032,NA,0.5932644690302,"localGP"
"16568",67,14,5,0,62.3288785579905,80.7274963103288,"Smooth","Max. Reward Condition",20,"7",15,7,6,535,"Short",0.106767714118586,0.745183685110032,NA,0.5932644690302,"localGP"
"16569",67,15,4,0,68.1149801380177,80.7274963103288,"Smooth","Max. Reward Condition",20,"7",15,1,5,535,"Short",0.106767714118586,0.745183685110032,NA,0.5932644690302,"localGP"
"16570",67,16,9,5,52.1566401436535,80.7274963103288,"Smooth","Max. Reward Condition",20,"7",15,1,65,535,"Short",0.106767714118586,0.745183685110032,NA,0.5932644690302,"localGP"
"16571",67,17,7,1,69.5543869014774,80.7274963103288,"Smooth","Max. Reward Condition",20,"7",15,1,19,535,"Short",0.106767714118586,0.745183685110032,NA,0.5932644690302,"localGP"
"16572",67,18,7,0,50.8945892528803,80.7274963103288,"Smooth","Max. Reward Condition",20,"7",15,1,8,535,"Short",0.106767714118586,0.745183685110032,NA,0.5932644690302,"localGP"
"16573",67,19,2,5,87.9015805668821,87.9015805668821,"Smooth","Max. Reward Condition",20,"7",15,2,58,535,"Short",0.106767714118586,0.745183685110032,NA,0.5932644690302,"localGP"
"16574",67,20,1,5,94.5829546424011,94.5829546424011,"Smooth","Max. Reward Condition",20,"7",15,2,57,535,"Short",0.106767714118586,0.745183685110032,NA,0.5932644690302,"localGP"
"16575",67,21,1,6,89.9274342754243,94.5829546424011,"Smooth","Max. Reward Condition",20,"7",15,1,68,535,"Short",0.106767714118586,0.745183685110032,NA,0.5932644690302,"localGP"
"16576",67,1,3,4,13.4107101100565,13.4107101100565,"Smooth","Max. Reward Condition",40,"8",5,NA,48,536,"Long",0.121589902213658,0.629839695017362,NA,0.651137664125929,"localGP"
"16577",67,2,5,4,54.3126092330093,54.3126092330093,"Smooth","Max. Reward Condition",40,"8",5,10,50,536,"Long",0.121589902213658,0.629839695017362,NA,0.651137664125929,"localGP"
"16578",67,3,5,3,47.725265337293,54.3126092330093,"Smooth","Max. Reward Condition",40,"8",5,3,39,536,"Long",0.121589902213658,0.629839695017362,NA,0.651137664125929,"localGP"
"16579",67,4,6,5,19.3202384321572,54.3126092330093,"Smooth","Max. Reward Condition",40,"8",5,1,62,536,"Long",0.121589902213658,0.629839695017362,NA,0.651137664125929,"localGP"
"16580",67,5,6,8,31.779943763312,54.3126092330093,"Smooth","Max. Reward Condition",40,"8",5,2,95,536,"Long",0.121589902213658,0.629839695017362,NA,0.651137664125929,"localGP"
"16581",67,6,10,7,69.0054960754502,69.0054960754502,"Smooth","Max. Reward Condition",40,"8",5,1,88,536,"Long",0.121589902213658,0.629839695017362,NA,0.651137664125929,"localGP"
"16582",67,7,10,8,69.5510436536212,69.5510436536212,"Smooth","Max. Reward Condition",40,"8",5,2,99,536,"Long",0.121589902213658,0.629839695017362,NA,0.651137664125929,"localGP"
"16583",67,8,10,9,41.8320807113766,69.5510436536212,"Smooth","Max. Reward Condition",40,"8",5,2,110,536,"Long",0.121589902213658,0.629839695017362,NA,0.651137664125929,"localGP"
"16584",67,9,10,10,39.9849441782749,69.5510436536212,"Smooth","Max. Reward Condition",40,"8",5,1,121,536,"Long",0.121589902213658,0.629839695017362,NA,0.651137664125929,"localGP"
"16585",67,10,7,6,95.8234728185907,95.8234728185907,"Smooth","Max. Reward Condition",40,"8",5,1,74,536,"Long",0.121589902213658,0.629839695017362,NA,0.651137664125929,"localGP"
"16586",67,11,8,6,91.4722545331952,95.8234728185907,"Smooth","Max. Reward Condition",40,"8",5,2,75,536,"Long",0.121589902213658,0.629839695017362,NA,0.651137664125929,"localGP"
"16587",67,12,9,3,37.6653431839329,95.8234728185907,"Smooth","Max. Reward Condition",40,"8",5,5,43,536,"Long",0.121589902213658,0.629839695017362,NA,0.651137664125929,"localGP"
"16588",67,13,7,0,68.4752649344305,95.8234728185907,"Smooth","Max. Reward Condition",40,"8",5,1,8,536,"Long",0.121589902213658,0.629839695017362,NA,0.651137664125929,"localGP"
"16589",67,14,7,1,81.9911885215714,95.8234728185907,"Smooth","Max. Reward Condition",40,"8",5,3,19,536,"Long",0.121589902213658,0.629839695017362,NA,0.651137664125929,"localGP"
"16590",67,15,8,1,86.7518912658619,95.8234728185907,"Smooth","Max. Reward Condition",40,"8",5,2,20,536,"Long",0.121589902213658,0.629839695017362,NA,0.651137664125929,"localGP"
"16591",67,16,3,2,22.9115521258941,95.8234728185907,"Smooth","Max. Reward Condition",40,"8",5,2,26,536,"Long",0.121589902213658,0.629839695017362,NA,0.651137664125929,"localGP"
"16592",67,17,8,0,96.125082157983,96.125082157983,"Smooth","Max. Reward Condition",40,"8",5,1,9,536,"Long",0.121589902213658,0.629839695017362,NA,0.651137664125929,"localGP"
"16593",67,18,9,0,92.5470885084956,96.125082157983,"Smooth","Max. Reward Condition",40,"8",5,3,10,536,"Long",0.121589902213658,0.629839695017362,NA,0.651137664125929,"localGP"
"16594",67,19,9,4,25.6361439984598,96.125082157983,"Smooth","Max. Reward Condition",40,"8",5,1,54,536,"Long",0.121589902213658,0.629839695017362,NA,0.651137664125929,"localGP"
"16595",67,20,8,4,50.6311411543037,96.125082157983,"Smooth","Max. Reward Condition",40,"8",5,1,53,536,"Long",0.121589902213658,0.629839695017362,NA,0.651137664125929,"localGP"
"16596",67,21,8,3,73.4939072834287,96.125082157983,"Smooth","Max. Reward Condition",40,"8",5,9,42,536,"Long",0.121589902213658,0.629839695017362,NA,0.651137664125929,"localGP"
"16597",67,22,7,3,38.4994048862077,96.125082157983,"Smooth","Max. Reward Condition",40,"8",5,12,41,536,"Long",0.121589902213658,0.629839695017362,NA,0.651137664125929,"localGP"
"16598",67,23,5,8,49.7859994292566,96.125082157983,"Smooth","Max. Reward Condition",40,"8",5,4,94,536,"Long",0.121589902213658,0.629839695017362,NA,0.651137664125929,"localGP"
"16599",67,24,5,7,50.9750480071235,96.125082157983,"Smooth","Max. Reward Condition",40,"8",5,15,83,536,"Long",0.121589902213658,0.629839695017362,NA,0.651137664125929,"localGP"
"16600",67,25,6,7,60.8864429943102,96.125082157983,"Smooth","Max. Reward Condition",40,"8",5,5,84,536,"Long",0.121589902213658,0.629839695017362,NA,0.651137664125929,"localGP"
"16601",67,26,7,7,68.4962011684434,96.125082157983,"Smooth","Max. Reward Condition",40,"8",5,1,85,536,"Long",0.121589902213658,0.629839695017362,NA,0.651137664125929,"localGP"
"16602",67,27,8,7,100,100,"Smooth","Max. Reward Condition",40,"8",5,5,86,536,"Long",0.121589902213658,0.629839695017362,NA,0.651137664125929,"localGP"
"16603",67,28,8,8,82.5602297507619,100,"Smooth","Max. Reward Condition",40,"8",5,1,97,536,"Long",0.121589902213658,0.629839695017362,NA,0.651137664125929,"localGP"
"16604",67,29,8,9,65.659951662905,100,"Smooth","Max. Reward Condition",40,"8",5,7,108,536,"Long",0.121589902213658,0.629839695017362,NA,0.651137664125929,"localGP"
"16605",67,30,9,9,52.4834712967987,100,"Smooth","Max. Reward Condition",40,"8",5,2,109,536,"Long",0.121589902213658,0.629839695017362,NA,0.651137664125929,"localGP"
"16606",67,31,9,8,81.2433897221898,100,"Smooth","Max. Reward Condition",40,"8",5,1,98,536,"Long",0.121589902213658,0.629839695017362,NA,0.651137664125929,"localGP"
"16607",67,32,2,3,50.3035066578995,100,"Smooth","Max. Reward Condition",40,"8",5,2,36,536,"Long",0.121589902213658,0.629839695017362,NA,0.651137664125929,"localGP"
"16608",67,33,1,3,44.7929276438267,100,"Smooth","Max. Reward Condition",40,"8",5,2,35,536,"Long",0.121589902213658,0.629839695017362,NA,0.651137664125929,"localGP"
"16609",67,34,8,0,96.125082157983,100,"Smooth","Max. Reward Condition",40,"8",5,7,9,536,"Long",0.121589902213658,0.629839695017362,NA,0.651137664125929,"localGP"
"16610",67,35,8,2,68.5610945075531,100,"Smooth","Max. Reward Condition",40,"8",5,1,31,536,"Long",0.121589902213658,0.629839695017362,NA,0.651137664125929,"localGP"
"16611",67,36,3,7,57.0516260288864,100,"Smooth","Max. Reward Condition",40,"8",5,1,81,536,"Long",0.121589902213658,0.629839695017362,NA,0.651137664125929,"localGP"
"16612",67,37,8,5,25.922745926598,100,"Smooth","Max. Reward Condition",40,"8",5,1,64,536,"Long",0.121589902213658,0.629839695017362,NA,0.651137664125929,"localGP"
"16613",67,38,9,7,82.2639339178051,100,"Smooth","Max. Reward Condition",40,"8",5,1,87,536,"Long",0.121589902213658,0.629839695017362,NA,0.651137664125929,"localGP"
"16614",67,39,7,1,81.9911885215714,100,"Smooth","Max. Reward Condition",40,"8",5,1,19,536,"Long",0.121589902213658,0.629839695017362,NA,0.651137664125929,"localGP"
"16615",67,40,9,1,68.5223309875422,100,"Smooth","Max. Reward Condition",40,"8",5,2,21,536,"Long",0.121589902213658,0.629839695017362,NA,0.651137664125929,"localGP"
"16616",67,41,9,6,62.6880904214702,100,"Smooth","Max. Reward Condition",40,"8",5,1,76,536,"Long",0.121589902213658,0.629839695017362,NA,0.651137664125929,"localGP"
"16617",68,1,8,5,58.2160279726654,58.2160279726654,"Smooth","Max. Reward Condition",40,"1",1,NA,64,537,"Long",0.0470919739094794,1.22711879766828,NA,0.0990018348670642,"localGP"
"16618",68,2,10,0,31.7927826131939,58.2160279726654,"Smooth","Max. Reward Condition",40,"1",1,10,11,537,"Long",0.0470919739094794,1.22711879766828,NA,0.0990018348670642,"localGP"
"16619",68,3,9,1,33.320982275261,58.2160279726654,"Smooth","Max. Reward Condition",40,"1",1,8,21,537,"Long",0.0470919739094794,1.22711879766828,NA,0.0990018348670642,"localGP"
"16620",68,4,3,10,40.6071698165158,58.2160279726654,"Smooth","Max. Reward Condition",40,"1",1,1,114,537,"Long",0.0470919739094794,1.22711879766828,NA,0.0990018348670642,"localGP"
"16621",68,5,10,0,31.7927826131939,58.2160279726654,"Smooth","Max. Reward Condition",40,"1",1,1,11,537,"Long",0.0470919739094794,1.22711879766828,NA,0.0990018348670642,"localGP"
"16622",68,6,3,2,40.3832671386769,58.2160279726654,"Smooth","Max. Reward Condition",40,"1",1,2,26,537,"Long",0.0470919739094794,1.22711879766828,NA,0.0990018348670642,"localGP"
"16623",68,7,10,9,47.3705703671906,58.2160279726654,"Smooth","Max. Reward Condition",40,"1",1,2,110,537,"Long",0.0470919739094794,1.22711879766828,NA,0.0990018348670642,"localGP"
"16624",68,8,7,5,77.3624039749998,77.3624039749998,"Smooth","Max. Reward Condition",40,"1",1,3,63,537,"Long",0.0470919739094794,1.22711879766828,NA,0.0990018348670642,"localGP"
"16625",68,9,7,4,77.4616893062404,77.4616893062404,"Smooth","Max. Reward Condition",40,"1",1,2,52,537,"Long",0.0470919739094794,1.22711879766828,NA,0.0990018348670642,"localGP"
"16626",68,10,6,4,96.8351832239486,96.8351832239486,"Smooth","Max. Reward Condition",40,"1",1,2,51,537,"Long",0.0470919739094794,1.22711879766828,NA,0.0990018348670642,"localGP"
"16627",68,11,5,4,93.0511729954542,96.8351832239486,"Smooth","Max. Reward Condition",40,"1",1,2,50,537,"Long",0.0470919739094794,1.22711879766828,NA,0.0990018348670642,"localGP"
"16628",68,12,5,4,93.0511729954542,96.8351832239486,"Smooth","Max. Reward Condition",40,"1",1,0,50,537,"Long",0.0470919739094794,1.22711879766828,NA,0.0990018348670642,"localGP"
"16629",68,13,6,4,96.8351832239486,96.8351832239486,"Smooth","Max. Reward Condition",40,"1",1,0,51,537,"Long",0.0470919739094794,1.22711879766828,NA,0.0990018348670642,"localGP"
"16630",68,14,6,4,96.8351832239486,96.8351832239486,"Smooth","Max. Reward Condition",40,"1",1,0,51,537,"Long",0.0470919739094794,1.22711879766828,NA,0.0990018348670642,"localGP"
"16631",68,15,6,5,96.622130971634,96.8351832239486,"Smooth","Max. Reward Condition",40,"1",1,0,62,537,"Long",0.0470919739094794,1.22711879766828,NA,0.0990018348670642,"localGP"
"16632",68,16,6,5,96.622130971634,96.8351832239486,"Smooth","Max. Reward Condition",40,"1",1,0,62,537,"Long",0.0470919739094794,1.22711879766828,NA,0.0990018348670642,"localGP"
"16633",68,17,6,5,96.622130971634,96.8351832239486,"Smooth","Max. Reward Condition",40,"1",1,0,62,537,"Long",0.0470919739094794,1.22711879766828,NA,0.0990018348670642,"localGP"
"16634",68,18,7,5,77.3624039749998,96.8351832239486,"Smooth","Max. Reward Condition",40,"1",1,0,63,537,"Long",0.0470919739094794,1.22711879766828,NA,0.0990018348670642,"localGP"
"16635",68,19,6,5,96.622130971634,96.8351832239486,"Smooth","Max. Reward Condition",40,"1",1,0,62,537,"Long",0.0470919739094794,1.22711879766828,NA,0.0990018348670642,"localGP"
"16636",68,20,6,4,96.8351832239486,96.8351832239486,"Smooth","Max. Reward Condition",40,"1",1,0,51,537,"Long",0.0470919739094794,1.22711879766828,NA,0.0990018348670642,"localGP"
"16637",68,21,6,5,96.622130971634,96.8351832239486,"Smooth","Max. Reward Condition",40,"1",1,0,62,537,"Long",0.0470919739094794,1.22711879766828,NA,0.0990018348670642,"localGP"
"16638",68,22,6,5,96.622130971634,96.8351832239486,"Smooth","Max. Reward Condition",40,"1",1,0,62,537,"Long",0.0470919739094794,1.22711879766828,NA,0.0990018348670642,"localGP"
"16639",68,23,5,5,89.574494748802,96.8351832239486,"Smooth","Max. Reward Condition",40,"1",1,0,61,537,"Long",0.0470919739094794,1.22711879766828,NA,0.0990018348670642,"localGP"
"16640",68,24,6,5,96.622130971634,96.8351832239486,"Smooth","Max. Reward Condition",40,"1",1,0,62,537,"Long",0.0470919739094794,1.22711879766828,NA,0.0990018348670642,"localGP"
"16641",68,25,6,5,96.622130971634,96.8351832239486,"Smooth","Max. Reward Condition",40,"1",1,0,62,537,"Long",0.0470919739094794,1.22711879766828,NA,0.0990018348670642,"localGP"
"16642",68,26,6,5,96.622130971634,96.8351832239486,"Smooth","Max. Reward Condition",40,"1",1,0,62,537,"Long",0.0470919739094794,1.22711879766828,NA,0.0990018348670642,"localGP"
"16643",68,27,5,5,89.574494748802,96.8351832239486,"Smooth","Max. Reward Condition",40,"1",1,0,61,537,"Long",0.0470919739094794,1.22711879766828,NA,0.0990018348670642,"localGP"
"16644",68,28,5,5,89.574494748802,96.8351832239486,"Smooth","Max. Reward Condition",40,"1",1,0,61,537,"Long",0.0470919739094794,1.22711879766828,NA,0.0990018348670642,"localGP"
"16645",68,29,6,5,96.622130971634,96.8351832239486,"Smooth","Max. Reward Condition",40,"1",1,0,62,537,"Long",0.0470919739094794,1.22711879766828,NA,0.0990018348670642,"localGP"
"16646",68,30,5,5,89.574494748802,96.8351832239486,"Smooth","Max. Reward Condition",40,"1",1,0,61,537,"Long",0.0470919739094794,1.22711879766828,NA,0.0990018348670642,"localGP"
"16647",68,31,6,5,96.622130971634,96.8351832239486,"Smooth","Max. Reward Condition",40,"1",1,0,62,537,"Long",0.0470919739094794,1.22711879766828,NA,0.0990018348670642,"localGP"
"16648",68,32,6,5,96.622130971634,96.8351832239486,"Smooth","Max. Reward Condition",40,"1",1,0,62,537,"Long",0.0470919739094794,1.22711879766828,NA,0.0990018348670642,"localGP"
"16649",68,33,6,5,96.622130971634,96.8351832239486,"Smooth","Max. Reward Condition",40,"1",1,0,62,537,"Long",0.0470919739094794,1.22711879766828,NA,0.0990018348670642,"localGP"
"16650",68,34,6,5,96.622130971634,96.8351832239486,"Smooth","Max. Reward Condition",40,"1",1,0,62,537,"Long",0.0470919739094794,1.22711879766828,NA,0.0990018348670642,"localGP"
"16651",68,35,6,4,96.8351832239486,96.8351832239486,"Smooth","Max. Reward Condition",40,"1",1,0,51,537,"Long",0.0470919739094794,1.22711879766828,NA,0.0990018348670642,"localGP"
"16652",68,36,6,4,96.8351832239486,96.8351832239486,"Smooth","Max. Reward Condition",40,"1",1,0,51,537,"Long",0.0470919739094794,1.22711879766828,NA,0.0990018348670642,"localGP"
"16653",68,37,6,5,96.622130971634,96.8351832239486,"Smooth","Max. Reward Condition",40,"1",1,0,62,537,"Long",0.0470919739094794,1.22711879766828,NA,0.0990018348670642,"localGP"
"16654",68,38,7,5,77.3624039749998,96.8351832239486,"Smooth","Max. Reward Condition",40,"1",1,0,63,537,"Long",0.0470919739094794,1.22711879766828,NA,0.0990018348670642,"localGP"
"16655",68,39,6,5,96.622130971634,96.8351832239486,"Smooth","Max. Reward Condition",40,"1",1,0,62,537,"Long",0.0470919739094794,1.22711879766828,NA,0.0990018348670642,"localGP"
"16656",68,40,6,5,96.622130971634,96.8351832239486,"Smooth","Max. Reward Condition",40,"1",1,0,62,537,"Long",0.0470919739094794,1.22711879766828,NA,0.0990018348670642,"localGP"
"16657",68,41,6,5,96.622130971634,96.8351832239486,"Smooth","Max. Reward Condition",40,"1",1,0,62,537,"Long",0.0470919739094794,1.22711879766828,NA,0.0990018348670642,"localGP"
"16658",68,1,4,0,28.6800847238269,28.6800847238269,"Smooth","Max. Reward Condition",20,"2",3,NA,5,538,"Short",0.0634440898693115,1.28832325669227,NA,0.267758176442864,"localGP"
"16659",68,2,7,0,27.7354878985852,28.6800847238269,"Smooth","Max. Reward Condition",20,"2",3,7,8,538,"Short",0.0634440898693115,1.28832325669227,NA,0.267758176442864,"localGP"
"16660",68,3,2,5,22.080089893032,28.6800847238269,"Smooth","Max. Reward Condition",20,"2",3,2,58,538,"Short",0.0634440898693115,1.28832325669227,NA,0.267758176442864,"localGP"
"16661",68,4,1,5,38.9803477901221,38.9803477901221,"Smooth","Max. Reward Condition",20,"2",3,2,57,538,"Short",0.0634440898693115,1.28832325669227,NA,0.267758176442864,"localGP"
"16662",68,5,8,2,41.6905527547663,41.6905527547663,"Smooth","Max. Reward Condition",20,"2",3,3,31,538,"Short",0.0634440898693115,1.28832325669227,NA,0.267758176442864,"localGP"
"16663",68,6,7,9,92.1104494537164,92.1104494537164,"Smooth","Max. Reward Condition",20,"2",3,2,107,538,"Short",0.0634440898693115,1.28832325669227,NA,0.267758176442864,"localGP"
"16664",68,7,1,2,73.9442731369025,92.1104494537164,"Smooth","Max. Reward Condition",20,"2",3,1,24,538,"Short",0.0634440898693115,1.28832325669227,NA,0.267758176442864,"localGP"
"16665",68,8,1,1,55.6104424370959,92.1104494537164,"Smooth","Max. Reward Condition",20,"2",3,0,13,538,"Short",0.0634440898693115,1.28832325669227,NA,0.267758176442864,"localGP"
"16666",68,9,0,1,65.8842210019146,92.1104494537164,"Smooth","Max. Reward Condition",20,"2",3,0,12,538,"Short",0.0634440898693115,1.28832325669227,NA,0.267758176442864,"localGP"
"16667",68,10,5,7,56.1612856920817,92.1104494537164,"Smooth","Max. Reward Condition",20,"2",3,0,83,538,"Short",0.0634440898693115,1.28832325669227,NA,0.267758176442864,"localGP"
"16668",68,11,7,9,92.1104494537164,92.1104494537164,"Smooth","Max. Reward Condition",20,"2",3,0,107,538,"Short",0.0634440898693115,1.28832325669227,NA,0.267758176442864,"localGP"
"16669",68,12,6,9,72.1740224383506,92.1104494537164,"Smooth","Max. Reward Condition",20,"2",3,0,106,538,"Short",0.0634440898693115,1.28832325669227,NA,0.267758176442864,"localGP"
"16670",68,13,6,8,72.494296563532,92.1104494537164,"Smooth","Max. Reward Condition",20,"2",3,0,95,538,"Short",0.0634440898693115,1.28832325669227,NA,0.267758176442864,"localGP"
"16671",68,14,5,10,69.7494805541345,92.1104494537164,"Smooth","Max. Reward Condition",20,"2",3,0,116,538,"Short",0.0634440898693115,1.28832325669227,NA,0.267758176442864,"localGP"
"16672",68,15,8,9,62.9374230938864,92.1104494537164,"Smooth","Max. Reward Condition",20,"2",3,0,108,538,"Short",0.0634440898693115,1.28832325669227,NA,0.267758176442864,"localGP"
"16673",68,16,10,4,55.8295029198289,92.1104494537164,"Smooth","Max. Reward Condition",20,"2",3,0,55,538,"Short",0.0634440898693115,1.28832325669227,NA,0.267758176442864,"localGP"
"16674",68,17,0,6,64.8740030976897,92.1104494537164,"Smooth","Max. Reward Condition",20,"2",3,0,67,538,"Short",0.0634440898693115,1.28832325669227,NA,0.267758176442864,"localGP"
"16675",68,18,1,7,36.7922771302289,92.1104494537164,"Smooth","Max. Reward Condition",20,"2",3,0,79,538,"Short",0.0634440898693115,1.28832325669227,NA,0.267758176442864,"localGP"
"16676",68,19,10,8,89.8653397577546,92.1104494537164,"Smooth","Max. Reward Condition",20,"2",3,0,99,538,"Short",0.0634440898693115,1.28832325669227,NA,0.267758176442864,"localGP"
"16677",68,20,10,7,74.302046558664,92.1104494537164,"Smooth","Max. Reward Condition",20,"2",3,0,88,538,"Short",0.0634440898693115,1.28832325669227,NA,0.267758176442864,"localGP"
"16678",68,21,9,7,49.674641221052,92.1104494537164,"Smooth","Max. Reward Condition",20,"2",3,0,87,538,"Short",0.0634440898693115,1.28832325669227,NA,0.267758176442864,"localGP"
"16679",68,1,1,7,13.81155818132,13.81155818132,"Smooth","Max. Reward Condition",40,"3",19,NA,79,539,"Long",0.043783736021145,1.77596104332723,NA,0.0413871326000441,"localGP"
"16680",68,2,1,5,0,13.81155818132,"Smooth","Max. Reward Condition",40,"3",19,15,57,539,"Long",0.043783736021145,1.77596104332723,NA,0.0413871326000441,"localGP"
"16681",68,3,10,5,37.3660974523946,37.3660974523946,"Smooth","Max. Reward Condition",40,"3",19,5,66,539,"Long",0.043783736021145,1.77596104332723,NA,0.0413871326000441,"localGP"
"16682",68,4,6,6,73.1570356560972,73.1570356560972,"Smooth","Max. Reward Condition",40,"3",19,14,73,539,"Long",0.043783736021145,1.77596104332723,NA,0.0413871326000441,"localGP"
"16683",68,5,8,8,81.8046970917315,81.8046970917315,"Smooth","Max. Reward Condition",40,"3",19,6,97,539,"Long",0.043783736021145,1.77596104332723,NA,0.0413871326000441,"localGP"
"16684",68,6,8,8,81.8046970917315,81.8046970917315,"Smooth","Max. Reward Condition",40,"3",19,5,97,539,"Long",0.043783736021145,1.77596104332723,NA,0.0413871326000441,"localGP"
"16685",68,7,7,8,55.9050623268235,81.8046970917315,"Smooth","Max. Reward Condition",40,"3",19,4,96,539,"Long",0.043783736021145,1.77596104332723,NA,0.0413871326000441,"localGP"
"16686",68,8,9,8,78.8036694153572,81.8046970917315,"Smooth","Max. Reward Condition",40,"3",19,1,98,539,"Long",0.043783736021145,1.77596104332723,NA,0.0413871326000441,"localGP"
"16687",68,9,9,8,78.8036694153572,81.8046970917315,"Smooth","Max. Reward Condition",40,"3",19,1,98,539,"Long",0.043783736021145,1.77596104332723,NA,0.0413871326000441,"localGP"
"16688",68,10,8,8,81.8046970917315,81.8046970917315,"Smooth","Max. Reward Condition",40,"3",19,3,97,539,"Long",0.043783736021145,1.77596104332723,NA,0.0413871326000441,"localGP"
"16689",68,11,8,7,93.2880256740387,93.2880256740387,"Smooth","Max. Reward Condition",40,"3",19,2,86,539,"Long",0.043783736021145,1.77596104332723,NA,0.0413871326000441,"localGP"
"16690",68,12,8,8,81.8046970917315,93.2880256740387,"Smooth","Max. Reward Condition",40,"3",19,3,97,539,"Long",0.043783736021145,1.77596104332723,NA,0.0413871326000441,"localGP"
"16691",68,13,8,7,93.2880256740387,93.2880256740387,"Smooth","Max. Reward Condition",40,"3",19,2,86,539,"Long",0.043783736021145,1.77596104332723,NA,0.0413871326000441,"localGP"
"16692",68,14,8,7,93.2880256740387,93.2880256740387,"Smooth","Max. Reward Condition",40,"3",19,1,86,539,"Long",0.043783736021145,1.77596104332723,NA,0.0413871326000441,"localGP"
"16693",68,15,8,7,93.2880256740387,93.2880256740387,"Smooth","Max. Reward Condition",40,"3",19,2,86,539,"Long",0.043783736021145,1.77596104332723,NA,0.0413871326000441,"localGP"
"16694",68,16,8,7,93.2880256740387,93.2880256740387,"Smooth","Max. Reward Condition",40,"3",19,5,86,539,"Long",0.043783736021145,1.77596104332723,NA,0.0413871326000441,"localGP"
"16695",68,17,8,7,93.2880256740387,93.2880256740387,"Smooth","Max. Reward Condition",40,"3",19,7,86,539,"Long",0.043783736021145,1.77596104332723,NA,0.0413871326000441,"localGP"
"16696",68,18,8,6,77.0215365379863,93.2880256740387,"Smooth","Max. Reward Condition",40,"3",19,11,75,539,"Long",0.043783736021145,1.77596104332723,NA,0.0413871326000441,"localGP"
"16697",68,19,8,7,93.2880256740387,93.2880256740387,"Smooth","Max. Reward Condition",40,"3",19,1,86,539,"Long",0.043783736021145,1.77596104332723,NA,0.0413871326000441,"localGP"
"16698",68,20,8,7,93.2880256740387,93.2880256740387,"Smooth","Max. Reward Condition",40,"3",19,1,86,539,"Long",0.043783736021145,1.77596104332723,NA,0.0413871326000441,"localGP"
"16699",68,21,8,7,93.2880256740387,93.2880256740387,"Smooth","Max. Reward Condition",40,"3",19,4,86,539,"Long",0.043783736021145,1.77596104332723,NA,0.0413871326000441,"localGP"
"16700",68,22,9,7,60.6742426292071,93.2880256740387,"Smooth","Max. Reward Condition",40,"3",19,0,87,539,"Long",0.043783736021145,1.77596104332723,NA,0.0413871326000441,"localGP"
"16701",68,23,8,7,93.2880256740387,93.2880256740387,"Smooth","Max. Reward Condition",40,"3",19,1,86,539,"Long",0.043783736021145,1.77596104332723,NA,0.0413871326000441,"localGP"
"16702",68,24,7,7,78.4257216995386,93.2880256740387,"Smooth","Max. Reward Condition",40,"3",19,2,85,539,"Long",0.043783736021145,1.77596104332723,NA,0.0413871326000441,"localGP"
"16703",68,25,8,7,93.2880256740387,93.2880256740387,"Smooth","Max. Reward Condition",40,"3",19,1,86,539,"Long",0.043783736021145,1.77596104332723,NA,0.0413871326000441,"localGP"
"16704",68,26,8,7,93.2880256740387,93.2880256740387,"Smooth","Max. Reward Condition",40,"3",19,2,86,539,"Long",0.043783736021145,1.77596104332723,NA,0.0413871326000441,"localGP"
"16705",68,27,8,7,93.2880256740387,93.2880256740387,"Smooth","Max. Reward Condition",40,"3",19,1,86,539,"Long",0.043783736021145,1.77596104332723,NA,0.0413871326000441,"localGP"
"16706",68,28,8,7,93.2880256740387,93.2880256740387,"Smooth","Max. Reward Condition",40,"3",19,2,86,539,"Long",0.043783736021145,1.77596104332723,NA,0.0413871326000441,"localGP"
"16707",68,29,8,7,93.2880256740387,93.2880256740387,"Smooth","Max. Reward Condition",40,"3",19,0,86,539,"Long",0.043783736021145,1.77596104332723,NA,0.0413871326000441,"localGP"
"16708",68,30,8,7,93.2880256740387,93.2880256740387,"Smooth","Max. Reward Condition",40,"3",19,0,86,539,"Long",0.043783736021145,1.77596104332723,NA,0.0413871326000441,"localGP"
"16709",68,31,8,7,93.2880256740387,93.2880256740387,"Smooth","Max. Reward Condition",40,"3",19,0,86,539,"Long",0.043783736021145,1.77596104332723,NA,0.0413871326000441,"localGP"
"16710",68,32,8,7,93.2880256740387,93.2880256740387,"Smooth","Max. Reward Condition",40,"3",19,0,86,539,"Long",0.043783736021145,1.77596104332723,NA,0.0413871326000441,"localGP"
"16711",68,33,8,7,93.2880256740387,93.2880256740387,"Smooth","Max. Reward Condition",40,"3",19,0,86,539,"Long",0.043783736021145,1.77596104332723,NA,0.0413871326000441,"localGP"
"16712",68,34,8,7,93.2880256740387,93.2880256740387,"Smooth","Max. Reward Condition",40,"3",19,0,86,539,"Long",0.043783736021145,1.77596104332723,NA,0.0413871326000441,"localGP"
"16713",68,35,7,7,78.4257216995386,93.2880256740387,"Smooth","Max. Reward Condition",40,"3",19,0,85,539,"Long",0.043783736021145,1.77596104332723,NA,0.0413871326000441,"localGP"
"16714",68,36,8,7,93.2880256740387,93.2880256740387,"Smooth","Max. Reward Condition",40,"3",19,0,86,539,"Long",0.043783736021145,1.77596104332723,NA,0.0413871326000441,"localGP"
"16715",68,37,8,7,93.2880256740387,93.2880256740387,"Smooth","Max. Reward Condition",40,"3",19,0,86,539,"Long",0.043783736021145,1.77596104332723,NA,0.0413871326000441,"localGP"
"16716",68,38,8,7,93.2880256740387,93.2880256740387,"Smooth","Max. Reward Condition",40,"3",19,0,86,539,"Long",0.043783736021145,1.77596104332723,NA,0.0413871326000441,"localGP"
"16717",68,39,8,7,93.2880256740387,93.2880256740387,"Smooth","Max. Reward Condition",40,"3",19,0,86,539,"Long",0.043783736021145,1.77596104332723,NA,0.0413871326000441,"localGP"
"16718",68,40,8,7,93.2880256740387,93.2880256740387,"Smooth","Max. Reward Condition",40,"3",19,0,86,539,"Long",0.043783736021145,1.77596104332723,NA,0.0413871326000441,"localGP"
"16719",68,41,8,7,93.2880256740387,93.2880256740387,"Smooth","Max. Reward Condition",40,"3",19,0,86,539,"Long",0.043783736021145,1.77596104332723,NA,0.0413871326000441,"localGP"
"16720",68,1,7,3,38.4994048862077,38.4994048862077,"Smooth","Max. Reward Condition",20,"4",5,NA,41,540,"Short",0.0511209201579984,6.44688093678642,NA,0.138499622297781,"localGP"
"16721",68,2,9,5,12.8213865416785,38.4994048862077,"Smooth","Max. Reward Condition",20,"4",5,14,65,540,"Short",0.0511209201579984,6.44688093678642,NA,0.138499622297781,"localGP"
"16722",68,3,7,7,68.4962011684434,68.4962011684434,"Smooth","Max. Reward Condition",20,"4",5,6,85,540,"Short",0.0511209201579984,6.44688093678642,NA,0.138499622297781,"localGP"
"16723",68,4,6,7,60.8864429943102,68.4962011684434,"Smooth","Max. Reward Condition",20,"4",5,13,84,540,"Short",0.0511209201579984,6.44688093678642,NA,0.138499622297781,"localGP"
"16724",68,5,6,7,60.8864429943102,68.4962011684434,"Smooth","Max. Reward Condition",20,"4",5,12,84,540,"Short",0.0511209201579984,6.44688093678642,NA,0.138499622297781,"localGP"
"16725",68,6,7,7,68.4962011684434,68.4962011684434,"Smooth","Max. Reward Condition",20,"4",5,6,85,540,"Short",0.0511209201579984,6.44688093678642,NA,0.138499622297781,"localGP"
"16726",68,7,10,6,82.4387014347711,82.4387014347711,"Smooth","Max. Reward Condition",20,"4",5,2,77,540,"Short",0.0511209201579984,6.44688093678642,NA,0.138499622297781,"localGP"
"16727",68,8,10,7,69.0054960754502,82.4387014347711,"Smooth","Max. Reward Condition",20,"4",5,8,88,540,"Short",0.0511209201579984,6.44688093678642,NA,0.138499622297781,"localGP"
"16728",68,9,3,0,47.8459154961646,82.4387014347711,"Smooth","Max. Reward Condition",20,"4",5,1,4,540,"Short",0.0511209201579984,6.44688093678642,NA,0.138499622297781,"localGP"
"16729",68,10,4,0,48.9349746000449,82.4387014347711,"Smooth","Max. Reward Condition",20,"4",5,1,5,540,"Short",0.0511209201579984,6.44688093678642,NA,0.138499622297781,"localGP"
"16730",68,11,4,1,39.4465578742712,82.4387014347711,"Smooth","Max. Reward Condition",20,"4",5,2,16,540,"Short",0.0511209201579984,6.44688093678642,NA,0.138499622297781,"localGP"
"16731",68,12,6,0,63.3442305024088,82.4387014347711,"Smooth","Max. Reward Condition",20,"4",5,2,7,540,"Short",0.0511209201579984,6.44688093678642,NA,0.138499622297781,"localGP"
"16732",68,13,4,8,26.7884131149628,82.4387014347711,"Smooth","Max. Reward Condition",20,"4",5,1,93,540,"Short",0.0511209201579984,6.44688093678642,NA,0.138499622297781,"localGP"
"16733",68,14,5,9,64.402620965622,82.4387014347711,"Smooth","Max. Reward Condition",20,"4",5,2,105,540,"Short",0.0511209201579984,6.44688093678642,NA,0.138499622297781,"localGP"
"16734",68,15,6,9,54.6126076443518,82.4387014347711,"Smooth","Max. Reward Condition",20,"4",5,2,106,540,"Short",0.0511209201579984,6.44688093678642,NA,0.138499622297781,"localGP"
"16735",68,16,5,4,54.3126092330093,82.4387014347711,"Smooth","Max. Reward Condition",20,"4",5,0,50,540,"Short",0.0511209201579984,6.44688093678642,NA,0.138499622297781,"localGP"
"16736",68,17,6,0,63.3442305024088,82.4387014347711,"Smooth","Max. Reward Condition",20,"4",5,0,7,540,"Short",0.0511209201579984,6.44688093678642,NA,0.138499622297781,"localGP"
"16737",68,18,1,10,42.4236930737599,82.4387014347711,"Smooth","Max. Reward Condition",20,"4",5,0,112,540,"Short",0.0511209201579984,6.44688093678642,NA,0.138499622297781,"localGP"
"16738",68,19,1,2,63.2638935825621,82.4387014347711,"Smooth","Max. Reward Condition",20,"4",5,0,24,540,"Short",0.0511209201579984,6.44688093678642,NA,0.138499622297781,"localGP"
"16739",68,20,0,2,58.4045209406956,82.4387014347711,"Smooth","Max. Reward Condition",20,"4",5,0,23,540,"Short",0.0511209201579984,6.44688093678642,NA,0.138499622297781,"localGP"
"16740",68,21,0,1,66.1941053311197,82.4387014347711,"Smooth","Max. Reward Condition",20,"4",5,0,12,540,"Short",0.0511209201579984,6.44688093678642,NA,0.138499622297781,"localGP"
"16741",68,1,9,3,26.7801614891284,26.7801614891284,"Smooth","Max. Reward Condition",40,"5",14,NA,43,541,"Long",0.052417919069588,1.26977364241188,NA,0.249277157691397,"localGP"
"16742",68,2,5,0,68.5162654383433,68.5162654383433,"Smooth","Max. Reward Condition",40,"5",14,1,6,541,"Long",0.052417919069588,1.26977364241188,NA,0.249277157691397,"localGP"
"16743",68,3,5,6,32.4190183733433,68.5162654383433,"Smooth","Max. Reward Condition",40,"5",14,1,72,541,"Long",0.052417919069588,1.26977364241188,NA,0.249277157691397,"localGP"
"16744",68,4,1,5,56.5450425488561,68.5162654383433,"Smooth","Max. Reward Condition",40,"5",14,1,57,541,"Long",0.052417919069588,1.26977364241188,NA,0.249277157691397,"localGP"
"16745",68,5,1,0,61.0833370508762,68.5162654383433,"Smooth","Max. Reward Condition",40,"5",14,2,2,541,"Long",0.052417919069588,1.26977364241188,NA,0.249277157691397,"localGP"
"16746",68,6,1,1,79.8594953579445,79.8594953579445,"Smooth","Max. Reward Condition",40,"5",14,2,13,541,"Long",0.052417919069588,1.26977364241188,NA,0.249277157691397,"localGP"
"16747",68,7,2,1,53.6211624173466,79.8594953579445,"Smooth","Max. Reward Condition",40,"5",14,0,14,541,"Long",0.052417919069588,1.26977364241188,NA,0.249277157691397,"localGP"
"16748",68,8,3,2,76.7507190028061,79.8594953579445,"Smooth","Max. Reward Condition",40,"5",14,0,26,541,"Long",0.052417919069588,1.26977364241188,NA,0.249277157691397,"localGP"
"16749",68,9,4,2,87.5181735479042,87.5181735479042,"Smooth","Max. Reward Condition",40,"5",14,0,27,541,"Long",0.052417919069588,1.26977364241188,NA,0.249277157691397,"localGP"
"16750",68,10,5,2,56.3291955901051,87.5181735479042,"Smooth","Max. Reward Condition",40,"5",14,0,28,541,"Long",0.052417919069588,1.26977364241188,NA,0.249277157691397,"localGP"
"16751",68,11,4,2,87.5181735479042,87.5181735479042,"Smooth","Max. Reward Condition",40,"5",14,0,27,541,"Long",0.052417919069588,1.26977364241188,NA,0.249277157691397,"localGP"
"16752",68,12,4,1,65.3463353635867,87.5181735479042,"Smooth","Max. Reward Condition",40,"5",14,0,16,541,"Long",0.052417919069588,1.26977364241188,NA,0.249277157691397,"localGP"
"16753",68,13,4,3,65.3292450203886,87.5181735479042,"Smooth","Max. Reward Condition",40,"5",14,0,38,541,"Long",0.052417919069588,1.26977364241188,NA,0.249277157691397,"localGP"
"16754",68,14,10,1,68.9533017628341,87.5181735479042,"Smooth","Max. Reward Condition",40,"5",14,0,22,541,"Long",0.052417919069588,1.26977364241188,NA,0.249277157691397,"localGP"
"16755",68,15,10,0,54.7041711042587,87.5181735479042,"Smooth","Max. Reward Condition",40,"5",14,0,11,541,"Long",0.052417919069588,1.26977364241188,NA,0.249277157691397,"localGP"
"16756",68,16,9,1,44.1985025051653,87.5181735479042,"Smooth","Max. Reward Condition",40,"5",14,0,21,541,"Long",0.052417919069588,1.26977364241188,NA,0.249277157691397,"localGP"
"16757",68,17,10,2,34.4298886256847,87.5181735479042,"Smooth","Max. Reward Condition",40,"5",14,0,33,541,"Long",0.052417919069588,1.26977364241188,NA,0.249277157691397,"localGP"
"16758",68,18,2,3,58.8050378445356,87.5181735479042,"Smooth","Max. Reward Condition",40,"5",14,0,36,541,"Long",0.052417919069588,1.26977364241188,NA,0.249277157691397,"localGP"
"16759",68,19,1,3,79.9836672889353,87.5181735479042,"Smooth","Max. Reward Condition",40,"5",14,0,35,541,"Long",0.052417919069588,1.26977364241188,NA,0.249277157691397,"localGP"
"16760",68,20,1,2,100,100,"Smooth","Max. Reward Condition",40,"5",14,0,24,541,"Long",0.052417919069588,1.26977364241188,NA,0.249277157691397,"localGP"
"16761",68,21,0,2,76.8659090537279,100,"Smooth","Max. Reward Condition",40,"5",14,0,23,541,"Long",0.052417919069588,1.26977364241188,NA,0.249277157691397,"localGP"
"16762",68,22,1,2,100,100,"Smooth","Max. Reward Condition",40,"5",14,0,24,541,"Long",0.052417919069588,1.26977364241188,NA,0.249277157691397,"localGP"
"16763",68,23,1,2,100,100,"Smooth","Max. Reward Condition",40,"5",14,0,24,541,"Long",0.052417919069588,1.26977364241188,NA,0.249277157691397,"localGP"
"16764",68,24,1,2,100,100,"Smooth","Max. Reward Condition",40,"5",14,0,24,541,"Long",0.052417919069588,1.26977364241188,NA,0.249277157691397,"localGP"
"16765",68,25,1,1,79.8594953579445,100,"Smooth","Max. Reward Condition",40,"5",14,0,13,541,"Long",0.052417919069588,1.26977364241188,NA,0.249277157691397,"localGP"
"16766",68,26,1,2,100,100,"Smooth","Max. Reward Condition",40,"5",14,0,24,541,"Long",0.052417919069588,1.26977364241188,NA,0.249277157691397,"localGP"
"16767",68,27,1,2,100,100,"Smooth","Max. Reward Condition",40,"5",14,0,24,541,"Long",0.052417919069588,1.26977364241188,NA,0.249277157691397,"localGP"
"16768",68,28,1,2,100,100,"Smooth","Max. Reward Condition",40,"5",14,0,24,541,"Long",0.052417919069588,1.26977364241188,NA,0.249277157691397,"localGP"
"16769",68,29,1,2,100,100,"Smooth","Max. Reward Condition",40,"5",14,0,24,541,"Long",0.052417919069588,1.26977364241188,NA,0.249277157691397,"localGP"
"16770",68,30,1,2,100,100,"Smooth","Max. Reward Condition",40,"5",14,0,24,541,"Long",0.052417919069588,1.26977364241188,NA,0.249277157691397,"localGP"
"16771",68,31,1,2,100,100,"Smooth","Max. Reward Condition",40,"5",14,0,24,541,"Long",0.052417919069588,1.26977364241188,NA,0.249277157691397,"localGP"
"16772",68,32,1,2,100,100,"Smooth","Max. Reward Condition",40,"5",14,0,24,541,"Long",0.052417919069588,1.26977364241188,NA,0.249277157691397,"localGP"
"16773",68,33,1,2,100,100,"Smooth","Max. Reward Condition",40,"5",14,0,24,541,"Long",0.052417919069588,1.26977364241188,NA,0.249277157691397,"localGP"
"16774",68,34,1,2,100,100,"Smooth","Max. Reward Condition",40,"5",14,0,24,541,"Long",0.052417919069588,1.26977364241188,NA,0.249277157691397,"localGP"
"16775",68,35,10,10,16.6581489852358,100,"Smooth","Max. Reward Condition",40,"5",14,0,121,541,"Long",0.052417919069588,1.26977364241188,NA,0.249277157691397,"localGP"
"16776",68,36,2,0,39.9028275804377,100,"Smooth","Max. Reward Condition",40,"5",14,0,3,541,"Long",0.052417919069588,1.26977364241188,NA,0.249277157691397,"localGP"
"16777",68,37,4,10,53.6837702562428,100,"Smooth","Max. Reward Condition",40,"5",14,0,115,541,"Long",0.052417919069588,1.26977364241188,NA,0.249277157691397,"localGP"
"16778",68,38,3,10,73.0643820876039,100,"Smooth","Max. Reward Condition",40,"5",14,0,114,541,"Long",0.052417919069588,1.26977364241188,NA,0.249277157691397,"localGP"
"16779",68,39,2,10,57.5696420564348,100,"Smooth","Max. Reward Condition",40,"5",14,0,113,541,"Long",0.052417919069588,1.26977364241188,NA,0.249277157691397,"localGP"
"16780",68,40,2,8,35.4444030293938,100,"Smooth","Max. Reward Condition",40,"5",14,0,91,541,"Long",0.052417919069588,1.26977364241188,NA,0.249277157691397,"localGP"
"16781",68,41,4,4,31.2783489505753,100,"Smooth","Max. Reward Condition",40,"5",14,0,49,541,"Long",0.052417919069588,1.26977364241188,NA,0.249277157691397,"localGP"
"16782",68,1,1,8,43.9523199496518,43.9523199496518,"Smooth","Max. Reward Condition",20,"6",18,NA,90,542,"Short",0.0410032924412142,1.14404499912215,NA,0.0789393337545697,"localGP"
"16783",68,2,7,0,42.9589109344854,43.9523199496518,"Smooth","Max. Reward Condition",20,"6",18,16,8,542,"Short",0.0410032924412142,1.14404499912215,NA,0.0789393337545697,"localGP"
"16784",68,3,6,3,2.55804621582689,43.9523199496518,"Smooth","Max. Reward Condition",20,"6",18,7,40,542,"Short",0.0410032924412142,1.14404499912215,NA,0.0789393337545697,"localGP"
"16785",68,4,1,3,23.743412126775,43.9523199496518,"Smooth","Max. Reward Condition",20,"6",18,12,35,542,"Short",0.0410032924412142,1.14404499912215,NA,0.0789393337545697,"localGP"
"16786",68,5,0,8,40.1557616499508,43.9523199496518,"Smooth","Max. Reward Condition",20,"6",18,1,89,542,"Short",0.0410032924412142,1.14404499912215,NA,0.0789393337545697,"localGP"
"16787",68,6,7,3,0,43.9523199496518,"Smooth","Max. Reward Condition",20,"6",18,2,41,542,"Short",0.0410032924412142,1.14404499912215,NA,0.0789393337545697,"localGP"
"16788",68,7,7,6,35.0970793586,43.9523199496518,"Smooth","Max. Reward Condition",20,"6",18,2,74,542,"Short",0.0410032924412142,1.14404499912215,NA,0.0789393337545697,"localGP"
"16789",68,8,7,3,0,43.9523199496518,"Smooth","Max. Reward Condition",20,"6",18,1,41,542,"Short",0.0410032924412142,1.14404499912215,NA,0.0789393337545697,"localGP"
"16790",68,9,0,0,58.6812427635904,58.6812427635904,"Smooth","Max. Reward Condition",20,"6",18,1,1,542,"Short",0.0410032924412142,1.14404499912215,NA,0.0789393337545697,"localGP"
"16791",68,10,6,3,2.55804621582689,58.6812427635904,"Smooth","Max. Reward Condition",20,"6",18,1,40,542,"Short",0.0410032924412142,1.14404499912215,NA,0.0789393337545697,"localGP"
"16792",68,11,7,5,34.8171406531834,58.6812427635904,"Smooth","Max. Reward Condition",20,"6",18,1,63,542,"Short",0.0410032924412142,1.14404499912215,NA,0.0789393337545697,"localGP"
"16793",68,12,6,0,37.7168186975526,58.6812427635904,"Smooth","Max. Reward Condition",20,"6",18,2,7,542,"Short",0.0410032924412142,1.14404499912215,NA,0.0789393337545697,"localGP"
"16794",68,13,0,5,18.0799924222245,58.6812427635904,"Smooth","Max. Reward Condition",20,"6",18,1,56,542,"Short",0.0410032924412142,1.14404499912215,NA,0.0789393337545697,"localGP"
"16795",68,14,1,0,52.4795285472342,58.6812427635904,"Smooth","Max. Reward Condition",20,"6",18,2,2,542,"Short",0.0410032924412142,1.14404499912215,NA,0.0789393337545697,"localGP"
"16796",68,15,2,6,9.85315561544602,58.6812427635904,"Smooth","Max. Reward Condition",20,"6",18,8,69,542,"Short",0.0410032924412142,1.14404499912215,NA,0.0789393337545697,"localGP"
"16797",68,16,8,0,49.6392731518266,58.6812427635904,"Smooth","Max. Reward Condition",20,"6",18,10,9,542,"Short",0.0410032924412142,1.14404499912215,NA,0.0789393337545697,"localGP"
"16798",68,17,2,2,100,100,"Smooth","Max. Reward Condition",20,"6",18,0,25,542,"Short",0.0410032924412142,1.14404499912215,NA,0.0789393337545697,"localGP"
"16799",68,18,3,2,87.0484650270771,100,"Smooth","Max. Reward Condition",20,"6",18,0,26,542,"Short",0.0410032924412142,1.14404499912215,NA,0.0789393337545697,"localGP"
"16800",68,19,2,2,100,100,"Smooth","Max. Reward Condition",20,"6",18,0,25,542,"Short",0.0410032924412142,1.14404499912215,NA,0.0789393337545697,"localGP"
"16801",68,20,2,1,70.0239835784985,100,"Smooth","Max. Reward Condition",20,"6",18,0,14,542,"Short",0.0410032924412142,1.14404499912215,NA,0.0789393337545697,"localGP"
"16802",68,21,2,2,100,100,"Smooth","Max. Reward Condition",20,"6",18,0,25,542,"Short",0.0410032924412142,1.14404499912215,NA,0.0789393337545697,"localGP"
"16803",68,1,0,3,27.8766329094595,27.8766329094595,"Smooth","Max. Reward Condition",40,"7",8,NA,34,543,"Long",0.0526432366313356,1.38539623256224,NA,0.0713254615571333,"localGP"
"16804",68,2,1,2,51.3385212336399,51.3385212336399,"Smooth","Max. Reward Condition",40,"7",8,1,24,543,"Long",0.0526432366313356,1.38539623256224,NA,0.0713254615571333,"localGP"
"16805",68,3,3,1,4.88158826863188,51.3385212336399,"Smooth","Max. Reward Condition",40,"7",8,2,15,543,"Long",0.0526432366313356,1.38539623256224,NA,0.0713254615571333,"localGP"
"16806",68,4,1,7,26.9136247200842,51.3385212336399,"Smooth","Max. Reward Condition",40,"7",8,1,79,543,"Long",0.0526432366313356,1.38539623256224,NA,0.0713254615571333,"localGP"
"16807",68,5,4,6,92.5612285235121,92.5612285235121,"Smooth","Max. Reward Condition",40,"7",8,1,71,543,"Long",0.0526432366313356,1.38539623256224,NA,0.0713254615571333,"localGP"
"16808",68,6,4,5,81.9160830308222,92.5612285235121,"Smooth","Max. Reward Condition",40,"7",8,1,60,543,"Long",0.0526432366313356,1.38539623256224,NA,0.0713254615571333,"localGP"
"16809",68,7,4,6,92.5612285235121,92.5612285235121,"Smooth","Max. Reward Condition",40,"7",8,2,71,543,"Long",0.0526432366313356,1.38539623256224,NA,0.0713254615571333,"localGP"
"16810",68,8,4,6,92.5612285235121,92.5612285235121,"Smooth","Max. Reward Condition",40,"7",8,1,71,543,"Long",0.0526432366313356,1.38539623256224,NA,0.0713254615571333,"localGP"
"16811",68,9,4,6,92.5612285235121,92.5612285235121,"Smooth","Max. Reward Condition",40,"7",8,2,71,543,"Long",0.0526432366313356,1.38539623256224,NA,0.0713254615571333,"localGP"
"16812",68,10,5,6,43.2423959719255,92.5612285235121,"Smooth","Max. Reward Condition",40,"7",8,2,72,543,"Long",0.0526432366313356,1.38539623256224,NA,0.0713254615571333,"localGP"
"16813",68,11,4,6,92.5612285235121,92.5612285235121,"Smooth","Max. Reward Condition",40,"7",8,3,71,543,"Long",0.0526432366313356,1.38539623256224,NA,0.0713254615571333,"localGP"
"16814",68,12,3,6,92.3422522413602,92.5612285235121,"Smooth","Max. Reward Condition",40,"7",8,3,70,543,"Long",0.0526432366313356,1.38539623256224,NA,0.0713254615571333,"localGP"
"16815",68,13,4,6,92.5612285235121,92.5612285235121,"Smooth","Max. Reward Condition",40,"7",8,0,71,543,"Long",0.0526432366313356,1.38539623256224,NA,0.0713254615571333,"localGP"
"16816",68,14,3,6,92.3422522413602,92.5612285235121,"Smooth","Max. Reward Condition",40,"7",8,0,70,543,"Long",0.0526432366313356,1.38539623256224,NA,0.0713254615571333,"localGP"
"16817",68,15,4,6,92.5612285235121,92.5612285235121,"Smooth","Max. Reward Condition",40,"7",8,0,71,543,"Long",0.0526432366313356,1.38539623256224,NA,0.0713254615571333,"localGP"
"16818",68,16,4,7,87.7929185379322,92.5612285235121,"Smooth","Max. Reward Condition",40,"7",8,0,82,543,"Long",0.0526432366313356,1.38539623256224,NA,0.0713254615571333,"localGP"
"16819",68,17,4,6,92.5612285235121,92.5612285235121,"Smooth","Max. Reward Condition",40,"7",8,0,71,543,"Long",0.0526432366313356,1.38539623256224,NA,0.0713254615571333,"localGP"
"16820",68,18,4,7,87.7929185379322,92.5612285235121,"Smooth","Max. Reward Condition",40,"7",8,0,82,543,"Long",0.0526432366313356,1.38539623256224,NA,0.0713254615571333,"localGP"
"16821",68,19,3,7,79.3800074226317,92.5612285235121,"Smooth","Max. Reward Condition",40,"7",8,0,81,543,"Long",0.0526432366313356,1.38539623256224,NA,0.0713254615571333,"localGP"
"16822",68,20,4,7,87.7929185379322,92.5612285235121,"Smooth","Max. Reward Condition",40,"7",8,0,82,543,"Long",0.0526432366313356,1.38539623256224,NA,0.0713254615571333,"localGP"
"16823",68,21,3,7,79.3800074226317,92.5612285235121,"Smooth","Max. Reward Condition",40,"7",8,0,81,543,"Long",0.0526432366313356,1.38539623256224,NA,0.0713254615571333,"localGP"
"16824",68,22,3,6,92.3422522413602,92.5612285235121,"Smooth","Max. Reward Condition",40,"7",8,0,70,543,"Long",0.0526432366313356,1.38539623256224,NA,0.0713254615571333,"localGP"
"16825",68,23,3,6,92.3422522413602,92.5612285235121,"Smooth","Max. Reward Condition",40,"7",8,0,70,543,"Long",0.0526432366313356,1.38539623256224,NA,0.0713254615571333,"localGP"
"16826",68,24,4,6,92.5612285235121,92.5612285235121,"Smooth","Max. Reward Condition",40,"7",8,0,71,543,"Long",0.0526432366313356,1.38539623256224,NA,0.0713254615571333,"localGP"
"16827",68,25,3,6,92.3422522413602,92.5612285235121,"Smooth","Max. Reward Condition",40,"7",8,0,70,543,"Long",0.0526432366313356,1.38539623256224,NA,0.0713254615571333,"localGP"
"16828",68,26,4,6,92.5612285235121,92.5612285235121,"Smooth","Max. Reward Condition",40,"7",8,0,71,543,"Long",0.0526432366313356,1.38539623256224,NA,0.0713254615571333,"localGP"
"16829",68,27,3,6,92.3422522413602,92.5612285235121,"Smooth","Max. Reward Condition",40,"7",8,0,70,543,"Long",0.0526432366313356,1.38539623256224,NA,0.0713254615571333,"localGP"
"16830",68,28,3,6,92.3422522413602,92.5612285235121,"Smooth","Max. Reward Condition",40,"7",8,0,70,543,"Long",0.0526432366313356,1.38539623256224,NA,0.0713254615571333,"localGP"
"16831",68,29,4,6,92.5612285235121,92.5612285235121,"Smooth","Max. Reward Condition",40,"7",8,0,71,543,"Long",0.0526432366313356,1.38539623256224,NA,0.0713254615571333,"localGP"
"16832",68,30,4,6,92.5612285235121,92.5612285235121,"Smooth","Max. Reward Condition",40,"7",8,0,71,543,"Long",0.0526432366313356,1.38539623256224,NA,0.0713254615571333,"localGP"
"16833",68,31,3,6,92.3422522413602,92.5612285235121,"Smooth","Max. Reward Condition",40,"7",8,0,70,543,"Long",0.0526432366313356,1.38539623256224,NA,0.0713254615571333,"localGP"
"16834",68,32,3,7,79.3800074226317,92.5612285235121,"Smooth","Max. Reward Condition",40,"7",8,1,81,543,"Long",0.0526432366313356,1.38539623256224,NA,0.0713254615571333,"localGP"
"16835",68,33,3,6,92.3422522413602,92.5612285235121,"Smooth","Max. Reward Condition",40,"7",8,0,70,543,"Long",0.0526432366313356,1.38539623256224,NA,0.0713254615571333,"localGP"
"16836",68,34,4,6,92.5612285235121,92.5612285235121,"Smooth","Max. Reward Condition",40,"7",8,0,71,543,"Long",0.0526432366313356,1.38539623256224,NA,0.0713254615571333,"localGP"
"16837",68,35,3,6,92.3422522413602,92.5612285235121,"Smooth","Max. Reward Condition",40,"7",8,0,70,543,"Long",0.0526432366313356,1.38539623256224,NA,0.0713254615571333,"localGP"
"16838",68,36,3,6,92.3422522413602,92.5612285235121,"Smooth","Max. Reward Condition",40,"7",8,0,70,543,"Long",0.0526432366313356,1.38539623256224,NA,0.0713254615571333,"localGP"
"16839",68,37,4,6,92.5612285235121,92.5612285235121,"Smooth","Max. Reward Condition",40,"7",8,0,71,543,"Long",0.0526432366313356,1.38539623256224,NA,0.0713254615571333,"localGP"
"16840",68,38,3,6,92.3422522413602,92.5612285235121,"Smooth","Max. Reward Condition",40,"7",8,1,70,543,"Long",0.0526432366313356,1.38539623256224,NA,0.0713254615571333,"localGP"
"16841",68,39,4,6,92.5612285235121,92.5612285235121,"Smooth","Max. Reward Condition",40,"7",8,0,71,543,"Long",0.0526432366313356,1.38539623256224,NA,0.0713254615571333,"localGP"
"16842",68,40,3,6,92.3422522413602,92.5612285235121,"Smooth","Max. Reward Condition",40,"7",8,0,70,543,"Long",0.0526432366313356,1.38539623256224,NA,0.0713254615571333,"localGP"
"16843",68,41,3,5,100,100,"Smooth","Max. Reward Condition",40,"7",8,0,59,543,"Long",0.0526432366313356,1.38539623256224,NA,0.0713254615571333,"localGP"
"16844",68,1,6,4,32.9227848500965,32.9227848500965,"Smooth","Max. Reward Condition",20,"8",16,NA,51,544,"Short",0.0656366675171898,5.76815495277354,NA,0.342883521682035,"localGP"
"16845",68,2,10,6,87.869042125599,87.869042125599,"Smooth","Max. Reward Condition",20,"8",16,16,77,544,"Short",0.0656366675171898,5.76815495277354,NA,0.342883521682035,"localGP"
"16846",68,3,1,4,16.6041970073858,87.869042125599,"Smooth","Max. Reward Condition",20,"8",16,9,46,544,"Short",0.0656366675171898,5.76815495277354,NA,0.342883521682035,"localGP"
"16847",68,4,0,9,12.3134748029018,87.869042125599,"Smooth","Max. Reward Condition",20,"8",16,14,100,544,"Short",0.0656366675171898,5.76815495277354,NA,0.342883521682035,"localGP"
"16848",68,5,6,5,62.1197165528081,87.869042125599,"Smooth","Max. Reward Condition",20,"8",16,6,62,544,"Short",0.0656366675171898,5.76815495277354,NA,0.342883521682035,"localGP"
"16849",68,6,6,9,20.6620608534217,87.869042125599,"Smooth","Max. Reward Condition",20,"8",16,1,106,544,"Short",0.0656366675171898,5.76815495277354,NA,0.342883521682035,"localGP"
"16850",68,7,7,6,29.9313498285692,87.869042125599,"Smooth","Max. Reward Condition",20,"8",16,1,74,544,"Short",0.0656366675171898,5.76815495277354,NA,0.342883521682035,"localGP"
"16851",68,8,4,6,48.5193217731592,87.869042125599,"Smooth","Max. Reward Condition",20,"8",16,2,71,544,"Short",0.0656366675171898,5.76815495277354,NA,0.342883521682035,"localGP"
"16852",68,9,6,2,37.2945484739635,87.869042125599,"Smooth","Max. Reward Condition",20,"8",16,2,29,544,"Short",0.0656366675171898,5.76815495277354,NA,0.342883521682035,"localGP"
"16853",68,10,9,8,70.9435815561283,87.869042125599,"Smooth","Max. Reward Condition",20,"8",16,1,98,544,"Short",0.0656366675171898,5.76815495277354,NA,0.342883521682035,"localGP"
"16854",68,11,10,8,76.157753608192,87.869042125599,"Smooth","Max. Reward Condition",20,"8",16,2,99,544,"Short",0.0656366675171898,5.76815495277354,NA,0.342883521682035,"localGP"
"16855",68,12,10,7,85.439763813076,87.869042125599,"Smooth","Max. Reward Condition",20,"8",16,1,88,544,"Short",0.0656366675171898,5.76815495277354,NA,0.342883521682035,"localGP"
"16856",68,13,10,6,87.869042125599,87.869042125599,"Smooth","Max. Reward Condition",20,"8",16,1,77,544,"Short",0.0656366675171898,5.76815495277354,NA,0.342883521682035,"localGP"
"16857",68,14,10,7,85.439763813076,87.869042125599,"Smooth","Max. Reward Condition",20,"8",16,1,88,544,"Short",0.0656366675171898,5.76815495277354,NA,0.342883521682035,"localGP"
"16858",68,15,10,8,76.157753608192,87.869042125599,"Smooth","Max. Reward Condition",20,"8",16,2,99,544,"Short",0.0656366675171898,5.76815495277354,NA,0.342883521682035,"localGP"
"16859",68,16,10,7,85.439763813076,87.869042125599,"Smooth","Max. Reward Condition",20,"8",16,0,88,544,"Short",0.0656366675171898,5.76815495277354,NA,0.342883521682035,"localGP"
"16860",68,17,10,6,87.869042125599,87.869042125599,"Smooth","Max. Reward Condition",20,"8",16,0,77,544,"Short",0.0656366675171898,5.76815495277354,NA,0.342883521682035,"localGP"
"16861",68,18,10,6,87.869042125599,87.869042125599,"Smooth","Max. Reward Condition",20,"8",16,0,77,544,"Short",0.0656366675171898,5.76815495277354,NA,0.342883521682035,"localGP"
"16862",68,19,10,7,85.439763813076,87.869042125599,"Smooth","Max. Reward Condition",20,"8",16,0,88,544,"Short",0.0656366675171898,5.76815495277354,NA,0.342883521682035,"localGP"
"16863",68,20,10,6,87.869042125599,87.869042125599,"Smooth","Max. Reward Condition",20,"8",16,0,77,544,"Short",0.0656366675171898,5.76815495277354,NA,0.342883521682035,"localGP"
"16864",68,21,10,7,85.439763813076,87.869042125599,"Smooth","Max. Reward Condition",20,"8",16,0,88,544,"Short",0.0656366675171898,5.76815495277354,NA,0.342883521682035,"localGP"
"16865",69,1,10,7,85.439763813076,85.439763813076,"Rough","Avg. Reward Condition",20,"1",16,NA,88,545,"Short",0.0838170579045659,1.63112963055123,NA,0.226673968828676,"localGP"
"16866",69,2,10,6,87.869042125599,87.869042125599,"Rough","Avg. Reward Condition",20,"1",16,18,77,545,"Short",0.0838170579045659,1.63112963055123,NA,0.226673968828676,"localGP"
"16867",69,3,7,6,29.9313498285692,87.869042125599,"Rough","Avg. Reward Condition",20,"1",16,10,74,545,"Short",0.0838170579045659,1.63112963055123,NA,0.226673968828676,"localGP"
"16868",69,4,2,3,44.0669303004105,87.869042125599,"Rough","Avg. Reward Condition",20,"1",16,20,36,545,"Short",0.0838170579045659,1.63112963055123,NA,0.226673968828676,"localGP"
"16869",69,5,4,4,37.2247549071549,87.869042125599,"Rough","Avg. Reward Condition",20,"1",16,10,49,545,"Short",0.0838170579045659,1.63112963055123,NA,0.226673968828676,"localGP"
"16870",69,6,10,9,72.5110425569696,87.869042125599,"Rough","Avg. Reward Condition",20,"1",16,8,110,545,"Short",0.0838170579045659,1.63112963055123,NA,0.226673968828676,"localGP"
"16871",69,7,9,9,48.2469413431705,87.869042125599,"Rough","Avg. Reward Condition",20,"1",16,1,109,545,"Short",0.0838170579045659,1.63112963055123,NA,0.226673968828676,"localGP"
"16872",69,8,6,10,14.287143352339,87.869042125599,"Rough","Avg. Reward Condition",20,"1",16,2,117,545,"Short",0.0838170579045659,1.63112963055123,NA,0.226673968828676,"localGP"
"16873",69,9,6,4,32.9227848500965,87.869042125599,"Rough","Avg. Reward Condition",20,"1",16,3,51,545,"Short",0.0838170579045659,1.63112963055123,NA,0.226673968828676,"localGP"
"16874",69,10,9,5,54.5094189956315,87.869042125599,"Rough","Avg. Reward Condition",20,"1",16,2,65,545,"Short",0.0838170579045659,1.63112963055123,NA,0.226673968828676,"localGP"
"16875",69,11,5,4,27.745691269728,87.869042125599,"Rough","Avg. Reward Condition",20,"1",16,1,50,545,"Short",0.0838170579045659,1.63112963055123,NA,0.226673968828676,"localGP"
"16876",69,12,10,4,47.4832881916052,87.869042125599,"Rough","Avg. Reward Condition",20,"1",16,1,55,545,"Short",0.0838170579045659,1.63112963055123,NA,0.226673968828676,"localGP"
"16877",69,13,10,5,61.4885690232436,87.869042125599,"Rough","Avg. Reward Condition",20,"1",16,3,66,545,"Short",0.0838170579045659,1.63112963055123,NA,0.226673968828676,"localGP"
"16878",69,14,3,9,73.328444338372,87.869042125599,"Rough","Avg. Reward Condition",20,"1",16,3,103,545,"Short",0.0838170579045659,1.63112963055123,NA,0.226673968828676,"localGP"
"16879",69,15,2,9,67.2457029271411,87.869042125599,"Rough","Avg. Reward Condition",20,"1",16,5,102,545,"Short",0.0838170579045659,1.63112963055123,NA,0.226673968828676,"localGP"
"16880",69,16,1,8,47.6114909591659,87.869042125599,"Rough","Avg. Reward Condition",20,"1",16,1,90,545,"Short",0.0838170579045659,1.63112963055123,NA,0.226673968828676,"localGP"
"16881",69,17,2,10,27.4676161449989,87.869042125599,"Rough","Avg. Reward Condition",20,"1",16,1,113,545,"Short",0.0838170579045659,1.63112963055123,NA,0.226673968828676,"localGP"
"16882",69,18,1,7,30.6098170794807,87.869042125599,"Rough","Avg. Reward Condition",20,"1",16,4,79,545,"Short",0.0838170579045659,1.63112963055123,NA,0.226673968828676,"localGP"
"16883",69,19,8,1,52.8904958122933,87.869042125599,"Rough","Avg. Reward Condition",20,"1",16,1,20,545,"Short",0.0838170579045659,1.63112963055123,NA,0.226673968828676,"localGP"
"16884",69,20,6,3,20.2544962767055,87.869042125599,"Rough","Avg. Reward Condition",20,"1",16,1,40,545,"Short",0.0838170579045659,1.63112963055123,NA,0.226673968828676,"localGP"
"16885",69,21,3,7,53.4998993765657,87.869042125599,"Rough","Avg. Reward Condition",20,"1",16,1,81,545,"Short",0.0838170579045659,1.63112963055123,NA,0.226673968828676,"localGP"
"16886",69,1,5,1,43.6190773335881,43.6190773335881,"Rough","Avg. Reward Condition",40,"2",8,NA,17,546,"Long",0.0727457916853899,1.19448915523034,NA,0.256859268150195,"localGP"
"16887",69,2,9,4,91.0101706017793,91.0101706017793,"Rough","Avg. Reward Condition",40,"2",8,13,54,546,"Long",0.0727457916853899,1.19448915523034,NA,0.256859268150195,"localGP"
"16888",69,3,9,4,91.0101706017793,91.0101706017793,"Rough","Avg. Reward Condition",40,"2",8,10,54,546,"Long",0.0727457916853899,1.19448915523034,NA,0.256859268150195,"localGP"
"16889",69,4,9,3,83.0323065830004,91.0101706017793,"Rough","Avg. Reward Condition",40,"2",8,20,43,546,"Long",0.0727457916853899,1.19448915523034,NA,0.256859268150195,"localGP"
"16890",69,5,8,3,54.3441668023564,91.0101706017793,"Rough","Avg. Reward Condition",40,"2",8,10,42,546,"Long",0.0727457916853899,1.19448915523034,NA,0.256859268150195,"localGP"
"16891",69,6,9,3,83.0323065830004,91.0101706017793,"Rough","Avg. Reward Condition",40,"2",8,13,43,546,"Long",0.0727457916853899,1.19448915523034,NA,0.256859268150195,"localGP"
"16892",69,7,9,4,91.0101706017793,91.0101706017793,"Rough","Avg. Reward Condition",40,"2",8,2,54,546,"Long",0.0727457916853899,1.19448915523034,NA,0.256859268150195,"localGP"
"16893",69,8,9,5,83.9959054519375,91.0101706017793,"Rough","Avg. Reward Condition",40,"2",8,2,65,546,"Long",0.0727457916853899,1.19448915523034,NA,0.256859268150195,"localGP"
"16894",69,9,7,5,62.0812481900124,91.0101706017793,"Rough","Avg. Reward Condition",40,"2",8,4,63,546,"Long",0.0727457916853899,1.19448915523034,NA,0.256859268150195,"localGP"
"16895",69,10,9,8,27.0558212429055,91.0101706017793,"Rough","Avg. Reward Condition",40,"2",8,2,98,546,"Long",0.0727457916853899,1.19448915523034,NA,0.256859268150195,"localGP"
"16896",69,11,6,8,52.2947513271063,91.0101706017793,"Rough","Avg. Reward Condition",40,"2",8,5,95,546,"Long",0.0727457916853899,1.19448915523034,NA,0.256859268150195,"localGP"
"16897",69,12,6,7,17.5184001750244,91.0101706017793,"Rough","Avg. Reward Condition",40,"2",8,6,84,546,"Long",0.0727457916853899,1.19448915523034,NA,0.256859268150195,"localGP"
"16898",69,13,4,9,45.6417969596103,91.0101706017793,"Rough","Avg. Reward Condition",40,"2",8,1,104,546,"Long",0.0727457916853899,1.19448915523034,NA,0.256859268150195,"localGP"
"16899",69,14,7,4,51.6827805309329,91.0101706017793,"Rough","Avg. Reward Condition",40,"2",8,1,52,546,"Long",0.0727457916853899,1.19448915523034,NA,0.256859268150195,"localGP"
"16900",69,15,10,4,82.6261489879953,91.0101706017793,"Rough","Avg. Reward Condition",40,"2",8,2,55,546,"Long",0.0727457916853899,1.19448915523034,NA,0.256859268150195,"localGP"
"16901",69,16,10,3,75.7135998190363,91.0101706017793,"Rough","Avg. Reward Condition",40,"2",8,1,44,546,"Long",0.0727457916853899,1.19448915523034,NA,0.256859268150195,"localGP"
"16902",69,17,9,3,83.0323065830004,91.0101706017793,"Rough","Avg. Reward Condition",40,"2",8,2,43,546,"Long",0.0727457916853899,1.19448915523034,NA,0.256859268150195,"localGP"
"16903",69,18,10,3,75.7135998190363,91.0101706017793,"Rough","Avg. Reward Condition",40,"2",8,1,44,546,"Long",0.0727457916853899,1.19448915523034,NA,0.256859268150195,"localGP"
"16904",69,19,8,2,46.8578212721829,91.0101706017793,"Rough","Avg. Reward Condition",40,"2",8,2,31,546,"Long",0.0727457916853899,1.19448915523034,NA,0.256859268150195,"localGP"
"16905",69,20,7,6,46.0927708056765,91.0101706017793,"Rough","Avg. Reward Condition",40,"2",8,2,74,546,"Long",0.0727457916853899,1.19448915523034,NA,0.256859268150195,"localGP"
"16906",69,21,8,5,75.2422907496321,91.0101706017793,"Rough","Avg. Reward Condition",40,"2",8,8,64,546,"Long",0.0727457916853899,1.19448915523034,NA,0.256859268150195,"localGP"
"16907",69,22,10,5,84.8597235153552,91.0101706017793,"Rough","Avg. Reward Condition",40,"2",8,1,66,546,"Long",0.0727457916853899,1.19448915523034,NA,0.256859268150195,"localGP"
"16908",69,23,9,6,36.3129176389145,91.0101706017793,"Rough","Avg. Reward Condition",40,"2",8,1,76,546,"Long",0.0727457916853899,1.19448915523034,NA,0.256859268150195,"localGP"
"16909",69,24,10,6,58.4861545371747,91.0101706017793,"Rough","Avg. Reward Condition",40,"2",8,2,77,546,"Long",0.0727457916853899,1.19448915523034,NA,0.256859268150195,"localGP"
"16910",69,25,10,5,84.8597235153552,91.0101706017793,"Rough","Avg. Reward Condition",40,"2",8,2,66,546,"Long",0.0727457916853899,1.19448915523034,NA,0.256859268150195,"localGP"
"16911",69,26,9,5,83.9959054519375,91.0101706017793,"Rough","Avg. Reward Condition",40,"2",8,1,65,546,"Long",0.0727457916853899,1.19448915523034,NA,0.256859268150195,"localGP"
"16912",69,27,9,5,83.9959054519375,91.0101706017793,"Rough","Avg. Reward Condition",40,"2",8,2,65,546,"Long",0.0727457916853899,1.19448915523034,NA,0.256859268150195,"localGP"
"16913",69,28,9,4,91.0101706017793,91.0101706017793,"Rough","Avg. Reward Condition",40,"2",8,3,54,546,"Long",0.0727457916853899,1.19448915523034,NA,0.256859268150195,"localGP"
"16914",69,29,6,4,36.4469567949386,91.0101706017793,"Rough","Avg. Reward Condition",40,"2",8,1,51,546,"Long",0.0727457916853899,1.19448915523034,NA,0.256859268150195,"localGP"
"16915",69,30,8,0,19.9542007611665,91.0101706017793,"Rough","Avg. Reward Condition",40,"2",8,4,9,546,"Long",0.0727457916853899,1.19448915523034,NA,0.256859268150195,"localGP"
"16916",69,31,1,8,49.7201616143844,91.0101706017793,"Rough","Avg. Reward Condition",40,"2",8,1,90,546,"Long",0.0727457916853899,1.19448915523034,NA,0.256859268150195,"localGP"
"16917",69,32,3,2,5.15807402836249,91.0101706017793,"Rough","Avg. Reward Condition",40,"2",8,12,26,546,"Long",0.0727457916853899,1.19448915523034,NA,0.256859268150195,"localGP"
"16918",69,33,1,4,55.5969206133783,91.0101706017793,"Rough","Avg. Reward Condition",40,"2",8,2,46,546,"Long",0.0727457916853899,1.19448915523034,NA,0.256859268150195,"localGP"
"16919",69,34,0,0,35.8309397393345,91.0101706017793,"Rough","Avg. Reward Condition",40,"2",8,6,1,546,"Long",0.0727457916853899,1.19448915523034,NA,0.256859268150195,"localGP"
"16920",69,35,7,4,51.6827805309329,91.0101706017793,"Rough","Avg. Reward Condition",40,"2",8,5,52,546,"Long",0.0727457916853899,1.19448915523034,NA,0.256859268150195,"localGP"
"16921",69,36,9,4,91.0101706017793,91.0101706017793,"Rough","Avg. Reward Condition",40,"2",8,6,54,546,"Long",0.0727457916853899,1.19448915523034,NA,0.256859268150195,"localGP"
"16922",69,37,5,8,45.4136649367735,91.0101706017793,"Rough","Avg. Reward Condition",40,"2",8,11,94,546,"Long",0.0727457916853899,1.19448915523034,NA,0.256859268150195,"localGP"
"16923",69,38,7,9,36.7741668006705,91.0101706017793,"Rough","Avg. Reward Condition",40,"2",8,3,107,546,"Long",0.0727457916853899,1.19448915523034,NA,0.256859268150195,"localGP"
"16924",69,39,9,10,46.8319798466621,91.0101706017793,"Rough","Avg. Reward Condition",40,"2",8,5,120,546,"Long",0.0727457916853899,1.19448915523034,NA,0.256859268150195,"localGP"
"16925",69,40,6,1,48.2263547700318,91.0101706017793,"Rough","Avg. Reward Condition",40,"2",8,0,18,546,"Long",0.0727457916853899,1.19448915523034,NA,0.256859268150195,"localGP"
"16926",69,41,2,10,80.310641709381,91.0101706017793,"Rough","Avg. Reward Condition",40,"2",8,0,113,546,"Long",0.0727457916853899,1.19448915523034,NA,0.256859268150195,"localGP"
"16927",69,1,6,2,37.1794683639589,37.1794683639589,"Rough","Avg. Reward Condition",20,"3",6,NA,29,547,"Short",0.0769965773416354,0.923662913483174,NA,0.321893859595743,"localGP"
"16928",69,2,1,3,70.5820098602199,70.5820098602199,"Rough","Avg. Reward Condition",20,"3",6,12,35,547,"Short",0.0769965773416354,0.923662913483174,NA,0.321893859595743,"localGP"
"16929",69,3,0,3,82.5721379784096,82.5721379784096,"Rough","Avg. Reward Condition",20,"3",6,10,34,547,"Short",0.0769965773416354,0.923662913483174,NA,0.321893859595743,"localGP"
"16930",69,4,0,4,74.8791108715427,82.5721379784096,"Rough","Avg. Reward Condition",20,"3",6,20,45,547,"Short",0.0769965773416354,0.923662913483174,NA,0.321893859595743,"localGP"
"16931",69,5,0,3,82.5721379784096,82.5721379784096,"Rough","Avg. Reward Condition",20,"3",6,10,34,547,"Short",0.0769965773416354,0.923662913483174,NA,0.321893859595743,"localGP"
"16932",69,6,0,2,64.4680936879448,82.5721379784096,"Rough","Avg. Reward Condition",20,"3",6,14,23,547,"Short",0.0769965773416354,0.923662913483174,NA,0.321893859595743,"localGP"
"16933",69,7,10,5,28.65801545199,82.5721379784096,"Rough","Avg. Reward Condition",20,"3",6,5,66,547,"Short",0.0769965773416354,0.923662913483174,NA,0.321893859595743,"localGP"
"16934",69,8,9,0,42.7227287180246,82.5721379784096,"Rough","Avg. Reward Condition",20,"3",6,13,10,547,"Short",0.0769965773416354,0.923662913483174,NA,0.321893859595743,"localGP"
"16935",69,9,3,7,37.0565054700231,82.5721379784096,"Rough","Avg. Reward Condition",20,"3",6,5,81,547,"Short",0.0769965773416354,0.923662913483174,NA,0.321893859595743,"localGP"
"16936",69,10,1,6,54.3370472689451,82.5721379784096,"Rough","Avg. Reward Condition",20,"3",6,6,68,547,"Short",0.0769965773416354,0.923662913483174,NA,0.321893859595743,"localGP"
"16937",69,11,2,2,34.5579265575561,82.5721379784096,"Rough","Avg. Reward Condition",20,"3",6,9,25,547,"Short",0.0769965773416354,0.923662913483174,NA,0.321893859595743,"localGP"
"16938",69,12,3,4,19.5910841909591,82.5721379784096,"Rough","Avg. Reward Condition",20,"3",6,10,48,547,"Short",0.0769965773416354,0.923662913483174,NA,0.321893859595743,"localGP"
"16939",69,13,0,0,47.2297106742419,82.5721379784096,"Rough","Avg. Reward Condition",20,"3",6,9,1,547,"Short",0.0769965773416354,0.923662913483174,NA,0.321893859595743,"localGP"
"16940",69,14,1,0,52.332367066322,82.5721379784096,"Rough","Avg. Reward Condition",20,"3",6,10,2,547,"Short",0.0769965773416354,0.923662913483174,NA,0.321893859595743,"localGP"
"16941",69,15,9,4,38.9053928738071,82.5721379784096,"Rough","Avg. Reward Condition",20,"3",6,1,54,547,"Short",0.0769965773416354,0.923662913483174,NA,0.321893859595743,"localGP"
"16942",69,16,10,3,32.6350825351917,82.5721379784096,"Rough","Avg. Reward Condition",20,"3",6,2,44,547,"Short",0.0769965773416354,0.923662913483174,NA,0.321893859595743,"localGP"
"16943",69,17,1,5,100,100,"Rough","Avg. Reward Condition",20,"3",6,2,57,547,"Short",0.0769965773416354,0.923662913483174,NA,0.321893859595743,"localGP"
"16944",69,18,1,2,44.6789211207644,100,"Rough","Avg. Reward Condition",20,"3",6,3,24,547,"Short",0.0769965773416354,0.923662913483174,NA,0.321893859595743,"localGP"
"16945",69,19,8,1,68.8502438954186,100,"Rough","Avg. Reward Condition",20,"3",6,1,20,547,"Short",0.0769965773416354,0.923662913483174,NA,0.321893859595743,"localGP"
"16946",69,20,5,1,54.7135189925466,100,"Rough","Avg. Reward Condition",20,"3",6,1,17,547,"Short",0.0769965773416354,0.923662913483174,NA,0.321893859595743,"localGP"
"16947",69,21,3,9,26.2253245390007,100,"Rough","Avg. Reward Condition",20,"3",6,0,103,547,"Short",0.0769965773416354,0.923662913483174,NA,0.321893859595743,"localGP"
"16948",69,1,4,4,31.2783489505753,31.2783489505753,"Rough","Avg. Reward Condition",40,"4",14,NA,49,548,"Long",0.0782347606434619,1.20886534814416,NA,0.31866901629427,"localGP"
"16949",69,2,8,3,33.4699061269197,33.4699061269197,"Rough","Avg. Reward Condition",40,"4",14,14,42,548,"Long",0.0782347606434619,1.20886534814416,NA,0.31866901629427,"localGP"
"16950",69,3,9,8,50.6401868602736,50.6401868602736,"Rough","Avg. Reward Condition",40,"4",14,10,98,548,"Long",0.0782347606434619,1.20886534814416,NA,0.31866901629427,"localGP"
"16951",69,4,9,7,47.5868272276955,50.6401868602736,"Rough","Avg. Reward Condition",40,"4",14,20,87,548,"Long",0.0782347606434619,1.20886534814416,NA,0.31866901629427,"localGP"
"16952",69,5,0,4,77.3776317669719,77.3776317669719,"Rough","Avg. Reward Condition",40,"4",14,10,45,548,"Long",0.0782347606434619,1.20886534814416,NA,0.31866901629427,"localGP"
"16953",69,6,1,4,50.1159622354863,77.3776317669719,"Rough","Avg. Reward Condition",40,"4",14,12,46,548,"Long",0.0782347606434619,1.20886534814416,NA,0.31866901629427,"localGP"
"16954",69,7,0,5,69.5175079321684,77.3776317669719,"Rough","Avg. Reward Condition",40,"4",14,5,56,548,"Long",0.0782347606434619,1.20886534814416,NA,0.31866901629427,"localGP"
"16955",69,8,0,9,55.3224243950514,77.3776317669719,"Rough","Avg. Reward Condition",40,"4",14,6,100,548,"Long",0.0782347606434619,1.20886534814416,NA,0.31866901629427,"localGP"
"16956",69,9,9,10,28.085231327396,77.3776317669719,"Rough","Avg. Reward Condition",40,"4",14,9,120,548,"Long",0.0782347606434619,1.20886534814416,NA,0.31866901629427,"localGP"
"16957",69,10,0,3,91.5355338017791,91.5355338017791,"Rough","Avg. Reward Condition",40,"4",14,1,34,548,"Long",0.0782347606434619,1.20886534814416,NA,0.31866901629427,"localGP"
"16958",69,11,0,2,76.8659090537279,91.5355338017791,"Rough","Avg. Reward Condition",40,"4",14,1,23,548,"Long",0.0782347606434619,1.20886534814416,NA,0.31866901629427,"localGP"
"16959",69,12,0,3,91.5355338017791,91.5355338017791,"Rough","Avg. Reward Condition",40,"4",14,2,34,548,"Long",0.0782347606434619,1.20886534814416,NA,0.31866901629427,"localGP"
"16960",69,13,0,3,91.5355338017791,91.5355338017791,"Rough","Avg. Reward Condition",40,"4",14,2,34,548,"Long",0.0782347606434619,1.20886534814416,NA,0.31866901629427,"localGP"
"16961",69,14,2,1,53.6211624173466,91.5355338017791,"Rough","Avg. Reward Condition",40,"4",14,3,14,548,"Long",0.0782347606434619,1.20886534814416,NA,0.31866901629427,"localGP"
"16962",69,15,6,1,38.5929151137272,91.5355338017791,"Rough","Avg. Reward Condition",40,"4",14,2,18,548,"Long",0.0782347606434619,1.20886534814416,NA,0.31866901629427,"localGP"
"16963",69,16,9,2,39.5970533431282,91.5355338017791,"Rough","Avg. Reward Condition",40,"4",14,4,32,548,"Long",0.0782347606434619,1.20886534814416,NA,0.31866901629427,"localGP"
"16964",69,17,4,4,31.2783489505753,91.5355338017791,"Rough","Avg. Reward Condition",40,"4",14,1,49,548,"Long",0.0782347606434619,1.20886534814416,NA,0.31866901629427,"localGP"
"16965",69,18,2,7,55.242778504398,91.5355338017791,"Rough","Avg. Reward Condition",40,"4",14,1,80,548,"Long",0.0782347606434619,1.20886534814416,NA,0.31866901629427,"localGP"
"16966",69,19,2,5,54.5749797854144,91.5355338017791,"Rough","Avg. Reward Condition",40,"4",14,4,58,548,"Long",0.0782347606434619,1.20886534814416,NA,0.31866901629427,"localGP"
"16967",69,20,10,10,16.6581489852358,91.5355338017791,"Rough","Avg. Reward Condition",40,"4",14,13,121,548,"Long",0.0782347606434619,1.20886534814416,NA,0.31866901629427,"localGP"
"16968",69,21,6,7,64.3536990872378,91.5355338017791,"Rough","Avg. Reward Condition",40,"4",14,6,84,548,"Long",0.0782347606434619,1.20886534814416,NA,0.31866901629427,"localGP"
"16969",69,22,6,5,12.2964958539745,91.5355338017791,"Rough","Avg. Reward Condition",40,"4",14,7,62,548,"Long",0.0782347606434619,1.20886534814416,NA,0.31866901629427,"localGP"
"16970",69,23,5,6,32.4190183733433,91.5355338017791,"Rough","Avg. Reward Condition",40,"4",14,11,72,548,"Long",0.0782347606434619,1.20886534814416,NA,0.31866901629427,"localGP"
"16971",69,24,4,6,56.3577284300017,91.5355338017791,"Rough","Avg. Reward Condition",40,"4",14,5,71,548,"Long",0.0782347606434619,1.20886534814416,NA,0.31866901629427,"localGP"
"16972",69,25,5,2,56.3291955901051,91.5355338017791,"Rough","Avg. Reward Condition",40,"4",14,6,28,548,"Long",0.0782347606434619,1.20886534814416,NA,0.31866901629427,"localGP"
"16973",69,26,6,4,31.7673275946696,91.5355338017791,"Rough","Avg. Reward Condition",40,"4",14,10,51,548,"Long",0.0782347606434619,1.20886534814416,NA,0.31866901629427,"localGP"
"16974",69,27,1,6,65.2952902215334,91.5355338017791,"Rough","Avg. Reward Condition",40,"4",14,6,68,548,"Long",0.0782347606434619,1.20886534814416,NA,0.31866901629427,"localGP"
"16975",69,28,0,6,76.4733892351915,91.5355338017791,"Rough","Avg. Reward Condition",40,"4",14,1,67,548,"Long",0.0782347606434619,1.20886534814416,NA,0.31866901629427,"localGP"
"16976",69,29,0,4,77.3776317669719,91.5355338017791,"Rough","Avg. Reward Condition",40,"4",14,2,45,548,"Long",0.0782347606434619,1.20886534814416,NA,0.31866901629427,"localGP"
"16977",69,30,0,3,91.5355338017791,91.5355338017791,"Rough","Avg. Reward Condition",40,"4",14,11,34,548,"Long",0.0782347606434619,1.20886534814416,NA,0.31866901629427,"localGP"
"16978",69,31,0,2,76.8659090537279,91.5355338017791,"Rough","Avg. Reward Condition",40,"4",14,14,23,548,"Long",0.0782347606434619,1.20886534814416,NA,0.31866901629427,"localGP"
"16979",69,32,0,3,91.5355338017791,91.5355338017791,"Rough","Avg. Reward Condition",40,"4",14,0,34,548,"Long",0.0782347606434619,1.20886534814416,NA,0.31866901629427,"localGP"
"16980",69,33,0,3,91.5355338017791,91.5355338017791,"Rough","Avg. Reward Condition",40,"4",14,0,34,548,"Long",0.0782347606434619,1.20886534814416,NA,0.31866901629427,"localGP"
"16981",69,34,0,3,91.5355338017791,91.5355338017791,"Rough","Avg. Reward Condition",40,"4",14,0,34,548,"Long",0.0782347606434619,1.20886534814416,NA,0.31866901629427,"localGP"
"16982",69,35,0,3,91.5355338017791,91.5355338017791,"Rough","Avg. Reward Condition",40,"4",14,0,34,548,"Long",0.0782347606434619,1.20886534814416,NA,0.31866901629427,"localGP"
"16983",69,36,3,1,57.3323437114298,91.5355338017791,"Rough","Avg. Reward Condition",40,"4",14,0,15,548,"Long",0.0782347606434619,1.20886534814416,NA,0.31866901629427,"localGP"
"16984",69,37,7,1,25.1625322047614,91.5355338017791,"Rough","Avg. Reward Condition",40,"4",14,0,19,548,"Long",0.0782347606434619,1.20886534814416,NA,0.31866901629427,"localGP"
"16985",69,38,2,8,35.4444030293938,91.5355338017791,"Rough","Avg. Reward Condition",40,"4",14,0,91,548,"Long",0.0782347606434619,1.20886534814416,NA,0.31866901629427,"localGP"
"16986",69,39,8,7,50.4837512080328,91.5355338017791,"Rough","Avg. Reward Condition",40,"4",14,0,86,548,"Long",0.0782347606434619,1.20886534814416,NA,0.31866901629427,"localGP"
"16987",69,40,1,5,56.5450425488561,91.5355338017791,"Rough","Avg. Reward Condition",40,"4",14,0,57,548,"Long",0.0782347606434619,1.20886534814416,NA,0.31866901629427,"localGP"
"16988",69,41,3,3,70.0835209190621,91.5355338017791,"Rough","Avg. Reward Condition",40,"4",14,0,37,548,"Long",0.0782347606434619,1.20886534814416,NA,0.31866901629427,"localGP"
"16989",69,1,9,1,33.2193816371395,33.2193816371395,"Rough","Avg. Reward Condition",20,"5",13,NA,21,549,"Short",0.0689529781117843,5.53951781555349,NA,0.0168701697002214,"localGP"
"16990",69,2,3,1,57.0124014871528,57.0124014871528,"Rough","Avg. Reward Condition",20,"5",13,15,15,549,"Short",0.0689529781117843,5.53951781555349,NA,0.0168701697002214,"localGP"
"16991",69,3,4,1,46.8486236737456,57.0124014871528,"Rough","Avg. Reward Condition",20,"5",13,10,16,549,"Short",0.0689529781117843,5.53951781555349,NA,0.0168701697002214,"localGP"
"16992",69,4,8,5,7.50786844236636,57.0124014871528,"Rough","Avg. Reward Condition",20,"5",13,20,64,549,"Short",0.0689529781117843,5.53951781555349,NA,0.0168701697002214,"localGP"
"16993",69,5,5,0,64.1419179337713,64.1419179337713,"Rough","Avg. Reward Condition",20,"5",13,10,6,549,"Short",0.0689529781117843,5.53951781555349,NA,0.0168701697002214,"localGP"
"16994",69,6,4,6,35.317915260969,64.1419179337713,"Rough","Avg. Reward Condition",20,"5",13,18,71,549,"Short",0.0689529781117843,5.53951781555349,NA,0.0168701697002214,"localGP"
"16995",69,7,0,9,38.6067834675174,64.1419179337713,"Rough","Avg. Reward Condition",20,"5",13,1,100,549,"Short",0.0689529781117843,5.53951781555349,NA,0.0168701697002214,"localGP"
"16996",69,8,8,10,31.0383733536664,64.1419179337713,"Rough","Avg. Reward Condition",20,"5",13,2,119,549,"Short",0.0689529781117843,5.53951781555349,NA,0.0168701697002214,"localGP"
"16997",69,9,10,3,44.4882911977957,64.1419179337713,"Rough","Avg. Reward Condition",20,"5",13,1,44,549,"Short",0.0689529781117843,5.53951781555349,NA,0.0168701697002214,"localGP"
"16998",69,10,6,10,0.313800419129401,64.1419179337713,"Rough","Avg. Reward Condition",20,"5",13,5,117,549,"Short",0.0689529781117843,5.53951781555349,NA,0.0168701697002214,"localGP"
"16999",69,11,2,2,91.2685637119397,91.2685637119397,"Rough","Avg. Reward Condition",20,"5",13,5,25,549,"Short",0.0689529781117843,5.53951781555349,NA,0.0168701697002214,"localGP"
"17000",69,12,1,2,38.3504915671492,91.2685637119397,"Rough","Avg. Reward Condition",20,"5",13,10,24,549,"Short",0.0689529781117843,5.53951781555349,NA,0.0168701697002214,"localGP"
"17001",69,13,1,3,24.1058601457034,91.2685637119397,"Rough","Avg. Reward Condition",20,"5",13,1,35,549,"Short",0.0689529781117843,5.53951781555349,NA,0.0168701697002214,"localGP"
"17002",69,14,9,8,52.3170386231255,91.2685637119397,"Rough","Avg. Reward Condition",20,"5",13,2,98,549,"Short",0.0689529781117843,5.53951781555349,NA,0.0168701697002214,"localGP"
"17003",69,15,10,8,70.6098250573604,91.2685637119397,"Rough","Avg. Reward Condition",20,"5",13,2,99,549,"Short",0.0689529781117843,5.53951781555349,NA,0.0168701697002214,"localGP"
"17004",69,16,6,5,40.403960166515,91.2685637119397,"Rough","Avg. Reward Condition",20,"5",13,1,62,549,"Short",0.0689529781117843,5.53951781555349,NA,0.0168701697002214,"localGP"
"17005",69,17,0,4,32.731169027758,91.2685637119397,"Rough","Avg. Reward Condition",20,"5",13,1,45,549,"Short",0.0689529781117843,5.53951781555349,NA,0.0168701697002214,"localGP"
"17006",69,18,3,3,80.5615551663229,91.2685637119397,"Rough","Avg. Reward Condition",20,"5",13,11,37,549,"Short",0.0689529781117843,5.53951781555349,NA,0.0168701697002214,"localGP"
"17007",69,19,3,3,80.5615551663229,91.2685637119397,"Rough","Avg. Reward Condition",20,"5",13,0,37,549,"Short",0.0689529781117843,5.53951781555349,NA,0.0168701697002214,"localGP"
"17008",69,20,5,10,12.2288928318123,91.2685637119397,"Rough","Avg. Reward Condition",20,"5",13,0,116,549,"Short",0.0689529781117843,5.53951781555349,NA,0.0168701697002214,"localGP"
"17009",69,21,8,8,57.8542961251915,91.2685637119397,"Rough","Avg. Reward Condition",20,"5",13,0,97,549,"Short",0.0689529781117843,5.53951781555349,NA,0.0168701697002214,"localGP"
"17010",69,1,0,2,46.5877000271828,46.5877000271828,"Rough","Avg. Reward Condition",40,"6",11,NA,23,550,"Long",0.0845014835061474,1.06931233037725,NA,0.311118096876699,"localGP"
"17011",69,2,10,1,6.63857271825725,46.5877000271828,"Rough","Avg. Reward Condition",40,"6",11,20,22,550,"Long",0.0845014835061474,1.06931233037725,NA,0.311118096876699,"localGP"
"17012",69,3,5,4,30.7989766906586,46.5877000271828,"Rough","Avg. Reward Condition",40,"6",11,10,50,550,"Long",0.0845014835061474,1.06931233037725,NA,0.311118096876699,"localGP"
"17013",69,4,4,5,18.9411739420766,46.5877000271828,"Rough","Avg. Reward Condition",40,"6",11,20,60,550,"Long",0.0845014835061474,1.06931233037725,NA,0.311118096876699,"localGP"
"17014",69,5,5,6,49.4392607625957,49.4392607625957,"Rough","Avg. Reward Condition",40,"6",11,10,72,550,"Long",0.0845014835061474,1.06931233037725,NA,0.311118096876699,"localGP"
"17015",69,6,5,1,51.6981708043446,51.6981708043446,"Rough","Avg. Reward Condition",40,"6",11,3,17,550,"Long",0.0845014835061474,1.06931233037725,NA,0.311118096876699,"localGP"
"17016",69,7,3,0,21.646783304151,51.6981708043446,"Rough","Avg. Reward Condition",40,"6",11,6,4,550,"Long",0.0845014835061474,1.06931233037725,NA,0.311118096876699,"localGP"
"17017",69,8,7,9,39.2512889710385,51.6981708043446,"Rough","Avg. Reward Condition",40,"6",11,6,107,550,"Long",0.0845014835061474,1.06931233037725,NA,0.311118096876699,"localGP"
"17018",69,9,8,8,38.0062708258148,51.6981708043446,"Rough","Avg. Reward Condition",40,"6",11,6,97,550,"Long",0.0845014835061474,1.06931233037725,NA,0.311118096876699,"localGP"
"17019",69,10,3,8,64.4887240517494,64.4887240517494,"Rough","Avg. Reward Condition",40,"6",11,4,92,550,"Long",0.0845014835061474,1.06931233037725,NA,0.311118096876699,"localGP"
"17020",69,11,3,5,0,64.4887240517494,"Rough","Avg. Reward Condition",40,"6",11,7,59,550,"Long",0.0845014835061474,1.06931233037725,NA,0.311118096876699,"localGP"
"17021",69,12,3,4,17.5015117391126,64.4887240517494,"Rough","Avg. Reward Condition",40,"6",11,8,48,550,"Long",0.0845014835061474,1.06931233037725,NA,0.311118096876699,"localGP"
"17022",69,13,2,7,55.5981513858235,64.4887240517494,"Rough","Avg. Reward Condition",40,"6",11,2,80,550,"Long",0.0845014835061474,1.06931233037725,NA,0.311118096876699,"localGP"
"17023",69,14,4,3,13.976974015902,64.4887240517494,"Rough","Avg. Reward Condition",40,"6",11,2,38,550,"Long",0.0845014835061474,1.06931233037725,NA,0.311118096876699,"localGP"
"17024",69,15,10,5,24.0277528362219,64.4887240517494,"Rough","Avg. Reward Condition",40,"6",11,2,66,550,"Long",0.0845014835061474,1.06931233037725,NA,0.311118096876699,"localGP"
"17025",69,16,7,9,39.2512889710385,64.4887240517494,"Rough","Avg. Reward Condition",40,"6",11,8,107,550,"Long",0.0845014835061474,1.06931233037725,NA,0.311118096876699,"localGP"
"17026",69,17,0,0,47.9642355475916,64.4887240517494,"Rough","Avg. Reward Condition",40,"6",11,8,1,550,"Long",0.0845014835061474,1.06931233037725,NA,0.311118096876699,"localGP"
"17027",69,18,2,3,41.0550340200253,64.4887240517494,"Rough","Avg. Reward Condition",40,"6",11,8,36,550,"Long",0.0845014835061474,1.06931233037725,NA,0.311118096876699,"localGP"
"17028",69,19,8,10,41.6884701008907,64.4887240517494,"Rough","Avg. Reward Condition",40,"6",11,2,119,550,"Long",0.0845014835061474,1.06931233037725,NA,0.311118096876699,"localGP"
"17029",69,20,0,6,64.4347453431336,64.4887240517494,"Rough","Avg. Reward Condition",40,"6",11,1,67,550,"Long",0.0845014835061474,1.06931233037725,NA,0.311118096876699,"localGP"
"17030",69,21,9,9,48.1183497019652,64.4887240517494,"Rough","Avg. Reward Condition",40,"6",11,1,109,550,"Long",0.0845014835061474,1.06931233037725,NA,0.311118096876699,"localGP"
"17031",69,22,7,7,41.1147763409862,64.4887240517494,"Rough","Avg. Reward Condition",40,"6",11,1,85,550,"Long",0.0845014835061474,1.06931233037725,NA,0.311118096876699,"localGP"
"17032",69,23,2,2,56.4101435079015,64.4887240517494,"Rough","Avg. Reward Condition",40,"6",11,2,25,550,"Long",0.0845014835061474,1.06931233037725,NA,0.311118096876699,"localGP"
"17033",69,24,1,0,40.8488487494804,64.4887240517494,"Rough","Avg. Reward Condition",40,"6",11,1,2,550,"Long",0.0845014835061474,1.06931233037725,NA,0.311118096876699,"localGP"
"17034",69,25,7,2,35.7041281850423,64.4887240517494,"Rough","Avg. Reward Condition",40,"6",11,0,30,550,"Long",0.0845014835061474,1.06931233037725,NA,0.311118096876699,"localGP"
"17035",69,26,8,3,49.8615329660386,64.4887240517494,"Rough","Avg. Reward Condition",40,"6",11,0,42,550,"Long",0.0845014835061474,1.06931233037725,NA,0.311118096876699,"localGP"
"17036",69,27,9,10,19.2437103402709,64.4887240517494,"Rough","Avg. Reward Condition",40,"6",11,0,120,550,"Long",0.0845014835061474,1.06931233037725,NA,0.311118096876699,"localGP"
"17037",69,28,7,6,78.20301873206,78.20301873206,"Rough","Avg. Reward Condition",40,"6",11,0,74,550,"Long",0.0845014835061474,1.06931233037725,NA,0.311118096876699,"localGP"
"17038",69,29,1,9,30.7743395295189,78.20301873206,"Rough","Avg. Reward Condition",40,"6",11,0,101,550,"Long",0.0845014835061474,1.06931233037725,NA,0.311118096876699,"localGP"
"17039",69,30,3,10,47.1514098553432,78.20301873206,"Rough","Avg. Reward Condition",40,"6",11,0,114,550,"Long",0.0845014835061474,1.06931233037725,NA,0.311118096876699,"localGP"
"17040",69,31,6,7,34.4381373712981,78.20301873206,"Rough","Avg. Reward Condition",40,"6",11,0,84,550,"Long",0.0845014835061474,1.06931233037725,NA,0.311118096876699,"localGP"
"17041",69,32,5,10,87.2658829250153,87.2658829250153,"Rough","Avg. Reward Condition",40,"6",11,0,116,550,"Long",0.0845014835061474,1.06931233037725,NA,0.311118096876699,"localGP"
"17042",69,33,4,7,65.5617086800568,87.2658829250153,"Rough","Avg. Reward Condition",40,"6",11,0,82,550,"Long",0.0845014835061474,1.06931233037725,NA,0.311118096876699,"localGP"
"17043",69,34,6,9,46.6920205360619,87.2658829250153,"Rough","Avg. Reward Condition",40,"6",11,0,106,550,"Long",0.0845014835061474,1.06931233037725,NA,0.311118096876699,"localGP"
"17044",69,35,5,9,67.3684283417963,87.2658829250153,"Rough","Avg. Reward Condition",40,"6",11,0,105,550,"Long",0.0845014835061474,1.06931233037725,NA,0.311118096876699,"localGP"
"17045",69,36,4,9,78.163385341713,87.2658829250153,"Rough","Avg. Reward Condition",40,"6",11,0,104,550,"Long",0.0845014835061474,1.06931233037725,NA,0.311118096876699,"localGP"
"17046",69,37,4,10,100,100,"Rough","Avg. Reward Condition",40,"6",11,0,115,550,"Long",0.0845014835061474,1.06931233037725,NA,0.311118096876699,"localGP"
"17047",69,38,3,9,46.9814894388447,100,"Rough","Avg. Reward Condition",40,"6",11,0,103,550,"Long",0.0845014835061474,1.06931233037725,NA,0.311118096876699,"localGP"
"17048",69,39,4,9,78.163385341713,100,"Rough","Avg. Reward Condition",40,"6",11,0,104,550,"Long",0.0845014835061474,1.06931233037725,NA,0.311118096876699,"localGP"
"17049",69,40,4,5,18.9411739420766,100,"Rough","Avg. Reward Condition",40,"6",11,0,60,550,"Long",0.0845014835061474,1.06931233037725,NA,0.311118096876699,"localGP"
"17050",69,41,6,0,24.4563131020633,100,"Rough","Avg. Reward Condition",40,"6",11,0,7,550,"Long",0.0845014835061474,1.06931233037725,NA,0.311118096876699,"localGP"
"17051",69,1,5,0,62.3288785579905,62.3288785579905,"Rough","Avg. Reward Condition",20,"7",15,NA,6,551,"Short",0.0864477938958618,0.954706995887485,NA,0.296581647692401,"localGP"
"17052",69,2,3,9,50.0571872715257,62.3288785579905,"Rough","Avg. Reward Condition",20,"7",15,16,103,551,"Short",0.0864477938958618,0.954706995887485,NA,0.296581647692401,"localGP"
"17053",69,3,9,2,80.7274963103288,80.7274963103288,"Rough","Avg. Reward Condition",20,"7",15,10,32,551,"Short",0.0864477938958618,0.954706995887485,NA,0.296581647692401,"localGP"
"17054",69,4,10,2,72.5729702325588,80.7274963103288,"Rough","Avg. Reward Condition",20,"7",15,10,33,551,"Short",0.0864477938958618,0.954706995887485,NA,0.296581647692401,"localGP"
"17055",69,5,10,1,61.1492414265159,80.7274963103288,"Rough","Avg. Reward Condition",20,"7",15,10,22,551,"Short",0.0864477938958618,0.954706995887485,NA,0.296581647692401,"localGP"
"17056",69,6,9,1,71.6538266812366,80.7274963103288,"Rough","Avg. Reward Condition",20,"7",15,2,21,551,"Short",0.0864477938958618,0.954706995887485,NA,0.296581647692401,"localGP"
"17057",69,7,8,1,63.1293377459291,80.7274963103288,"Rough","Avg. Reward Condition",20,"7",15,1,20,551,"Short",0.0864477938958618,0.954706995887485,NA,0.296581647692401,"localGP"
"17058",69,8,4,7,3.93003367896105,80.7274963103288,"Rough","Avg. Reward Condition",20,"7",15,2,82,551,"Short",0.0864477938958618,0.954706995887485,NA,0.296581647692401,"localGP"
"17059",69,9,10,5,36.9714662074516,80.7274963103288,"Rough","Avg. Reward Condition",20,"7",15,1,66,551,"Short",0.0864477938958618,0.954706995887485,NA,0.296581647692401,"localGP"
"17060",69,10,1,10,69.8575262469171,80.7274963103288,"Rough","Avg. Reward Condition",20,"7",15,1,112,551,"Short",0.0864477938958618,0.954706995887485,NA,0.296581647692401,"localGP"
"17061",69,11,5,7,33.835624051002,80.7274963103288,"Rough","Avg. Reward Condition",20,"7",15,1,83,551,"Short",0.0864477938958618,0.954706995887485,NA,0.296581647692401,"localGP"
"17062",69,12,6,6,24.1302467883987,80.7274963103288,"Rough","Avg. Reward Condition",20,"7",15,2,73,551,"Short",0.0864477938958618,0.954706995887485,NA,0.296581647692401,"localGP"
"17063",69,13,2,6,90.2125642232632,90.2125642232632,"Rough","Avg. Reward Condition",20,"7",15,1,69,551,"Short",0.0864477938958618,0.954706995887485,NA,0.296581647692401,"localGP"
"17064",69,14,1,6,89.9274342754243,90.2125642232632,"Rough","Avg. Reward Condition",20,"7",15,0,68,551,"Short",0.0864477938958618,0.954706995887485,NA,0.296581647692401,"localGP"
"17065",69,15,1,6,89.9274342754243,90.2125642232632,"Rough","Avg. Reward Condition",20,"7",15,0,68,551,"Short",0.0864477938958618,0.954706995887485,NA,0.296581647692401,"localGP"
"17066",69,16,2,7,47.9284101510965,90.2125642232632,"Rough","Avg. Reward Condition",20,"7",15,0,80,551,"Short",0.0864477938958618,0.954706995887485,NA,0.296581647692401,"localGP"
"17067",69,17,2,6,90.2125642232632,90.2125642232632,"Rough","Avg. Reward Condition",20,"7",15,0,69,551,"Short",0.0864477938958618,0.954706995887485,NA,0.296581647692401,"localGP"
"17068",69,18,1,3,78.9236623533558,90.2125642232632,"Rough","Avg. Reward Condition",20,"7",15,0,35,551,"Short",0.0864477938958618,0.954706995887485,NA,0.296581647692401,"localGP"
"17069",69,19,1,2,100,100,"Rough","Avg. Reward Condition",20,"7",15,0,24,551,"Short",0.0864477938958618,0.954706995887485,NA,0.296581647692401,"localGP"
"17070",69,20,2,2,71.3818966101037,100,"Rough","Avg. Reward Condition",20,"7",15,0,25,551,"Short",0.0864477938958618,0.954706995887485,NA,0.296581647692401,"localGP"
"17071",69,21,0,4,66.4445637917368,100,"Rough","Avg. Reward Condition",20,"7",15,0,45,551,"Short",0.0864477938958618,0.954706995887485,NA,0.296581647692401,"localGP"
"17072",69,1,2,9,15.2735933162074,15.2735933162074,"Rough","Avg. Reward Condition",40,"8",0,NA,102,552,"Long",0.0777112900240921,1.09260528274441,NA,0.299901057758913,"localGP"
"17073",69,2,2,0,73.189103748547,73.189103748547,"Rough","Avg. Reward Condition",40,"8",0,14,3,552,"Long",0.0777112900240921,1.09260528274441,NA,0.299901057758913,"localGP"
"17074",69,3,1,0,67.0136291844954,73.189103748547,"Rough","Avg. Reward Condition",40,"8",0,10,2,552,"Long",0.0777112900240921,1.09260528274441,NA,0.299901057758913,"localGP"
"17075",69,4,4,0,18.0590972616153,73.189103748547,"Rough","Avg. Reward Condition",40,"8",0,20,5,552,"Long",0.0777112900240921,1.09260528274441,NA,0.299901057758913,"localGP"
"17076",69,5,0,1,25.2534967724465,73.189103748547,"Rough","Avg. Reward Condition",40,"8",0,10,12,552,"Long",0.0777112900240921,1.09260528274441,NA,0.299901057758913,"localGP"
"17077",69,6,0,7,100,100,"Rough","Avg. Reward Condition",40,"8",0,10,78,552,"Long",0.0777112900240921,1.09260528274441,NA,0.299901057758913,"localGP"
"17078",69,7,0,6,86.6558005262952,100,"Rough","Avg. Reward Condition",40,"8",0,4,67,552,"Long",0.0777112900240921,1.09260528274441,NA,0.299901057758913,"localGP"
"17079",69,8,0,7,100,100,"Rough","Avg. Reward Condition",40,"8",0,4,78,552,"Long",0.0777112900240921,1.09260528274441,NA,0.299901057758913,"localGP"
"17080",69,9,1,7,65.8282604254796,100,"Rough","Avg. Reward Condition",40,"8",0,5,79,552,"Long",0.0777112900240921,1.09260528274441,NA,0.299901057758913,"localGP"
"17081",69,10,0,7,100,100,"Rough","Avg. Reward Condition",40,"8",0,4,78,552,"Long",0.0777112900240921,1.09260528274441,NA,0.299901057758913,"localGP"
"17082",69,11,0,8,68.7533579586689,100,"Rough","Avg. Reward Condition",40,"8",0,10,89,552,"Long",0.0777112900240921,1.09260528274441,NA,0.299901057758913,"localGP"
"17083",69,12,0,7,100,100,"Rough","Avg. Reward Condition",40,"8",0,12,78,552,"Long",0.0777112900240921,1.09260528274441,NA,0.299901057758913,"localGP"
"17084",69,13,0,7,100,100,"Rough","Avg. Reward Condition",40,"8",0,15,78,552,"Long",0.0777112900240921,1.09260528274441,NA,0.299901057758913,"localGP"
"17085",69,14,5,10,34.5994838474691,100,"Rough","Avg. Reward Condition",40,"8",0,1,116,552,"Long",0.0777112900240921,1.09260528274441,NA,0.299901057758913,"localGP"
"17086",69,15,9,7,93.0900522357202,100,"Rough","Avg. Reward Condition",40,"8",0,1,87,552,"Long",0.0777112900240921,1.09260528274441,NA,0.299901057758913,"localGP"
"17087",69,16,9,8,92.8491332342499,100,"Rough","Avg. Reward Condition",40,"8",0,1,98,552,"Long",0.0777112900240921,1.09260528274441,NA,0.299901057758913,"localGP"
"17088",69,17,9,7,93.0900522357202,100,"Rough","Avg. Reward Condition",40,"8",0,1,87,552,"Long",0.0777112900240921,1.09260528274441,NA,0.299901057758913,"localGP"
"17089",69,18,8,7,98.0758057854271,100,"Rough","Avg. Reward Condition",40,"8",0,2,86,552,"Long",0.0777112900240921,1.09260528274441,NA,0.299901057758913,"localGP"
"17090",69,19,8,8,88.0084195550964,100,"Rough","Avg. Reward Condition",40,"8",0,1,97,552,"Long",0.0777112900240921,1.09260528274441,NA,0.299901057758913,"localGP"
"17091",69,20,8,7,98.0758057854271,100,"Rough","Avg. Reward Condition",40,"8",0,3,86,552,"Long",0.0777112900240921,1.09260528274441,NA,0.299901057758913,"localGP"
"17092",69,21,9,7,93.0900522357202,100,"Rough","Avg. Reward Condition",40,"8",0,7,87,552,"Long",0.0777112900240921,1.09260528274441,NA,0.299901057758913,"localGP"
"17093",69,22,10,9,53.0594493428652,100,"Rough","Avg. Reward Condition",40,"8",0,5,110,552,"Long",0.0777112900240921,1.09260528274441,NA,0.299901057758913,"localGP"
"17094",69,23,10,8,76.6171334634599,100,"Rough","Avg. Reward Condition",40,"8",0,9,99,552,"Long",0.0777112900240921,1.09260528274441,NA,0.299901057758913,"localGP"
"17095",69,24,9,8,92.8491332342499,100,"Rough","Avg. Reward Condition",40,"8",0,7,98,552,"Long",0.0777112900240921,1.09260528274441,NA,0.299901057758913,"localGP"
"17096",69,25,9,7,93.0900522357202,100,"Rough","Avg. Reward Condition",40,"8",0,5,87,552,"Long",0.0777112900240921,1.09260528274441,NA,0.299901057758913,"localGP"
"17097",69,26,8,7,98.0758057854271,100,"Rough","Avg. Reward Condition",40,"8",0,3,86,552,"Long",0.0777112900240921,1.09260528274441,NA,0.299901057758913,"localGP"
"17098",69,27,9,7,93.0900522357202,100,"Rough","Avg. Reward Condition",40,"8",0,2,87,552,"Long",0.0777112900240921,1.09260528274441,NA,0.299901057758913,"localGP"
"17099",69,28,9,8,92.8491332342499,100,"Rough","Avg. Reward Condition",40,"8",0,3,98,552,"Long",0.0777112900240921,1.09260528274441,NA,0.299901057758913,"localGP"
"17100",69,29,9,7,93.0900522357202,100,"Rough","Avg. Reward Condition",40,"8",0,6,87,552,"Long",0.0777112900240921,1.09260528274441,NA,0.299901057758913,"localGP"
"17101",69,30,9,7,93.0900522357202,100,"Rough","Avg. Reward Condition",40,"8",0,0,87,552,"Long",0.0777112900240921,1.09260528274441,NA,0.299901057758913,"localGP"
"17102",69,31,8,7,98.0758057854271,100,"Rough","Avg. Reward Condition",40,"8",0,0,86,552,"Long",0.0777112900240921,1.09260528274441,NA,0.299901057758913,"localGP"
"17103",69,32,9,7,93.0900522357202,100,"Rough","Avg. Reward Condition",40,"8",0,0,87,552,"Long",0.0777112900240921,1.09260528274441,NA,0.299901057758913,"localGP"
"17104",69,33,9,6,52.7533090833761,100,"Rough","Avg. Reward Condition",40,"8",0,0,76,552,"Long",0.0777112900240921,1.09260528274441,NA,0.299901057758913,"localGP"
"17105",69,34,6,2,14.151020308226,100,"Rough","Avg. Reward Condition",40,"8",0,0,29,552,"Long",0.0777112900240921,1.09260528274441,NA,0.299901057758913,"localGP"
"17106",69,35,9,2,59.0192052842826,100,"Rough","Avg. Reward Condition",40,"8",0,0,32,552,"Long",0.0777112900240921,1.09260528274441,NA,0.299901057758913,"localGP"
"17107",69,36,8,0,45.9420828127071,100,"Rough","Avg. Reward Condition",40,"8",0,0,9,552,"Long",0.0777112900240921,1.09260528274441,NA,0.299901057758913,"localGP"
"17108",69,37,7,0,21.4630619894753,100,"Rough","Avg. Reward Condition",40,"8",0,0,8,552,"Long",0.0777112900240921,1.09260528274441,NA,0.299901057758913,"localGP"
"17109",69,38,4,3,60.3338826341623,100,"Rough","Avg. Reward Condition",40,"8",0,0,38,552,"Long",0.0777112900240921,1.09260528274441,NA,0.299901057758913,"localGP"
"17110",69,39,3,3,58.6757331286265,100,"Rough","Avg. Reward Condition",40,"8",0,0,37,552,"Long",0.0777112900240921,1.09260528274441,NA,0.299901057758913,"localGP"
"17111",69,40,6,2,14.151020308226,100,"Rough","Avg. Reward Condition",40,"8",0,0,29,552,"Long",0.0777112900240921,1.09260528274441,NA,0.299901057758913,"localGP"
"17112",69,41,7,9,29.4163528194198,100,"Rough","Avg. Reward Condition",40,"8",0,0,107,552,"Long",0.0777112900240921,1.09260528274441,NA,0.299901057758913,"localGP"
"17113",70,1,1,1,60.5425505864623,60.5425505864623,"Rough","Avg. Reward Condition",40,"1",0,NA,13,553,"Long",0.0923211885007607,0.773115354578745,NA,0.504585945548234,"localGP"
"17114",70,2,1,0,67.0136291844954,67.0136291844954,"Rough","Avg. Reward Condition",40,"1",0,4,2,553,"Long",0.0923211885007607,0.773115354578745,NA,0.504585945548234,"localGP"
"17115",70,3,2,0,73.189103748547,73.189103748547,"Rough","Avg. Reward Condition",40,"1",0,5,3,553,"Long",0.0923211885007607,0.773115354578745,NA,0.504585945548234,"localGP"
"17116",70,4,2,1,57.0497014200341,73.189103748547,"Rough","Avg. Reward Condition",40,"1",0,2,14,553,"Long",0.0923211885007607,0.773115354578745,NA,0.504585945548234,"localGP"
"17117",70,5,2,4,52.0374453788032,73.189103748547,"Rough","Avg. Reward Condition",40,"1",0,1,47,553,"Long",0.0923211885007607,0.773115354578745,NA,0.504585945548234,"localGP"
"17118",70,6,0,3,67.8002087512036,73.189103748547,"Rough","Avg. Reward Condition",40,"1",0,2,34,553,"Long",0.0923211885007607,0.773115354578745,NA,0.504585945548234,"localGP"
"17119",70,7,1,3,82.5162957459714,82.5162957459714,"Rough","Avg. Reward Condition",40,"1",0,1,35,553,"Long",0.0923211885007607,0.773115354578745,NA,0.504585945548234,"localGP"
"17120",70,8,2,3,65.4652426884159,82.5162957459714,"Rough","Avg. Reward Condition",40,"1",0,3,36,553,"Long",0.0923211885007607,0.773115354578745,NA,0.504585945548234,"localGP"
"17121",70,9,3,3,58.6757331286265,82.5162957459714,"Rough","Avg. Reward Condition",40,"1",0,1,37,553,"Long",0.0923211885007607,0.773115354578745,NA,0.504585945548234,"localGP"
"17122",70,10,5,1,27.9959182394562,82.5162957459714,"Rough","Avg. Reward Condition",40,"1",0,1,17,553,"Long",0.0923211885007607,0.773115354578745,NA,0.504585945548234,"localGP"
"17123",70,11,3,1,29.8909935964922,82.5162957459714,"Rough","Avg. Reward Condition",40,"1",0,1,15,553,"Long",0.0923211885007607,0.773115354578745,NA,0.504585945548234,"localGP"
"17124",70,12,9,2,59.0192052842826,82.5162957459714,"Rough","Avg. Reward Condition",40,"1",0,1,32,553,"Long",0.0923211885007607,0.773115354578745,NA,0.504585945548234,"localGP"
"17125",70,13,9,1,39.3581963035653,82.5162957459714,"Rough","Avg. Reward Condition",40,"1",0,5,21,553,"Long",0.0923211885007607,0.773115354578745,NA,0.504585945548234,"localGP"
"17126",70,14,10,1,59.1692091474609,82.5162957459714,"Rough","Avg. Reward Condition",40,"1",0,1,22,553,"Long",0.0923211885007607,0.773115354578745,NA,0.504585945548234,"localGP"
"17127",70,15,8,8,88.0084195550964,88.0084195550964,"Rough","Avg. Reward Condition",40,"1",0,1,97,553,"Long",0.0923211885007607,0.773115354578745,NA,0.504585945548234,"localGP"
"17128",70,16,9,8,92.8491332342499,92.8491332342499,"Rough","Avg. Reward Condition",40,"1",0,5,98,553,"Long",0.0923211885007607,0.773115354578745,NA,0.504585945548234,"localGP"
"17129",70,17,9,9,79.2865457179187,92.8491332342499,"Rough","Avg. Reward Condition",40,"1",0,1,109,553,"Long",0.0923211885007607,0.773115354578745,NA,0.504585945548234,"localGP"
"17130",70,18,8,9,62.5269000754681,92.8491332342499,"Rough","Avg. Reward Condition",40,"1",0,5,108,553,"Long",0.0923211885007607,0.773115354578745,NA,0.504585945548234,"localGP"
"17131",70,19,8,7,98.0758057854271,98.0758057854271,"Rough","Avg. Reward Condition",40,"1",0,6,86,553,"Long",0.0923211885007607,0.773115354578745,NA,0.504585945548234,"localGP"
"17132",70,20,8,6,65.2396135357156,98.0758057854271,"Rough","Avg. Reward Condition",40,"1",0,10,75,553,"Long",0.0923211885007607,0.773115354578745,NA,0.504585945548234,"localGP"
"17133",70,21,8,5,25.4664364845841,98.0758057854271,"Rough","Avg. Reward Condition",40,"1",0,4,64,553,"Long",0.0923211885007607,0.773115354578745,NA,0.504585945548234,"localGP"
"17134",70,22,6,7,57.6061006011955,98.0758057854271,"Rough","Avg. Reward Condition",40,"1",0,7,84,553,"Long",0.0923211885007607,0.773115354578745,NA,0.504585945548234,"localGP"
"17135",70,23,8,8,88.0084195550964,98.0758057854271,"Rough","Avg. Reward Condition",40,"1",0,2,97,553,"Long",0.0923211885007607,0.773115354578745,NA,0.504585945548234,"localGP"
"17136",70,24,8,7,98.0758057854271,98.0758057854271,"Rough","Avg. Reward Condition",40,"1",0,3,86,553,"Long",0.0923211885007607,0.773115354578745,NA,0.504585945548234,"localGP"
"17137",70,25,9,7,93.0900522357202,98.0758057854271,"Rough","Avg. Reward Condition",40,"1",0,9,87,553,"Long",0.0923211885007607,0.773115354578745,NA,0.504585945548234,"localGP"
"17138",70,26,9,6,52.7533090833761,98.0758057854271,"Rough","Avg. Reward Condition",40,"1",0,2,76,553,"Long",0.0923211885007607,0.773115354578745,NA,0.504585945548234,"localGP"
"17139",70,27,10,6,47.7902004449391,98.0758057854271,"Rough","Avg. Reward Condition",40,"1",0,5,77,553,"Long",0.0923211885007607,0.773115354578745,NA,0.504585945548234,"localGP"
"17140",70,28,10,7,82.7698657970911,98.0758057854271,"Rough","Avg. Reward Condition",40,"1",0,2,88,553,"Long",0.0923211885007607,0.773115354578745,NA,0.504585945548234,"localGP"
"17141",70,29,6,4,26.4092350309844,98.0758057854271,"Rough","Avg. Reward Condition",40,"1",0,1,51,553,"Long",0.0923211885007607,0.773115354578745,NA,0.504585945548234,"localGP"
"17142",70,30,6,2,14.151020308226,98.0758057854271,"Rough","Avg. Reward Condition",40,"1",0,1,29,553,"Long",0.0923211885007607,0.773115354578745,NA,0.504585945548234,"localGP"
"17143",70,31,6,1,20.6016999282739,98.0758057854271,"Rough","Avg. Reward Condition",40,"1",0,11,18,553,"Long",0.0923211885007607,0.773115354578745,NA,0.504585945548234,"localGP"
"17144",70,32,6,0,31.7584982892941,98.0758057854271,"Rough","Avg. Reward Condition",40,"1",0,2,7,553,"Long",0.0923211885007607,0.773115354578745,NA,0.504585945548234,"localGP"
"17145",70,33,0,1,25.2534967724465,98.0758057854271,"Rough","Avg. Reward Condition",40,"1",0,1,12,553,"Long",0.0923211885007607,0.773115354578745,NA,0.504585945548234,"localGP"
"17146",70,34,3,2,44.1450806306014,98.0758057854271,"Rough","Avg. Reward Condition",40,"1",0,1,26,553,"Long",0.0923211885007607,0.773115354578745,NA,0.504585945548234,"localGP"
"17147",70,35,5,7,46.7426538325774,98.0758057854271,"Rough","Avg. Reward Condition",40,"1",0,1,83,553,"Long",0.0923211885007607,0.773115354578745,NA,0.504585945548234,"localGP"
"17148",70,36,2,1,57.0497014200341,98.0758057854271,"Rough","Avg. Reward Condition",40,"1",0,3,14,553,"Long",0.0923211885007607,0.773115354578745,NA,0.504585945548234,"localGP"
"17149",70,37,2,3,65.4652426884159,98.0758057854271,"Rough","Avg. Reward Condition",40,"1",0,1,36,553,"Long",0.0923211885007607,0.773115354578745,NA,0.504585945548234,"localGP"
"17150",70,38,2,2,65.3400315275743,98.0758057854271,"Rough","Avg. Reward Condition",40,"1",0,2,25,553,"Long",0.0923211885007607,0.773115354578745,NA,0.504585945548234,"localGP"
"17151",70,39,1,2,77.703125599037,98.0758057854271,"Rough","Avg. Reward Condition",40,"1",0,1,24,553,"Long",0.0923211885007607,0.773115354578745,NA,0.504585945548234,"localGP"
"17152",70,40,8,3,44.148571192128,98.0758057854271,"Rough","Avg. Reward Condition",40,"1",0,2,42,553,"Long",0.0923211885007607,0.773115354578745,NA,0.504585945548234,"localGP"
"17153",70,41,10,2,46.7186953634037,98.0758057854271,"Rough","Avg. Reward Condition",40,"1",0,4,33,553,"Long",0.0923211885007607,0.773115354578745,NA,0.504585945548234,"localGP"
"17154",70,1,6,7,9.51682316943717,9.51682316943717,"Rough","Avg. Reward Condition",20,"2",17,NA,84,554,"Short",0.0834638516601621,0.82620146212533,NA,0.443175092985325,"localGP"
"17155",70,2,6,6,17.8573252505419,17.8573252505419,"Rough","Avg. Reward Condition",20,"2",17,12,73,554,"Short",0.0834638516601621,0.82620146212533,NA,0.443175092985325,"localGP"
"17156",70,3,3,5,100,100,"Rough","Avg. Reward Condition",20,"2",17,11,59,554,"Short",0.0834638516601621,0.82620146212533,NA,0.443175092985325,"localGP"
"17157",70,4,2,5,96.5712701527156,100,"Rough","Avg. Reward Condition",20,"2",17,2,58,554,"Short",0.0834638516601621,0.82620146212533,NA,0.443175092985325,"localGP"
"17158",70,5,2,4,78.1145537046303,100,"Rough","Avg. Reward Condition",20,"2",17,2,47,554,"Short",0.0834638516601621,0.82620146212533,NA,0.443175092985325,"localGP"
"17159",70,6,3,4,81.7432518785976,100,"Rough","Avg. Reward Condition",20,"2",17,1,48,554,"Short",0.0834638516601621,0.82620146212533,NA,0.443175092985325,"localGP"
"17160",70,7,2,7,55.9761738528466,100,"Rough","Avg. Reward Condition",20,"2",17,3,80,554,"Short",0.0834638516601621,0.82620146212533,NA,0.443175092985325,"localGP"
"17161",70,8,2,8,56.749621146005,100,"Rough","Avg. Reward Condition",20,"2",17,1,91,554,"Short",0.0834638516601621,0.82620146212533,NA,0.443175092985325,"localGP"
"17162",70,9,0,10,11.2786864565213,100,"Rough","Avg. Reward Condition",20,"2",17,4,111,554,"Short",0.0834638516601621,0.82620146212533,NA,0.443175092985325,"localGP"
"17163",70,10,8,10,49.8309633888128,100,"Rough","Avg. Reward Condition",20,"2",17,1,119,554,"Short",0.0834638516601621,0.82620146212533,NA,0.443175092985325,"localGP"
"17164",70,11,6,10,42.2521571557116,100,"Rough","Avg. Reward Condition",20,"2",17,2,117,554,"Short",0.0834638516601621,0.82620146212533,NA,0.443175092985325,"localGP"
"17165",70,12,6,9,16.1161494292061,100,"Rough","Avg. Reward Condition",20,"2",17,7,106,554,"Short",0.0834638516601621,0.82620146212533,NA,0.443175092985325,"localGP"
"17166",70,13,9,9,82.3610633531152,100,"Rough","Avg. Reward Condition",20,"2",17,1,109,554,"Short",0.0834638516601621,0.82620146212533,NA,0.443175092985325,"localGP"
"17167",70,14,9,10,51.9374709842096,100,"Rough","Avg. Reward Condition",20,"2",17,2,120,554,"Short",0.0834638516601621,0.82620146212533,NA,0.443175092985325,"localGP"
"17168",70,15,8,8,48.6209458913059,100,"Rough","Avg. Reward Condition",20,"2",17,1,97,554,"Short",0.0834638516601621,0.82620146212533,NA,0.443175092985325,"localGP"
"17169",70,16,9,8,75.2770769943809,100,"Rough","Avg. Reward Condition",20,"2",17,3,98,554,"Short",0.0834638516601621,0.82620146212533,NA,0.443175092985325,"localGP"
"17170",70,17,10,8,52.8164121364867,100,"Rough","Avg. Reward Condition",20,"2",17,2,99,554,"Short",0.0834638516601621,0.82620146212533,NA,0.443175092985325,"localGP"
"17171",70,18,10,9,62.3531210252204,100,"Rough","Avg. Reward Condition",20,"2",17,1,110,554,"Short",0.0834638516601621,0.82620146212533,NA,0.443175092985325,"localGP"
"17172",70,19,10,9,62.3531210252204,100,"Rough","Avg. Reward Condition",20,"2",17,1,110,554,"Short",0.0834638516601621,0.82620146212533,NA,0.443175092985325,"localGP"
"17173",70,20,0,8,50.1774313220849,100,"Rough","Avg. Reward Condition",20,"2",17,1,89,554,"Short",0.0834638516601621,0.82620146212533,NA,0.443175092985325,"localGP"
"17174",70,21,1,8,61.4248560336744,100,"Rough","Avg. Reward Condition",20,"2",17,1,90,554,"Short",0.0834638516601621,0.82620146212533,NA,0.443175092985325,"localGP"
"17175",70,1,7,3,34.6479005726558,34.6479005726558,"Rough","Avg. Reward Condition",40,"3",8,NA,41,555,"Long",0.0998840758577254,0.744992842585236,NA,0.513909523560766,"localGP"
"17176",70,2,6,3,42.0646455997222,42.0646455997222,"Rough","Avg. Reward Condition",40,"3",8,1,40,555,"Long",0.0998840758577254,0.744992842585236,NA,0.513909523560766,"localGP"
"17177",70,3,9,1,51.1161820645571,51.1161820645571,"Rough","Avg. Reward Condition",40,"3",8,2,21,555,"Long",0.0998840758577254,0.744992842585236,NA,0.513909523560766,"localGP"
"17178",70,4,10,1,40.1836169652237,51.1161820645571,"Rough","Avg. Reward Condition",40,"3",8,2,22,555,"Long",0.0998840758577254,0.744992842585236,NA,0.513909523560766,"localGP"
"17179",70,5,10,2,57.5348979137983,57.5348979137983,"Rough","Avg. Reward Condition",40,"3",8,1,33,555,"Long",0.0998840758577254,0.744992842585236,NA,0.513909523560766,"localGP"
"17180",70,6,7,2,26.7980711857913,57.5348979137983,"Rough","Avg. Reward Condition",40,"3",8,1,30,555,"Long",0.0998840758577254,0.744992842585236,NA,0.513909523560766,"localGP"
"17181",70,7,10,4,82.6261489879953,82.6261489879953,"Rough","Avg. Reward Condition",40,"3",8,1,55,555,"Long",0.0998840758577254,0.744992842585236,NA,0.513909523560766,"localGP"
"17182",70,8,10,5,84.8597235153552,84.8597235153552,"Rough","Avg. Reward Condition",40,"3",8,1,66,555,"Long",0.0998840758577254,0.744992842585236,NA,0.513909523560766,"localGP"
"17183",70,9,8,0,19.9542007611665,84.8597235153552,"Rough","Avg. Reward Condition",40,"3",8,1,9,555,"Long",0.0998840758577254,0.744992842585236,NA,0.513909523560766,"localGP"
"17184",70,10,3,2,5.15807402836249,84.8597235153552,"Rough","Avg. Reward Condition",40,"3",8,4,26,555,"Long",0.0998840758577254,0.744992842585236,NA,0.513909523560766,"localGP"
"17185",70,11,3,6,92.3422522413602,92.3422522413602,"Rough","Avg. Reward Condition",40,"3",8,1,70,555,"Long",0.0998840758577254,0.744992842585236,NA,0.513909523560766,"localGP"
"17186",70,12,2,6,63.82023009432,92.3422522413602,"Rough","Avg. Reward Condition",40,"3",8,2,69,555,"Long",0.0998840758577254,0.744992842585236,NA,0.513909523560766,"localGP"
"17187",70,13,4,6,92.5612285235121,92.5612285235121,"Rough","Avg. Reward Condition",40,"3",8,1,71,555,"Long",0.0998840758577254,0.744992842585236,NA,0.513909523560766,"localGP"
"17188",70,14,4,6,92.5612285235121,92.5612285235121,"Rough","Avg. Reward Condition",40,"3",8,13,71,555,"Long",0.0998840758577254,0.744992842585236,NA,0.513909523560766,"localGP"
"17189",70,15,5,6,43.2423959719255,92.5612285235121,"Rough","Avg. Reward Condition",40,"3",8,1,72,555,"Long",0.0998840758577254,0.744992842585236,NA,0.513909523560766,"localGP"
"17190",70,16,7,8,32.7481973120659,92.5612285235121,"Rough","Avg. Reward Condition",40,"3",8,2,96,555,"Long",0.0998840758577254,0.744992842585236,NA,0.513909523560766,"localGP"
"17191",70,17,2,2,48.0793702112335,92.5612285235121,"Rough","Avg. Reward Condition",40,"3",8,1,25,555,"Long",0.0998840758577254,0.744992842585236,NA,0.513909523560766,"localGP"
"17192",70,18,1,2,51.3385212336399,92.5612285235121,"Rough","Avg. Reward Condition",40,"3",8,1,24,555,"Long",0.0998840758577254,0.744992842585236,NA,0.513909523560766,"localGP"
"17193",70,19,0,2,36.0637010663972,92.5612285235121,"Rough","Avg. Reward Condition",40,"3",8,1,23,555,"Long",0.0998840758577254,0.744992842585236,NA,0.513909523560766,"localGP"
"17194",70,20,6,2,38.3671913678501,92.5612285235121,"Rough","Avg. Reward Condition",40,"3",8,2,29,555,"Long",0.0998840758577254,0.744992842585236,NA,0.513909523560766,"localGP"
"17195",70,21,5,2,36.8197276741428,92.5612285235121,"Rough","Avg. Reward Condition",40,"3",8,1,28,555,"Long",0.0998840758577254,0.744992842585236,NA,0.513909523560766,"localGP"
"17196",70,22,10,8,76.4183100211284,92.5612285235121,"Rough","Avg. Reward Condition",40,"3",8,1,99,555,"Long",0.0998840758577254,0.744992842585236,NA,0.513909523560766,"localGP"
"17197",70,23,10,7,59.5768375787062,92.5612285235121,"Rough","Avg. Reward Condition",40,"3",8,1,88,555,"Long",0.0998840758577254,0.744992842585236,NA,0.513909523560766,"localGP"
"17198",70,24,10,6,58.4861545371747,92.5612285235121,"Rough","Avg. Reward Condition",40,"3",8,1,77,555,"Long",0.0998840758577254,0.744992842585236,NA,0.513909523560766,"localGP"
"17199",70,25,6,7,17.5184001750244,92.5612285235121,"Rough","Avg. Reward Condition",40,"3",8,1,84,555,"Long",0.0998840758577254,0.744992842585236,NA,0.513909523560766,"localGP"
"17200",70,26,4,0,60.8338866583658,92.5612285235121,"Rough","Avg. Reward Condition",40,"3",8,1,5,555,"Long",0.0998840758577254,0.744992842585236,NA,0.513909523560766,"localGP"
"17201",70,27,9,4,91.0101706017793,92.5612285235121,"Rough","Avg. Reward Condition",40,"3",8,1,54,555,"Long",0.0998840758577254,0.744992842585236,NA,0.513909523560766,"localGP"
"17202",70,28,9,5,83.9959054519375,92.5612285235121,"Rough","Avg. Reward Condition",40,"3",8,3,65,555,"Long",0.0998840758577254,0.744992842585236,NA,0.513909523560766,"localGP"
"17203",70,29,9,7,12.1031590785717,92.5612285235121,"Rough","Avg. Reward Condition",40,"3",8,1,87,555,"Long",0.0998840758577254,0.744992842585236,NA,0.513909523560766,"localGP"
"17204",70,30,7,6,46.0927708056765,92.5612285235121,"Rough","Avg. Reward Condition",40,"3",8,7,74,555,"Long",0.0998840758577254,0.744992842585236,NA,0.513909523560766,"localGP"
"17205",70,31,7,5,62.0812481900124,92.5612285235121,"Rough","Avg. Reward Condition",40,"3",8,15,63,555,"Long",0.0998840758577254,0.744992842585236,NA,0.513909523560766,"localGP"
"17206",70,32,8,5,75.2422907496321,92.5612285235121,"Rough","Avg. Reward Condition",40,"3",8,9,64,555,"Long",0.0998840758577254,0.744992842585236,NA,0.513909523560766,"localGP"
"17207",70,33,8,4,60.2211526419582,92.5612285235121,"Rough","Avg. Reward Condition",40,"3",8,9,53,555,"Long",0.0998840758577254,0.744992842585236,NA,0.513909523560766,"localGP"
"17208",70,34,0,3,27.8766329094595,92.5612285235121,"Rough","Avg. Reward Condition",40,"3",8,10,34,555,"Long",0.0998840758577254,0.744992842585236,NA,0.513909523560766,"localGP"
"17209",70,35,3,5,100,100,"Rough","Avg. Reward Condition",40,"3",8,2,59,555,"Long",0.0998840758577254,0.744992842585236,NA,0.513909523560766,"localGP"
"17210",70,36,4,5,81.9160830308222,100,"Rough","Avg. Reward Condition",40,"3",8,3,60,555,"Long",0.0998840758577254,0.744992842585236,NA,0.513909523560766,"localGP"
"17211",70,37,4,7,87.7929185379322,100,"Rough","Avg. Reward Condition",40,"3",8,1,82,555,"Long",0.0998840758577254,0.744992842585236,NA,0.513909523560766,"localGP"
"17212",70,38,4,6,92.5612285235121,100,"Rough","Avg. Reward Condition",40,"3",8,2,71,555,"Long",0.0998840758577254,0.744992842585236,NA,0.513909523560766,"localGP"
"17213",70,39,3,6,92.3422522413602,100,"Rough","Avg. Reward Condition",40,"3",8,1,70,555,"Long",0.0998840758577254,0.744992842585236,NA,0.513909523560766,"localGP"
"17214",70,40,3,7,79.3800074226317,100,"Rough","Avg. Reward Condition",40,"3",8,1,81,555,"Long",0.0998840758577254,0.744992842585236,NA,0.513909523560766,"localGP"
"17215",70,41,2,7,48.3499832145675,100,"Rough","Avg. Reward Condition",40,"3",8,2,80,555,"Long",0.0998840758577254,0.744992842585236,NA,0.513909523560766,"localGP"
"17216",70,1,1,4,50.1159622354863,50.1159622354863,"Rough","Avg. Reward Condition",20,"4",14,NA,46,556,"Short",0.0813655191361919,0.816584065078253,NA,0.437244366514215,"localGP"
"17217",70,2,1,5,56.5450425488561,56.5450425488561,"Rough","Avg. Reward Condition",20,"4",14,6,57,556,"Short",0.0813655191361919,0.816584065078253,NA,0.437244366514215,"localGP"
"17218",70,3,0,4,77.3776317669719,77.3776317669719,"Rough","Avg. Reward Condition",20,"4",14,1,45,556,"Short",0.0813655191361919,0.816584065078253,NA,0.437244366514215,"localGP"
"17219",70,4,2,7,55.242778504398,77.3776317669719,"Rough","Avg. Reward Condition",20,"4",14,9,80,556,"Short",0.0813655191361919,0.816584065078253,NA,0.437244366514215,"localGP"
"17220",70,5,2,6,67.3937194364363,77.3776317669719,"Rough","Avg. Reward Condition",20,"4",14,8,69,556,"Short",0.0813655191361919,0.816584065078253,NA,0.437244366514215,"localGP"
"17221",70,6,3,6,62.6985194647097,77.3776317669719,"Rough","Avg. Reward Condition",20,"4",14,1,70,556,"Short",0.0813655191361919,0.816584065078253,NA,0.437244366514215,"localGP"
"17222",70,7,2,6,67.3937194364363,77.3776317669719,"Rough","Avg. Reward Condition",20,"4",14,3,69,556,"Short",0.0813655191361919,0.816584065078253,NA,0.437244366514215,"localGP"
"17223",70,8,1,6,65.2952902215334,77.3776317669719,"Rough","Avg. Reward Condition",20,"4",14,1,68,556,"Short",0.0813655191361919,0.816584065078253,NA,0.437244366514215,"localGP"
"17224",70,9,2,1,53.6211624173466,77.3776317669719,"Rough","Avg. Reward Condition",20,"4",14,8,14,556,"Short",0.0813655191361919,0.816584065078253,NA,0.437244366514215,"localGP"
"17225",70,10,2,2,74.8205512494422,77.3776317669719,"Rough","Avg. Reward Condition",20,"4",14,4,25,556,"Short",0.0813655191361919,0.816584065078253,NA,0.437244366514215,"localGP"
"17226",70,11,9,6,53.922059162167,77.3776317669719,"Rough","Avg. Reward Condition",20,"4",14,3,76,556,"Short",0.0813655191361919,0.816584065078253,NA,0.437244366514215,"localGP"
"17227",70,12,10,6,54.06781825719,77.3776317669719,"Rough","Avg. Reward Condition",20,"4",14,8,77,556,"Short",0.0813655191361919,0.816584065078253,NA,0.437244366514215,"localGP"
"17228",70,13,10,5,30.1430147577339,77.3776317669719,"Rough","Avg. Reward Condition",20,"4",14,1,66,556,"Short",0.0813655191361919,0.816584065078253,NA,0.437244366514215,"localGP"
"17229",70,14,3,1,57.3323437114298,77.3776317669719,"Rough","Avg. Reward Condition",20,"4",14,4,15,556,"Short",0.0813655191361919,0.816584065078253,NA,0.437244366514215,"localGP"
"17230",70,15,10,0,54.7041711042587,77.3776317669719,"Rough","Avg. Reward Condition",20,"4",14,3,11,556,"Short",0.0813655191361919,0.816584065078253,NA,0.437244366514215,"localGP"
"17231",70,16,9,0,31.1577897850161,77.3776317669719,"Rough","Avg. Reward Condition",20,"4",14,1,10,556,"Short",0.0813655191361919,0.816584065078253,NA,0.437244366514215,"localGP"
"17232",70,17,9,1,44.1985025051653,77.3776317669719,"Rough","Avg. Reward Condition",20,"4",14,2,21,556,"Short",0.0813655191361919,0.816584065078253,NA,0.437244366514215,"localGP"
"17233",70,18,2,5,54.5749797854144,77.3776317669719,"Rough","Avg. Reward Condition",20,"4",14,1,58,556,"Short",0.0813655191361919,0.816584065078253,NA,0.437244366514215,"localGP"
"17234",70,19,2,6,67.3937194364363,77.3776317669719,"Rough","Avg. Reward Condition",20,"4",14,3,69,556,"Short",0.0813655191361919,0.816584065078253,NA,0.437244366514215,"localGP"
"17235",70,20,3,3,70.0835209190621,77.3776317669719,"Rough","Avg. Reward Condition",20,"4",14,1,37,556,"Short",0.0813655191361919,0.816584065078253,NA,0.437244366514215,"localGP"
"17236",70,21,3,2,76.7507190028061,77.3776317669719,"Rough","Avg. Reward Condition",20,"4",14,2,26,556,"Short",0.0813655191361919,0.816584065078253,NA,0.437244366514215,"localGP"
"17237",70,1,7,9,33.6333693402213,33.6333693402213,"Rough","Avg. Reward Condition",40,"5",12,NA,107,557,"Long",0.0872975579891358,0.796613286100179,NA,0.488873471921294,"localGP"
"17238",70,2,6,1,64.0621686856382,64.0621686856382,"Rough","Avg. Reward Condition",40,"5",12,1,18,557,"Long",0.0872975579891358,0.796613286100179,NA,0.488873471921294,"localGP"
"17239",70,3,6,2,67.1671387107325,67.1671387107325,"Rough","Avg. Reward Condition",40,"5",12,2,29,557,"Long",0.0872975579891358,0.796613286100179,NA,0.488873471921294,"localGP"
"17240",70,4,5,2,65.4096686254795,67.1671387107325,"Rough","Avg. Reward Condition",40,"5",12,2,28,557,"Long",0.0872975579891358,0.796613286100179,NA,0.488873471921294,"localGP"
"17241",70,5,5,3,27.1172437554855,67.1671387107325,"Rough","Avg. Reward Condition",40,"5",12,2,39,557,"Long",0.0872975579891358,0.796613286100179,NA,0.488873471921294,"localGP"
"17242",70,6,0,2,9.45487172108052,67.1671387107325,"Rough","Avg. Reward Condition",40,"5",12,3,23,557,"Long",0.0872975579891358,0.796613286100179,NA,0.488873471921294,"localGP"
"17243",70,7,0,1,0,67.1671387107325,"Rough","Avg. Reward Condition",40,"5",12,2,12,557,"Long",0.0872975579891358,0.796613286100179,NA,0.488873471921294,"localGP"
"17244",70,8,2,1,71.2084102160603,71.2084102160603,"Rough","Avg. Reward Condition",40,"5",12,3,14,557,"Long",0.0872975579891358,0.796613286100179,NA,0.488873471921294,"localGP"
"17245",70,9,2,2,75.2998584228021,75.2998584228021,"Rough","Avg. Reward Condition",40,"5",12,12,25,557,"Long",0.0872975579891358,0.796613286100179,NA,0.488873471921294,"localGP"
"17246",70,10,3,0,64.7269948092112,75.2998584228021,"Rough","Avg. Reward Condition",40,"5",12,1,4,557,"Long",0.0872975579891358,0.796613286100179,NA,0.488873471921294,"localGP"
"17247",70,11,4,0,44.6746717399541,75.2998584228021,"Rough","Avg. Reward Condition",40,"5",12,2,5,557,"Long",0.0872975579891358,0.796613286100179,NA,0.488873471921294,"localGP"
"17248",70,12,7,0,73.3448619452636,75.2998584228021,"Rough","Avg. Reward Condition",40,"5",12,3,8,557,"Long",0.0872975579891358,0.796613286100179,NA,0.488873471921294,"localGP"
"17249",70,13,8,0,73.9756184562908,75.2998584228021,"Rough","Avg. Reward Condition",40,"5",12,2,9,557,"Long",0.0872975579891358,0.796613286100179,NA,0.488873471921294,"localGP"
"17250",70,14,8,1,63.22858219745,75.2998584228021,"Rough","Avg. Reward Condition",40,"5",12,1,20,557,"Long",0.0872975579891358,0.796613286100179,NA,0.488873471921294,"localGP"
"17251",70,15,7,1,80.4403331972244,80.4403331972244,"Rough","Avg. Reward Condition",40,"5",12,2,19,557,"Long",0.0872975579891358,0.796613286100179,NA,0.488873471921294,"localGP"
"17252",70,16,7,2,67.7479443661215,80.4403331972244,"Rough","Avg. Reward Condition",40,"5",12,1,30,557,"Long",0.0872975579891358,0.796613286100179,NA,0.488873471921294,"localGP"
"17253",70,17,7,3,39.8382948822968,80.4403331972244,"Rough","Avg. Reward Condition",40,"5",12,1,41,557,"Long",0.0872975579891358,0.796613286100179,NA,0.488873471921294,"localGP"
"17254",70,18,3,8,33.3403735872843,80.4403331972244,"Rough","Avg. Reward Condition",40,"5",12,3,92,557,"Long",0.0872975579891358,0.796613286100179,NA,0.488873471921294,"localGP"
"17255",70,19,10,8,81.5439013979377,81.5439013979377,"Rough","Avg. Reward Condition",40,"5",12,2,99,557,"Long",0.0872975579891358,0.796613286100179,NA,0.488873471921294,"localGP"
"17256",70,20,10,9,82.6126094041151,82.6126094041151,"Rough","Avg. Reward Condition",40,"5",12,3,110,557,"Long",0.0872975579891358,0.796613286100179,NA,0.488873471921294,"localGP"
"17257",70,21,9,9,79.9813230498627,82.6126094041151,"Rough","Avg. Reward Condition",40,"5",12,2,109,557,"Long",0.0872975579891358,0.796613286100179,NA,0.488873471921294,"localGP"
"17258",70,22,3,4,34.4456880068481,82.6126094041151,"Rough","Avg. Reward Condition",40,"5",12,1,48,557,"Long",0.0872975579891358,0.796613286100179,NA,0.488873471921294,"localGP"
"17259",70,23,9,8,85.7573935505375,85.7573935505375,"Rough","Avg. Reward Condition",40,"5",12,2,98,557,"Long",0.0872975579891358,0.796613286100179,NA,0.488873471921294,"localGP"
"17260",70,24,8,8,74.2665096632298,85.7573935505375,"Rough","Avg. Reward Condition",40,"5",12,3,97,557,"Long",0.0872975579891358,0.796613286100179,NA,0.488873471921294,"localGP"
"17261",70,25,9,8,85.7573935505375,85.7573935505375,"Rough","Avg. Reward Condition",40,"5",12,1,98,557,"Long",0.0872975579891358,0.796613286100179,NA,0.488873471921294,"localGP"
"17262",70,26,5,8,82.0331276528132,85.7573935505375,"Rough","Avg. Reward Condition",40,"5",12,7,94,557,"Long",0.0872975579891358,0.796613286100179,NA,0.488873471921294,"localGP"
"17263",70,27,5,8,82.0331276528132,85.7573935505375,"Rough","Avg. Reward Condition",40,"5",12,1,94,557,"Long",0.0872975579891358,0.796613286100179,NA,0.488873471921294,"localGP"
"17264",70,28,5,7,95.4475396391107,95.4475396391107,"Rough","Avg. Reward Condition",40,"5",12,2,83,557,"Long",0.0872975579891358,0.796613286100179,NA,0.488873471921294,"localGP"
"17265",70,29,6,7,79.1421963160271,95.4475396391107,"Rough","Avg. Reward Condition",40,"5",12,1,84,557,"Long",0.0872975579891358,0.796613286100179,NA,0.488873471921294,"localGP"
"17266",70,30,7,8,45.6964711781897,95.4475396391107,"Rough","Avg. Reward Condition",40,"5",12,2,96,557,"Long",0.0872975579891358,0.796613286100179,NA,0.488873471921294,"localGP"
"17267",70,31,6,8,66.326299077943,95.4475396391107,"Rough","Avg. Reward Condition",40,"5",12,1,95,557,"Long",0.0872975579891358,0.796613286100179,NA,0.488873471921294,"localGP"
"17268",70,32,6,9,44.7235531380428,95.4475396391107,"Rough","Avg. Reward Condition",40,"5",12,1,106,557,"Long",0.0872975579891358,0.796613286100179,NA,0.488873471921294,"localGP"
"17269",70,33,6,10,32.3469021465109,95.4475396391107,"Rough","Avg. Reward Condition",40,"5",12,1,117,557,"Long",0.0872975579891358,0.796613286100179,NA,0.488873471921294,"localGP"
"17270",70,34,6,9,44.7235531380428,95.4475396391107,"Rough","Avg. Reward Condition",40,"5",12,2,106,557,"Long",0.0872975579891358,0.796613286100179,NA,0.488873471921294,"localGP"
"17271",70,35,5,9,58.4786729876124,95.4475396391107,"Rough","Avg. Reward Condition",40,"5",12,1,105,557,"Long",0.0872975579891358,0.796613286100179,NA,0.488873471921294,"localGP"
"17272",70,36,5,8,82.0331276528132,95.4475396391107,"Rough","Avg. Reward Condition",40,"5",12,2,94,557,"Long",0.0872975579891358,0.796613286100179,NA,0.488873471921294,"localGP"
"17273",70,37,4,6,68.9050868774384,95.4475396391107,"Rough","Avg. Reward Condition",40,"5",12,1,71,557,"Long",0.0872975579891358,0.796613286100179,NA,0.488873471921294,"localGP"
"17274",70,38,3,6,20.8670491008818,95.4475396391107,"Rough","Avg. Reward Condition",40,"5",12,1,70,557,"Long",0.0872975579891358,0.796613286100179,NA,0.488873471921294,"localGP"
"17275",70,39,7,10,34.4221840865233,95.4475396391107,"Rough","Avg. Reward Condition",40,"5",12,4,118,557,"Long",0.0872975579891358,0.796613286100179,NA,0.488873471921294,"localGP"
"17276",70,40,10,3,22.9154847675258,95.4475396391107,"Rough","Avg. Reward Condition",40,"5",12,7,44,557,"Long",0.0872975579891358,0.796613286100179,NA,0.488873471921294,"localGP"
"17277",70,41,1,9,48.3624472959168,95.4475396391107,"Rough","Avg. Reward Condition",40,"5",12,1,101,557,"Long",0.0872975579891358,0.796613286100179,NA,0.488873471921294,"localGP"
"17278",70,1,5,8,29.2229394651416,29.2229394651416,"Rough","Avg. Reward Condition",20,"6",1,NA,94,558,"Short",0.087314828578694,0.812422052075607,NA,0.441880785638491,"localGP"
"17279",70,2,4,6,37.058891508221,37.058891508221,"Rough","Avg. Reward Condition",20,"6",1,9,71,558,"Short",0.087314828578694,0.812422052075607,NA,0.441880785638491,"localGP"
"17280",70,3,4,5,50.9861643343635,50.9861643343635,"Rough","Avg. Reward Condition",20,"6",1,0,60,558,"Short",0.087314828578694,0.812422052075607,NA,0.441880785638491,"localGP"
"17281",70,4,8,8,49.0688828610798,50.9861643343635,"Rough","Avg. Reward Condition",20,"6",1,1,97,558,"Short",0.087314828578694,0.812422052075607,NA,0.441880785638491,"localGP"
"17282",70,5,9,8,62.5304329189769,62.5304329189769,"Rough","Avg. Reward Condition",20,"6",1,1,98,558,"Short",0.087314828578694,0.812422052075607,NA,0.441880785638491,"localGP"
"17283",70,6,9,7,59.249331592367,62.5304329189769,"Rough","Avg. Reward Condition",20,"6",1,1,87,558,"Short",0.087314828578694,0.812422052075607,NA,0.441880785638491,"localGP"
"17284",70,7,6,7,56.6570427677056,62.5304329189769,"Rough","Avg. Reward Condition",20,"6",1,1,84,558,"Short",0.087314828578694,0.812422052075607,NA,0.441880785638491,"localGP"
"17285",70,8,7,7,63.4190187757228,63.4190187757228,"Rough","Avg. Reward Condition",20,"6",1,1,85,558,"Short",0.087314828578694,0.812422052075607,NA,0.441880785638491,"localGP"
"17286",70,9,7,7,63.4190187757228,63.4190187757228,"Rough","Avg. Reward Condition",20,"6",1,2,85,558,"Short",0.087314828578694,0.812422052075607,NA,0.441880785638491,"localGP"
"17287",70,10,3,9,36.2621127065425,63.4190187757228,"Rough","Avg. Reward Condition",20,"6",1,1,103,558,"Short",0.087314828578694,0.812422052075607,NA,0.441880785638491,"localGP"
"17288",70,11,2,9,72.3557087257552,72.3557087257552,"Rough","Avg. Reward Condition",20,"6",1,1,102,558,"Short",0.087314828578694,0.812422052075607,NA,0.441880785638491,"localGP"
"17289",70,12,1,9,100,100,"Rough","Avg. Reward Condition",20,"6",1,2,101,558,"Short",0.087314828578694,0.812422052075607,NA,0.441880785638491,"localGP"
"17290",70,13,1,10,77.0882484878786,100,"Rough","Avg. Reward Condition",20,"6",1,1,112,558,"Short",0.087314828578694,0.812422052075607,NA,0.441880785638491,"localGP"
"17291",70,14,8,10,52.0181459798519,100,"Rough","Avg. Reward Condition",20,"6",1,2,119,558,"Short",0.087314828578694,0.812422052075607,NA,0.441880785638491,"localGP"
"17292",70,15,10,9,47.3705703671906,100,"Rough","Avg. Reward Condition",20,"6",1,1,110,558,"Short",0.087314828578694,0.812422052075607,NA,0.441880785638491,"localGP"
"17293",70,16,10,10,43.1852507215821,100,"Rough","Avg. Reward Condition",20,"6",1,2,121,558,"Short",0.087314828578694,0.812422052075607,NA,0.441880785638491,"localGP"
"17294",70,17,0,10,65.0870540007068,100,"Rough","Avg. Reward Condition",20,"6",1,1,111,558,"Short",0.087314828578694,0.812422052075607,NA,0.441880785638491,"localGP"
"17295",70,18,1,9,100,100,"Rough","Avg. Reward Condition",20,"6",1,1,101,558,"Short",0.087314828578694,0.812422052075607,NA,0.441880785638491,"localGP"
"17296",70,19,2,5,32.535407260204,100,"Rough","Avg. Reward Condition",20,"6",1,1,58,558,"Short",0.087314828578694,0.812422052075607,NA,0.441880785638491,"localGP"
"17297",70,20,2,6,33.299457976919,100,"Rough","Avg. Reward Condition",20,"6",1,1,69,558,"Short",0.087314828578694,0.812422052075607,NA,0.441880785638491,"localGP"
"17298",70,21,2,3,35.8335033964718,100,"Rough","Avg. Reward Condition",20,"6",1,4,36,558,"Short",0.087314828578694,0.812422052075607,NA,0.441880785638491,"localGP"
"17299",70,1,2,0,19.407077744957,19.407077744957,"Rough","Avg. Reward Condition",40,"7",11,NA,3,559,"Long",0.0925515875841877,0.765249962136321,NA,0.524874295782068,"localGP"
"17300",70,2,5,3,37.4787684417098,37.4787684417098,"Rough","Avg. Reward Condition",40,"7",11,7,39,559,"Long",0.0925515875841877,0.765249962136321,NA,0.524874295782068,"localGP"
"17301",70,3,5,3,37.4787684417098,37.4787684417098,"Rough","Avg. Reward Condition",40,"7",11,5,39,559,"Long",0.0925515875841877,0.765249962136321,NA,0.524874295782068,"localGP"
"17302",70,4,5,2,64.0266563277365,64.0266563277365,"Rough","Avg. Reward Condition",40,"7",11,7,28,559,"Long",0.0925515875841877,0.765249962136321,NA,0.524874295782068,"localGP"
"17303",70,5,6,7,34.4381373712981,64.0266563277365,"Rough","Avg. Reward Condition",40,"7",11,7,84,559,"Long",0.0925515875841877,0.765249962136321,NA,0.524874295782068,"localGP"
"17304",70,6,1,4,21.9699335445303,64.0266563277365,"Rough","Avg. Reward Condition",40,"7",11,13,46,559,"Long",0.0925515875841877,0.765249962136321,NA,0.524874295782068,"localGP"
"17305",70,7,0,4,39.3974743760866,64.0266563277365,"Rough","Avg. Reward Condition",40,"7",11,3,45,559,"Long",0.0925515875841877,0.765249962136321,NA,0.524874295782068,"localGP"
"17306",70,8,0,3,52.5672318356315,64.0266563277365,"Rough","Avg. Reward Condition",40,"7",11,1,34,559,"Long",0.0925515875841877,0.765249962136321,NA,0.524874295782068,"localGP"
"17307",70,9,0,5,32.447397425839,64.0266563277365,"Rough","Avg. Reward Condition",40,"7",11,2,56,559,"Long",0.0925515875841877,0.765249962136321,NA,0.524874295782068,"localGP"
"17308",70,10,4,3,13.976974015902,64.0266563277365,"Rough","Avg. Reward Condition",40,"7",11,2,38,559,"Long",0.0925515875841877,0.765249962136321,NA,0.524874295782068,"localGP"
"17309",70,11,8,3,49.8615329660386,64.0266563277365,"Rough","Avg. Reward Condition",40,"7",11,1,42,559,"Long",0.0925515875841877,0.765249962136321,NA,0.524874295782068,"localGP"
"17310",70,12,7,1,43.7686366704455,64.0266563277365,"Rough","Avg. Reward Condition",40,"7",11,7,19,559,"Long",0.0925515875841877,0.765249962136321,NA,0.524874295782068,"localGP"
"17311",70,13,6,1,16.1803589451831,64.0266563277365,"Rough","Avg. Reward Condition",40,"7",11,4,18,559,"Long",0.0925515875841877,0.765249962136321,NA,0.524874295782068,"localGP"
"17312",70,14,0,0,47.9642355475916,64.0266563277365,"Rough","Avg. Reward Condition",40,"7",11,6,1,559,"Long",0.0925515875841877,0.765249962136321,NA,0.524874295782068,"localGP"
"17313",70,15,10,2,3.70972504488681,64.0266563277365,"Rough","Avg. Reward Condition",40,"7",11,10,33,559,"Long",0.0925515875841877,0.765249962136321,NA,0.524874295782068,"localGP"
"17314",70,16,9,2,22.5222349190201,64.0266563277365,"Rough","Avg. Reward Condition",40,"7",11,2,32,559,"Long",0.0925515875841877,0.765249962136321,NA,0.524874295782068,"localGP"
"17315",70,17,8,2,27.9169058810438,64.0266563277365,"Rough","Avg. Reward Condition",40,"7",11,1,31,559,"Long",0.0925515875841877,0.765249962136321,NA,0.524874295782068,"localGP"
"17316",70,18,3,1,47.2843944908468,64.0266563277365,"Rough","Avg. Reward Condition",40,"7",11,1,15,559,"Long",0.0925515875841877,0.765249962136321,NA,0.524874295782068,"localGP"
"17317",70,19,4,1,66.1495990392583,66.1495990392583,"Rough","Avg. Reward Condition",40,"7",11,2,16,559,"Long",0.0925515875841877,0.765249962136321,NA,0.524874295782068,"localGP"
"17318",70,20,4,0,44.8118345976793,66.1495990392583,"Rough","Avg. Reward Condition",40,"7",11,7,5,559,"Long",0.0925515875841877,0.765249962136321,NA,0.524874295782068,"localGP"
"17319",70,21,2,3,41.0550340200253,66.1495990392583,"Rough","Avg. Reward Condition",40,"7",11,5,36,559,"Long",0.0925515875841877,0.765249962136321,NA,0.524874295782068,"localGP"
"17320",70,22,2,2,56.4101435079015,66.1495990392583,"Rough","Avg. Reward Condition",40,"7",11,2,25,559,"Long",0.0925515875841877,0.765249962136321,NA,0.524874295782068,"localGP"
"17321",70,23,3,2,46.913663419152,66.1495990392583,"Rough","Avg. Reward Condition",40,"7",11,3,26,559,"Long",0.0925515875841877,0.765249962136321,NA,0.524874295782068,"localGP"
"17322",70,24,0,1,42.1655197788006,66.1495990392583,"Rough","Avg. Reward Condition",40,"7",11,3,12,559,"Long",0.0925515875841877,0.765249962136321,NA,0.524874295782068,"localGP"
"17323",70,25,10,0,23.8973959656056,66.1495990392583,"Rough","Avg. Reward Condition",40,"7",11,2,11,559,"Long",0.0925515875841877,0.765249962136321,NA,0.524874295782068,"localGP"
"17324",70,26,9,0,14.1036247824297,66.1495990392583,"Rough","Avg. Reward Condition",40,"7",11,1,10,559,"Long",0.0925515875841877,0.765249962136321,NA,0.524874295782068,"localGP"
"17325",70,27,8,0,36.3714446151272,66.1495990392583,"Rough","Avg. Reward Condition",40,"7",11,1,9,559,"Long",0.0925515875841877,0.765249962136321,NA,0.524874295782068,"localGP"
"17326",70,28,7,0,40.544681620344,66.1495990392583,"Rough","Avg. Reward Condition",40,"7",11,1,8,559,"Long",0.0925515875841877,0.765249962136321,NA,0.524874295782068,"localGP"
"17327",70,29,7,0,40.544681620344,66.1495990392583,"Rough","Avg. Reward Condition",40,"7",11,3,8,559,"Long",0.0925515875841877,0.765249962136321,NA,0.524874295782068,"localGP"
"17328",70,30,0,4,39.3974743760866,66.1495990392583,"Rough","Avg. Reward Condition",40,"7",11,1,45,559,"Long",0.0925515875841877,0.765249962136321,NA,0.524874295782068,"localGP"
"17329",70,31,1,2,66.3313254646448,66.3313254646448,"Rough","Avg. Reward Condition",40,"7",11,2,24,559,"Long",0.0925515875841877,0.765249962136321,NA,0.524874295782068,"localGP"
"17330",70,32,3,4,17.5015117391126,66.3313254646448,"Rough","Avg. Reward Condition",40,"7",11,12,48,559,"Long",0.0925515875841877,0.765249962136321,NA,0.524874295782068,"localGP"
"17331",70,33,2,6,16.8739975298769,66.3313254646448,"Rough","Avg. Reward Condition",40,"7",11,2,69,559,"Long",0.0925515875841877,0.765249962136321,NA,0.524874295782068,"localGP"
"17332",70,34,10,9,24.963535638827,66.3313254646448,"Rough","Avg. Reward Condition",40,"7",11,2,110,559,"Long",0.0925515875841877,0.765249962136321,NA,0.524874295782068,"localGP"
"17333",70,35,2,5,2.60066814407864,66.3313254646448,"Rough","Avg. Reward Condition",40,"7",11,3,58,559,"Long",0.0925515875841877,0.765249962136321,NA,0.524874295782068,"localGP"
"17334",70,36,0,5,32.447397425839,66.3313254646448,"Rough","Avg. Reward Condition",40,"7",11,5,56,559,"Long",0.0925515875841877,0.765249962136321,NA,0.524874295782068,"localGP"
"17335",70,37,3,7,59.6140621219219,66.3313254646448,"Rough","Avg. Reward Condition",40,"7",11,1,81,559,"Long",0.0925515875841877,0.765249962136321,NA,0.524874295782068,"localGP"
"17336",70,38,3,8,64.4887240517494,66.3313254646448,"Rough","Avg. Reward Condition",40,"7",11,9,92,559,"Long",0.0925515875841877,0.765249962136321,NA,0.524874295782068,"localGP"
"17337",70,39,2,8,51.021079018963,66.3313254646448,"Rough","Avg. Reward Condition",40,"7",11,1,91,559,"Long",0.0925515875841877,0.765249962136321,NA,0.524874295782068,"localGP"
"17338",70,40,1,8,56.1053689232527,66.3313254646448,"Rough","Avg. Reward Condition",40,"7",11,3,90,559,"Long",0.0925515875841877,0.765249962136321,NA,0.524874295782068,"localGP"
"17339",70,41,1,9,30.7743395295189,66.3313254646448,"Rough","Avg. Reward Condition",40,"7",11,6,101,559,"Long",0.0925515875841877,0.765249962136321,NA,0.524874295782068,"localGP"
"17340",70,1,2,1,65.1261244784447,65.1261244784447,"Rough","Avg. Reward Condition",20,"8",5,NA,14,560,"Short",0.0705102175101199,0.80240283985512,NA,0.369405641132006,"localGP"
"17341",70,2,3,1,36.8335295517252,65.1261244784447,"Rough","Avg. Reward Condition",20,"8",5,7,15,560,"Short",0.0705102175101199,0.80240283985512,NA,0.369405641132006,"localGP"
"17342",70,3,7,0,68.4752649344305,68.4752649344305,"Rough","Avg. Reward Condition",20,"8",5,6,8,560,"Short",0.0705102175101199,0.80240283985512,NA,0.369405641132006,"localGP"
"17343",70,4,7,1,81.9911885215714,81.9911885215714,"Rough","Avg. Reward Condition",20,"8",5,7,19,560,"Short",0.0705102175101199,0.80240283985512,NA,0.369405641132006,"localGP"
"17344",70,5,6,1,87.877786509451,87.877786509451,"Rough","Avg. Reward Condition",20,"8",5,8,18,560,"Short",0.0705102175101199,0.80240283985512,NA,0.369405641132006,"localGP"
"17345",70,6,6,2,51.6560216281502,87.877786509451,"Rough","Avg. Reward Condition",20,"8",5,1,29,560,"Short",0.0705102175101199,0.80240283985512,NA,0.369405641132006,"localGP"
"17346",70,7,5,2,42.3575427746737,87.877786509451,"Rough","Avg. Reward Condition",20,"8",5,2,28,560,"Short",0.0705102175101199,0.80240283985512,NA,0.369405641132006,"localGP"
"17347",70,8,5,3,47.725265337293,87.877786509451,"Rough","Avg. Reward Condition",20,"8",5,1,39,560,"Short",0.0705102175101199,0.80240283985512,NA,0.369405641132006,"localGP"
"17348",70,9,1,6,35.5836136671524,87.877786509451,"Rough","Avg. Reward Condition",20,"8",5,1,68,560,"Short",0.0705102175101199,0.80240283985512,NA,0.369405641132006,"localGP"
"17349",70,10,3,3,30.1477778754891,87.877786509451,"Rough","Avg. Reward Condition",20,"8",5,1,37,560,"Short",0.0705102175101199,0.80240283985512,NA,0.369405641132006,"localGP"
"17350",70,11,4,7,25.8399951345323,87.877786509451,"Rough","Avg. Reward Condition",20,"8",5,2,82,560,"Short",0.0705102175101199,0.80240283985512,NA,0.369405641132006,"localGP"
"17351",70,12,1,7,45.1757644968322,87.877786509451,"Rough","Avg. Reward Condition",20,"8",5,2,79,560,"Short",0.0705102175101199,0.80240283985512,NA,0.369405641132006,"localGP"
"17352",70,13,1,8,46.9498069203708,87.877786509451,"Rough","Avg. Reward Condition",20,"8",5,1,90,560,"Short",0.0705102175101199,0.80240283985512,NA,0.369405641132006,"localGP"
"17353",70,14,2,9,6.68128638580311,87.877786509451,"Rough","Avg. Reward Condition",20,"8",5,2,102,560,"Short",0.0705102175101199,0.80240283985512,NA,0.369405641132006,"localGP"
"17354",70,15,8,4,50.6311411543037,87.877786509451,"Rough","Avg. Reward Condition",20,"8",5,1,53,560,"Short",0.0705102175101199,0.80240283985512,NA,0.369405641132006,"localGP"
"17355",70,16,7,6,95.8234728185907,95.8234728185907,"Rough","Avg. Reward Condition",20,"8",5,6,74,560,"Short",0.0705102175101199,0.80240283985512,NA,0.369405641132006,"localGP"
"17356",70,17,8,6,91.4722545331952,95.8234728185907,"Rough","Avg. Reward Condition",20,"8",5,1,75,560,"Short",0.0705102175101199,0.80240283985512,NA,0.369405641132006,"localGP"
"17357",70,18,8,7,100,100,"Rough","Avg. Reward Condition",20,"8",5,1,86,560,"Short",0.0705102175101199,0.80240283985512,NA,0.369405641132006,"localGP"
"17358",70,19,9,7,82.2639339178051,100,"Rough","Avg. Reward Condition",20,"8",5,1,87,560,"Short",0.0705102175101199,0.80240283985512,NA,0.369405641132006,"localGP"
"17359",70,20,8,7,100,100,"Rough","Avg. Reward Condition",20,"8",5,2,86,560,"Short",0.0705102175101199,0.80240283985512,NA,0.369405641132006,"localGP"
"17360",70,21,7,7,68.4962011684434,100,"Rough","Avg. Reward Condition",20,"8",5,3,85,560,"Short",0.0705102175101199,0.80240283985512,NA,0.369405641132006,"localGP"
"17361",71,1,5,3,80.7551191777029,80.7551191777029,"Smooth","Avg. Reward Condition",20,"1",4,NA,39,561,"Short",0.0960079291068181,0.738486385009923,NA,0.518914977028356,"localGP"
"17362",71,2,6,3,49.7582235748205,80.7551191777029,"Smooth","Avg. Reward Condition",20,"1",4,1,40,561,"Short",0.0960079291068181,0.738486385009923,NA,0.518914977028356,"localGP"
"17363",71,3,6,1,31.833699427692,80.7551191777029,"Smooth","Avg. Reward Condition",20,"1",4,1,18,561,"Short",0.0960079291068181,0.738486385009923,NA,0.518914977028356,"localGP"
"17364",71,4,10,6,0,80.7551191777029,"Smooth","Avg. Reward Condition",20,"1",4,1,77,561,"Short",0.0960079291068181,0.738486385009923,NA,0.518914977028356,"localGP"
"17365",71,5,4,6,62.1617444201005,80.7551191777029,"Smooth","Avg. Reward Condition",20,"1",4,2,71,561,"Short",0.0960079291068181,0.738486385009923,NA,0.518914977028356,"localGP"
"17366",71,6,4,5,36.1447579478145,80.7551191777029,"Smooth","Avg. Reward Condition",20,"1",4,1,60,561,"Short",0.0960079291068181,0.738486385009923,NA,0.518914977028356,"localGP"
"17367",71,7,2,2,35.4180456791571,80.7551191777029,"Smooth","Avg. Reward Condition",20,"1",4,1,25,561,"Short",0.0960079291068181,0.738486385009923,NA,0.518914977028356,"localGP"
"17368",71,8,4,1,36.6948932499117,80.7551191777029,"Smooth","Avg. Reward Condition",20,"1",4,1,16,561,"Short",0.0960079291068181,0.738486385009923,NA,0.518914977028356,"localGP"
"17369",71,9,4,2,100,100,"Smooth","Avg. Reward Condition",20,"1",4,1,27,561,"Short",0.0960079291068181,0.738486385009923,NA,0.518914977028356,"localGP"
"17370",71,10,4,3,94.794324286051,100,"Smooth","Avg. Reward Condition",20,"1",4,1,38,561,"Short",0.0960079291068181,0.738486385009923,NA,0.518914977028356,"localGP"
"17371",71,11,5,2,88.4170710697694,100,"Smooth","Avg. Reward Condition",20,"1",4,1,28,561,"Short",0.0960079291068181,0.738486385009923,NA,0.518914977028356,"localGP"
"17372",71,12,4,2,100,100,"Smooth","Avg. Reward Condition",20,"1",4,1,27,561,"Short",0.0960079291068181,0.738486385009923,NA,0.518914977028356,"localGP"
"17373",71,13,3,2,48.6711536627271,100,"Smooth","Avg. Reward Condition",20,"1",4,1,26,561,"Short",0.0960079291068181,0.738486385009923,NA,0.518914977028356,"localGP"
"17374",71,14,3,3,61.9515693449088,100,"Smooth","Avg. Reward Condition",20,"1",4,1,37,561,"Short",0.0960079291068181,0.738486385009923,NA,0.518914977028356,"localGP"
"17375",71,15,2,4,48.1844951677525,100,"Smooth","Avg. Reward Condition",20,"1",4,1,47,561,"Short",0.0960079291068181,0.738486385009923,NA,0.518914977028356,"localGP"
"17376",71,16,3,4,52.4074938084039,100,"Smooth","Avg. Reward Condition",20,"1",4,1,48,561,"Short",0.0960079291068181,0.738486385009923,NA,0.518914977028356,"localGP"
"17377",71,17,4,4,49.5091600763757,100,"Smooth","Avg. Reward Condition",20,"1",4,2,49,561,"Short",0.0960079291068181,0.738486385009923,NA,0.518914977028356,"localGP"
"17378",71,18,5,4,35.2754667062624,100,"Smooth","Avg. Reward Condition",20,"1",4,1,50,561,"Short",0.0960079291068181,0.738486385009923,NA,0.518914977028356,"localGP"
"17379",71,19,7,7,31.8600199928014,100,"Smooth","Avg. Reward Condition",20,"1",4,1,85,561,"Short",0.0960079291068181,0.738486385009923,NA,0.518914977028356,"localGP"
"17380",71,20,7,8,22.9940684366215,100,"Smooth","Avg. Reward Condition",20,"1",4,1,96,561,"Short",0.0960079291068181,0.738486385009923,NA,0.518914977028356,"localGP"
"17381",71,21,7,1,40.8192453000824,100,"Smooth","Avg. Reward Condition",20,"1",4,1,19,561,"Short",0.0960079291068181,0.738486385009923,NA,0.518914977028356,"localGP"
"17382",71,1,3,2,92.3609329000905,92.3609329000905,"Smooth","Avg. Reward Condition",40,"2",12,NA,26,562,"Long",0.0782343624149593,0.693867663490989,NA,0.531863024650306,"localGP"
"17383",71,2,2,2,75.2998584228021,92.3609329000905,"Smooth","Avg. Reward Condition",40,"2",12,1,25,562,"Long",0.0782343624149593,0.693867663490989,NA,0.531863024650306,"localGP"
"17384",71,3,2,3,54.2459554545329,92.3609329000905,"Smooth","Avg. Reward Condition",40,"2",12,1,36,562,"Long",0.0782343624149593,0.693867663490989,NA,0.531863024650306,"localGP"
"17385",71,4,3,3,78.6603428808522,92.3609329000905,"Smooth","Avg. Reward Condition",40,"2",12,1,37,562,"Long",0.0782343624149593,0.693867663490989,NA,0.531863024650306,"localGP"
"17386",71,5,4,3,65.5943555027251,92.3609329000905,"Smooth","Avg. Reward Condition",40,"2",12,1,38,562,"Long",0.0782343624149593,0.693867663490989,NA,0.531863024650306,"localGP"
"17387",71,6,4,2,81.6647174161388,92.3609329000905,"Smooth","Avg. Reward Condition",40,"2",12,2,27,562,"Long",0.0782343624149593,0.693867663490989,NA,0.531863024650306,"localGP"
"17388",71,7,5,2,65.4096686254795,92.3609329000905,"Smooth","Avg. Reward Condition",40,"2",12,1,28,562,"Long",0.0782343624149593,0.693867663490989,NA,0.531863024650306,"localGP"
"17389",71,8,6,2,67.1671387107325,92.3609329000905,"Smooth","Avg. Reward Condition",40,"2",12,1,29,562,"Long",0.0782343624149593,0.693867663490989,NA,0.531863024650306,"localGP"
"17390",71,9,6,3,32.6895102887669,92.3609329000905,"Smooth","Avg. Reward Condition",40,"2",12,1,40,562,"Long",0.0782343624149593,0.693867663490989,NA,0.531863024650306,"localGP"
"17391",71,10,7,3,39.8382948822968,92.3609329000905,"Smooth","Avg. Reward Condition",40,"2",12,3,41,562,"Long",0.0782343624149593,0.693867663490989,NA,0.531863024650306,"localGP"
"17392",71,11,9,8,85.7573935505375,92.3609329000905,"Smooth","Avg. Reward Condition",40,"2",12,1,98,562,"Long",0.0782343624149593,0.693867663490989,NA,0.531863024650306,"localGP"
"17393",71,12,8,9,62.8606043078969,92.3609329000905,"Smooth","Avg. Reward Condition",40,"2",12,1,108,562,"Long",0.0782343624149593,0.693867663490989,NA,0.531863024650306,"localGP"
"17394",71,13,9,9,79.9813230498627,92.3609329000905,"Smooth","Avg. Reward Condition",40,"2",12,1,109,562,"Long",0.0782343624149593,0.693867663490989,NA,0.531863024650306,"localGP"
"17395",71,14,9,10,67.4802551534836,92.3609329000905,"Smooth","Avg. Reward Condition",40,"2",12,11,120,562,"Long",0.0782343624149593,0.693867663490989,NA,0.531863024650306,"localGP"
"17396",71,15,10,10,82.1633669638576,92.3609329000905,"Smooth","Avg. Reward Condition",40,"2",12,4,121,562,"Long",0.0782343624149593,0.693867663490989,NA,0.531863024650306,"localGP"
"17397",71,16,10,9,82.6126094041151,92.3609329000905,"Smooth","Avg. Reward Condition",40,"2",12,8,110,562,"Long",0.0782343624149593,0.693867663490989,NA,0.531863024650306,"localGP"
"17398",71,17,10,8,81.5439013979377,92.3609329000905,"Smooth","Avg. Reward Condition",40,"2",12,5,99,562,"Long",0.0782343624149593,0.693867663490989,NA,0.531863024650306,"localGP"
"17399",71,18,8,8,74.2665096632298,92.3609329000905,"Smooth","Avg. Reward Condition",40,"2",12,5,97,562,"Long",0.0782343624149593,0.693867663490989,NA,0.531863024650306,"localGP"
"17400",71,19,5,9,58.4786729876124,92.3609329000905,"Smooth","Avg. Reward Condition",40,"2",12,3,105,562,"Long",0.0782343624149593,0.693867663490989,NA,0.531863024650306,"localGP"
"17401",71,20,6,9,44.7235531380428,92.3609329000905,"Smooth","Avg. Reward Condition",40,"2",12,8,106,562,"Long",0.0782343624149593,0.693867663490989,NA,0.531863024650306,"localGP"
"17402",71,21,4,4,47.4352685864359,92.3609329000905,"Smooth","Avg. Reward Condition",40,"2",12,8,49,562,"Long",0.0782343624149593,0.693867663490989,NA,0.531863024650306,"localGP"
"17403",71,22,5,7,95.4475396391107,95.4475396391107,"Smooth","Avg. Reward Condition",40,"2",12,2,83,562,"Long",0.0782343624149593,0.693867663490989,NA,0.531863024650306,"localGP"
"17404",71,23,5,8,82.0331276528132,95.4475396391107,"Smooth","Avg. Reward Condition",40,"2",12,1,94,562,"Long",0.0782343624149593,0.693867663490989,NA,0.531863024650306,"localGP"
"17405",71,24,4,8,46.4068555234457,95.4475396391107,"Smooth","Avg. Reward Condition",40,"2",12,1,93,562,"Long",0.0782343624149593,0.693867663490989,NA,0.531863024650306,"localGP"
"17406",71,25,4,7,71.8109228804708,95.4475396391107,"Smooth","Avg. Reward Condition",40,"2",12,1,82,562,"Long",0.0782343624149593,0.693867663490989,NA,0.531863024650306,"localGP"
"17407",71,26,3,7,42.7325962499658,95.4475396391107,"Smooth","Avg. Reward Condition",40,"2",12,3,81,562,"Long",0.0782343624149593,0.693867663490989,NA,0.531863024650306,"localGP"
"17408",71,27,3,6,20.8670491008818,95.4475396391107,"Smooth","Avg. Reward Condition",40,"2",12,1,70,562,"Long",0.0782343624149593,0.693867663490989,NA,0.531863024650306,"localGP"
"17409",71,28,2,9,40.8922396927792,95.4475396391107,"Smooth","Avg. Reward Condition",40,"2",12,3,102,562,"Long",0.0782343624149593,0.693867663490989,NA,0.531863024650306,"localGP"
"17410",71,29,2,10,36.0278850758994,95.4475396391107,"Smooth","Avg. Reward Condition",40,"2",12,1,113,562,"Long",0.0782343624149593,0.693867663490989,NA,0.531863024650306,"localGP"
"17411",71,30,1,10,44.7478719806417,95.4475396391107,"Smooth","Avg. Reward Condition",40,"2",12,7,112,562,"Long",0.0782343624149593,0.693867663490989,NA,0.531863024650306,"localGP"
"17412",71,31,1,9,48.3624472959168,95.4475396391107,"Smooth","Avg. Reward Condition",40,"2",12,3,101,562,"Long",0.0782343624149593,0.693867663490989,NA,0.531863024650306,"localGP"
"17413",71,32,0,9,63.3478366048468,95.4475396391107,"Smooth","Avg. Reward Condition",40,"2",12,2,100,562,"Long",0.0782343624149593,0.693867663490989,NA,0.531863024650306,"localGP"
"17414",71,33,0,10,57.0348841839944,95.4475396391107,"Smooth","Avg. Reward Condition",40,"2",12,12,111,562,"Long",0.0782343624149593,0.693867663490989,NA,0.531863024650306,"localGP"
"17415",71,34,2,8,43.3826449218407,95.4475396391107,"Smooth","Avg. Reward Condition",40,"2",12,6,91,562,"Long",0.0782343624149593,0.693867663490989,NA,0.531863024650306,"localGP"
"17416",71,35,7,9,33.6333693402213,95.4475396391107,"Smooth","Avg. Reward Condition",40,"2",12,1,107,562,"Long",0.0782343624149593,0.693867663490989,NA,0.531863024650306,"localGP"
"17417",71,36,4,9,46.7098213602663,95.4475396391107,"Smooth","Avg. Reward Condition",40,"2",12,1,104,562,"Long",0.0782343624149593,0.693867663490989,NA,0.531863024650306,"localGP"
"17418",71,37,4,10,37.8645060831113,95.4475396391107,"Smooth","Avg. Reward Condition",40,"2",12,1,115,562,"Long",0.0782343624149593,0.693867663490989,NA,0.531863024650306,"localGP"
"17419",71,38,3,10,38.2936585715873,95.4475396391107,"Smooth","Avg. Reward Condition",40,"2",12,1,114,562,"Long",0.0782343624149593,0.693867663490989,NA,0.531863024650306,"localGP"
"17420",71,39,2,4,17.0886518121554,95.4475396391107,"Smooth","Avg. Reward Condition",40,"2",12,1,47,562,"Long",0.0782343624149593,0.693867663490989,NA,0.531863024650306,"localGP"
"17421",71,40,2,5,10.9073307370141,95.4475396391107,"Smooth","Avg. Reward Condition",40,"2",12,5,58,562,"Long",0.0782343624149593,0.693867663490989,NA,0.531863024650306,"localGP"
"17422",71,41,3,5,12.152517891431,95.4475396391107,"Smooth","Avg. Reward Condition",40,"2",12,1,59,562,"Long",0.0782343624149593,0.693867663490989,NA,0.531863024650306,"localGP"
"17423",71,1,10,7,33.2572660772245,33.2572660772245,"Smooth","Avg. Reward Condition",20,"3",15,NA,88,563,"Short",0.0739501855836671,0.742390989404216,NA,0.476964340022234,"localGP"
"17424",71,2,9,6,23.898636191768,33.2572660772245,"Smooth","Avg. Reward Condition",20,"3",15,6,76,563,"Short",0.0739501855836671,0.742390989404216,NA,0.476964340022234,"localGP"
"17425",71,3,6,5,7.28580345199959,33.2572660772245,"Smooth","Avg. Reward Condition",20,"3",15,1,62,563,"Short",0.0739501855836671,0.742390989404216,NA,0.476964340022234,"localGP"
"17426",71,4,6,3,78.683438969698,78.683438969698,"Smooth","Avg. Reward Condition",20,"3",15,5,40,563,"Short",0.0739501855836671,0.742390989404216,NA,0.476964340022234,"localGP"
"17427",71,5,7,3,80.8182816244535,80.8182816244535,"Smooth","Avg. Reward Condition",20,"3",15,6,41,563,"Short",0.0739501855836671,0.742390989404216,NA,0.476964340022234,"localGP"
"17428",71,6,7,2,69.9700174342543,80.8182816244535,"Smooth","Avg. Reward Condition",20,"3",15,9,30,563,"Short",0.0739501855836671,0.742390989404216,NA,0.476964340022234,"localGP"
"17429",71,7,8,2,70.4382048809147,80.8182816244535,"Smooth","Avg. Reward Condition",20,"3",15,5,31,563,"Short",0.0739501855836671,0.742390989404216,NA,0.476964340022234,"localGP"
"17430",71,8,3,0,54.228682490005,80.8182816244535,"Smooth","Avg. Reward Condition",20,"3",15,4,4,563,"Short",0.0739501855836671,0.742390989404216,NA,0.476964340022234,"localGP"
"17431",71,9,1,3,78.9236623533558,80.8182816244535,"Smooth","Avg. Reward Condition",20,"3",15,4,35,563,"Short",0.0739501855836671,0.742390989404216,NA,0.476964340022234,"localGP"
"17432",71,10,1,2,100,100,"Smooth","Avg. Reward Condition",20,"3",15,2,24,563,"Short",0.0739501855836671,0.742390989404216,NA,0.476964340022234,"localGP"
"17433",71,11,0,2,95.1832335243152,100,"Smooth","Avg. Reward Condition",20,"3",15,2,23,563,"Short",0.0739501855836671,0.742390989404216,NA,0.476964340022234,"localGP"
"17434",71,12,1,2,100,100,"Smooth","Avg. Reward Condition",20,"3",15,3,24,563,"Short",0.0739501855836671,0.742390989404216,NA,0.476964340022234,"localGP"
"17435",71,13,1,2,100,100,"Smooth","Avg. Reward Condition",20,"3",15,1,24,563,"Short",0.0739501855836671,0.742390989404216,NA,0.476964340022234,"localGP"
"17436",71,14,2,2,71.3818966101037,100,"Smooth","Avg. Reward Condition",20,"3",15,1,25,563,"Short",0.0739501855836671,0.742390989404216,NA,0.476964340022234,"localGP"
"17437",71,15,1,2,100,100,"Smooth","Avg. Reward Condition",20,"3",15,1,24,563,"Short",0.0739501855836671,0.742390989404216,NA,0.476964340022234,"localGP"
"17438",71,16,1,1,90.7781848524799,100,"Smooth","Avg. Reward Condition",20,"3",15,2,13,563,"Short",0.0739501855836671,0.742390989404216,NA,0.476964340022234,"localGP"
"17439",71,17,0,1,88.0859970924016,100,"Smooth","Avg. Reward Condition",20,"3",15,1,12,563,"Short",0.0739501855836671,0.742390989404216,NA,0.476964340022234,"localGP"
"17440",71,18,1,1,90.7781848524799,100,"Smooth","Avg. Reward Condition",20,"3",15,4,13,563,"Short",0.0739501855836671,0.742390989404216,NA,0.476964340022234,"localGP"
"17441",71,19,1,0,75.5614168340443,100,"Smooth","Avg. Reward Condition",20,"3",15,1,2,563,"Short",0.0739501855836671,0.742390989404216,NA,0.476964340022234,"localGP"
"17442",71,20,0,0,83.5335880810113,100,"Smooth","Avg. Reward Condition",20,"3",15,1,1,563,"Short",0.0739501855836671,0.742390989404216,NA,0.476964340022234,"localGP"
"17443",71,21,6,9,52.3137546378813,100,"Smooth","Avg. Reward Condition",20,"3",15,4,106,563,"Short",0.0739501855836671,0.742390989404216,NA,0.476964340022234,"localGP"
"17444",71,1,4,5,81.9160830308222,81.9160830308222,"Smooth","Avg. Reward Condition",40,"4",8,NA,60,564,"Long",0.0883140293382674,0.746790762068344,NA,0.533684618366962,"localGP"
"17445",71,2,4,4,51.2326654593487,81.9160830308222,"Smooth","Avg. Reward Condition",40,"4",8,1,49,564,"Long",0.0883140293382674,0.746790762068344,NA,0.533684618366962,"localGP"
"17446",71,3,3,4,81.3649995175119,81.9160830308222,"Smooth","Avg. Reward Condition",40,"4",8,1,48,564,"Long",0.0883140293382674,0.746790762068344,NA,0.533684618366962,"localGP"
"17447",71,4,2,4,66.8505188208105,81.9160830308222,"Smooth","Avg. Reward Condition",40,"4",8,1,47,564,"Long",0.0883140293382674,0.746790762068344,NA,0.533684618366962,"localGP"
"17448",71,5,2,5,73.2302297303204,81.9160830308222,"Smooth","Avg. Reward Condition",40,"4",8,1,58,564,"Long",0.0883140293382674,0.746790762068344,NA,0.533684618366962,"localGP"
"17449",71,6,5,5,30.4344249743654,81.9160830308222,"Smooth","Avg. Reward Condition",40,"4",8,1,61,564,"Long",0.0883140293382674,0.746790762068344,NA,0.533684618366962,"localGP"
"17450",71,7,5,4,28.6284679767486,81.9160830308222,"Smooth","Avg. Reward Condition",40,"4",8,1,50,564,"Long",0.0883140293382674,0.746790762068344,NA,0.533684618366962,"localGP"
"17451",71,8,7,5,62.0812481900124,81.9160830308222,"Smooth","Avg. Reward Condition",40,"4",8,1,63,564,"Long",0.0883140293382674,0.746790762068344,NA,0.533684618366962,"localGP"
"17452",71,9,3,5,100,100,"Smooth","Avg. Reward Condition",40,"4",8,1,59,564,"Long",0.0883140293382674,0.746790762068344,NA,0.533684618366962,"localGP"
"17453",71,10,3,6,92.3422522413602,100,"Smooth","Avg. Reward Condition",40,"4",8,1,70,564,"Long",0.0883140293382674,0.746790762068344,NA,0.533684618366962,"localGP"
"17454",71,11,4,6,92.5612285235121,100,"Smooth","Avg. Reward Condition",40,"4",8,1,71,564,"Long",0.0883140293382674,0.746790762068344,NA,0.533684618366962,"localGP"
"17455",71,12,4,7,87.7929185379322,100,"Smooth","Avg. Reward Condition",40,"4",8,1,82,564,"Long",0.0883140293382674,0.746790762068344,NA,0.533684618366962,"localGP"
"17456",71,13,3,7,79.3800074226317,100,"Smooth","Avg. Reward Condition",40,"4",8,1,81,564,"Long",0.0883140293382674,0.746790762068344,NA,0.533684618366962,"localGP"
"17457",71,14,2,7,48.3499832145675,100,"Smooth","Avg. Reward Condition",40,"4",8,1,80,564,"Long",0.0883140293382674,0.746790762068344,NA,0.533684618366962,"localGP"
"17458",71,15,2,6,63.82023009432,100,"Smooth","Avg. Reward Condition",40,"4",8,1,69,564,"Long",0.0883140293382674,0.746790762068344,NA,0.533684618366962,"localGP"
"17459",71,16,1,6,47.1009153774724,100,"Smooth","Avg. Reward Condition",40,"4",8,1,68,564,"Long",0.0883140293382674,0.746790762068344,NA,0.533684618366962,"localGP"
"17460",71,17,7,2,26.7980711857913,100,"Smooth","Avg. Reward Condition",40,"4",8,1,30,564,"Long",0.0883140293382674,0.746790762068344,NA,0.533684618366962,"localGP"
"17461",71,18,7,8,32.7481973120659,100,"Smooth","Avg. Reward Condition",40,"4",8,1,96,564,"Long",0.0883140293382674,0.746790762068344,NA,0.533684618366962,"localGP"
"17462",71,19,5,10,46.4586554902202,100,"Smooth","Avg. Reward Condition",40,"4",8,1,116,564,"Long",0.0883140293382674,0.746790762068344,NA,0.533684618366962,"localGP"
"17463",71,20,6,10,32.8333952900599,100,"Smooth","Avg. Reward Condition",40,"4",8,1,117,564,"Long",0.0883140293382674,0.746790762068344,NA,0.533684618366962,"localGP"
"17464",71,21,7,10,14.8633331080282,100,"Smooth","Avg. Reward Condition",40,"4",8,1,118,564,"Long",0.0883140293382674,0.746790762068344,NA,0.533684618366962,"localGP"
"17465",71,22,0,10,49.1845400953948,100,"Smooth","Avg. Reward Condition",40,"4",8,1,111,564,"Long",0.0883140293382674,0.746790762068344,NA,0.533684618366962,"localGP"
"17466",71,23,1,10,55.500663546292,100,"Smooth","Avg. Reward Condition",40,"4",8,1,112,564,"Long",0.0883140293382674,0.746790762068344,NA,0.533684618366962,"localGP"
"17467",71,24,7,9,36.7741668006705,100,"Smooth","Avg. Reward Condition",40,"4",8,1,107,564,"Long",0.0883140293382674,0.746790762068344,NA,0.533684618366962,"localGP"
"17468",71,25,7,1,50.2177427569694,100,"Smooth","Avg. Reward Condition",40,"4",8,1,19,564,"Long",0.0883140293382674,0.746790762068344,NA,0.533684618366962,"localGP"
"17469",71,26,7,4,51.6827805309329,100,"Smooth","Avg. Reward Condition",40,"4",8,8,52,564,"Long",0.0883140293382674,0.746790762068344,NA,0.533684618366962,"localGP"
"17470",71,27,8,4,60.2211526419582,100,"Smooth","Avg. Reward Condition",40,"4",8,1,53,564,"Long",0.0883140293382674,0.746790762068344,NA,0.533684618366962,"localGP"
"17471",71,28,8,3,54.3441668023564,100,"Smooth","Avg. Reward Condition",40,"4",8,1,42,564,"Long",0.0883140293382674,0.746790762068344,NA,0.533684618366962,"localGP"
"17472",71,29,8,8,0,100,"Smooth","Avg. Reward Condition",40,"4",8,1,97,564,"Long",0.0883140293382674,0.746790762068344,NA,0.533684618366962,"localGP"
"17473",71,30,6,8,52.2947513271063,100,"Smooth","Avg. Reward Condition",40,"4",8,1,95,564,"Long",0.0883140293382674,0.746790762068344,NA,0.533684618366962,"localGP"
"17474",71,31,5,8,45.4136649367735,100,"Smooth","Avg. Reward Condition",40,"4",8,1,94,564,"Long",0.0883140293382674,0.746790762068344,NA,0.533684618366962,"localGP"
"17475",71,32,5,7,35.7264911415369,100,"Smooth","Avg. Reward Condition",40,"4",8,3,83,564,"Long",0.0883140293382674,0.746790762068344,NA,0.533684618366962,"localGP"
"17476",71,33,4,7,87.7929185379322,100,"Smooth","Avg. Reward Condition",40,"4",8,1,82,564,"Long",0.0883140293382674,0.746790762068344,NA,0.533684618366962,"localGP"
"17477",71,34,4,7,87.7929185379322,100,"Smooth","Avg. Reward Condition",40,"4",8,1,82,564,"Long",0.0883140293382674,0.746790762068344,NA,0.533684618366962,"localGP"
"17478",71,35,4,7,87.7929185379322,100,"Smooth","Avg. Reward Condition",40,"4",8,2,82,564,"Long",0.0883140293382674,0.746790762068344,NA,0.533684618366962,"localGP"
"17479",71,36,1,5,69.9793335818367,100,"Smooth","Avg. Reward Condition",40,"4",8,1,57,564,"Long",0.0883140293382674,0.746790762068344,NA,0.533684618366962,"localGP"
"17480",71,37,1,4,55.5969206133783,100,"Smooth","Avg. Reward Condition",40,"4",8,1,46,564,"Long",0.0883140293382674,0.746790762068344,NA,0.533684618366962,"localGP"
"17481",71,38,0,4,61.7396718300263,100,"Smooth","Avg. Reward Condition",40,"4",8,2,45,564,"Long",0.0883140293382674,0.746790762068344,NA,0.533684618366962,"localGP"
"17482",71,39,0,5,72.1267915674782,100,"Smooth","Avg. Reward Condition",40,"4",8,1,56,564,"Long",0.0883140293382674,0.746790762068344,NA,0.533684618366962,"localGP"
"17483",71,40,0,6,53.3749498153178,100,"Smooth","Avg. Reward Condition",40,"4",8,2,67,564,"Long",0.0883140293382674,0.746790762068344,NA,0.533684618366962,"localGP"
"17484",71,41,0,7,41.9871780226949,100,"Smooth","Avg. Reward Condition",40,"4",8,2,78,564,"Long",0.0883140293382674,0.746790762068344,NA,0.533684618366962,"localGP"
"17485",71,1,2,8,51.021079018963,51.021079018963,"Smooth","Avg. Reward Condition",20,"5",11,NA,91,565,"Short",0.0873965754350211,0.772171817683312,NA,0.510493842712724,"localGP"
"17486",71,2,3,7,59.6140621219219,59.6140621219219,"Smooth","Avg. Reward Condition",20,"5",11,2,81,565,"Short",0.0873965754350211,0.772171817683312,NA,0.510493842712724,"localGP"
"17487",71,3,3,6,2.87635542151745,59.6140621219219,"Smooth","Avg. Reward Condition",20,"5",11,1,70,565,"Short",0.0873965754350211,0.772171817683312,NA,0.510493842712724,"localGP"
"17488",71,4,3,8,64.4887240517494,64.4887240517494,"Smooth","Avg. Reward Condition",20,"5",11,3,92,565,"Short",0.0873965754350211,0.772171817683312,NA,0.510493842712724,"localGP"
"17489",71,5,6,9,46.6920205360619,64.4887240517494,"Smooth","Avg. Reward Condition",20,"5",11,1,106,565,"Short",0.0873965754350211,0.772171817683312,NA,0.510493842712724,"localGP"
"17490",71,6,6,8,28.6530615090915,64.4887240517494,"Smooth","Avg. Reward Condition",20,"5",11,3,95,565,"Short",0.0873965754350211,0.772171817683312,NA,0.510493842712724,"localGP"
"17491",71,7,9,8,43.5318799562685,64.4887240517494,"Smooth","Avg. Reward Condition",20,"5",11,1,98,565,"Short",0.0873965754350211,0.772171817683312,NA,0.510493842712724,"localGP"
"17492",71,8,9,7,46.7520963310915,64.4887240517494,"Smooth","Avg. Reward Condition",20,"5",11,2,87,565,"Short",0.0873965754350211,0.772171817683312,NA,0.510493842712724,"localGP"
"17493",71,9,10,7,37.1719234376725,64.4887240517494,"Smooth","Avg. Reward Condition",20,"5",11,2,88,565,"Short",0.0873965754350211,0.772171817683312,NA,0.510493842712724,"localGP"
"17494",71,10,7,6,78.20301873206,78.20301873206,"Smooth","Avg. Reward Condition",20,"5",11,1,74,565,"Short",0.0873965754350211,0.772171817683312,NA,0.510493842712724,"localGP"
"17495",71,11,7,7,41.1147763409862,78.20301873206,"Smooth","Avg. Reward Condition",20,"5",11,1,85,565,"Short",0.0873965754350211,0.772171817683312,NA,0.510493842712724,"localGP"
"17496",71,12,8,7,44.4895686177393,78.20301873206,"Smooth","Avg. Reward Condition",20,"5",11,1,86,565,"Short",0.0873965754350211,0.772171817683312,NA,0.510493842712724,"localGP"
"17497",71,13,10,3,16.8579870376679,78.20301873206,"Smooth","Avg. Reward Condition",20,"5",11,1,44,565,"Short",0.0873965754350211,0.772171817683312,NA,0.510493842712724,"localGP"
"17498",71,14,9,8,43.5318799562685,78.20301873206,"Smooth","Avg. Reward Condition",20,"5",11,1,98,565,"Short",0.0873965754350211,0.772171817683312,NA,0.510493842712724,"localGP"
"17499",71,15,8,10,41.6884701008907,78.20301873206,"Smooth","Avg. Reward Condition",20,"5",11,2,119,565,"Short",0.0873965754350211,0.772171817683312,NA,0.510493842712724,"localGP"
"17500",71,16,8,9,60.550993033302,78.20301873206,"Smooth","Avg. Reward Condition",20,"5",11,1,108,565,"Short",0.0873965754350211,0.772171817683312,NA,0.510493842712724,"localGP"
"17501",71,17,9,9,48.1183497019652,78.20301873206,"Smooth","Avg. Reward Condition",20,"5",11,3,109,565,"Short",0.0873965754350211,0.772171817683312,NA,0.510493842712724,"localGP"
"17502",71,18,10,9,24.963535638827,78.20301873206,"Smooth","Avg. Reward Condition",20,"5",11,1,110,565,"Short",0.0873965754350211,0.772171817683312,NA,0.510493842712724,"localGP"
"17503",71,19,4,3,13.976974015902,78.20301873206,"Smooth","Avg. Reward Condition",20,"5",11,2,38,565,"Short",0.0873965754350211,0.772171817683312,NA,0.510493842712724,"localGP"
"17504",71,20,5,5,40.8445443747299,78.20301873206,"Smooth","Avg. Reward Condition",20,"5",11,1,61,565,"Short",0.0873965754350211,0.772171817683312,NA,0.510493842712724,"localGP"
"17505",71,21,3,9,46.9814894388447,78.20301873206,"Smooth","Avg. Reward Condition",20,"5",11,1,103,565,"Short",0.0873965754350211,0.772171817683312,NA,0.510493842712724,"localGP"
"17506",71,1,3,5,100,100,"Smooth","Avg. Reward Condition",40,"6",7,NA,59,566,"Long",0.0916433776007392,0.687408457399829,NA,0.561966902240087,"localGP"
"17507",71,2,3,6,90.5286582157079,100,"Smooth","Avg. Reward Condition",40,"6",7,8,70,566,"Long",0.0916433776007392,0.687408457399829,NA,0.561966902240087,"localGP"
"17508",71,3,3,7,63.2387067485633,100,"Smooth","Avg. Reward Condition",40,"6",7,4,81,566,"Long",0.0916433776007392,0.687408457399829,NA,0.561966902240087,"localGP"
"17509",71,4,2,7,57.6455524159847,100,"Smooth","Avg. Reward Condition",40,"6",7,7,80,566,"Long",0.0916433776007392,0.687408457399829,NA,0.561966902240087,"localGP"
"17510",71,5,2,8,44.8287344776486,100,"Smooth","Avg. Reward Condition",40,"6",7,11,91,566,"Long",0.0916433776007392,0.687408457399829,NA,0.561966902240087,"localGP"
"17511",71,6,1,8,45.1295741279083,100,"Smooth","Avg. Reward Condition",40,"6",7,1,90,566,"Long",0.0916433776007392,0.687408457399829,NA,0.561966902240087,"localGP"
"17512",71,7,1,9,18.0628272215405,100,"Smooth","Avg. Reward Condition",40,"6",7,1,101,566,"Long",0.0916433776007392,0.687408457399829,NA,0.561966902240087,"localGP"
"17513",71,8,1,10,2.52218953915181,100,"Smooth","Avg. Reward Condition",40,"6",7,1,112,566,"Long",0.0916433776007392,0.687408457399829,NA,0.561966902240087,"localGP"
"17514",71,9,7,9,35.8056100636502,100,"Smooth","Avg. Reward Condition",40,"6",7,1,107,566,"Long",0.0916433776007392,0.687408457399829,NA,0.561966902240087,"localGP"
"17515",71,10,6,9,21.4314674691678,100,"Smooth","Avg. Reward Condition",40,"6",7,1,106,566,"Long",0.0916433776007392,0.687408457399829,NA,0.561966902240087,"localGP"
"17516",71,11,5,9,27.8448402853638,100,"Smooth","Avg. Reward Condition",40,"6",7,1,105,566,"Long",0.0916433776007392,0.687408457399829,NA,0.561966902240087,"localGP"
"17517",71,12,5,6,52.7001484546371,100,"Smooth","Avg. Reward Condition",40,"6",7,1,72,566,"Long",0.0916433776007392,0.687408457399829,NA,0.561966902240087,"localGP"
"17518",71,13,5,4,43.7941876820187,100,"Smooth","Avg. Reward Condition",40,"6",7,1,50,566,"Long",0.0916433776007392,0.687408457399829,NA,0.561966902240087,"localGP"
"17519",71,14,5,5,44.5106092443796,100,"Smooth","Avg. Reward Condition",40,"6",7,1,61,566,"Long",0.0916433776007392,0.687408457399829,NA,0.561966902240087,"localGP"
"17520",71,15,4,5,66.807827900394,100,"Smooth","Avg. Reward Condition",40,"6",7,2,60,566,"Long",0.0916433776007392,0.687408457399829,NA,0.561966902240087,"localGP"
"17521",71,16,4,6,84.1129360614595,100,"Smooth","Avg. Reward Condition",40,"6",7,2,71,566,"Long",0.0916433776007392,0.687408457399829,NA,0.561966902240087,"localGP"
"17522",71,17,6,4,72.5109856479773,100,"Smooth","Avg. Reward Condition",40,"6",7,1,51,566,"Long",0.0916433776007392,0.687408457399829,NA,0.561966902240087,"localGP"
"17523",71,18,7,4,76.4592320894519,100,"Smooth","Avg. Reward Condition",40,"6",7,1,52,566,"Long",0.0916433776007392,0.687408457399829,NA,0.561966902240087,"localGP"
"17524",71,19,7,3,81.9279469354685,100,"Smooth","Avg. Reward Condition",40,"6",7,1,41,566,"Long",0.0916433776007392,0.687408457399829,NA,0.561966902240087,"localGP"
"17525",71,20,8,4,92.0072637842279,100,"Smooth","Avg. Reward Condition",40,"6",7,5,53,566,"Long",0.0916433776007392,0.687408457399829,NA,0.561966902240087,"localGP"
"17526",71,21,8,3,69.467939664169,100,"Smooth","Avg. Reward Condition",40,"6",7,7,42,566,"Long",0.0916433776007392,0.687408457399829,NA,0.561966902240087,"localGP"
"17527",71,22,8,2,53.532220554727,100,"Smooth","Avg. Reward Condition",40,"6",7,2,31,566,"Long",0.0916433776007392,0.687408457399829,NA,0.561966902240087,"localGP"
"17528",71,23,9,2,33.0324980399919,100,"Smooth","Avg. Reward Condition",40,"6",7,4,32,566,"Long",0.0916433776007392,0.687408457399829,NA,0.561966902240087,"localGP"
"17529",71,24,10,3,34.6736524203448,100,"Smooth","Avg. Reward Condition",40,"6",7,2,44,566,"Long",0.0916433776007392,0.687408457399829,NA,0.561966902240087,"localGP"
"17530",71,25,10,4,54.9456234043239,100,"Smooth","Avg. Reward Condition",40,"6",7,1,55,566,"Long",0.0916433776007392,0.687408457399829,NA,0.561966902240087,"localGP"
"17531",71,26,9,4,77.6481440786295,100,"Smooth","Avg. Reward Condition",40,"6",7,1,54,566,"Long",0.0916433776007392,0.687408457399829,NA,0.561966902240087,"localGP"
"17532",71,27,9,5,88.0456624617215,100,"Smooth","Avg. Reward Condition",40,"6",7,1,65,566,"Long",0.0916433776007392,0.687408457399829,NA,0.561966902240087,"localGP"
"17533",71,28,8,5,94.611075528205,100,"Smooth","Avg. Reward Condition",40,"6",7,2,64,566,"Long",0.0916433776007392,0.687408457399829,NA,0.561966902240087,"localGP"
"17534",71,29,6,4,72.5109856479773,100,"Smooth","Avg. Reward Condition",40,"6",7,1,51,566,"Long",0.0916433776007392,0.687408457399829,NA,0.561966902240087,"localGP"
"17535",71,30,6,3,88.5901313022109,100,"Smooth","Avg. Reward Condition",40,"6",7,1,40,566,"Long",0.0916433776007392,0.687408457399829,NA,0.561966902240087,"localGP"
"17536",71,31,6,2,61.16747892044,100,"Smooth","Avg. Reward Condition",40,"6",7,1,29,566,"Long",0.0916433776007392,0.687408457399829,NA,0.561966902240087,"localGP"
"17537",71,32,7,2,58.8232550696874,100,"Smooth","Avg. Reward Condition",40,"6",7,1,30,566,"Long",0.0916433776007392,0.687408457399829,NA,0.561966902240087,"localGP"
"17538",71,33,4,10,49.1017404834783,100,"Smooth","Avg. Reward Condition",40,"6",7,1,115,566,"Long",0.0916433776007392,0.687408457399829,NA,0.561966902240087,"localGP"
"17539",71,34,4,9,31.6417224588132,100,"Smooth","Avg. Reward Condition",40,"6",7,1,104,566,"Long",0.0916433776007392,0.687408457399829,NA,0.561966902240087,"localGP"
"17540",71,35,8,9,44.3344271984956,100,"Smooth","Avg. Reward Condition",40,"6",7,1,108,566,"Long",0.0916433776007392,0.687408457399829,NA,0.561966902240087,"localGP"
"17541",71,36,8,8,50.5250509128817,100,"Smooth","Avg. Reward Condition",40,"6",7,1,97,566,"Long",0.0916433776007392,0.687408457399829,NA,0.561966902240087,"localGP"
"17542",71,37,9,8,62.1221519136899,100,"Smooth","Avg. Reward Condition",40,"6",7,5,98,566,"Long",0.0916433776007392,0.687408457399829,NA,0.561966902240087,"localGP"
"17543",71,38,10,8,69.2360163709825,100,"Smooth","Avg. Reward Condition",40,"6",7,1,99,566,"Long",0.0916433776007392,0.687408457399829,NA,0.561966902240087,"localGP"
"17544",71,39,10,9,70.0392210248855,100,"Smooth","Avg. Reward Condition",40,"6",7,1,110,566,"Long",0.0916433776007392,0.687408457399829,NA,0.561966902240087,"localGP"
"17545",71,40,9,1,32.884325467042,100,"Smooth","Avg. Reward Condition",40,"6",7,1,21,566,"Long",0.0916433776007392,0.687408457399829,NA,0.561966902240087,"localGP"
"17546",71,41,9,0,40.4430622566814,100,"Smooth","Avg. Reward Condition",40,"6",7,1,10,566,"Long",0.0916433776007392,0.687408457399829,NA,0.561966902240087,"localGP"
"17547",71,1,4,9,28.1850545862844,28.1850545862844,"Smooth","Avg. Reward Condition",20,"7",17,NA,104,567,"Short",0.0938007204494991,0.664585517257965,NA,0.563655457911298,"localGP"
"17548",71,2,3,9,57.8931465906352,57.8931465906352,"Smooth","Avg. Reward Condition",20,"7",17,9,103,567,"Short",0.0938007204494991,0.664585517257965,NA,0.563655457911298,"localGP"
"17549",71,3,3,10,66.9843682918031,66.9843682918031,"Smooth","Avg. Reward Condition",20,"7",17,6,114,567,"Short",0.0938007204494991,0.664585517257965,NA,0.563655457911298,"localGP"
"17550",71,4,2,10,64.0452624101058,66.9843682918031,"Smooth","Avg. Reward Condition",20,"7",17,14,113,567,"Short",0.0938007204494991,0.664585517257965,NA,0.563655457911298,"localGP"
"17551",71,5,1,10,38.833322433852,66.9843682918031,"Smooth","Avg. Reward Condition",20,"7",17,10,112,567,"Short",0.0938007204494991,0.664585517257965,NA,0.563655457911298,"localGP"
"17552",71,6,0,6,45.728251505355,66.9843682918031,"Smooth","Avg. Reward Condition",20,"7",17,16,67,567,"Short",0.0938007204494991,0.664585517257965,NA,0.563655457911298,"localGP"
"17553",71,7,2,5,96.5712701527156,96.5712701527156,"Smooth","Avg. Reward Condition",20,"7",17,3,58,567,"Short",0.0938007204494991,0.664585517257965,NA,0.563655457911298,"localGP"
"17554",71,8,3,5,100,100,"Smooth","Avg. Reward Condition",20,"7",17,2,59,567,"Short",0.0938007204494991,0.664585517257965,NA,0.563655457911298,"localGP"
"17555",71,9,3,4,81.7432518785976,100,"Smooth","Avg. Reward Condition",20,"7",17,2,48,567,"Short",0.0938007204494991,0.664585517257965,NA,0.563655457911298,"localGP"
"17556",71,10,3,5,100,100,"Smooth","Avg. Reward Condition",20,"7",17,1,59,567,"Short",0.0938007204494991,0.664585517257965,NA,0.563655457911298,"localGP"
"17557",71,11,2,5,96.5712701527156,100,"Smooth","Avg. Reward Condition",20,"7",17,1,58,567,"Short",0.0938007204494991,0.664585517257965,NA,0.563655457911298,"localGP"
"17558",71,12,1,5,55.0007890272568,100,"Smooth","Avg. Reward Condition",20,"7",17,3,57,567,"Short",0.0938007204494991,0.664585517257965,NA,0.563655457911298,"localGP"
"17559",71,13,3,6,61.6521718992743,100,"Smooth","Avg. Reward Condition",20,"7",17,2,70,567,"Short",0.0938007204494991,0.664585517257965,NA,0.563655457911298,"localGP"
"17560",71,14,2,6,67.9735102315088,100,"Smooth","Avg. Reward Condition",20,"7",17,1,69,567,"Short",0.0938007204494991,0.664585517257965,NA,0.563655457911298,"localGP"
"17561",71,15,1,6,46.8743954250285,100,"Smooth","Avg. Reward Condition",20,"7",17,1,68,567,"Short",0.0938007204494991,0.664585517257965,NA,0.563655457911298,"localGP"
"17562",71,16,4,10,42.5458481354348,100,"Smooth","Avg. Reward Condition",20,"7",17,1,115,567,"Short",0.0938007204494991,0.664585517257965,NA,0.563655457911298,"localGP"
"17563",71,17,9,8,75.2770769943809,100,"Smooth","Avg. Reward Condition",20,"7",17,1,98,567,"Short",0.0938007204494991,0.664585517257965,NA,0.563655457911298,"localGP"
"17564",71,18,10,8,52.8164121364867,100,"Smooth","Avg. Reward Condition",20,"7",17,1,99,567,"Short",0.0938007204494991,0.664585517257965,NA,0.563655457911298,"localGP"
"17565",71,19,7,9,30.9576770826755,100,"Smooth","Avg. Reward Condition",20,"7",17,1,107,567,"Short",0.0938007204494991,0.664585517257965,NA,0.563655457911298,"localGP"
"17566",71,20,8,9,55.5010385970611,100,"Smooth","Avg. Reward Condition",20,"7",17,1,108,567,"Short",0.0938007204494991,0.664585517257965,NA,0.563655457911298,"localGP"
"17567",71,21,8,10,49.8309633888128,100,"Smooth","Avg. Reward Condition",20,"7",17,1,119,567,"Short",0.0938007204494991,0.664585517257965,NA,0.563655457911298,"localGP"
"17568",71,1,5,10,12.2429925631197,12.2429925631197,"Smooth","Avg. Reward Condition",40,"8",16,NA,116,568,"Long",0.0896469964455517,0.714885501927005,NA,0.567680041074868,"localGP"
"17569",71,2,1,8,47.6114909591659,47.6114909591659,"Smooth","Avg. Reward Condition",40,"8",16,17,90,568,"Long",0.0896469964455517,0.714885501927005,NA,0.567680041074868,"localGP"
"17570",71,3,2,8,47.6806943266492,47.6806943266492,"Smooth","Avg. Reward Condition",40,"8",16,1,91,568,"Long",0.0896469964455517,0.714885501927005,NA,0.567680041074868,"localGP"
"17571",71,4,2,7,20.8380154740656,47.6806943266492,"Smooth","Avg. Reward Condition",40,"8",16,1,80,568,"Long",0.0896469964455517,0.714885501927005,NA,0.567680041074868,"localGP"
"17572",71,5,2,5,41.71018551704,47.6806943266492,"Smooth","Avg. Reward Condition",40,"8",16,1,58,568,"Long",0.0896469964455517,0.714885501927005,NA,0.567680041074868,"localGP"
"17573",71,6,2,4,51.6785957888899,51.6785957888899,"Smooth","Avg. Reward Condition",40,"8",16,2,47,568,"Long",0.0896469964455517,0.714885501927005,NA,0.567680041074868,"localGP"
"17574",71,7,5,4,27.745691269728,51.6785957888899,"Smooth","Avg. Reward Condition",40,"8",16,1,50,568,"Long",0.0896469964455517,0.714885501927005,NA,0.567680041074868,"localGP"
"17575",71,8,4,4,37.2247549071549,51.6785957888899,"Smooth","Avg. Reward Condition",40,"8",16,1,49,568,"Long",0.0896469964455517,0.714885501927005,NA,0.567680041074868,"localGP"
"17576",71,9,4,2,29.6795865237045,51.6785957888899,"Smooth","Avg. Reward Condition",40,"8",16,1,27,568,"Long",0.0896469964455517,0.714885501927005,NA,0.567680041074868,"localGP"
"17577",71,10,5,2,15.5566285414622,51.6785957888899,"Smooth","Avg. Reward Condition",40,"8",16,1,28,568,"Long",0.0896469964455517,0.714885501927005,NA,0.567680041074868,"localGP"
"17578",71,11,2,1,37.8294983546141,51.6785957888899,"Smooth","Avg. Reward Condition",40,"8",16,1,14,568,"Long",0.0896469964455517,0.714885501927005,NA,0.567680041074868,"localGP"
"17579",71,12,2,2,33.6778376971896,51.6785957888899,"Smooth","Avg. Reward Condition",40,"8",16,1,25,568,"Long",0.0896469964455517,0.714885501927005,NA,0.567680041074868,"localGP"
"17580",71,13,1,2,17.0104767919916,51.6785957888899,"Smooth","Avg. Reward Condition",40,"8",16,1,24,568,"Long",0.0896469964455517,0.714885501927005,NA,0.567680041074868,"localGP"
"17581",71,14,8,5,55.4827017867846,55.4827017867846,"Smooth","Avg. Reward Condition",40,"8",16,3,64,568,"Long",0.0896469964455517,0.714885501927005,NA,0.567680041074868,"localGP"
"17582",71,15,7,6,29.9313498285692,55.4827017867846,"Smooth","Avg. Reward Condition",40,"8",16,1,74,568,"Long",0.0896469964455517,0.714885501927005,NA,0.567680041074868,"localGP"
"17583",71,16,6,7,11.109165355926,55.4827017867846,"Smooth","Avg. Reward Condition",40,"8",16,1,84,568,"Long",0.0896469964455517,0.714885501927005,NA,0.567680041074868,"localGP"
"17584",71,17,7,8,21.7601105267846,55.4827017867846,"Smooth","Avg. Reward Condition",40,"8",16,7,96,568,"Long",0.0896469964455517,0.714885501927005,NA,0.567680041074868,"localGP"
"17585",71,18,8,4,42.8412484535967,55.4827017867846,"Smooth","Avg. Reward Condition",40,"8",16,3,53,568,"Long",0.0896469964455517,0.714885501927005,NA,0.567680041074868,"localGP"
"17586",71,19,9,4,32.5386103866141,55.4827017867846,"Smooth","Avg. Reward Condition",40,"8",16,11,54,568,"Long",0.0896469964455517,0.714885501927005,NA,0.567680041074868,"localGP"
"17587",71,20,9,3,6.15546941628624,55.4827017867846,"Smooth","Avg. Reward Condition",40,"8",16,4,43,568,"Long",0.0896469964455517,0.714885501927005,NA,0.567680041074868,"localGP"
"17588",71,21,10,4,47.4832881916052,55.4827017867846,"Smooth","Avg. Reward Condition",40,"8",16,5,55,568,"Long",0.0896469964455517,0.714885501927005,NA,0.567680041074868,"localGP"
"17589",71,22,10,5,61.4885690232436,61.4885690232436,"Smooth","Avg. Reward Condition",40,"8",16,1,66,568,"Long",0.0896469964455517,0.714885501927005,NA,0.567680041074868,"localGP"
"17590",71,23,9,5,54.5094189956315,61.4885690232436,"Smooth","Avg. Reward Condition",40,"8",16,1,65,568,"Long",0.0896469964455517,0.714885501927005,NA,0.567680041074868,"localGP"
"17591",71,24,9,6,72.6451286930569,72.6451286930569,"Smooth","Avg. Reward Condition",40,"8",16,1,76,568,"Long",0.0896469964455517,0.714885501927005,NA,0.567680041074868,"localGP"
"17592",71,25,8,6,52.7896581347128,72.6451286930569,"Smooth","Avg. Reward Condition",40,"8",16,1,75,568,"Long",0.0896469964455517,0.714885501927005,NA,0.567680041074868,"localGP"
"17593",71,26,10,5,61.4885690232436,72.6451286930569,"Smooth","Avg. Reward Condition",40,"8",16,1,66,568,"Long",0.0896469964455517,0.714885501927005,NA,0.567680041074868,"localGP"
"17594",71,27,10,6,87.869042125599,87.869042125599,"Smooth","Avg. Reward Condition",40,"8",16,1,77,568,"Long",0.0896469964455517,0.714885501927005,NA,0.567680041074868,"localGP"
"17595",71,28,10,7,85.439763813076,87.869042125599,"Smooth","Avg. Reward Condition",40,"8",16,1,88,568,"Long",0.0896469964455517,0.714885501927005,NA,0.567680041074868,"localGP"
"17596",71,29,10,7,85.439763813076,87.869042125599,"Smooth","Avg. Reward Condition",40,"8",16,3,88,568,"Long",0.0896469964455517,0.714885501927005,NA,0.567680041074868,"localGP"
"17597",71,30,10,8,76.157753608192,87.869042125599,"Smooth","Avg. Reward Condition",40,"8",16,4,99,568,"Long",0.0896469964455517,0.714885501927005,NA,0.567680041074868,"localGP"
"17598",71,31,9,8,70.9435815561283,87.869042125599,"Smooth","Avg. Reward Condition",40,"8",16,5,98,568,"Long",0.0896469964455517,0.714885501927005,NA,0.567680041074868,"localGP"
"17599",71,32,9,7,82.1507669313946,87.869042125599,"Smooth","Avg. Reward Condition",40,"8",16,1,87,568,"Long",0.0896469964455517,0.714885501927005,NA,0.567680041074868,"localGP"
"17600",71,33,4,6,48.5193217731592,87.869042125599,"Smooth","Avg. Reward Condition",40,"8",16,1,71,568,"Long",0.0896469964455517,0.714885501927005,NA,0.567680041074868,"localGP"
"17601",71,34,0,5,14.7037346704813,87.869042125599,"Smooth","Avg. Reward Condition",40,"8",16,1,56,568,"Long",0.0896469964455517,0.714885501927005,NA,0.567680041074868,"localGP"
"17602",71,35,0,6,35.4675147086049,87.869042125599,"Smooth","Avg. Reward Condition",40,"8",16,1,67,568,"Long",0.0896469964455517,0.714885501927005,NA,0.567680041074868,"localGP"
"17603",71,36,0,8,23.1725085445236,87.869042125599,"Smooth","Avg. Reward Condition",40,"8",16,5,89,568,"Long",0.0896469964455517,0.714885501927005,NA,0.567680041074868,"localGP"
"17604",71,37,0,9,12.3134748029018,87.869042125599,"Smooth","Avg. Reward Condition",40,"8",16,1,100,568,"Long",0.0896469964455517,0.714885501927005,NA,0.567680041074868,"localGP"
"17605",71,38,2,8,47.6806943266492,87.869042125599,"Smooth","Avg. Reward Condition",40,"8",16,1,91,568,"Long",0.0896469964455517,0.714885501927005,NA,0.567680041074868,"localGP"
"17606",71,39,0,9,12.3134748029018,87.869042125599,"Smooth","Avg. Reward Condition",40,"8",16,1,100,568,"Long",0.0896469964455517,0.714885501927005,NA,0.567680041074868,"localGP"
"17607",71,40,1,9,37.1316762368546,87.869042125599,"Smooth","Avg. Reward Condition",40,"8",16,8,101,568,"Long",0.0896469964455517,0.714885501927005,NA,0.567680041074868,"localGP"
"17608",71,41,1,10,7.96151042196204,87.869042125599,"Smooth","Avg. Reward Condition",40,"8",16,1,112,568,"Long",0.0896469964455517,0.714885501927005,NA,0.567680041074868,"localGP"
"17609",72,1,1,3,37.158323481837,37.158323481837,"Smooth","Avg. Reward Condition",40,"1",2,NA,35,569,"Long",0.0980746154652967,0.580728668353336,NA,0.548361164899174,"localGP"
"17610",72,2,1,4,11.2927161708847,37.158323481837,"Smooth","Avg. Reward Condition",40,"1",2,1,46,569,"Long",0.0980746154652967,0.580728668353336,NA,0.548361164899174,"localGP"
"17611",72,3,2,4,44.4621814530642,44.4621814530642,"Smooth","Avg. Reward Condition",40,"1",2,1,47,569,"Long",0.0980746154652967,0.580728668353336,NA,0.548361164899174,"localGP"
"17612",72,4,3,4,59.6168211558576,59.6168211558576,"Smooth","Avg. Reward Condition",40,"1",2,1,48,569,"Long",0.0980746154652967,0.580728668353336,NA,0.548361164899174,"localGP"
"17613",72,5,3,5,7.23441579303476,59.6168211558576,"Smooth","Avg. Reward Condition",40,"1",2,1,59,569,"Long",0.0980746154652967,0.580728668353336,NA,0.548361164899174,"localGP"
"17614",72,6,5,6,69.4199837896596,69.4199837896596,"Smooth","Avg. Reward Condition",40,"1",2,1,72,569,"Long",0.0980746154652967,0.580728668353336,NA,0.548361164899174,"localGP"
"17615",72,7,5,5,64.465937362096,69.4199837896596,"Smooth","Avg. Reward Condition",40,"1",2,1,61,569,"Long",0.0980746154652967,0.580728668353336,NA,0.548361164899174,"localGP"
"17616",72,8,6,5,58.989470043494,69.4199837896596,"Smooth","Avg. Reward Condition",40,"1",2,0,62,569,"Long",0.0980746154652967,0.580728668353336,NA,0.548361164899174,"localGP"
"17617",72,9,7,5,65.2858713745774,69.4199837896596,"Smooth","Avg. Reward Condition",40,"1",2,0,63,569,"Long",0.0980746154652967,0.580728668353336,NA,0.548361164899174,"localGP"
"17618",72,10,8,5,82.1154481139937,82.1154481139937,"Smooth","Avg. Reward Condition",40,"1",2,1,64,569,"Long",0.0980746154652967,0.580728668353336,NA,0.548361164899174,"localGP"
"17619",72,11,9,5,74.2282844948157,82.1154481139937,"Smooth","Avg. Reward Condition",40,"1",2,4,65,569,"Long",0.0980746154652967,0.580728668353336,NA,0.548361164899174,"localGP"
"17620",72,12,10,5,64.3703869882263,82.1154481139937,"Smooth","Avg. Reward Condition",40,"1",2,1,66,569,"Long",0.0980746154652967,0.580728668353336,NA,0.548361164899174,"localGP"
"17621",72,13,0,7,39.2104381953876,82.1154481139937,"Smooth","Avg. Reward Condition",40,"1",2,1,78,569,"Long",0.0980746154652967,0.580728668353336,NA,0.548361164899174,"localGP"
"17622",72,14,5,7,38.2641941861674,82.1154481139937,"Smooth","Avg. Reward Condition",40,"1",2,1,83,569,"Long",0.0980746154652967,0.580728668353336,NA,0.548361164899174,"localGP"
"17623",72,15,6,7,38.7212084303539,82.1154481139937,"Smooth","Avg. Reward Condition",40,"1",2,0,84,569,"Long",0.0980746154652967,0.580728668353336,NA,0.548361164899174,"localGP"
"17624",72,16,9,7,24.6631121599105,82.1154481139937,"Smooth","Avg. Reward Condition",40,"1",2,1,87,569,"Long",0.0980746154652967,0.580728668353336,NA,0.548361164899174,"localGP"
"17625",72,17,10,7,56.407307630686,82.1154481139937,"Smooth","Avg. Reward Condition",40,"1",2,1,88,569,"Long",0.0980746154652967,0.580728668353336,NA,0.548361164899174,"localGP"
"17626",72,18,10,4,52.2107180843675,82.1154481139937,"Smooth","Avg. Reward Condition",40,"1",2,1,55,569,"Long",0.0980746154652967,0.580728668353336,NA,0.548361164899174,"localGP"
"17627",72,19,10,2,42.6956940217487,82.1154481139937,"Smooth","Avg. Reward Condition",40,"1",2,1,33,569,"Long",0.0980746154652967,0.580728668353336,NA,0.548361164899174,"localGP"
"17628",72,20,10,7,56.407307630686,82.1154481139937,"Smooth","Avg. Reward Condition",40,"1",2,1,88,569,"Long",0.0980746154652967,0.580728668353336,NA,0.548361164899174,"localGP"
"17629",72,21,10,6,72.5002768176028,82.1154481139937,"Smooth","Avg. Reward Condition",40,"1",2,1,77,569,"Long",0.0980746154652967,0.580728668353336,NA,0.548361164899174,"localGP"
"17630",72,22,9,6,60.9966324493762,82.1154481139937,"Smooth","Avg. Reward Condition",40,"1",2,1,76,569,"Long",0.0980746154652967,0.580728668353336,NA,0.548361164899174,"localGP"
"17631",72,23,8,8,15.0484706034592,82.1154481139937,"Smooth","Avg. Reward Condition",40,"1",2,1,97,569,"Long",0.0980746154652967,0.580728668353336,NA,0.548361164899174,"localGP"
"17632",72,24,8,7,27.4177147480502,82.1154481139937,"Smooth","Avg. Reward Condition",40,"1",2,3,86,569,"Long",0.0980746154652967,0.580728668353336,NA,0.548361164899174,"localGP"
"17633",72,25,2,6,31.0882445544401,82.1154481139937,"Smooth","Avg. Reward Condition",40,"1",2,1,69,569,"Long",0.0980746154652967,0.580728668353336,NA,0.548361164899174,"localGP"
"17634",72,26,2,5,29.9250214426935,82.1154481139937,"Smooth","Avg. Reward Condition",40,"1",2,1,58,569,"Long",0.0980746154652967,0.580728668353336,NA,0.548361164899174,"localGP"
"17635",72,27,1,7,39.0259379253794,82.1154481139937,"Smooth","Avg. Reward Condition",40,"1",2,5,79,569,"Long",0.0980746154652967,0.580728668353336,NA,0.548361164899174,"localGP"
"17636",72,28,2,7,36.5665227563517,82.1154481139937,"Smooth","Avg. Reward Condition",40,"1",2,1,80,569,"Long",0.0980746154652967,0.580728668353336,NA,0.548361164899174,"localGP"
"17637",72,29,2,8,88.5776069712184,88.5776069712184,"Smooth","Avg. Reward Condition",40,"1",2,1,91,569,"Long",0.0980746154652967,0.580728668353336,NA,0.548361164899174,"localGP"
"17638",72,30,2,9,94.3317374885778,94.3317374885778,"Smooth","Avg. Reward Condition",40,"1",2,3,102,569,"Long",0.0980746154652967,0.580728668353336,NA,0.548361164899174,"localGP"
"17639",72,31,3,9,100,100,"Smooth","Avg. Reward Condition",40,"1",2,1,103,569,"Long",0.0980746154652967,0.580728668353336,NA,0.548361164899174,"localGP"
"17640",72,32,7,7,26.5059569400407,100,"Smooth","Avg. Reward Condition",40,"1",2,0,85,569,"Long",0.0980746154652967,0.580728668353336,NA,0.548361164899174,"localGP"
"17641",72,33,7,9,45.2247389588236,100,"Smooth","Avg. Reward Condition",40,"1",2,1,107,569,"Long",0.0980746154652967,0.580728668353336,NA,0.548361164899174,"localGP"
"17642",72,34,6,10,52.4204868482691,100,"Smooth","Avg. Reward Condition",40,"1",2,6,117,569,"Long",0.0980746154652967,0.580728668353336,NA,0.548361164899174,"localGP"
"17643",72,35,7,10,82.2172279121399,100,"Smooth","Avg. Reward Condition",40,"1",2,1,118,569,"Long",0.0980746154652967,0.580728668353336,NA,0.548361164899174,"localGP"
"17644",72,36,8,10,50.0631766898922,100,"Smooth","Avg. Reward Condition",40,"1",2,1,119,569,"Long",0.0980746154652967,0.580728668353336,NA,0.548361164899174,"localGP"
"17645",72,37,8,9,5.07248100362894,100,"Smooth","Avg. Reward Condition",40,"1",2,1,108,569,"Long",0.0980746154652967,0.580728668353336,NA,0.548361164899174,"localGP"
"17646",72,38,9,10,39.8149202593405,100,"Smooth","Avg. Reward Condition",40,"1",2,1,120,569,"Long",0.0980746154652967,0.580728668353336,NA,0.548361164899174,"localGP"
"17647",72,39,1,1,53.5541131096444,100,"Smooth","Avg. Reward Condition",40,"1",2,1,13,569,"Long",0.0980746154652967,0.580728668353336,NA,0.548361164899174,"localGP"
"17648",72,40,1,0,62.0575397860804,100,"Smooth","Avg. Reward Condition",40,"1",2,3,2,569,"Long",0.0980746154652967,0.580728668353336,NA,0.548361164899174,"localGP"
"17649",72,41,2,0,27.6666761639388,100,"Smooth","Avg. Reward Condition",40,"1",2,1,3,569,"Long",0.0980746154652967,0.580728668353336,NA,0.548361164899174,"localGP"
"17650",72,1,3,5,54.7363822558009,54.7363822558009,"Smooth","Avg. Reward Condition",20,"2",13,NA,59,570,"Short",0.0867781344813616,0.713188526000878,NA,0.512485658553602,"localGP"
"17651",72,2,4,4,68.9292564082941,68.9292564082941,"Smooth","Avg. Reward Condition",20,"2",13,15,49,570,"Short",0.0867781344813616,0.713188526000878,NA,0.512485658553602,"localGP"
"17652",72,3,5,4,33.9006613520623,68.9292564082941,"Smooth","Avg. Reward Condition",20,"2",13,8,50,570,"Short",0.0867781344813616,0.713188526000878,NA,0.512485658553602,"localGP"
"17653",72,4,4,3,68.6184588399681,68.9292564082941,"Smooth","Avg. Reward Condition",20,"2",13,16,38,570,"Short",0.0867781344813616,0.713188526000878,NA,0.512485658553602,"localGP"
"17654",72,5,3,3,80.5615551663229,80.5615551663229,"Smooth","Avg. Reward Condition",20,"2",13,7,37,570,"Short",0.0867781344813616,0.713188526000878,NA,0.512485658553602,"localGP"
"17655",72,6,3,4,69.0645761763699,80.5615551663229,"Smooth","Avg. Reward Condition",20,"2",13,2,48,570,"Short",0.0867781344813616,0.713188526000878,NA,0.512485658553602,"localGP"
"17656",72,7,6,4,11.152859969979,80.5615551663229,"Smooth","Avg. Reward Condition",20,"2",13,13,51,570,"Short",0.0867781344813616,0.713188526000878,NA,0.512485658553602,"localGP"
"17657",72,8,5,0,64.1419179337713,80.5615551663229,"Smooth","Avg. Reward Condition",20,"2",13,12,6,570,"Short",0.0867781344813616,0.713188526000878,NA,0.512485658553602,"localGP"
"17658",72,9,6,6,81.5801840646008,81.5801840646008,"Smooth","Avg. Reward Condition",20,"2",13,1,73,570,"Short",0.0867781344813616,0.713188526000878,NA,0.512485658553602,"localGP"
"17659",72,10,7,6,59.1670306987151,81.5801840646008,"Smooth","Avg. Reward Condition",20,"2",13,1,74,570,"Short",0.0867781344813616,0.713188526000878,NA,0.512485658553602,"localGP"
"17660",72,11,7,1,24.4745500697421,81.5801840646008,"Smooth","Avg. Reward Condition",20,"2",13,1,19,570,"Short",0.0867781344813616,0.713188526000878,NA,0.512485658553602,"localGP"
"17661",72,12,8,1,40.1033986833103,81.5801840646008,"Smooth","Avg. Reward Condition",20,"2",13,1,20,570,"Short",0.0867781344813616,0.713188526000878,NA,0.512485658553602,"localGP"
"17662",72,13,9,1,33.2193816371395,81.5801840646008,"Smooth","Avg. Reward Condition",20,"2",13,1,21,570,"Short",0.0867781344813616,0.713188526000878,NA,0.512485658553602,"localGP"
"17663",72,14,2,0,45.4901469017811,81.5801840646008,"Smooth","Avg. Reward Condition",20,"2",13,1,3,570,"Short",0.0867781344813616,0.713188526000878,NA,0.512485658553602,"localGP"
"17664",72,15,4,0,76.6677425610664,81.5801840646008,"Smooth","Avg. Reward Condition",20,"2",13,1,5,570,"Short",0.0867781344813616,0.713188526000878,NA,0.512485658553602,"localGP"
"17665",72,16,3,0,52.2562561155338,81.5801840646008,"Smooth","Avg. Reward Condition",20,"2",13,1,4,570,"Short",0.0867781344813616,0.713188526000878,NA,0.512485658553602,"localGP"
"17666",72,17,8,4,13.6511878031672,81.5801840646008,"Smooth","Avg. Reward Condition",20,"2",13,9,53,570,"Short",0.0867781344813616,0.713188526000878,NA,0.512485658553602,"localGP"
"17667",72,18,9,3,35.3475203040359,81.5801840646008,"Smooth","Avg. Reward Condition",20,"2",13,1,43,570,"Short",0.0867781344813616,0.713188526000878,NA,0.512485658553602,"localGP"
"17668",72,19,10,8,70.6098250573604,81.5801840646008,"Smooth","Avg. Reward Condition",20,"2",13,2,99,570,"Short",0.0867781344813616,0.713188526000878,NA,0.512485658553602,"localGP"
"17669",72,20,10,9,78.2027912905164,81.5801840646008,"Smooth","Avg. Reward Condition",20,"2",13,1,110,570,"Short",0.0867781344813616,0.713188526000878,NA,0.512485658553602,"localGP"
"17670",72,21,10,10,64.51081568663,81.5801840646008,"Smooth","Avg. Reward Condition",20,"2",13,1,121,570,"Short",0.0867781344813616,0.713188526000878,NA,0.512485658553602,"localGP"
"17671",72,1,1,5,55.4257093623145,55.4257093623145,"Smooth","Avg. Reward Condition",40,"3",9,NA,57,571,"Long",0.0710442329443914,0.614066631251059,NA,0.434474975265208,"localGP"
"17672",72,2,0,3,20.3156192085015,55.4257093623145,"Smooth","Avg. Reward Condition",40,"3",9,7,34,571,"Long",0.0710442329443914,0.614066631251059,NA,0.434474975265208,"localGP"
"17673",72,3,2,1,14.59231424238,55.4257093623145,"Smooth","Avg. Reward Condition",40,"3",9,8,14,571,"Long",0.0710442329443914,0.614066631251059,NA,0.434474975265208,"localGP"
"17674",72,4,1,10,50.2356022974188,55.4257093623145,"Smooth","Avg. Reward Condition",40,"3",9,7,112,571,"Long",0.0710442329443914,0.614066631251059,NA,0.434474975265208,"localGP"
"17675",72,5,2,10,28.9056526912457,55.4257093623145,"Smooth","Avg. Reward Condition",40,"3",9,1,113,571,"Long",0.0710442329443914,0.614066631251059,NA,0.434474975265208,"localGP"
"17676",72,6,4,10,47.1833228393405,55.4257093623145,"Smooth","Avg. Reward Condition",40,"3",9,1,115,571,"Long",0.0710442329443914,0.614066631251059,NA,0.434474975265208,"localGP"
"17677",72,7,4,9,76.5336766063453,76.5336766063453,"Smooth","Avg. Reward Condition",40,"3",9,2,104,571,"Long",0.0710442329443914,0.614066631251059,NA,0.434474975265208,"localGP"
"17678",72,8,4,8,60.4776805465143,76.5336766063453,"Smooth","Avg. Reward Condition",40,"3",9,1,93,571,"Long",0.0710442329443914,0.614066631251059,NA,0.434474975265208,"localGP"
"17679",72,9,7,5,4.73175051861213,76.5336766063453,"Smooth","Avg. Reward Condition",40,"3",9,2,63,571,"Long",0.0710442329443914,0.614066631251059,NA,0.434474975265208,"localGP"
"17680",72,10,2,4,13.5403872252535,76.5336766063453,"Smooth","Avg. Reward Condition",40,"3",9,4,47,571,"Long",0.0710442329443914,0.614066631251059,NA,0.434474975265208,"localGP"
"17681",72,11,5,4,31.7569987981429,76.5336766063453,"Smooth","Avg. Reward Condition",40,"3",9,1,50,571,"Long",0.0710442329443914,0.614066631251059,NA,0.434474975265208,"localGP"
"17682",72,12,4,1,66.1540959055095,76.5336766063453,"Smooth","Avg. Reward Condition",40,"3",9,1,16,571,"Long",0.0710442329443914,0.614066631251059,NA,0.434474975265208,"localGP"
"17683",72,13,5,2,51.6174788041229,76.5336766063453,"Smooth","Avg. Reward Condition",40,"3",9,5,28,571,"Long",0.0710442329443914,0.614066631251059,NA,0.434474975265208,"localGP"
"17684",72,14,5,1,62.2178044014381,76.5336766063453,"Smooth","Avg. Reward Condition",40,"3",9,1,17,571,"Long",0.0710442329443914,0.614066631251059,NA,0.434474975265208,"localGP"
"17685",72,15,6,1,54.5470744987009,76.5336766063453,"Smooth","Avg. Reward Condition",40,"3",9,2,18,571,"Long",0.0710442329443914,0.614066631251059,NA,0.434474975265208,"localGP"
"17686",72,16,6,2,57.8143678139961,76.5336766063453,"Smooth","Avg. Reward Condition",40,"3",9,1,29,571,"Long",0.0710442329443914,0.614066631251059,NA,0.434474975265208,"localGP"
"17687",72,17,8,4,25.3679855103689,76.5336766063453,"Smooth","Avg. Reward Condition",40,"3",9,3,53,571,"Long",0.0710442329443914,0.614066631251059,NA,0.434474975265208,"localGP"
"17688",72,18,4,0,79.9431598436755,79.9431598436755,"Smooth","Avg. Reward Condition",40,"3",9,1,5,571,"Long",0.0710442329443914,0.614066631251059,NA,0.434474975265208,"localGP"
"17689",72,19,4,0,79.9431598436755,79.9431598436755,"Smooth","Avg. Reward Condition",40,"3",9,2,5,571,"Long",0.0710442329443914,0.614066631251059,NA,0.434474975265208,"localGP"
"17690",72,20,3,0,59.7528798800862,79.9431598436755,"Smooth","Avg. Reward Condition",40,"3",9,2,4,571,"Long",0.0710442329443914,0.614066631251059,NA,0.434474975265208,"localGP"
"17691",72,21,4,0,79.9431598436755,79.9431598436755,"Smooth","Avg. Reward Condition",40,"3",9,1,5,571,"Long",0.0710442329443914,0.614066631251059,NA,0.434474975265208,"localGP"
"17692",72,22,6,0,42.0165877631551,79.9431598436755,"Smooth","Avg. Reward Condition",40,"3",9,2,7,571,"Long",0.0710442329443914,0.614066631251059,NA,0.434474975265208,"localGP"
"17693",72,23,5,0,63.7023993468335,79.9431598436755,"Smooth","Avg. Reward Condition",40,"3",9,2,6,571,"Long",0.0710442329443914,0.614066631251059,NA,0.434474975265208,"localGP"
"17694",72,24,5,8,61.7105758678251,79.9431598436755,"Smooth","Avg. Reward Condition",40,"3",9,1,94,571,"Long",0.0710442329443914,0.614066631251059,NA,0.434474975265208,"localGP"
"17695",72,25,5,9,75.2199907218667,79.9431598436755,"Smooth","Avg. Reward Condition",40,"3",9,1,105,571,"Long",0.0710442329443914,0.614066631251059,NA,0.434474975265208,"localGP"
"17696",72,26,2,9,51.5479444865926,79.9431598436755,"Smooth","Avg. Reward Condition",40,"3",9,1,102,571,"Long",0.0710442329443914,0.614066631251059,NA,0.434474975265208,"localGP"
"17697",72,27,3,9,63.3340745487714,79.9431598436755,"Smooth","Avg. Reward Condition",40,"3",9,6,103,571,"Long",0.0710442329443914,0.614066631251059,NA,0.434474975265208,"localGP"
"17698",72,28,3,8,56.9817501368753,79.9431598436755,"Smooth","Avg. Reward Condition",40,"3",9,1,92,571,"Long",0.0710442329443914,0.614066631251059,NA,0.434474975265208,"localGP"
"17699",72,29,2,8,43.6838621835881,79.9431598436755,"Smooth","Avg. Reward Condition",40,"3",9,9,91,571,"Long",0.0710442329443914,0.614066631251059,NA,0.434474975265208,"localGP"
"17700",72,30,2,7,27.9615833854138,79.9431598436755,"Smooth","Avg. Reward Condition",40,"3",9,1,80,571,"Long",0.0710442329443914,0.614066631251059,NA,0.434474975265208,"localGP"
"17701",72,31,1,7,60.3654685590386,79.9431598436755,"Smooth","Avg. Reward Condition",40,"3",9,1,79,571,"Long",0.0710442329443914,0.614066631251059,NA,0.434474975265208,"localGP"
"17702",72,32,1,6,71.1930582119882,79.9431598436755,"Smooth","Avg. Reward Condition",40,"3",9,1,68,571,"Long",0.0710442329443914,0.614066631251059,NA,0.434474975265208,"localGP"
"17703",72,33,0,6,96.5524227911389,96.5524227911389,"Smooth","Avg. Reward Condition",40,"3",9,1,67,571,"Long",0.0710442329443914,0.614066631251059,NA,0.434474975265208,"localGP"
"17704",72,34,0,6,96.5524227911389,96.5524227911389,"Smooth","Avg. Reward Condition",40,"3",9,10,67,571,"Long",0.0710442329443914,0.614066631251059,NA,0.434474975265208,"localGP"
"17705",72,35,0,5,93.2896159771943,96.5524227911389,"Smooth","Avg. Reward Condition",40,"3",9,2,56,571,"Long",0.0710442329443914,0.614066631251059,NA,0.434474975265208,"localGP"
"17706",72,36,0,6,96.5524227911389,96.5524227911389,"Smooth","Avg. Reward Condition",40,"3",9,3,67,571,"Long",0.0710442329443914,0.614066631251059,NA,0.434474975265208,"localGP"
"17707",72,37,0,5,93.2896159771943,96.5524227911389,"Smooth","Avg. Reward Condition",40,"3",9,1,56,571,"Long",0.0710442329443914,0.614066631251059,NA,0.434474975265208,"localGP"
"17708",72,38,7,1,45.4129619985676,96.5524227911389,"Smooth","Avg. Reward Condition",40,"3",9,1,19,571,"Long",0.0710442329443914,0.614066631251059,NA,0.434474975265208,"localGP"
"17709",72,39,7,2,45.3020225853978,96.5524227911389,"Smooth","Avg. Reward Condition",40,"3",9,1,30,571,"Long",0.0710442329443914,0.614066631251059,NA,0.434474975265208,"localGP"
"17710",72,40,7,5,4.73175051861213,96.5524227911389,"Smooth","Avg. Reward Condition",40,"3",9,1,63,571,"Long",0.0710442329443914,0.614066631251059,NA,0.434474975265208,"localGP"
"17711",72,41,7,6,18.3179262510229,96.5524227911389,"Smooth","Avg. Reward Condition",40,"3",9,1,74,571,"Long",0.0710442329443914,0.614066631251059,NA,0.434474975265208,"localGP"
"17712",72,1,9,4,67.8025720803485,67.8025720803485,"Smooth","Avg. Reward Condition",20,"4",15,NA,54,572,"Short",0.0945582429516331,0.738249941192322,NA,0.506872269764103,"localGP"
"17713",72,2,9,5,52.1566401436535,67.8025720803485,"Smooth","Avg. Reward Condition",20,"4",15,10,65,572,"Short",0.0945582429516331,0.738249941192322,NA,0.506872269764103,"localGP"
"17714",72,3,10,5,36.9714662074516,67.8025720803485,"Smooth","Avg. Reward Condition",20,"4",15,8,66,572,"Short",0.0945582429516331,0.738249941192322,NA,0.506872269764103,"localGP"
"17715",72,4,0,1,88.0859970924016,88.0859970924016,"Smooth","Avg. Reward Condition",20,"4",15,8,12,572,"Short",0.0945582429516331,0.738249941192322,NA,0.506872269764103,"localGP"
"17716",72,5,0,2,95.1832335243152,95.1832335243152,"Smooth","Avg. Reward Condition",20,"4",15,1,23,572,"Short",0.0945582429516331,0.738249941192322,NA,0.506872269764103,"localGP"
"17717",72,6,0,3,77.1083741262543,95.1832335243152,"Smooth","Avg. Reward Condition",20,"4",15,1,34,572,"Short",0.0945582429516331,0.738249941192322,NA,0.506872269764103,"localGP"
"17718",72,7,0,2,95.1832335243152,95.1832335243152,"Smooth","Avg. Reward Condition",20,"4",15,1,23,572,"Short",0.0945582429516331,0.738249941192322,NA,0.506872269764103,"localGP"
"17719",72,8,1,2,100,100,"Smooth","Avg. Reward Condition",20,"4",15,1,24,572,"Short",0.0945582429516331,0.738249941192322,NA,0.506872269764103,"localGP"
"17720",72,9,5,4,66.0342467267579,100,"Smooth","Avg. Reward Condition",20,"4",15,1,50,572,"Short",0.0945582429516331,0.738249941192322,NA,0.506872269764103,"localGP"
"17721",72,10,5,5,46.1370569424132,100,"Smooth","Avg. Reward Condition",20,"4",15,1,61,572,"Short",0.0945582429516331,0.738249941192322,NA,0.506872269764103,"localGP"
"17722",72,11,7,10,38.0724380449569,100,"Smooth","Avg. Reward Condition",20,"4",15,1,118,572,"Short",0.0945582429516331,0.738249941192322,NA,0.506872269764103,"localGP"
"17723",72,12,3,3,61.1355459737037,100,"Smooth","Avg. Reward Condition",20,"4",15,1,37,572,"Short",0.0945582429516331,0.738249941192322,NA,0.506872269764103,"localGP"
"17724",72,13,3,2,46.0666798716987,100,"Smooth","Avg. Reward Condition",20,"4",15,1,26,572,"Short",0.0945582429516331,0.738249941192322,NA,0.506872269764103,"localGP"
"17725",72,14,2,2,71.3818966101037,100,"Smooth","Avg. Reward Condition",20,"4",15,1,25,572,"Short",0.0945582429516331,0.738249941192322,NA,0.506872269764103,"localGP"
"17726",72,15,2,3,47.5308435127139,100,"Smooth","Avg. Reward Condition",20,"4",15,1,36,572,"Short",0.0945582429516331,0.738249941192322,NA,0.506872269764103,"localGP"
"17727",72,16,1,3,78.9236623533558,100,"Smooth","Avg. Reward Condition",20,"4",15,1,35,572,"Short",0.0945582429516331,0.738249941192322,NA,0.506872269764103,"localGP"
"17728",72,17,1,2,100,100,"Smooth","Avg. Reward Condition",20,"4",15,1,24,572,"Short",0.0945582429516331,0.738249941192322,NA,0.506872269764103,"localGP"
"17729",72,18,1,1,90.7781848524799,100,"Smooth","Avg. Reward Condition",20,"4",15,1,13,572,"Short",0.0945582429516331,0.738249941192322,NA,0.506872269764103,"localGP"
"17730",72,19,1,0,75.5614168340443,100,"Smooth","Avg. Reward Condition",20,"4",15,5,2,572,"Short",0.0945582429516331,0.738249941192322,NA,0.506872269764103,"localGP"
"17731",72,20,1,6,89.9274342754243,100,"Smooth","Avg. Reward Condition",20,"4",15,1,68,572,"Short",0.0945582429516331,0.738249941192322,NA,0.506872269764103,"localGP"
"17732",72,21,0,6,57.3114594367428,100,"Smooth","Avg. Reward Condition",20,"4",15,2,67,572,"Short",0.0945582429516331,0.738249941192322,NA,0.506872269764103,"localGP"
"17733",72,1,2,6,61.2240030846988,61.2240030846988,"Smooth","Avg. Reward Condition",40,"5",7,NA,69,573,"Long",0.0811891101002816,0.629893316630828,NA,0.460448605416904,"localGP"
"17734",72,2,2,7,57.6455524159847,61.2240030846988,"Smooth","Avg. Reward Condition",40,"5",7,7,80,573,"Long",0.0811891101002816,0.629893316630828,NA,0.460448605416904,"localGP"
"17735",72,3,2,8,44.8287344776486,61.2240030846988,"Smooth","Avg. Reward Condition",40,"5",7,9,91,573,"Long",0.0811891101002816,0.629893316630828,NA,0.460448605416904,"localGP"
"17736",72,4,2,9,19.7561850844021,61.2240030846988,"Smooth","Avg. Reward Condition",40,"5",7,8,102,573,"Long",0.0811891101002816,0.629893316630828,NA,0.460448605416904,"localGP"
"17737",72,5,4,9,31.6417224588132,61.2240030846988,"Smooth","Avg. Reward Condition",40,"5",7,11,104,573,"Long",0.0811891101002816,0.629893316630828,NA,0.460448605416904,"localGP"
"17738",72,6,4,8,40.2424118896173,61.2240030846988,"Smooth","Avg. Reward Condition",40,"5",7,2,93,573,"Long",0.0811891101002816,0.629893316630828,NA,0.460448605416904,"localGP"
"17739",72,7,4,7,63.6224035811194,63.6224035811194,"Smooth","Avg. Reward Condition",40,"5",7,1,82,573,"Long",0.0811891101002816,0.629893316630828,NA,0.460448605416904,"localGP"
"17740",72,8,4,6,84.1129360614595,84.1129360614595,"Smooth","Avg. Reward Condition",40,"5",7,1,71,573,"Long",0.0811891101002816,0.629893316630828,NA,0.460448605416904,"localGP"
"17741",72,9,5,6,52.7001484546371,84.1129360614595,"Smooth","Avg. Reward Condition",40,"5",7,3,72,573,"Long",0.0811891101002816,0.629893316630828,NA,0.460448605416904,"localGP"
"17742",72,10,8,5,94.611075528205,94.611075528205,"Smooth","Avg. Reward Condition",40,"5",7,1,64,573,"Long",0.0811891101002816,0.629893316630828,NA,0.460448605416904,"localGP"
"17743",72,11,8,6,73.8483056301387,94.611075528205,"Smooth","Avg. Reward Condition",40,"5",7,1,75,573,"Long",0.0811891101002816,0.629893316630828,NA,0.460448605416904,"localGP"
"17744",72,12,7,6,64.1165610070556,94.611075528205,"Smooth","Avg. Reward Condition",40,"5",7,1,74,573,"Long",0.0811891101002816,0.629893316630828,NA,0.460448605416904,"localGP"
"17745",72,13,7,5,60.2449538313095,94.611075528205,"Smooth","Avg. Reward Condition",40,"5",7,1,63,573,"Long",0.0811891101002816,0.629893316630828,NA,0.460448605416904,"localGP"
"17746",72,14,7,4,76.4592320894519,94.611075528205,"Smooth","Avg. Reward Condition",40,"5",7,4,52,573,"Long",0.0811891101002816,0.629893316630828,NA,0.460448605416904,"localGP"
"17747",72,15,8,4,92.0072637842279,94.611075528205,"Smooth","Avg. Reward Condition",40,"5",7,1,53,573,"Long",0.0811891101002816,0.629893316630828,NA,0.460448605416904,"localGP"
"17748",72,16,9,4,77.6481440786295,94.611075528205,"Smooth","Avg. Reward Condition",40,"5",7,1,54,573,"Long",0.0811891101002816,0.629893316630828,NA,0.460448605416904,"localGP"
"17749",72,17,9,5,88.0456624617215,94.611075528205,"Smooth","Avg. Reward Condition",40,"5",7,1,65,573,"Long",0.0811891101002816,0.629893316630828,NA,0.460448605416904,"localGP"
"17750",72,18,9,6,51.8722338674395,94.611075528205,"Smooth","Avg. Reward Condition",40,"5",7,1,76,573,"Long",0.0811891101002816,0.629893316630828,NA,0.460448605416904,"localGP"
"17751",72,19,10,7,44.2918220402032,94.611075528205,"Smooth","Avg. Reward Condition",40,"5",7,1,88,573,"Long",0.0811891101002816,0.629893316630828,NA,0.460448605416904,"localGP"
"17752",72,20,10,6,37.8786392869358,94.611075528205,"Smooth","Avg. Reward Condition",40,"5",7,1,77,573,"Long",0.0811891101002816,0.629893316630828,NA,0.460448605416904,"localGP"
"17753",72,21,10,5,58.1563292947862,94.611075528205,"Smooth","Avg. Reward Condition",40,"5",7,1,66,573,"Long",0.0811891101002816,0.629893316630828,NA,0.460448605416904,"localGP"
"17754",72,22,10,4,54.9456234043239,94.611075528205,"Smooth","Avg. Reward Condition",40,"5",7,2,55,573,"Long",0.0811891101002816,0.629893316630828,NA,0.460448605416904,"localGP"
"17755",72,23,10,3,34.6736524203448,94.611075528205,"Smooth","Avg. Reward Condition",40,"5",7,1,44,573,"Long",0.0811891101002816,0.629893316630828,NA,0.460448605416904,"localGP"
"17756",72,24,9,8,62.1221519136899,94.611075528205,"Smooth","Avg. Reward Condition",40,"5",7,1,98,573,"Long",0.0811891101002816,0.629893316630828,NA,0.460448605416904,"localGP"
"17757",72,25,8,8,50.5250509128817,94.611075528205,"Smooth","Avg. Reward Condition",40,"5",7,3,97,573,"Long",0.0811891101002816,0.629893316630828,NA,0.460448605416904,"localGP"
"17758",72,26,8,7,60.6485436141064,94.611075528205,"Smooth","Avg. Reward Condition",40,"5",7,2,86,573,"Long",0.0811891101002816,0.629893316630828,NA,0.460448605416904,"localGP"
"17759",72,27,7,7,81.7749017517345,94.611075528205,"Smooth","Avg. Reward Condition",40,"5",7,13,85,573,"Long",0.0811891101002816,0.629893316630828,NA,0.460448605416904,"localGP"
"17760",72,28,7,8,65.9206763266324,94.611075528205,"Smooth","Avg. Reward Condition",40,"5",7,1,96,573,"Long",0.0811891101002816,0.629893316630828,NA,0.460448605416904,"localGP"
"17761",72,29,9,3,45.8562384067227,94.611075528205,"Smooth","Avg. Reward Condition",40,"5",7,3,43,573,"Long",0.0811891101002816,0.629893316630828,NA,0.460448605416904,"localGP"
"17762",72,30,9,2,33.0324980399919,94.611075528205,"Smooth","Avg. Reward Condition",40,"5",7,1,32,573,"Long",0.0811891101002816,0.629893316630828,NA,0.460448605416904,"localGP"
"17763",72,31,9,5,88.0456624617215,94.611075528205,"Smooth","Avg. Reward Condition",40,"5",7,7,65,573,"Long",0.0811891101002816,0.629893316630828,NA,0.460448605416904,"localGP"
"17764",72,32,0,1,60.7247402859948,94.611075528205,"Smooth","Avg. Reward Condition",40,"5",7,1,12,573,"Long",0.0811891101002816,0.629893316630828,NA,0.460448605416904,"localGP"
"17765",72,33,1,1,63.5014861824236,94.611075528205,"Smooth","Avg. Reward Condition",40,"5",7,1,13,573,"Long",0.0811891101002816,0.629893316630828,NA,0.460448605416904,"localGP"
"17766",72,34,1,2,29.6498568268542,94.611075528205,"Smooth","Avg. Reward Condition",40,"5",7,1,24,573,"Long",0.0811891101002816,0.629893316630828,NA,0.460448605416904,"localGP"
"17767",72,35,5,2,72.8242545616826,94.611075528205,"Smooth","Avg. Reward Condition",40,"5",7,1,28,573,"Long",0.0811891101002816,0.629893316630828,NA,0.460448605416904,"localGP"
"17768",72,36,6,0,55.1457659319725,94.611075528205,"Smooth","Avg. Reward Condition",40,"5",7,1,7,573,"Long",0.0811891101002816,0.629893316630828,NA,0.460448605416904,"localGP"
"17769",72,37,6,1,58.4718748542546,94.611075528205,"Smooth","Avg. Reward Condition",40,"5",7,7,18,573,"Long",0.0811891101002816,0.629893316630828,NA,0.460448605416904,"localGP"
"17770",72,38,7,1,64.1520185583196,94.611075528205,"Smooth","Avg. Reward Condition",40,"5",7,1,19,573,"Long",0.0811891101002816,0.629893316630828,NA,0.460448605416904,"localGP"
"17771",72,39,7,3,81.9279469354685,94.611075528205,"Smooth","Avg. Reward Condition",40,"5",7,2,41,573,"Long",0.0811891101002816,0.629893316630828,NA,0.460448605416904,"localGP"
"17772",72,40,7,2,58.8232550696874,94.611075528205,"Smooth","Avg. Reward Condition",40,"5",7,1,30,573,"Long",0.0811891101002816,0.629893316630828,NA,0.460448605416904,"localGP"
"17773",72,41,6,2,61.16747892044,94.611075528205,"Smooth","Avg. Reward Condition",40,"5",7,1,29,573,"Long",0.0811891101002816,0.629893316630828,NA,0.460448605416904,"localGP"
"17774",72,1,0,8,60.0699780954412,60.0699780954412,"Smooth","Avg. Reward Condition",20,"6",5,NA,89,574,"Short",0.0916592190062568,0.746907767607256,NA,0.497490108644658,"localGP"
"17775",72,2,4,4,22.6938996654939,60.0699780954412,"Smooth","Avg. Reward Condition",20,"6",5,1,49,574,"Short",0.0916592190062568,0.746907767607256,NA,0.497490108644658,"localGP"
"17776",72,3,2,1,65.1261244784447,65.1261244784447,"Smooth","Avg. Reward Condition",20,"6",5,2,14,574,"Short",0.0916592190062568,0.746907767607256,NA,0.497490108644658,"localGP"
"17777",72,4,1,1,76.3592435056854,76.3592435056854,"Smooth","Avg. Reward Condition",20,"6",5,1,13,574,"Short",0.0916592190062568,0.746907767607256,NA,0.497490108644658,"localGP"
"17778",72,5,1,2,63.2638935825621,76.3592435056854,"Smooth","Avg. Reward Condition",20,"6",5,1,24,574,"Short",0.0916592190062568,0.746907767607256,NA,0.497490108644658,"localGP"
"17779",72,6,1,3,44.7929276438267,76.3592435056854,"Smooth","Avg. Reward Condition",20,"6",5,1,35,574,"Short",0.0916592190062568,0.746907767607256,NA,0.497490108644658,"localGP"
"17780",72,7,7,4,41.506316602299,76.3592435056854,"Smooth","Avg. Reward Condition",20,"6",5,2,52,574,"Short",0.0916592190062568,0.746907767607256,NA,0.497490108644658,"localGP"
"17781",72,8,7,3,38.4994048862077,76.3592435056854,"Smooth","Avg. Reward Condition",20,"6",5,1,41,574,"Short",0.0916592190062568,0.746907767607256,NA,0.497490108644658,"localGP"
"17782",72,9,7,2,61.2330802415628,76.3592435056854,"Smooth","Avg. Reward Condition",20,"6",5,1,30,574,"Short",0.0916592190062568,0.746907767607256,NA,0.497490108644658,"localGP"
"17783",72,10,2,2,61.7436417215084,76.3592435056854,"Smooth","Avg. Reward Condition",20,"6",5,1,25,574,"Short",0.0916592190062568,0.746907767607256,NA,0.497490108644658,"localGP"
"17784",72,11,1,1,76.3592435056854,76.3592435056854,"Smooth","Avg. Reward Condition",20,"6",5,1,13,574,"Short",0.0916592190062568,0.746907767607256,NA,0.497490108644658,"localGP"
"17785",72,12,0,10,59.6346497477861,76.3592435056854,"Smooth","Avg. Reward Condition",20,"6",5,1,111,574,"Short",0.0916592190062568,0.746907767607256,NA,0.497490108644658,"localGP"
"17786",72,13,0,9,38.8483371292891,76.3592435056854,"Smooth","Avg. Reward Condition",20,"6",5,1,100,574,"Short",0.0916592190062568,0.746907767607256,NA,0.497490108644658,"localGP"
"17787",72,14,1,6,35.5836136671524,76.3592435056854,"Smooth","Avg. Reward Condition",20,"6",5,2,68,574,"Short",0.0916592190062568,0.746907767607256,NA,0.497490108644658,"localGP"
"17788",72,15,8,4,50.6311411543037,76.3592435056854,"Smooth","Avg. Reward Condition",20,"6",5,1,53,574,"Short",0.0916592190062568,0.746907767607256,NA,0.497490108644658,"localGP"
"17789",72,16,5,3,47.725265337293,76.3592435056854,"Smooth","Avg. Reward Condition",20,"6",5,2,39,574,"Short",0.0916592190062568,0.746907767607256,NA,0.497490108644658,"localGP"
"17790",72,17,4,6,22.9832733100999,76.3592435056854,"Smooth","Avg. Reward Condition",20,"6",5,2,71,574,"Short",0.0916592190062568,0.746907767607256,NA,0.497490108644658,"localGP"
"17791",72,18,6,6,86.9756652326962,86.9756652326962,"Smooth","Avg. Reward Condition",20,"6",5,1,73,574,"Short",0.0916592190062568,0.746907767607256,NA,0.497490108644658,"localGP"
"17792",72,19,9,7,82.2639339178051,86.9756652326962,"Smooth","Avg. Reward Condition",20,"6",5,2,87,574,"Short",0.0916592190062568,0.746907767607256,NA,0.497490108644658,"localGP"
"17793",72,20,8,7,100,100,"Smooth","Avg. Reward Condition",20,"6",5,1,86,574,"Short",0.0916592190062568,0.746907767607256,NA,0.497490108644658,"localGP"
"17794",72,21,7,7,68.4962011684434,100,"Smooth","Avg. Reward Condition",20,"6",5,1,85,574,"Short",0.0916592190062568,0.746907767607256,NA,0.497490108644658,"localGP"
"17795",72,1,0,0,62.377113880281,62.377113880281,"Smooth","Avg. Reward Condition",40,"7",17,NA,1,575,"Long",0.0820430775093985,0.568066739645395,NA,0.478019227433339,"localGP"
"17796",72,2,1,0,56.6190027883909,62.377113880281,"Smooth","Avg. Reward Condition",40,"7",17,9,2,575,"Long",0.0820430775093985,0.568066739645395,NA,0.478019227433339,"localGP"
"17797",72,3,1,1,33.7566886392353,62.377113880281,"Smooth","Avg. Reward Condition",40,"7",17,8,13,575,"Long",0.0820430775093985,0.568066739645395,NA,0.478019227433339,"localGP"
"17798",72,4,0,1,40.8666314399302,62.377113880281,"Smooth","Avg. Reward Condition",40,"7",17,8,12,575,"Long",0.0820430775093985,0.568066739645395,NA,0.478019227433339,"localGP"
"17799",72,5,0,2,36.3094858806942,62.377113880281,"Smooth","Avg. Reward Condition",40,"7",17,0,23,575,"Long",0.0820430775093985,0.568066739645395,NA,0.478019227433339,"localGP"
"17800",72,6,2,9,69.3281763432378,69.3281763432378,"Smooth","Avg. Reward Condition",40,"7",17,0,102,575,"Long",0.0820430775093985,0.568066739645395,NA,0.478019227433339,"localGP"
"17801",72,7,2,10,64.0452624101058,69.3281763432378,"Smooth","Avg. Reward Condition",40,"7",17,0,113,575,"Long",0.0820430775093985,0.568066739645395,NA,0.478019227433339,"localGP"
"17802",72,8,1,10,38.833322433852,69.3281763432378,"Smooth","Avg. Reward Condition",40,"7",17,0,112,575,"Long",0.0820430775093985,0.568066739645395,NA,0.478019227433339,"localGP"
"17803",72,9,0,10,11.2786864565213,69.3281763432378,"Smooth","Avg. Reward Condition",40,"7",17,8,111,575,"Long",0.0820430775093985,0.568066739645395,NA,0.478019227433339,"localGP"
"17804",72,10,7,4,42.6028889590444,69.3281763432378,"Smooth","Avg. Reward Condition",40,"7",17,9,52,575,"Long",0.0820430775093985,0.568066739645395,NA,0.478019227433339,"localGP"
"17805",72,11,8,4,25.5290036062029,69.3281763432378,"Smooth","Avg. Reward Condition",40,"7",17,1,53,575,"Long",0.0820430775093985,0.568066739645395,NA,0.478019227433339,"localGP"
"17806",72,12,9,5,49.3600787974706,69.3281763432378,"Smooth","Avg. Reward Condition",40,"7",17,1,65,575,"Long",0.0820430775093985,0.568066739645395,NA,0.478019227433339,"localGP"
"17807",72,13,2,3,51.4694994418352,69.3281763432378,"Smooth","Avg. Reward Condition",40,"7",17,2,36,575,"Long",0.0820430775093985,0.568066739645395,NA,0.478019227433339,"localGP"
"17808",72,14,2,4,78.1145537046303,78.1145537046303,"Smooth","Avg. Reward Condition",40,"7",17,1,47,575,"Long",0.0820430775093985,0.568066739645395,NA,0.478019227433339,"localGP"
"17809",72,15,2,5,96.5712701527156,96.5712701527156,"Smooth","Avg. Reward Condition",40,"7",17,1,58,575,"Long",0.0820430775093985,0.568066739645395,NA,0.478019227433339,"localGP"
"17810",72,16,1,4,59.7275307327632,96.5712701527156,"Smooth","Avg. Reward Condition",40,"7",17,7,46,575,"Long",0.0820430775093985,0.568066739645395,NA,0.478019227433339,"localGP"
"17811",72,17,1,5,55.0007890272568,96.5712701527156,"Smooth","Avg. Reward Condition",40,"7",17,8,57,575,"Long",0.0820430775093985,0.568066739645395,NA,0.478019227433339,"localGP"
"17812",72,18,0,5,32.850086686041,96.5712701527156,"Smooth","Avg. Reward Condition",40,"7",17,8,56,575,"Long",0.0820430775093985,0.568066739645395,NA,0.478019227433339,"localGP"
"17813",72,19,0,6,45.728251505355,96.5712701527156,"Smooth","Avg. Reward Condition",40,"7",17,1,67,575,"Long",0.0820430775093985,0.568066739645395,NA,0.478019227433339,"localGP"
"17814",72,20,1,6,46.8743954250285,96.5712701527156,"Smooth","Avg. Reward Condition",40,"7",17,1,68,575,"Long",0.0820430775093985,0.568066739645395,NA,0.478019227433339,"localGP"
"17815",72,21,2,6,67.9735102315088,96.5712701527156,"Smooth","Avg. Reward Condition",40,"7",17,1,69,575,"Long",0.0820430775093985,0.568066739645395,NA,0.478019227433339,"localGP"
"17816",72,22,2,5,96.5712701527156,96.5712701527156,"Smooth","Avg. Reward Condition",40,"7",17,1,58,575,"Long",0.0820430775093985,0.568066739645395,NA,0.478019227433339,"localGP"
"17817",72,23,3,5,100,100,"Smooth","Avg. Reward Condition",40,"7",17,1,59,575,"Long",0.0820430775093985,0.568066739645395,NA,0.478019227433339,"localGP"
"17818",72,24,3,6,61.6521718992743,100,"Smooth","Avg. Reward Condition",40,"7",17,2,70,575,"Long",0.0820430775093985,0.568066739645395,NA,0.478019227433339,"localGP"
"17819",72,25,3,5,100,100,"Smooth","Avg. Reward Condition",40,"7",17,1,59,575,"Long",0.0820430775093985,0.568066739645395,NA,0.478019227433339,"localGP"
"17820",72,26,3,5,100,100,"Smooth","Avg. Reward Condition",40,"7",17,1,59,575,"Long",0.0820430775093985,0.568066739645395,NA,0.478019227433339,"localGP"
"17821",72,27,3,4,81.7432518785976,100,"Smooth","Avg. Reward Condition",40,"7",17,1,48,575,"Long",0.0820430775093985,0.568066739645395,NA,0.478019227433339,"localGP"
"17822",72,28,3,5,100,100,"Smooth","Avg. Reward Condition",40,"7",17,1,59,575,"Long",0.0820430775093985,0.568066739645395,NA,0.478019227433339,"localGP"
"17823",72,29,3,8,42.84962574602,100,"Smooth","Avg. Reward Condition",40,"7",17,3,92,575,"Long",0.0820430775093985,0.568066739645395,NA,0.478019227433339,"localGP"
"17824",72,30,2,8,56.749621146005,100,"Smooth","Avg. Reward Condition",40,"7",17,1,91,575,"Long",0.0820430775093985,0.568066739645395,NA,0.478019227433339,"localGP"
"17825",72,31,1,8,61.4248560336744,100,"Smooth","Avg. Reward Condition",40,"7",17,1,90,575,"Long",0.0820430775093985,0.568066739645395,NA,0.478019227433339,"localGP"
"17826",72,32,1,9,43.2151205194365,100,"Smooth","Avg. Reward Condition",40,"7",17,1,101,575,"Long",0.0820430775093985,0.568066739645395,NA,0.478019227433339,"localGP"
"17827",72,33,3,9,57.8931465906352,100,"Smooth","Avg. Reward Condition",40,"7",17,1,103,575,"Long",0.0820430775093985,0.568066739645395,NA,0.478019227433339,"localGP"
"17828",72,34,10,8,52.8164121364867,100,"Smooth","Avg. Reward Condition",40,"7",17,1,99,575,"Long",0.0820430775093985,0.568066739645395,NA,0.478019227433339,"localGP"
"17829",72,35,10,9,62.3531210252204,100,"Smooth","Avg. Reward Condition",40,"7",17,1,110,575,"Long",0.0820430775093985,0.568066739645395,NA,0.478019227433339,"localGP"
"17830",72,36,9,9,82.3610633531152,100,"Smooth","Avg. Reward Condition",40,"7",17,1,109,575,"Long",0.0820430775093985,0.568066739645395,NA,0.478019227433339,"localGP"
"17831",72,37,8,9,55.5010385970611,100,"Smooth","Avg. Reward Condition",40,"7",17,1,108,575,"Long",0.0820430775093985,0.568066739645395,NA,0.478019227433339,"localGP"
"17832",72,38,8,10,49.8309633888128,100,"Smooth","Avg. Reward Condition",40,"7",17,1,119,575,"Long",0.0820430775093985,0.568066739645395,NA,0.478019227433339,"localGP"
"17833",72,39,9,10,51.9374709842096,100,"Smooth","Avg. Reward Condition",40,"7",17,1,120,575,"Long",0.0820430775093985,0.568066739645395,NA,0.478019227433339,"localGP"
"17834",72,40,10,10,65.1732478778687,100,"Smooth","Avg. Reward Condition",40,"7",17,1,121,575,"Long",0.0820430775093985,0.568066739645395,NA,0.478019227433339,"localGP"
"17835",72,41,10,7,52.8033208285955,100,"Smooth","Avg. Reward Condition",40,"7",17,1,88,575,"Long",0.0820430775093985,0.568066739645395,NA,0.478019227433339,"localGP"
"17836",72,1,7,3,40.584194910341,40.584194910341,"Smooth","Avg. Reward Condition",20,"8",14,NA,41,576,"Short",0.0907577364026401,0.696251997261131,NA,0.542990948715048,"localGP"
"17837",72,2,9,1,44.1985025051653,44.1985025051653,"Smooth","Avg. Reward Condition",20,"8",14,11,21,576,"Short",0.0907577364026401,0.696251997261131,NA,0.542990948715048,"localGP"
"17838",72,3,9,3,26.7801614891284,44.1985025051653,"Smooth","Avg. Reward Condition",20,"8",14,8,43,576,"Short",0.0907577364026401,0.696251997261131,NA,0.542990948715048,"localGP"
"17839",72,4,6,3,45.8200916471857,45.8200916471857,"Smooth","Avg. Reward Condition",20,"8",14,7,40,576,"Short",0.0907577364026401,0.696251997261131,NA,0.542990948715048,"localGP"
"17840",72,5,5,0,68.5162654383433,68.5162654383433,"Smooth","Avg. Reward Condition",20,"8",14,8,6,576,"Short",0.0907577364026401,0.696251997261131,NA,0.542990948715048,"localGP"
"17841",72,6,6,0,43.3311523001001,68.5162654383433,"Smooth","Avg. Reward Condition",20,"8",14,6,7,576,"Short",0.0907577364026401,0.696251997261131,NA,0.542990948715048,"localGP"
"17842",72,7,6,10,40.244981968157,68.5162654383433,"Smooth","Avg. Reward Condition",20,"8",14,2,117,576,"Short",0.0907577364026401,0.696251997261131,NA,0.542990948715048,"localGP"
"17843",72,8,4,10,53.6837702562428,68.5162654383433,"Smooth","Avg. Reward Condition",20,"8",14,1,115,576,"Short",0.0907577364026401,0.696251997261131,NA,0.542990948715048,"localGP"
"17844",72,9,3,10,73.0643820876039,73.0643820876039,"Smooth","Avg. Reward Condition",20,"8",14,1,114,576,"Short",0.0907577364026401,0.696251997261131,NA,0.542990948715048,"localGP"
"17845",72,10,9,9,45.572725705469,73.0643820876039,"Smooth","Avg. Reward Condition",20,"8",14,1,109,576,"Short",0.0907577364026401,0.696251997261131,NA,0.542990948715048,"localGP"
"17846",72,11,8,8,71.5418011701731,73.0643820876039,"Smooth","Avg. Reward Condition",20,"8",14,2,97,576,"Short",0.0907577364026401,0.696251997261131,NA,0.542990948715048,"localGP"
"17847",72,12,7,8,64.3486070540573,73.0643820876039,"Smooth","Avg. Reward Condition",20,"8",14,1,96,576,"Short",0.0907577364026401,0.696251997261131,NA,0.542990948715048,"localGP"
"17848",72,13,7,9,60.2315250004543,73.0643820876039,"Smooth","Avg. Reward Condition",20,"8",14,1,107,576,"Short",0.0907577364026401,0.696251997261131,NA,0.542990948715048,"localGP"
"17849",72,14,8,9,77.111237702123,77.111237702123,"Smooth","Avg. Reward Condition",20,"8",14,1,108,576,"Short",0.0907577364026401,0.696251997261131,NA,0.542990948715048,"localGP"
"17850",72,15,8,10,56.0539932412239,77.111237702123,"Smooth","Avg. Reward Condition",20,"8",14,2,119,576,"Short",0.0907577364026401,0.696251997261131,NA,0.542990948715048,"localGP"
"17851",72,16,9,10,28.085231327396,77.111237702123,"Smooth","Avg. Reward Condition",20,"8",14,1,120,576,"Short",0.0907577364026401,0.696251997261131,NA,0.542990948715048,"localGP"
"17852",72,17,7,6,23.0283508760921,77.111237702123,"Smooth","Avg. Reward Condition",20,"8",14,2,74,576,"Short",0.0907577364026401,0.696251997261131,NA,0.542990948715048,"localGP"
"17853",72,18,7,7,54.0986871423135,77.111237702123,"Smooth","Avg. Reward Condition",20,"8",14,0,85,576,"Short",0.0907577364026401,0.696251997261131,NA,0.542990948715048,"localGP"
"17854",72,19,8,7,50.4837512080328,77.111237702123,"Smooth","Avg. Reward Condition",20,"8",14,1,86,576,"Short",0.0907577364026401,0.696251997261131,NA,0.542990948715048,"localGP"
"17855",72,20,10,8,35.2764128240829,77.111237702123,"Smooth","Avg. Reward Condition",20,"8",14,2,99,576,"Short",0.0907577364026401,0.696251997261131,NA,0.542990948715048,"localGP"
"17856",72,21,4,9,36.9938233917223,77.111237702123,"Smooth","Avg. Reward Condition",20,"8",14,1,104,576,"Short",0.0907577364026401,0.696251997261131,NA,0.542990948715048,"localGP"
"17857",73,1,7,2,87.3844592186431,87.3844592186431,"Rough","Max. Reward Condition",20,"1",1,NA,30,577,"Short",0.0775513607977977,0.639599466920793,NA,0.516806498239041,"localGP"
"17858",73,2,8,2,77.798359488466,87.3844592186431,"Rough","Max. Reward Condition",20,"1",1,1,31,577,"Short",0.0775513607977977,0.639599466920793,NA,0.516806498239041,"localGP"
"17859",73,3,9,2,45.6743517242672,87.3844592186431,"Rough","Max. Reward Condition",20,"1",1,2,32,577,"Short",0.0775513607977977,0.639599466920793,NA,0.516806498239041,"localGP"
"17860",73,4,9,3,60.9343747722388,87.3844592186431,"Rough","Max. Reward Condition",20,"1",1,1,43,577,"Short",0.0775513607977977,0.639599466920793,NA,0.516806498239041,"localGP"
"17861",73,5,6,3,82.7136870116885,87.3844592186431,"Rough","Max. Reward Condition",20,"1",1,2,40,577,"Short",0.0775513607977977,0.639599466920793,NA,0.516806498239041,"localGP"
"17862",73,6,5,3,69.3021428353684,87.3844592186431,"Rough","Max. Reward Condition",20,"1",1,1,39,577,"Short",0.0775513607977977,0.639599466920793,NA,0.516806498239041,"localGP"
"17863",73,7,6,9,34.2500725757816,87.3844592186431,"Rough","Max. Reward Condition",20,"1",1,1,106,577,"Short",0.0775513607977977,0.639599466920793,NA,0.516806498239041,"localGP"
"17864",73,8,6,8,41.6897572985855,87.3844592186431,"Rough","Max. Reward Condition",20,"1",1,1,95,577,"Short",0.0775513607977977,0.639599466920793,NA,0.516806498239041,"localGP"
"17865",73,9,6,7,56.6570427677056,87.3844592186431,"Rough","Max. Reward Condition",20,"1",1,1,84,577,"Short",0.0775513607977977,0.639599466920793,NA,0.516806498239041,"localGP"
"17866",73,10,4,9,18.5152666705333,87.3844592186431,"Rough","Max. Reward Condition",20,"1",1,3,104,577,"Short",0.0775513607977977,0.639599466920793,NA,0.516806498239041,"localGP"
"17867",73,11,3,8,30.5083687411474,87.3844592186431,"Rough","Max. Reward Condition",20,"1",1,0,92,577,"Short",0.0775513607977977,0.639599466920793,NA,0.516806498239041,"localGP"
"17868",73,12,3,9,36.2621127065425,87.3844592186431,"Rough","Max. Reward Condition",20,"1",1,2,103,577,"Short",0.0775513607977977,0.639599466920793,NA,0.516806498239041,"localGP"
"17869",73,13,4,10,44.8844429626108,87.3844592186431,"Rough","Max. Reward Condition",20,"1",1,1,115,577,"Short",0.0775513607977977,0.639599466920793,NA,0.516806498239041,"localGP"
"17870",73,14,5,10,48.9263538903063,87.3844592186431,"Rough","Max. Reward Condition",20,"1",1,1,116,577,"Short",0.0775513607977977,0.639599466920793,NA,0.516806498239041,"localGP"
"17871",73,15,6,10,30.4281577841895,87.3844592186431,"Rough","Max. Reward Condition",20,"1",1,1,117,577,"Short",0.0775513607977977,0.639599466920793,NA,0.516806498239041,"localGP"
"17872",73,16,7,10,39.1305006812837,87.3844592186431,"Rough","Max. Reward Condition",20,"1",1,2,118,577,"Short",0.0775513607977977,0.639599466920793,NA,0.516806498239041,"localGP"
"17873",73,17,8,10,52.0181459798519,87.3844592186431,"Rough","Max. Reward Condition",20,"1",1,2,119,577,"Short",0.0775513607977977,0.639599466920793,NA,0.516806498239041,"localGP"
"17874",73,18,9,10,49.6139701131598,87.3844592186431,"Rough","Max. Reward Condition",20,"1",1,1,120,577,"Short",0.0775513607977977,0.639599466920793,NA,0.516806498239041,"localGP"
"17875",73,19,10,10,43.1852507215821,87.3844592186431,"Rough","Max. Reward Condition",20,"1",1,1,121,577,"Short",0.0775513607977977,0.639599466920793,NA,0.516806498239041,"localGP"
"17876",73,20,7,4,77.4616893062404,87.3844592186431,"Rough","Max. Reward Condition",20,"1",1,1,52,577,"Short",0.0775513607977977,0.639599466920793,NA,0.516806498239041,"localGP"
"17877",73,21,7,3,90.8008789663477,90.8008789663477,"Rough","Max. Reward Condition",20,"1",1,2,41,577,"Short",0.0775513607977977,0.639599466920793,NA,0.516806498239041,"localGP"
"17878",73,1,10,7,74.302046558664,74.302046558664,"Rough","Max. Reward Condition",40,"2",3,NA,88,578,"Long",0.133995470144036,0.551059172257515,NA,0.733220168510034,"localGP"
"17879",73,2,10,6,69.1638610636693,74.302046558664,"Rough","Max. Reward Condition",40,"2",3,2,77,578,"Long",0.133995470144036,0.551059172257515,NA,0.733220168510034,"localGP"
"17880",73,3,10,5,66.5733513621972,74.302046558664,"Rough","Max. Reward Condition",40,"2",3,2,66,578,"Long",0.133995470144036,0.551059172257515,NA,0.733220168510034,"localGP"
"17881",73,4,10,4,55.8295029198289,74.302046558664,"Rough","Max. Reward Condition",40,"2",3,1,55,578,"Long",0.133995470144036,0.551059172257515,NA,0.733220168510034,"localGP"
"17882",73,5,9,10,56.585007074553,74.302046558664,"Rough","Max. Reward Condition",40,"2",3,1,120,578,"Long",0.133995470144036,0.551059172257515,NA,0.733220168510034,"localGP"
"17883",73,6,9,9,64.5300150123819,74.302046558664,"Rough","Max. Reward Condition",40,"2",3,1,109,578,"Long",0.133995470144036,0.551059172257515,NA,0.733220168510034,"localGP"
"17884",73,7,8,10,41.0809609626061,74.302046558664,"Rough","Max. Reward Condition",40,"2",3,1,119,578,"Long",0.133995470144036,0.551059172257515,NA,0.733220168510034,"localGP"
"17885",73,8,8,9,62.9374230938864,74.302046558664,"Rough","Max. Reward Condition",40,"2",3,1,108,578,"Long",0.133995470144036,0.551059172257515,NA,0.733220168510034,"localGP"
"17886",73,9,7,9,92.1104494537164,92.1104494537164,"Rough","Max. Reward Condition",40,"2",3,1,107,578,"Long",0.133995470144036,0.551059172257515,NA,0.733220168510034,"localGP"
"17887",73,10,6,10,74.9768973404555,92.1104494537164,"Rough","Max. Reward Condition",40,"2",3,1,117,578,"Long",0.133995470144036,0.551059172257515,NA,0.733220168510034,"localGP"
"17888",73,11,7,10,69.9878976597928,92.1104494537164,"Rough","Max. Reward Condition",40,"2",3,2,118,578,"Long",0.133995470144036,0.551059172257515,NA,0.733220168510034,"localGP"
"17889",73,12,4,10,39.6228842539641,92.1104494537164,"Rough","Max. Reward Condition",40,"2",3,1,115,578,"Long",0.133995470144036,0.551059172257515,NA,0.733220168510034,"localGP"
"17890",73,13,3,10,27.8257568342711,92.1104494537164,"Rough","Max. Reward Condition",40,"2",3,2,114,578,"Long",0.133995470144036,0.551059172257515,NA,0.733220168510034,"localGP"
"17891",73,14,2,10,32.7930562436501,92.1104494537164,"Rough","Max. Reward Condition",40,"2",3,1,113,578,"Long",0.133995470144036,0.551059172257515,NA,0.733220168510034,"localGP"
"17892",73,15,10,10,53.1955394610768,92.1104494537164,"Rough","Max. Reward Condition",40,"2",3,1,121,578,"Long",0.133995470144036,0.551059172257515,NA,0.733220168510034,"localGP"
"17893",73,16,8,9,62.9374230938864,92.1104494537164,"Rough","Max. Reward Condition",40,"2",3,1,108,578,"Long",0.133995470144036,0.551059172257515,NA,0.733220168510034,"localGP"
"17894",73,17,8,8,86.9112548531245,92.1104494537164,"Rough","Max. Reward Condition",40,"2",3,1,97,578,"Long",0.133995470144036,0.551059172257515,NA,0.733220168510034,"localGP"
"17895",73,18,7,8,100,100,"Rough","Max. Reward Condition",40,"2",3,1,96,578,"Long",0.133995470144036,0.551059172257515,NA,0.733220168510034,"localGP"
"17896",73,19,7,7,84.838078337325,100,"Rough","Max. Reward Condition",40,"2",3,3,85,578,"Long",0.133995470144036,0.551059172257515,NA,0.733220168510034,"localGP"
"17897",73,20,7,6,45.7319528653263,100,"Rough","Max. Reward Condition",40,"2",3,1,74,578,"Long",0.133995470144036,0.551059172257515,NA,0.733220168510034,"localGP"
"17898",73,21,6,6,43.2008505736077,100,"Rough","Max. Reward Condition",40,"2",3,1,73,578,"Long",0.133995470144036,0.551059172257515,NA,0.733220168510034,"localGP"
"17899",73,22,6,7,47.0402121528256,100,"Rough","Max. Reward Condition",40,"2",3,1,84,578,"Long",0.133995470144036,0.551059172257515,NA,0.733220168510034,"localGP"
"17900",73,23,5,7,56.1612856920817,100,"Rough","Max. Reward Condition",40,"2",3,1,83,578,"Long",0.133995470144036,0.551059172257515,NA,0.733220168510034,"localGP"
"17901",73,24,5,6,47.8129336861214,100,"Rough","Max. Reward Condition",40,"2",3,1,72,578,"Long",0.133995470144036,0.551059172257515,NA,0.733220168510034,"localGP"
"17902",73,25,4,7,73.9799406731188,100,"Rough","Max. Reward Condition",40,"2",3,1,82,578,"Long",0.133995470144036,0.551059172257515,NA,0.733220168510034,"localGP"
"17903",73,26,2,3,30.603751713123,100,"Rough","Max. Reward Condition",40,"2",3,0,36,578,"Long",0.133995470144036,0.551059172257515,NA,0.733220168510034,"localGP"
"17904",73,27,1,3,44.0291099812152,100,"Rough","Max. Reward Condition",40,"2",3,1,35,578,"Long",0.133995470144036,0.551059172257515,NA,0.733220168510034,"localGP"
"17905",73,28,1,4,28.2772225047423,100,"Rough","Max. Reward Condition",40,"2",3,7,46,578,"Long",0.133995470144036,0.551059172257515,NA,0.733220168510034,"localGP"
"17906",73,29,1,1,55.6104424370959,100,"Rough","Max. Reward Condition",40,"2",3,5,13,578,"Long",0.133995470144036,0.551059172257515,NA,0.733220168510034,"localGP"
"17907",73,30,1,0,14.462063322547,100,"Rough","Max. Reward Condition",40,"2",3,2,2,578,"Long",0.133995470144036,0.551059172257515,NA,0.733220168510034,"localGP"
"17908",73,31,2,0,30.4119730955053,100,"Rough","Max. Reward Condition",40,"2",3,1,3,578,"Long",0.133995470144036,0.551059172257515,NA,0.733220168510034,"localGP"
"17909",73,32,3,0,54.3215308277362,100,"Rough","Max. Reward Condition",40,"2",3,3,4,578,"Long",0.133995470144036,0.551059172257515,NA,0.733220168510034,"localGP"
"17910",73,33,4,0,28.6800847238269,100,"Rough","Max. Reward Condition",40,"2",3,6,5,578,"Long",0.133995470144036,0.551059172257515,NA,0.733220168510034,"localGP"
"17911",73,34,4,1,12.1703970520116,100,"Rough","Max. Reward Condition",40,"2",3,1,16,578,"Long",0.133995470144036,0.551059172257515,NA,0.733220168510034,"localGP"
"17912",73,35,4,2,29.665903632224,100,"Rough","Max. Reward Condition",40,"2",3,1,27,578,"Long",0.133995470144036,0.551059172257515,NA,0.733220168510034,"localGP"
"17913",73,36,4,3,48.5897341820255,100,"Rough","Max. Reward Condition",40,"2",3,1,38,578,"Long",0.133995470144036,0.551059172257515,NA,0.733220168510034,"localGP"
"17914",73,37,4,4,49.7580304361875,100,"Rough","Max. Reward Condition",40,"2",3,1,49,578,"Long",0.133995470144036,0.551059172257515,NA,0.733220168510034,"localGP"
"17915",73,38,1,3,44.0291099812152,100,"Rough","Max. Reward Condition",40,"2",3,1,35,578,"Long",0.133995470144036,0.551059172257515,NA,0.733220168510034,"localGP"
"17916",73,39,0,3,46.9181544218078,100,"Rough","Max. Reward Condition",40,"2",3,1,34,578,"Long",0.133995470144036,0.551059172257515,NA,0.733220168510034,"localGP"
"17917",73,40,1,6,53.9545018357503,100,"Rough","Max. Reward Condition",40,"2",3,1,68,578,"Long",0.133995470144036,0.551059172257515,NA,0.733220168510034,"localGP"
"17918",73,41,7,4,51.8737663281412,100,"Rough","Max. Reward Condition",40,"2",3,1,52,578,"Long",0.133995470144036,0.551059172257515,NA,0.733220168510034,"localGP"
"17919",73,1,10,5,24.0277528362219,24.0277528362219,"Rough","Max. Reward Condition",20,"3",11,NA,66,579,"Short",0.071538881608864,0.596529680228128,NA,0.451948217634472,"localGP"
"17920",73,2,9,5,4.84185863158433,24.0277528362219,"Rough","Max. Reward Condition",20,"3",11,1,65,579,"Short",0.071538881608864,0.596529680228128,NA,0.451948217634472,"localGP"
"17921",73,3,9,6,44.0877983401219,44.0877983401219,"Rough","Max. Reward Condition",20,"3",11,1,76,579,"Short",0.071538881608864,0.596529680228128,NA,0.451948217634472,"localGP"
"17922",73,4,10,8,36.9684379010422,44.0877983401219,"Rough","Max. Reward Condition",20,"3",11,2,99,579,"Short",0.071538881608864,0.596529680228128,NA,0.451948217634472,"localGP"
"17923",73,5,5,10,87.2658829250153,87.2658829250153,"Rough","Max. Reward Condition",20,"3",11,1,116,579,"Short",0.071538881608864,0.596529680228128,NA,0.451948217634472,"localGP"
"17924",73,6,6,10,64.4156192445451,87.2658829250153,"Rough","Max. Reward Condition",20,"3",11,1,117,579,"Short",0.071538881608864,0.596529680228128,NA,0.451948217634472,"localGP"
"17925",73,7,7,10,44.763338085442,87.2658829250153,"Rough","Max. Reward Condition",20,"3",11,1,118,579,"Short",0.071538881608864,0.596529680228128,NA,0.451948217634472,"localGP"
"17926",73,8,7,9,39.2512889710385,87.2658829250153,"Rough","Max. Reward Condition",20,"3",11,1,107,579,"Short",0.071538881608864,0.596529680228128,NA,0.451948217634472,"localGP"
"17927",73,9,8,9,60.550993033302,87.2658829250153,"Rough","Max. Reward Condition",20,"3",11,1,108,579,"Short",0.071538881608864,0.596529680228128,NA,0.451948217634472,"localGP"
"17928",73,10,7,4,66.5199662009468,87.2658829250153,"Rough","Max. Reward Condition",20,"3",11,2,52,579,"Short",0.071538881608864,0.596529680228128,NA,0.451948217634472,"localGP"
"17929",73,11,6,4,60.614772799294,87.2658829250153,"Rough","Max. Reward Condition",20,"3",11,1,51,579,"Short",0.071538881608864,0.596529680228128,NA,0.451948217634472,"localGP"
"17930",73,12,6,3,60.8573330734455,87.2658829250153,"Rough","Max. Reward Condition",20,"3",11,1,40,579,"Short",0.071538881608864,0.596529680228128,NA,0.451948217634472,"localGP"
"17931",73,13,6,2,47.8721615024449,87.2658829250153,"Rough","Max. Reward Condition",20,"3",11,1,29,579,"Short",0.071538881608864,0.596529680228128,NA,0.451948217634472,"localGP"
"17932",73,14,6,3,60.8573330734455,87.2658829250153,"Rough","Max. Reward Condition",20,"3",11,2,40,579,"Short",0.071538881608864,0.596529680228128,NA,0.451948217634472,"localGP"
"17933",73,15,3,0,21.646783304151,87.2658829250153,"Rough","Max. Reward Condition",20,"3",11,2,4,579,"Short",0.071538881608864,0.596529680228128,NA,0.451948217634472,"localGP"
"17934",73,16,1,8,56.1053689232527,87.2658829250153,"Rough","Max. Reward Condition",20,"3",11,1,90,579,"Short",0.071538881608864,0.596529680228128,NA,0.451948217634472,"localGP"
"17935",73,17,1,7,66.3320145159087,87.2658829250153,"Rough","Max. Reward Condition",20,"3",11,4,79,579,"Short",0.071538881608864,0.596529680228128,NA,0.451948217634472,"localGP"
"17936",73,18,2,7,55.5981513858235,87.2658829250153,"Rough","Max. Reward Condition",20,"3",11,1,80,579,"Short",0.071538881608864,0.596529680228128,NA,0.451948217634472,"localGP"
"17937",73,19,2,8,51.021079018963,87.2658829250153,"Rough","Max. Reward Condition",20,"3",11,0,91,579,"Short",0.071538881608864,0.596529680228128,NA,0.451948217634472,"localGP"
"17938",73,20,2,9,30.1299532832918,87.2658829250153,"Rough","Max. Reward Condition",20,"3",11,2,102,579,"Short",0.071538881608864,0.596529680228128,NA,0.451948217634472,"localGP"
"17939",73,21,2,10,17.4994853434702,87.2658829250153,"Rough","Max. Reward Condition",20,"3",11,1,113,579,"Short",0.071538881608864,0.596529680228128,NA,0.451948217634472,"localGP"
"17940",73,1,1,5,64.6815173963215,64.6815173963215,"Rough","Max. Reward Condition",40,"4",13,NA,57,580,"Long",0.120057710424299,0.582010069027547,NA,0.697889058054666,"localGP"
"17941",73,2,1,4,57.8821067127826,64.6815173963215,"Rough","Max. Reward Condition",40,"4",13,1,46,580,"Long",0.120057710424299,0.582010069027547,NA,0.697889058054666,"localGP"
"17942",73,3,1,3,24.1058601457034,64.6815173963215,"Rough","Max. Reward Condition",40,"4",13,1,35,580,"Long",0.120057710424299,0.582010069027547,NA,0.697889058054666,"localGP"
"17943",73,4,3,0,52.2562561155338,64.6815173963215,"Rough","Max. Reward Condition",40,"4",13,1,4,580,"Long",0.120057710424299,0.582010069027547,NA,0.697889058054666,"localGP"
"17944",73,5,5,0,64.1419179337713,64.6815173963215,"Rough","Max. Reward Condition",40,"4",13,1,6,580,"Long",0.120057710424299,0.582010069027547,NA,0.697889058054666,"localGP"
"17945",73,6,5,1,30.9871614244868,64.6815173963215,"Rough","Max. Reward Condition",40,"4",13,1,17,580,"Long",0.120057710424299,0.582010069027547,NA,0.697889058054666,"localGP"
"17946",73,7,4,1,46.8486236737456,64.6815173963215,"Rough","Max. Reward Condition",40,"4",13,3,16,580,"Long",0.120057710424299,0.582010069027547,NA,0.697889058054666,"localGP"
"17947",73,8,4,2,29.018522629385,64.6815173963215,"Rough","Max. Reward Condition",40,"4",13,2,27,580,"Long",0.120057710424299,0.582010069027547,NA,0.697889058054666,"localGP"
"17948",73,9,5,10,12.2288928318123,64.6815173963215,"Rough","Max. Reward Condition",40,"4",13,1,116,580,"Long",0.120057710424299,0.582010069027547,NA,0.697889058054666,"localGP"
"17949",73,10,6,10,0.313800419129401,64.6815173963215,"Rough","Max. Reward Condition",40,"4",13,2,117,580,"Long",0.120057710424299,0.582010069027547,NA,0.697889058054666,"localGP"
"17950",73,11,9,9,62.7122285843456,64.6815173963215,"Rough","Max. Reward Condition",40,"4",13,2,109,580,"Long",0.120057710424299,0.582010069027547,NA,0.697889058054666,"localGP"
"17951",73,12,10,9,78.2027912905164,78.2027912905164,"Rough","Max. Reward Condition",40,"4",13,2,110,580,"Long",0.120057710424299,0.582010069027547,NA,0.697889058054666,"localGP"
"17952",73,13,10,10,64.51081568663,78.2027912905164,"Rough","Max. Reward Condition",40,"4",13,1,121,580,"Long",0.120057710424299,0.582010069027547,NA,0.697889058054666,"localGP"
"17953",73,14,9,10,60.7749452676807,78.2027912905164,"Rough","Max. Reward Condition",40,"4",13,0,120,580,"Long",0.120057710424299,0.582010069027547,NA,0.697889058054666,"localGP"
"17954",73,15,8,10,31.0383733536664,78.2027912905164,"Rough","Max. Reward Condition",40,"4",13,2,119,580,"Long",0.120057710424299,0.582010069027547,NA,0.697889058054666,"localGP"
"17955",73,16,8,9,45.2150517088665,78.2027912905164,"Rough","Max. Reward Condition",40,"4",13,3,108,580,"Long",0.120057710424299,0.582010069027547,NA,0.697889058054666,"localGP"
"17956",73,17,7,6,59.1670306987151,78.2027912905164,"Rough","Max. Reward Condition",40,"4",13,1,74,580,"Long",0.120057710424299,0.582010069027547,NA,0.697889058054666,"localGP"
"17957",73,18,6,6,81.5801840646008,81.5801840646008,"Rough","Max. Reward Condition",40,"4",13,1,73,580,"Long",0.120057710424299,0.582010069027547,NA,0.697889058054666,"localGP"
"17958",73,19,5,6,67.8000614723364,81.5801840646008,"Rough","Max. Reward Condition",40,"4",13,1,72,580,"Long",0.120057710424299,0.582010069027547,NA,0.697889058054666,"localGP"
"17959",73,20,5,5,28.510016911911,81.5801840646008,"Rough","Max. Reward Condition",40,"4",13,1,61,580,"Long",0.120057710424299,0.582010069027547,NA,0.697889058054666,"localGP"
"17960",73,21,1,5,64.6815173963215,81.5801840646008,"Rough","Max. Reward Condition",40,"4",13,3,57,580,"Long",0.120057710424299,0.582010069027547,NA,0.697889058054666,"localGP"
"17961",73,22,2,5,73.5182942872348,81.5801840646008,"Rough","Max. Reward Condition",40,"4",13,4,58,580,"Long",0.120057710424299,0.582010069027547,NA,0.697889058054666,"localGP"
"17962",73,23,2,6,46.1154151661553,81.5801840646008,"Rough","Max. Reward Condition",40,"4",13,2,69,580,"Long",0.120057710424299,0.582010069027547,NA,0.697889058054666,"localGP"
"17963",73,24,2,7,35.359724006426,81.5801840646008,"Rough","Max. Reward Condition",40,"4",13,4,80,580,"Long",0.120057710424299,0.582010069027547,NA,0.697889058054666,"localGP"
"17964",73,25,6,4,11.152859969979,81.5801840646008,"Rough","Max. Reward Condition",40,"4",13,3,51,580,"Long",0.120057710424299,0.582010069027547,NA,0.697889058054666,"localGP"
"17965",73,26,1,2,38.3504915671492,81.5801840646008,"Rough","Max. Reward Condition",40,"4",13,2,24,580,"Long",0.120057710424299,0.582010069027547,NA,0.697889058054666,"localGP"
"17966",73,27,2,2,91.2685637119397,91.2685637119397,"Rough","Max. Reward Condition",40,"4",13,1,25,580,"Long",0.120057710424299,0.582010069027547,NA,0.697889058054666,"localGP"
"17967",73,28,10,5,36.4623399771375,91.2685637119397,"Rough","Max. Reward Condition",40,"4",13,2,66,580,"Long",0.120057710424299,0.582010069027547,NA,0.697889058054666,"localGP"
"17968",73,29,10,6,43.7834189744313,91.2685637119397,"Rough","Max. Reward Condition",40,"4",13,1,77,580,"Long",0.120057710424299,0.582010069027547,NA,0.697889058054666,"localGP"
"17969",73,30,9,6,20.0963903815858,91.2685637119397,"Rough","Max. Reward Condition",40,"4",13,2,76,580,"Long",0.120057710424299,0.582010069027547,NA,0.697889058054666,"localGP"
"17970",73,31,9,7,38.2481492101488,91.2685637119397,"Rough","Max. Reward Condition",40,"4",13,1,87,580,"Long",0.120057710424299,0.582010069027547,NA,0.697889058054666,"localGP"
"17971",73,32,10,7,43.7318226156506,91.2685637119397,"Rough","Max. Reward Condition",40,"4",13,1,88,580,"Long",0.120057710424299,0.582010069027547,NA,0.697889058054666,"localGP"
"17972",73,33,10,8,70.6098250573604,91.2685637119397,"Rough","Max. Reward Condition",40,"4",13,1,99,580,"Long",0.120057710424299,0.582010069027547,NA,0.697889058054666,"localGP"
"17973",73,34,9,8,52.3170386231255,91.2685637119397,"Rough","Max. Reward Condition",40,"4",13,1,98,580,"Long",0.120057710424299,0.582010069027547,NA,0.697889058054666,"localGP"
"17974",73,35,8,8,57.8542961251915,91.2685637119397,"Rough","Max. Reward Condition",40,"4",13,1,97,580,"Long",0.120057710424299,0.582010069027547,NA,0.697889058054666,"localGP"
"17975",73,36,7,8,30.3880367689593,91.2685637119397,"Rough","Max. Reward Condition",40,"4",13,1,96,580,"Long",0.120057710424299,0.582010069027547,NA,0.697889058054666,"localGP"
"17976",73,37,4,10,31.3744898461454,91.2685637119397,"Rough","Max. Reward Condition",40,"4",13,6,115,580,"Long",0.120057710424299,0.582010069027547,NA,0.697889058054666,"localGP"
"17977",73,38,3,10,49.5315069450251,91.2685637119397,"Rough","Max. Reward Condition",40,"4",13,1,114,580,"Long",0.120057710424299,0.582010069027547,NA,0.697889058054666,"localGP"
"17978",73,39,2,10,46.7671401163618,91.2685637119397,"Rough","Max. Reward Condition",40,"4",13,1,113,580,"Long",0.120057710424299,0.582010069027547,NA,0.697889058054666,"localGP"
"17979",73,40,6,10,0.313800419129401,91.2685637119397,"Rough","Max. Reward Condition",40,"4",13,1,117,580,"Long",0.120057710424299,0.582010069027547,NA,0.697889058054666,"localGP"
"17980",73,41,7,10,6.16027342838367,91.2685637119397,"Rough","Max. Reward Condition",40,"4",13,7,118,580,"Long",0.120057710424299,0.582010069027547,NA,0.697889058054666,"localGP"
"17981",73,1,10,4,33.0997948089622,33.0997948089622,"Rough","Max. Reward Condition",20,"5",0,NA,55,581,"Short",0.0747858838857907,0.631206849080761,NA,0.492708728849143,"localGP"
"17982",73,2,9,4,26.0631617428535,33.0997948089622,"Rough","Max. Reward Condition",20,"5",0,1,54,581,"Short",0.0747858838857907,0.631206849080761,NA,0.492708728849143,"localGP"
"17983",73,3,8,4,38.5202921963772,38.5202921963772,"Rough","Max. Reward Condition",20,"5",0,2,53,581,"Short",0.0747858838857907,0.631206849080761,NA,0.492708728849143,"localGP"
"17984",73,4,8,5,25.4664364845841,38.5202921963772,"Rough","Max. Reward Condition",20,"5",0,1,64,581,"Short",0.0747858838857907,0.631206849080761,NA,0.492708728849143,"localGP"
"17985",73,5,7,5,54.6376414443385,54.6376414443385,"Rough","Max. Reward Condition",20,"5",0,1,63,581,"Short",0.0747858838857907,0.631206849080761,NA,0.492708728849143,"localGP"
"17986",73,6,6,5,38.4802247226953,54.6376414443385,"Rough","Max. Reward Condition",20,"5",0,1,62,581,"Short",0.0747858838857907,0.631206849080761,NA,0.492708728849143,"localGP"
"17987",73,7,5,4,41.9694329426613,54.6376414443385,"Rough","Max. Reward Condition",20,"5",0,2,50,581,"Short",0.0747858838857907,0.631206849080761,NA,0.492708728849143,"localGP"
"17988",73,8,6,4,26.4092350309844,54.6376414443385,"Rough","Max. Reward Condition",20,"5",0,1,51,581,"Short",0.0747858838857907,0.631206849080761,NA,0.492708728849143,"localGP"
"17989",73,9,4,6,4.57974265293169,54.6376414443385,"Rough","Max. Reward Condition",20,"5",0,2,71,581,"Short",0.0747858838857907,0.631206849080761,NA,0.492708728849143,"localGP"
"17990",73,10,4,4,67.056370714112,67.056370714112,"Rough","Max. Reward Condition",20,"5",0,2,49,581,"Short",0.0747858838857907,0.631206849080761,NA,0.492708728849143,"localGP"
"17991",73,11,3,4,72.1209794617426,72.1209794617426,"Rough","Max. Reward Condition",20,"5",0,1,48,581,"Short",0.0747858838857907,0.631206849080761,NA,0.492708728849143,"localGP"
"17992",73,12,3,5,42.0356921571109,72.1209794617426,"Rough","Max. Reward Condition",20,"5",0,2,59,581,"Short",0.0747858838857907,0.631206849080761,NA,0.492708728849143,"localGP"
"17993",73,13,2,5,40.9850753748298,72.1209794617426,"Rough","Max. Reward Condition",20,"5",0,5,58,581,"Short",0.0747858838857907,0.631206849080761,NA,0.492708728849143,"localGP"
"17994",73,14,1,5,62.1319695197463,72.1209794617426,"Rough","Max. Reward Condition",20,"5",0,1,57,581,"Short",0.0747858838857907,0.631206849080761,NA,0.492708728849143,"localGP"
"17995",73,15,0,5,65.7958331067151,72.1209794617426,"Rough","Max. Reward Condition",20,"5",0,2,56,581,"Short",0.0747858838857907,0.631206849080761,NA,0.492708728849143,"localGP"
"17996",73,16,0,6,86.6558005262952,86.6558005262952,"Rough","Max. Reward Condition",20,"5",0,1,67,581,"Short",0.0747858838857907,0.631206849080761,NA,0.492708728849143,"localGP"
"17997",73,17,1,6,76.1819602246697,86.6558005262952,"Rough","Max. Reward Condition",20,"5",0,1,68,581,"Short",0.0747858838857907,0.631206849080761,NA,0.492708728849143,"localGP"
"17998",73,18,1,7,65.8282604254796,86.6558005262952,"Rough","Max. Reward Condition",20,"5",0,1,79,581,"Short",0.0747858838857907,0.631206849080761,NA,0.492708728849143,"localGP"
"17999",73,19,0,7,100,100,"Rough","Max. Reward Condition",20,"5",0,1,78,581,"Short",0.0747858838857907,0.631206849080761,NA,0.492708728849143,"localGP"
"18000",73,20,0,8,68.7533579586689,100,"Rough","Max. Reward Condition",20,"5",0,2,89,581,"Short",0.0747858838857907,0.631206849080761,NA,0.492708728849143,"localGP"
"18001",73,21,0,9,31.7722689774849,100,"Rough","Max. Reward Condition",20,"5",0,1,100,581,"Short",0.0747858838857907,0.631206849080761,NA,0.492708728849143,"localGP"
"18002",73,1,2,2,74.8205512494422,74.8205512494422,"Rough","Max. Reward Condition",40,"6",14,NA,25,582,"Long",17.9487285478364,0.418678489136337,NA,140.878401383078,"localGP"
"18003",73,2,1,3,79.9836672889353,79.9836672889353,"Rough","Max. Reward Condition",40,"6",14,1,35,582,"Long",17.9487285478364,0.418678489136337,NA,140.878401383078,"localGP"
"18004",73,3,2,3,58.8050378445356,79.9836672889353,"Rough","Max. Reward Condition",40,"6",14,1,36,582,"Long",17.9487285478364,0.418678489136337,NA,140.878401383078,"localGP"
"18005",73,4,4,7,79.6870668844462,79.9836672889353,"Rough","Max. Reward Condition",40,"6",14,2,82,582,"Long",17.9487285478364,0.418678489136337,NA,140.878401383078,"localGP"
"18006",73,5,10,10,16.6581489852358,79.9836672889353,"Rough","Max. Reward Condition",40,"6",14,2,121,582,"Long",17.9487285478364,0.418678489136337,NA,140.878401383078,"localGP"
"18007",73,6,4,6,56.3577284300017,79.9836672889353,"Rough","Max. Reward Condition",40,"6",14,2,71,582,"Long",17.9487285478364,0.418678489136337,NA,140.878401383078,"localGP"
"18008",73,7,5,6,32.4190183733433,79.9836672889353,"Rough","Max. Reward Condition",40,"6",14,2,72,582,"Long",17.9487285478364,0.418678489136337,NA,140.878401383078,"localGP"
"18009",73,8,5,7,59.9884412518984,79.9836672889353,"Rough","Max. Reward Condition",40,"6",14,2,83,582,"Long",17.9487285478364,0.418678489136337,NA,140.878401383078,"localGP"
"18010",73,9,6,7,64.3536990872378,79.9836672889353,"Rough","Max. Reward Condition",40,"6",14,1,84,582,"Long",17.9487285478364,0.418678489136337,NA,140.878401383078,"localGP"
"18011",73,10,6,6,28.3443995527315,79.9836672889353,"Rough","Max. Reward Condition",40,"6",14,1,73,582,"Long",17.9487285478364,0.418678489136337,NA,140.878401383078,"localGP"
"18012",73,11,6,5,12.2964958539745,79.9836672889353,"Rough","Max. Reward Condition",40,"6",14,1,62,582,"Long",17.9487285478364,0.418678489136337,NA,140.878401383078,"localGP"
"18013",73,12,7,5,16.7721316648849,79.9836672889353,"Rough","Max. Reward Condition",40,"6",14,2,63,582,"Long",17.9487285478364,0.418678489136337,NA,140.878401383078,"localGP"
"18014",73,13,7,6,23.0283508760921,79.9836672889353,"Rough","Max. Reward Condition",40,"6",14,3,74,582,"Long",17.9487285478364,0.418678489136337,NA,140.878401383078,"localGP"
"18015",73,14,0,6,76.4733892351915,79.9836672889353,"Rough","Max. Reward Condition",40,"6",14,1,67,582,"Long",17.9487285478364,0.418678489136337,NA,140.878401383078,"localGP"
"18016",73,15,0,7,53.685906363197,79.9836672889353,"Rough","Max. Reward Condition",40,"6",14,5,78,582,"Long",17.9487285478364,0.418678489136337,NA,140.878401383078,"localGP"
"18017",73,16,0,5,69.5175079321684,79.9836672889353,"Rough","Max. Reward Condition",40,"6",14,1,56,582,"Long",17.9487285478364,0.418678489136337,NA,140.878401383078,"localGP"
"18018",73,17,1,5,56.5450425488561,79.9836672889353,"Rough","Max. Reward Condition",40,"6",14,2,57,582,"Long",17.9487285478364,0.418678489136337,NA,140.878401383078,"localGP"
"18019",73,18,1,6,65.2952902215334,79.9836672889353,"Rough","Max. Reward Condition",40,"6",14,1,68,582,"Long",17.9487285478364,0.418678489136337,NA,140.878401383078,"localGP"
"18020",73,19,2,6,67.3937194364363,79.9836672889353,"Rough","Max. Reward Condition",40,"6",14,2,69,582,"Long",17.9487285478364,0.418678489136337,NA,140.878401383078,"localGP"
"18021",73,20,2,5,54.5749797854144,79.9836672889353,"Rough","Max. Reward Condition",40,"6",14,3,58,582,"Long",17.9487285478364,0.418678489136337,NA,140.878401383078,"localGP"
"18022",73,21,1,1,79.8594953579445,79.9836672889353,"Rough","Max. Reward Condition",40,"6",14,5,13,582,"Long",17.9487285478364,0.418678489136337,NA,140.878401383078,"localGP"
"18023",73,22,9,3,26.7801614891284,79.9836672889353,"Rough","Max. Reward Condition",40,"6",14,1,43,582,"Long",17.9487285478364,0.418678489136337,NA,140.878401383078,"localGP"
"18024",73,23,9,2,39.5970533431282,79.9836672889353,"Rough","Max. Reward Condition",40,"6",14,1,32,582,"Long",17.9487285478364,0.418678489136337,NA,140.878401383078,"localGP"
"18025",73,24,8,2,41.7677475298492,79.9836672889353,"Rough","Max. Reward Condition",40,"6",14,1,31,582,"Long",17.9487285478364,0.418678489136337,NA,140.878401383078,"localGP"
"18026",73,25,8,1,32.7569952824828,79.9836672889353,"Rough","Max. Reward Condition",40,"6",14,2,20,582,"Long",17.9487285478364,0.418678489136337,NA,140.878401383078,"localGP"
"18027",73,26,8,0,0,79.9836672889353,"Rough","Max. Reward Condition",40,"6",14,1,9,582,"Long",17.9487285478364,0.418678489136337,NA,140.878401383078,"localGP"
"18028",73,27,9,0,31.1577897850161,79.9836672889353,"Rough","Max. Reward Condition",40,"6",14,1,10,582,"Long",17.9487285478364,0.418678489136337,NA,140.878401383078,"localGP"
"18029",73,28,6,1,38.5929151137272,79.9836672889353,"Rough","Max. Reward Condition",40,"6",14,4,18,582,"Long",17.9487285478364,0.418678489136337,NA,140.878401383078,"localGP"
"18030",73,29,6,2,45.4146704420325,79.9836672889353,"Rough","Max. Reward Condition",40,"6",14,5,29,582,"Long",17.9487285478364,0.418678489136337,NA,140.878401383078,"localGP"
"18031",73,30,6,3,45.8200916471857,79.9836672889353,"Rough","Max. Reward Condition",40,"6",14,1,40,582,"Long",17.9487285478364,0.418678489136337,NA,140.878401383078,"localGP"
"18032",73,31,5,3,53.3657371426027,79.9836672889353,"Rough","Max. Reward Condition",40,"6",14,1,39,582,"Long",17.9487285478364,0.418678489136337,NA,140.878401383078,"localGP"
"18033",73,32,4,3,65.3292450203886,79.9836672889353,"Rough","Max. Reward Condition",40,"6",14,3,38,582,"Long",17.9487285478364,0.418678489136337,NA,140.878401383078,"localGP"
"18034",73,33,4,4,31.2783489505753,79.9836672889353,"Rough","Max. Reward Condition",40,"6",14,1,49,582,"Long",17.9487285478364,0.418678489136337,NA,140.878401383078,"localGP"
"18035",73,34,3,4,32.7929271553822,79.9836672889353,"Rough","Max. Reward Condition",40,"6",14,1,48,582,"Long",17.9487285478364,0.418678489136337,NA,140.878401383078,"localGP"
"18036",73,35,2,4,34.5094895994283,79.9836672889353,"Rough","Max. Reward Condition",40,"6",14,1,47,582,"Long",17.9487285478364,0.418678489136337,NA,140.878401383078,"localGP"
"18037",73,36,1,4,50.1159622354863,79.9836672889353,"Rough","Max. Reward Condition",40,"6",14,13,46,582,"Long",17.9487285478364,0.418678489136337,NA,140.878401383078,"localGP"
"18038",73,37,5,4,33.1949686505856,79.9836672889353,"Rough","Max. Reward Condition",40,"6",14,1,50,582,"Long",17.9487285478364,0.418678489136337,NA,140.878401383078,"localGP"
"18039",73,38,6,4,31.7673275946696,79.9836672889353,"Rough","Max. Reward Condition",40,"6",14,1,51,582,"Long",17.9487285478364,0.418678489136337,NA,140.878401383078,"localGP"
"18040",73,39,0,4,77.3776317669719,79.9836672889353,"Rough","Max. Reward Condition",40,"6",14,8,45,582,"Long",17.9487285478364,0.418678489136337,NA,140.878401383078,"localGP"
"18041",73,40,2,9,44.7784563041284,79.9836672889353,"Rough","Max. Reward Condition",40,"6",14,2,102,582,"Long",17.9487285478364,0.418678489136337,NA,140.878401383078,"localGP"
"18042",73,41,2,8,35.4444030293938,79.9836672889353,"Rough","Max. Reward Condition",40,"6",14,1,91,582,"Long",17.9487285478364,0.418678489136337,NA,140.878401383078,"localGP"
"18043",73,1,5,1,38.6890479154097,38.6890479154097,"Rough","Max. Reward Condition",20,"7",16,NA,17,583,"Short",0.0834695998142253,0.584568399710673,NA,0.530205015016515,"localGP"
"18044",73,2,7,4,33.4912199403317,38.6890479154097,"Rough","Max. Reward Condition",20,"7",16,7,52,583,"Short",0.0834695998142253,0.584568399710673,NA,0.530205015016515,"localGP"
"18045",73,3,7,5,45.3166315681639,45.3166315681639,"Rough","Max. Reward Condition",20,"7",16,1,63,583,"Short",0.0834695998142253,0.584568399710673,NA,0.530205015016515,"localGP"
"18046",73,4,9,5,54.5094189956315,54.5094189956315,"Rough","Max. Reward Condition",20,"7",16,1,65,583,"Short",0.0834695998142253,0.584568399710673,NA,0.530205015016515,"localGP"
"18047",73,5,10,5,61.4885690232436,61.4885690232436,"Rough","Max. Reward Condition",20,"7",16,1,66,583,"Short",0.0834695998142253,0.584568399710673,NA,0.530205015016515,"localGP"
"18048",73,6,10,6,87.869042125599,87.869042125599,"Rough","Max. Reward Condition",20,"7",16,1,77,583,"Short",0.0834695998142253,0.584568399710673,NA,0.530205015016515,"localGP"
"18049",73,7,9,6,72.6451286930569,87.869042125599,"Rough","Max. Reward Condition",20,"7",16,1,76,583,"Short",0.0834695998142253,0.584568399710673,NA,0.530205015016515,"localGP"
"18050",73,8,8,6,52.7896581347128,87.869042125599,"Rough","Max. Reward Condition",20,"7",16,1,75,583,"Short",0.0834695998142253,0.584568399710673,NA,0.530205015016515,"localGP"
"18051",73,9,8,3,14.822879672341,87.869042125599,"Rough","Max. Reward Condition",20,"7",16,0,42,583,"Short",0.0834695998142253,0.584568399710673,NA,0.530205015016515,"localGP"
"18052",73,10,7,3,32.8647798695032,87.869042125599,"Rough","Max. Reward Condition",20,"7",16,3,41,583,"Short",0.0834695998142253,0.584568399710673,NA,0.530205015016515,"localGP"
"18053",73,11,7,2,50.3250287772855,87.869042125599,"Rough","Max. Reward Condition",20,"7",16,2,30,583,"Short",0.0834695998142253,0.584568399710673,NA,0.530205015016515,"localGP"
"18054",73,12,6,2,37.2945484739635,87.869042125599,"Rough","Max. Reward Condition",20,"7",16,1,29,583,"Short",0.0834695998142253,0.584568399710673,NA,0.530205015016515,"localGP"
"18055",73,13,6,3,20.2544962767055,87.869042125599,"Rough","Max. Reward Condition",20,"7",16,6,40,583,"Short",0.0834695998142253,0.584568399710673,NA,0.530205015016515,"localGP"
"18056",73,14,5,3,14.4116653483847,87.869042125599,"Rough","Max. Reward Condition",20,"7",16,1,39,583,"Short",0.0834695998142253,0.584568399710673,NA,0.530205015016515,"localGP"
"18057",73,15,4,8,36.8102979545033,87.869042125599,"Rough","Max. Reward Condition",20,"7",16,2,93,583,"Short",0.0834695998142253,0.584568399710673,NA,0.530205015016515,"localGP"
"18058",73,16,5,8,10.0194048265648,87.869042125599,"Rough","Max. Reward Condition",20,"7",16,1,94,583,"Short",0.0834695998142253,0.584568399710673,NA,0.530205015016515,"localGP"
"18059",73,17,6,8,18.8814193506035,87.869042125599,"Rough","Max. Reward Condition",20,"7",16,1,95,583,"Short",0.0834695998142253,0.584568399710673,NA,0.530205015016515,"localGP"
"18060",73,18,7,8,21.7601105267846,87.869042125599,"Rough","Max. Reward Condition",20,"7",16,1,96,583,"Short",0.0834695998142253,0.584568399710673,NA,0.530205015016515,"localGP"
"18061",73,19,7,9,31.0713174604534,87.869042125599,"Rough","Max. Reward Condition",20,"7",16,1,107,583,"Short",0.0834695998142253,0.584568399710673,NA,0.530205015016515,"localGP"
"18062",73,20,6,9,20.6620608534217,87.869042125599,"Rough","Max. Reward Condition",20,"7",16,3,106,583,"Short",0.0834695998142253,0.584568399710673,NA,0.530205015016515,"localGP"
"18063",73,21,6,10,14.287143352339,87.869042125599,"Rough","Max. Reward Condition",20,"7",16,1,117,583,"Short",0.0834695998142253,0.584568399710673,NA,0.530205015016515,"localGP"
"18064",73,1,3,0,45.8336686523861,45.8336686523861,"Rough","Max. Reward Condition",40,"8",2,NA,4,584,"Long",0.130290575672974,0.523094307351643,NA,0.756747790515337,"localGP"
"18065",73,2,9,10,39.8149202593405,45.8336686523861,"Rough","Max. Reward Condition",40,"8",2,0,120,584,"Long",0.130290575672974,0.523094307351643,NA,0.756747790515337,"localGP"
"18066",73,3,10,10,30.2622000163483,45.8336686523861,"Rough","Max. Reward Condition",40,"8",2,1,121,584,"Long",0.130290575672974,0.523094307351643,NA,0.756747790515337,"localGP"
"18067",73,4,10,9,30.0844410154341,45.8336686523861,"Rough","Max. Reward Condition",40,"8",2,2,110,584,"Long",0.130290575672974,0.523094307351643,NA,0.756747790515337,"localGP"
"18068",73,5,9,8,30.4917162873029,45.8336686523861,"Rough","Max. Reward Condition",40,"8",2,3,98,584,"Long",0.130290575672974,0.523094307351643,NA,0.756747790515337,"localGP"
"18069",73,6,6,3,48.6990356478907,48.6990356478907,"Rough","Max. Reward Condition",40,"8",2,1,40,584,"Long",0.130290575672974,0.523094307351643,NA,0.756747790515337,"localGP"
"18070",73,7,7,3,50.3085292278085,50.3085292278085,"Rough","Max. Reward Condition",40,"8",2,1,41,584,"Long",0.130290575672974,0.523094307351643,NA,0.756747790515337,"localGP"
"18071",73,8,7,2,36.6509044186879,50.3085292278085,"Rough","Max. Reward Condition",40,"8",2,2,30,584,"Long",0.130290575672974,0.523094307351643,NA,0.756747790515337,"localGP"
"18072",73,9,6,2,42.0874642193021,50.3085292278085,"Rough","Max. Reward Condition",40,"8",2,1,29,584,"Long",0.130290575672974,0.523094307351643,NA,0.756747790515337,"localGP"
"18073",73,10,6,1,41.5452404100672,50.3085292278085,"Rough","Max. Reward Condition",40,"8",2,1,18,584,"Long",0.130290575672974,0.523094307351643,NA,0.756747790515337,"localGP"
"18074",73,11,7,1,46.9542697073233,50.3085292278085,"Rough","Max. Reward Condition",40,"8",2,1,19,584,"Long",0.130290575672974,0.523094307351643,NA,0.756747790515337,"localGP"
"18075",73,12,10,6,72.5002768176028,72.5002768176028,"Rough","Max. Reward Condition",40,"8",2,1,77,584,"Long",0.130290575672974,0.523094307351643,NA,0.756747790515337,"localGP"
"18076",73,13,10,7,56.407307630686,72.5002768176028,"Rough","Max. Reward Condition",40,"8",2,5,88,584,"Long",0.130290575672974,0.523094307351643,NA,0.756747790515337,"localGP"
"18077",73,14,7,7,26.5059569400407,72.5002768176028,"Rough","Max. Reward Condition",40,"8",2,5,85,584,"Long",0.130290575672974,0.523094307351643,NA,0.756747790515337,"localGP"
"18078",73,15,7,6,53.9752952053274,72.5002768176028,"Rough","Max. Reward Condition",40,"8",2,4,74,584,"Long",0.130290575672974,0.523094307351643,NA,0.756747790515337,"localGP"
"18079",73,16,8,6,74.3893540286675,74.3893540286675,"Rough","Max. Reward Condition",40,"8",2,1,75,584,"Long",0.130290575672974,0.523094307351643,NA,0.756747790515337,"localGP"
"18080",73,17,8,7,27.4177147480502,74.3893540286675,"Rough","Max. Reward Condition",40,"8",2,2,86,584,"Long",0.130290575672974,0.523094307351643,NA,0.756747790515337,"localGP"
"18081",73,18,8,8,15.0484706034592,74.3893540286675,"Rough","Max. Reward Condition",40,"8",2,1,97,584,"Long",0.130290575672974,0.523094307351643,NA,0.756747790515337,"localGP"
"18082",73,19,0,0,59.752754852951,74.3893540286675,"Rough","Max. Reward Condition",40,"8",2,1,1,584,"Long",0.130290575672974,0.523094307351643,NA,0.756747790515337,"localGP"
"18083",73,20,1,0,62.0575397860804,74.3893540286675,"Rough","Max. Reward Condition",40,"8",2,1,2,584,"Long",0.130290575672974,0.523094307351643,NA,0.756747790515337,"localGP"
"18084",73,21,1,1,53.5541131096444,74.3893540286675,"Rough","Max. Reward Condition",40,"8",2,1,13,584,"Long",0.130290575672974,0.523094307351643,NA,0.756747790515337,"localGP"
"18085",73,22,0,1,65.1431397571806,74.3893540286675,"Rough","Max. Reward Condition",40,"8",2,2,12,584,"Long",0.130290575672974,0.523094307351643,NA,0.756747790515337,"localGP"
"18086",73,23,0,2,52.0793629083007,74.3893540286675,"Rough","Max. Reward Condition",40,"8",2,3,23,584,"Long",0.130290575672974,0.523094307351643,NA,0.756747790515337,"localGP"
"18087",73,24,1,2,35.3675070791492,74.3893540286675,"Rough","Max. Reward Condition",40,"8",2,3,24,584,"Long",0.130290575672974,0.523094307351643,NA,0.756747790515337,"localGP"
"18088",73,25,2,2,34.4224100731259,74.3893540286675,"Rough","Max. Reward Condition",40,"8",2,5,25,584,"Long",0.130290575672974,0.523094307351643,NA,0.756747790515337,"localGP"
"18089",73,26,2,3,39.2617782530789,74.3893540286675,"Rough","Max. Reward Condition",40,"8",2,4,36,584,"Long",0.130290575672974,0.523094307351643,NA,0.756747790515337,"localGP"
"18090",73,27,4,1,7.52216933154133,74.3893540286675,"Rough","Max. Reward Condition",40,"8",2,2,16,584,"Long",0.130290575672974,0.523094307351643,NA,0.756747790515337,"localGP"
"18091",73,28,4,2,17.4226376876341,74.3893540286675,"Rough","Max. Reward Condition",40,"8",2,1,27,584,"Long",0.130290575672974,0.523094307351643,NA,0.756747790515337,"localGP"
"18092",73,29,6,8,43.1819250906555,74.3893540286675,"Rough","Max. Reward Condition",40,"8",2,2,95,584,"Long",0.130290575672974,0.523094307351643,NA,0.756747790515337,"localGP"
"18093",73,30,6,7,38.7212084303539,74.3893540286675,"Rough","Max. Reward Condition",40,"8",2,5,84,584,"Long",0.130290575672974,0.523094307351643,NA,0.756747790515337,"localGP"
"18094",73,31,7,8,46.9748184032228,74.3893540286675,"Rough","Max. Reward Condition",40,"8",2,3,96,584,"Long",0.130290575672974,0.523094307351643,NA,0.756747790515337,"localGP"
"18095",73,32,7,9,45.2247389588236,74.3893540286675,"Rough","Max. Reward Condition",40,"8",2,12,107,584,"Long",0.130290575672974,0.523094307351643,NA,0.756747790515337,"localGP"
"18096",73,33,1,7,39.0259379253794,74.3893540286675,"Rough","Max. Reward Condition",40,"8",2,1,79,584,"Long",0.130290575672974,0.523094307351643,NA,0.756747790515337,"localGP"
"18097",73,34,2,7,36.5665227563517,74.3893540286675,"Rough","Max. Reward Condition",40,"8",2,2,80,584,"Long",0.130290575672974,0.523094307351643,NA,0.756747790515337,"localGP"
"18098",73,35,2,8,88.5776069712184,88.5776069712184,"Rough","Max. Reward Condition",40,"8",2,1,91,584,"Long",0.130290575672974,0.523094307351643,NA,0.756747790515337,"localGP"
"18099",73,36,1,8,53.0522742783677,88.5776069712184,"Rough","Max. Reward Condition",40,"8",2,1,90,584,"Long",0.130290575672974,0.523094307351643,NA,0.756747790515337,"localGP"
"18100",73,37,2,10,55.8905706539792,88.5776069712184,"Rough","Max. Reward Condition",40,"8",2,1,113,584,"Long",0.130290575672974,0.523094307351643,NA,0.756747790515337,"localGP"
"18101",73,38,3,10,55.7632671935158,88.5776069712184,"Rough","Max. Reward Condition",40,"8",2,2,114,584,"Long",0.130290575672974,0.523094307351643,NA,0.756747790515337,"localGP"
"18102",73,39,10,1,54.3733183659496,88.5776069712184,"Rough","Max. Reward Condition",40,"8",2,2,22,584,"Long",0.130290575672974,0.523094307351643,NA,0.756747790515337,"localGP"
"18103",73,40,8,1,43.3216867242377,88.5776069712184,"Rough","Max. Reward Condition",40,"8",2,1,20,584,"Long",0.130290575672974,0.523094307351643,NA,0.756747790515337,"localGP"
"18104",73,41,8,2,10.0710200680647,88.5776069712184,"Rough","Max. Reward Condition",40,"8",2,2,31,584,"Long",0.130290575672974,0.523094307351643,NA,0.756747790515337,"localGP"
"18105",74,1,8,4,54.5470358257258,54.5470358257258,"Rough","Max. Reward Condition",40,"1",6,NA,53,585,"Long",0.118470810700228,1.63698606159504,NA,0.894915333943063,"localGP"
"18106",74,2,8,6,60.0245821381091,60.0245821381091,"Rough","Max. Reward Condition",40,"1",6,13,75,585,"Long",0.118470810700228,1.63698606159504,NA,0.894915333943063,"localGP"
"18107",74,3,1,5,100,100,"Rough","Max. Reward Condition",40,"1",6,0,57,585,"Long",0.118470810700228,1.63698606159504,NA,0.894915333943063,"localGP"
"18108",74,4,0,5,85.1317086337792,100,"Rough","Max. Reward Condition",40,"1",6,5,56,585,"Long",0.118470810700228,1.63698606159504,NA,0.894915333943063,"localGP"
"18109",74,5,0,4,74.8791108715427,100,"Rough","Max. Reward Condition",40,"1",6,8,45,585,"Long",0.118470810700228,1.63698606159504,NA,0.894915333943063,"localGP"
"18110",74,6,2,7,22.5684927641823,100,"Rough","Max. Reward Condition",40,"1",6,4,80,585,"Long",0.118470810700228,1.63698606159504,NA,0.894915333943063,"localGP"
"18111",74,7,2,10,50.1552784295293,100,"Rough","Max. Reward Condition",40,"1",6,1,113,585,"Long",0.118470810700228,1.63698606159504,NA,0.894915333943063,"localGP"
"18112",74,8,4,0,55.5674013625867,100,"Rough","Max. Reward Condition",40,"1",6,9,5,585,"Long",0.118470810700228,1.63698606159504,NA,0.894915333943063,"localGP"
"18113",74,9,9,7,52.0950905321092,100,"Rough","Max. Reward Condition",40,"1",6,8,87,585,"Long",0.118470810700228,1.63698606159504,NA,0.894915333943063,"localGP"
"18114",74,10,9,8,81.6907585501877,100,"Rough","Max. Reward Condition",40,"1",6,4,98,585,"Long",0.118470810700228,1.63698606159504,NA,0.894915333943063,"localGP"
"18115",74,11,10,9,86.1457429128577,100,"Rough","Max. Reward Condition",40,"1",6,13,110,585,"Long",0.118470810700228,1.63698606159504,NA,0.894915333943063,"localGP"
"18116",74,12,9,8,81.6907585501877,100,"Rough","Max. Reward Condition",40,"1",6,1,98,585,"Long",0.118470810700228,1.63698606159504,NA,0.894915333943063,"localGP"
"18117",74,13,9,9,83.6268655538995,100,"Rough","Max. Reward Condition",40,"1",6,3,109,585,"Long",0.118470810700228,1.63698606159504,NA,0.894915333943063,"localGP"
"18118",74,14,7,9,30.1286651387231,100,"Rough","Max. Reward Condition",40,"1",6,4,107,585,"Long",0.118470810700228,1.63698606159504,NA,0.894915333943063,"localGP"
"18119",74,15,3,2,33.1157535503822,100,"Rough","Max. Reward Condition",40,"1",6,3,26,585,"Long",0.118470810700228,1.63698606159504,NA,0.894915333943063,"localGP"
"18120",74,16,3,4,19.5910841909591,100,"Rough","Max. Reward Condition",40,"1",6,5,48,585,"Long",0.118470810700228,1.63698606159504,NA,0.894915333943063,"localGP"
"18121",74,17,3,6,26.5559672712073,100,"Rough","Max. Reward Condition",40,"1",6,3,70,585,"Long",0.118470810700228,1.63698606159504,NA,0.894915333943063,"localGP"
"18122",74,18,10,0,10.3010804163192,100,"Rough","Max. Reward Condition",40,"1",6,1,11,585,"Long",0.118470810700228,1.63698606159504,NA,0.894915333943063,"localGP"
"18123",74,19,5,0,91.7432297732024,100,"Rough","Max. Reward Condition",40,"1",6,1,6,585,"Long",0.118470810700228,1.63698606159504,NA,0.894915333943063,"localGP"
"18124",74,20,6,0,94.4963050018738,100,"Rough","Max. Reward Condition",40,"1",6,2,7,585,"Long",0.118470810700228,1.63698606159504,NA,0.894915333943063,"localGP"
"18125",74,21,2,2,34.5579265575561,100,"Rough","Max. Reward Condition",40,"1",6,3,25,585,"Long",0.118470810700228,1.63698606159504,NA,0.894915333943063,"localGP"
"18126",74,22,10,5,28.65801545199,100,"Rough","Max. Reward Condition",40,"1",6,4,66,585,"Long",0.118470810700228,1.63698606159504,NA,0.894915333943063,"localGP"
"18127",74,23,6,3,37.4132597632544,100,"Rough","Max. Reward Condition",40,"1",6,2,40,585,"Long",0.118470810700228,1.63698606159504,NA,0.894915333943063,"localGP"
"18128",74,24,6,4,34.0889045478091,100,"Rough","Max. Reward Condition",40,"1",6,6,51,585,"Long",0.118470810700228,1.63698606159504,NA,0.894915333943063,"localGP"
"18129",74,25,5,0,91.7432297732024,100,"Rough","Max. Reward Condition",40,"1",6,2,6,585,"Long",0.118470810700228,1.63698606159504,NA,0.894915333943063,"localGP"
"18130",74,26,5,1,54.7135189925466,100,"Rough","Max. Reward Condition",40,"1",6,6,17,585,"Long",0.118470810700228,1.63698606159504,NA,0.894915333943063,"localGP"
"18131",74,27,9,1,48.6385669083933,100,"Rough","Max. Reward Condition",40,"1",6,7,21,585,"Long",0.118470810700228,1.63698606159504,NA,0.894915333943063,"localGP"
"18132",74,28,8,1,68.8502438954186,100,"Rough","Max. Reward Condition",40,"1",6,1,20,585,"Long",0.118470810700228,1.63698606159504,NA,0.894915333943063,"localGP"
"18133",74,29,8,2,56.1209576242771,100,"Rough","Max. Reward Condition",40,"1",6,3,31,585,"Long",0.118470810700228,1.63698606159504,NA,0.894915333943063,"localGP"
"18134",74,30,8,5,61.1665881936145,100,"Rough","Max. Reward Condition",40,"1",6,1,64,585,"Long",0.118470810700228,1.63698606159504,NA,0.894915333943063,"localGP"
"18135",74,31,7,5,62.7685778639352,100,"Rough","Max. Reward Condition",40,"1",6,2,63,585,"Long",0.118470810700228,1.63698606159504,NA,0.894915333943063,"localGP"
"18136",74,32,8,5,61.1665881936145,100,"Rough","Max. Reward Condition",40,"1",6,6,64,585,"Long",0.118470810700228,1.63698606159504,NA,0.894915333943063,"localGP"
"18137",74,33,0,1,36.3388197833164,100,"Rough","Max. Reward Condition",40,"1",6,1,12,585,"Long",0.118470810700228,1.63698606159504,NA,0.894915333943063,"localGP"
"18138",74,34,9,5,16.2842425403002,100,"Rough","Max. Reward Condition",40,"1",6,1,65,585,"Long",0.118470810700228,1.63698606159504,NA,0.894915333943063,"localGP"
"18139",74,35,7,8,41.2867547239503,100,"Rough","Max. Reward Condition",40,"1",6,6,96,585,"Long",0.118470810700228,1.63698606159504,NA,0.894915333943063,"localGP"
"18140",74,36,0,6,46.0544782889019,100,"Rough","Max. Reward Condition",40,"1",6,5,67,585,"Long",0.118470810700228,1.63698606159504,NA,0.894915333943063,"localGP"
"18141",74,37,1,5,100,100,"Rough","Max. Reward Condition",40,"1",6,1,57,585,"Long",0.118470810700228,1.63698606159504,NA,0.894915333943063,"localGP"
"18142",74,38,2,5,39.0984637940291,100,"Rough","Max. Reward Condition",40,"1",6,2,58,585,"Long",0.118470810700228,1.63698606159504,NA,0.894915333943063,"localGP"
"18143",74,39,1,4,80.1452331951454,100,"Rough","Max. Reward Condition",40,"1",6,2,46,585,"Long",0.118470810700228,1.63698606159504,NA,0.894915333943063,"localGP"
"18144",74,40,1,5,100,100,"Rough","Max. Reward Condition",40,"1",6,1,57,585,"Long",0.118470810700228,1.63698606159504,NA,0.894915333943063,"localGP"
"18145",74,41,1,5,100,100,"Rough","Max. Reward Condition",40,"1",6,2,57,585,"Long",0.118470810700228,1.63698606159504,NA,0.894915333943063,"localGP"
"18146",74,1,0,4,27.2386379054734,27.2386379054734,"Rough","Max. Reward Condition",20,"2",10,NA,45,586,"Short",0.078949956434609,2.55062275829398,NA,0.479137077493444,"localGP"
"18147",74,2,7,6,43.2962098422066,43.2962098422066,"Rough","Max. Reward Condition",20,"2",10,7,74,586,"Short",0.078949956434609,2.55062275829398,NA,0.479137077493444,"localGP"
"18148",74,3,7,1,56.8679391760185,56.8679391760185,"Rough","Max. Reward Condition",20,"2",10,10,19,586,"Short",0.078949956434609,2.55062275829398,NA,0.479137077493444,"localGP"
"18149",74,4,8,8,22.9010925935709,56.8679391760185,"Rough","Max. Reward Condition",20,"2",10,8,97,586,"Short",0.078949956434609,2.55062275829398,NA,0.479137077493444,"localGP"
"18150",74,5,3,1,42.3496807301259,56.8679391760185,"Rough","Max. Reward Condition",20,"2",10,11,15,586,"Short",0.078949956434609,2.55062275829398,NA,0.479137077493444,"localGP"
"18151",74,6,10,1,53.7965897663895,56.8679391760185,"Rough","Max. Reward Condition",20,"2",10,7,22,586,"Short",0.078949956434609,2.55062275829398,NA,0.479137077493444,"localGP"
"18152",74,7,8,2,57.307222927851,57.307222927851,"Rough","Max. Reward Condition",20,"2",10,5,31,586,"Short",0.078949956434609,2.55062275829398,NA,0.479137077493444,"localGP"
"18153",74,8,6,1,59.0938949398231,59.0938949398231,"Rough","Max. Reward Condition",20,"2",10,3,18,586,"Short",0.078949956434609,2.55062275829398,NA,0.479137077493444,"localGP"
"18154",74,9,6,2,77.623663955121,77.623663955121,"Rough","Max. Reward Condition",20,"2",10,2,29,586,"Short",0.078949956434609,2.55062275829398,NA,0.479137077493444,"localGP"
"18155",74,10,6,2,77.623663955121,77.623663955121,"Rough","Max. Reward Condition",20,"2",10,11,29,586,"Short",0.078949956434609,2.55062275829398,NA,0.479137077493444,"localGP"
"18156",74,11,6,2,77.623663955121,77.623663955121,"Rough","Max. Reward Condition",20,"2",10,8,29,586,"Short",0.078949956434609,2.55062275829398,NA,0.479137077493444,"localGP"
"18157",74,12,6,3,73.4359730531231,77.623663955121,"Rough","Max. Reward Condition",20,"2",10,2,40,586,"Short",0.078949956434609,2.55062275829398,NA,0.479137077493444,"localGP"
"18158",74,13,8,1,54.5000391285094,77.623663955121,"Rough","Max. Reward Condition",20,"2",10,15,20,586,"Short",0.078949956434609,2.55062275829398,NA,0.479137077493444,"localGP"
"18159",74,14,1,1,27.8495528715729,77.623663955121,"Rough","Max. Reward Condition",20,"2",10,4,13,586,"Short",0.078949956434609,2.55062275829398,NA,0.479137077493444,"localGP"
"18160",74,15,10,6,47.8273989223107,77.623663955121,"Rough","Max. Reward Condition",20,"2",10,2,77,586,"Short",0.078949956434609,2.55062275829398,NA,0.479137077493444,"localGP"
"18161",74,16,1,6,49.8844020365175,77.623663955121,"Rough","Max. Reward Condition",20,"2",10,1,68,586,"Short",0.078949956434609,2.55062275829398,NA,0.479137077493444,"localGP"
"18162",74,17,1,6,49.8844020365175,77.623663955121,"Rough","Max. Reward Condition",20,"2",10,5,68,586,"Short",0.078949956434609,2.55062275829398,NA,0.479137077493444,"localGP"
"18163",74,18,2,5,54.3562924005925,77.623663955121,"Rough","Max. Reward Condition",20,"2",10,2,58,586,"Short",0.078949956434609,2.55062275829398,NA,0.479137077493444,"localGP"
"18164",74,19,9,6,37.140783042608,77.623663955121,"Rough","Max. Reward Condition",20,"2",10,4,76,586,"Short",0.078949956434609,2.55062275829398,NA,0.479137077493444,"localGP"
"18165",74,20,6,6,43.5674810058941,77.623663955121,"Rough","Max. Reward Condition",20,"2",10,2,73,586,"Short",0.078949956434609,2.55062275829398,NA,0.479137077493444,"localGP"
"18166",74,21,7,0,65.3233265309543,77.623663955121,"Rough","Max. Reward Condition",20,"2",10,7,8,586,"Short",0.078949956434609,2.55062275829398,NA,0.479137077493444,"localGP"
"18167",74,1,3,10,27.8257568342711,27.8257568342711,"Rough","Max. Reward Condition",40,"3",3,NA,114,587,"Long",0.111897460496562,1.38000257281153,NA,0.623837613094967,"localGP"
"18168",74,2,5,4,50.7453556763626,50.7453556763626,"Rough","Max. Reward Condition",40,"3",3,12,50,587,"Long",0.111897460496562,1.38000257281153,NA,0.623837613094967,"localGP"
"18169",74,3,6,7,47.0402121528256,50.7453556763626,"Rough","Max. Reward Condition",40,"3",3,2,84,587,"Long",0.111897460496562,1.38000257281153,NA,0.623837613094967,"localGP"
"18170",74,4,9,5,55.8126955341154,55.8126955341154,"Rough","Max. Reward Condition",40,"3",3,5,65,587,"Long",0.111897460496562,1.38000257281153,NA,0.623837613094967,"localGP"
"18171",74,5,8,2,41.6905527547663,55.8126955341154,"Rough","Max. Reward Condition",40,"3",3,1,31,587,"Long",0.111897460496562,1.38000257281153,NA,0.623837613094967,"localGP"
"18172",74,6,2,9,31.0318046943567,55.8126955341154,"Rough","Max. Reward Condition",40,"3",3,2,102,587,"Long",0.111897460496562,1.38000257281153,NA,0.623837613094967,"localGP"
"18173",74,7,4,6,65.0620615185849,65.0620615185849,"Rough","Max. Reward Condition",40,"3",3,7,71,587,"Long",0.111897460496562,1.38000257281153,NA,0.623837613094967,"localGP"
"18174",74,8,3,6,46.2251084893925,65.0620615185849,"Rough","Max. Reward Condition",40,"3",3,1,70,587,"Long",0.111897460496562,1.38000257281153,NA,0.623837613094967,"localGP"
"18175",74,9,3,4,49.3373531062478,65.0620615185849,"Rough","Max. Reward Condition",40,"3",3,2,48,587,"Long",0.111897460496562,1.38000257281153,NA,0.623837613094967,"localGP"
"18176",74,10,1,1,55.6104424370959,65.0620615185849,"Rough","Max. Reward Condition",40,"3",3,2,13,587,"Long",0.111897460496562,1.38000257281153,NA,0.623837613094967,"localGP"
"18177",74,11,2,1,54.3500137878214,65.0620615185849,"Rough","Max. Reward Condition",40,"3",3,1,14,587,"Long",0.111897460496562,1.38000257281153,NA,0.623837613094967,"localGP"
"18178",74,12,9,9,64.5300150123819,65.0620615185849,"Rough","Max. Reward Condition",40,"3",3,8,109,587,"Long",0.111897460496562,1.38000257281153,NA,0.623837613094967,"localGP"
"18179",74,13,9,10,56.585007074553,65.0620615185849,"Rough","Max. Reward Condition",40,"3",3,2,120,587,"Long",0.111897460496562,1.38000257281153,NA,0.623837613094967,"localGP"
"18180",74,14,7,10,69.9878976597928,69.9878976597928,"Rough","Max. Reward Condition",40,"3",3,4,118,587,"Long",0.111897460496562,1.38000257281153,NA,0.623837613094967,"localGP"
"18181",74,15,8,3,39.0577365841797,69.9878976597928,"Rough","Max. Reward Condition",40,"3",3,6,42,587,"Long",0.111897460496562,1.38000257281153,NA,0.623837613094967,"localGP"
"18182",74,16,6,5,34.8312473198158,69.9878976597928,"Rough","Max. Reward Condition",40,"3",3,3,62,587,"Long",0.111897460496562,1.38000257281153,NA,0.623837613094967,"localGP"
"18183",74,17,10,3,43.0975597606831,69.9878976597928,"Rough","Max. Reward Condition",40,"3",3,2,44,587,"Long",0.111897460496562,1.38000257281153,NA,0.623837613094967,"localGP"
"18184",74,18,6,5,34.8312473198158,69.9878976597928,"Rough","Max. Reward Condition",40,"3",3,4,62,587,"Long",0.111897460496562,1.38000257281153,NA,0.623837613094967,"localGP"
"18185",74,19,2,9,31.0318046943567,69.9878976597928,"Rough","Max. Reward Condition",40,"3",3,1,102,587,"Long",0.111897460496562,1.38000257281153,NA,0.623837613094967,"localGP"
"18186",74,20,0,7,30.0086994835873,69.9878976597928,"Rough","Max. Reward Condition",40,"3",3,4,78,587,"Long",0.111897460496562,1.38000257281153,NA,0.623837613094967,"localGP"
"18187",74,21,0,1,65.8842210019146,69.9878976597928,"Rough","Max. Reward Condition",40,"3",3,4,12,587,"Long",0.111897460496562,1.38000257281153,NA,0.623837613094967,"localGP"
"18188",74,22,0,2,79.3285213093921,79.3285213093921,"Rough","Max. Reward Condition",40,"3",3,1,23,587,"Long",0.111897460496562,1.38000257281153,NA,0.623837613094967,"localGP"
"18189",74,23,0,3,46.9181544218078,79.3285213093921,"Rough","Max. Reward Condition",40,"3",3,5,34,587,"Long",0.111897460496562,1.38000257281153,NA,0.623837613094967,"localGP"
"18190",74,24,4,3,48.5897341820255,79.3285213093921,"Rough","Max. Reward Condition",40,"3",3,1,38,587,"Long",0.111897460496562,1.38000257281153,NA,0.623837613094967,"localGP"
"18191",74,25,0,8,24.0810609048184,79.3285213093921,"Rough","Max. Reward Condition",40,"3",3,3,89,587,"Long",0.111897460496562,1.38000257281153,NA,0.623837613094967,"localGP"
"18192",74,26,5,6,47.8129336861214,79.3285213093921,"Rough","Max. Reward Condition",40,"3",3,1,72,587,"Long",0.111897460496562,1.38000257281153,NA,0.623837613094967,"localGP"
"18193",74,27,6,1,32.7748600046913,79.3285213093921,"Rough","Max. Reward Condition",40,"3",3,3,18,587,"Long",0.111897460496562,1.38000257281153,NA,0.623837613094967,"localGP"
"18194",74,28,4,4,49.7580304361875,79.3285213093921,"Rough","Max. Reward Condition",40,"3",3,1,49,587,"Long",0.111897460496562,1.38000257281153,NA,0.623837613094967,"localGP"
"18195",74,29,5,8,64.8105739200729,79.3285213093921,"Rough","Max. Reward Condition",40,"3",3,6,94,587,"Long",0.111897460496562,1.38000257281153,NA,0.623837613094967,"localGP"
"18196",74,30,0,0,44.0135944380154,79.3285213093921,"Rough","Max. Reward Condition",40,"3",3,6,1,587,"Long",0.111897460496562,1.38000257281153,NA,0.623837613094967,"localGP"
"18197",74,31,3,4,49.3373531062478,79.3285213093921,"Rough","Max. Reward Condition",40,"3",3,1,48,587,"Long",0.111897460496562,1.38000257281153,NA,0.623837613094967,"localGP"
"18198",74,32,7,1,45.1385973531357,79.3285213093921,"Rough","Max. Reward Condition",40,"3",3,4,19,587,"Long",0.111897460496562,1.38000257281153,NA,0.623837613094967,"localGP"
"18199",74,33,2,9,31.0318046943567,79.3285213093921,"Rough","Max. Reward Condition",40,"3",3,8,102,587,"Long",0.111897460496562,1.38000257281153,NA,0.623837613094967,"localGP"
"18200",74,34,4,10,39.6228842539641,79.3285213093921,"Rough","Max. Reward Condition",40,"3",3,5,115,587,"Long",0.111897460496562,1.38000257281153,NA,0.623837613094967,"localGP"
"18201",74,35,3,1,50.2535839853103,79.3285213093921,"Rough","Max. Reward Condition",40,"3",3,6,15,587,"Long",0.111897460496562,1.38000257281153,NA,0.623837613094967,"localGP"
"18202",74,36,5,0,9.64595698214346,79.3285213093921,"Rough","Max. Reward Condition",40,"3",3,3,6,587,"Long",0.111897460496562,1.38000257281153,NA,0.623837613094967,"localGP"
"18203",74,37,3,7,41.1726557910907,79.3285213093921,"Rough","Max. Reward Condition",40,"3",3,2,81,587,"Long",0.111897460496562,1.38000257281153,NA,0.623837613094967,"localGP"
"18204",74,38,1,9,29.3784802379892,79.3285213093921,"Rough","Max. Reward Condition",40,"3",3,2,101,587,"Long",0.111897460496562,1.38000257281153,NA,0.623837613094967,"localGP"
"18205",74,39,5,3,63.6314304033713,79.3285213093921,"Rough","Max. Reward Condition",40,"3",3,2,39,587,"Long",0.111897460496562,1.38000257281153,NA,0.623837613094967,"localGP"
"18206",74,40,6,3,72.3648366559739,79.3285213093921,"Rough","Max. Reward Condition",40,"3",3,8,40,587,"Long",0.111897460496562,1.38000257281153,NA,0.623837613094967,"localGP"
"18207",74,41,8,2,41.6905527547663,79.3285213093921,"Rough","Max. Reward Condition",40,"3",3,3,31,587,"Long",0.111897460496562,1.38000257281153,NA,0.623837613094967,"localGP"
"18208",74,1,8,5,35.8126072041007,35.8126072041007,"Rough","Max. Reward Condition",20,"4",18,NA,64,588,"Short",0.0767816206930675,5.04081622594848,NA,0.870477399462646,"localGP"
"18209",74,2,3,2,87.0484650270771,87.0484650270771,"Rough","Max. Reward Condition",20,"4",18,5,26,588,"Short",0.0767816206930675,5.04081622594848,NA,0.870477399462646,"localGP"
"18210",74,3,2,2,100,100,"Rough","Max. Reward Condition",20,"4",18,4,25,588,"Short",0.0767816206930675,5.04081622594848,NA,0.870477399462646,"localGP"
"18211",74,4,2,3,53.5961483472986,100,"Rough","Max. Reward Condition",20,"4",18,4,36,588,"Short",0.0767816206930675,5.04081622594848,NA,0.870477399462646,"localGP"
"18212",74,5,1,1,48.0935875031168,100,"Rough","Max. Reward Condition",20,"4",18,4,13,588,"Short",0.0767816206930675,5.04081622594848,NA,0.870477399462646,"localGP"
"18213",74,6,2,1,70.0239835784985,100,"Rough","Max. Reward Condition",20,"4",18,5,14,588,"Short",0.0767816206930675,5.04081622594848,NA,0.870477399462646,"localGP"
"18214",74,7,2,2,100,100,"Rough","Max. Reward Condition",20,"4",18,5,25,588,"Short",0.0767816206930675,5.04081622594848,NA,0.870477399462646,"localGP"
"18215",74,8,1,2,56.0034935119072,100,"Rough","Max. Reward Condition",20,"4",18,5,24,588,"Short",0.0767816206930675,5.04081622594848,NA,0.870477399462646,"localGP"
"18216",74,9,2,2,100,100,"Rough","Max. Reward Condition",20,"4",18,5,25,588,"Short",0.0767816206930675,5.04081622594848,NA,0.870477399462646,"localGP"
"18217",74,10,10,8,59.2407992793453,100,"Rough","Max. Reward Condition",20,"4",18,3,99,588,"Short",0.0767816206930675,5.04081622594848,NA,0.870477399462646,"localGP"
"18218",74,11,10,7,45.9324442548253,100,"Rough","Max. Reward Condition",20,"4",18,7,88,588,"Short",0.0767816206930675,5.04081622594848,NA,0.870477399462646,"localGP"
"18219",74,12,7,5,34.8171406531834,100,"Rough","Max. Reward Condition",20,"4",18,1,63,588,"Short",0.0767816206930675,5.04081622594848,NA,0.870477399462646,"localGP"
"18220",74,13,0,10,44.7774903870151,100,"Rough","Max. Reward Condition",20,"4",18,2,111,588,"Short",0.0767816206930675,5.04081622594848,NA,0.870477399462646,"localGP"
"18221",74,14,7,10,39.5407952471519,100,"Rough","Max. Reward Condition",20,"4",18,2,118,588,"Short",0.0767816206930675,5.04081622594848,NA,0.870477399462646,"localGP"
"18222",74,15,0,8,40.1557616499508,100,"Rough","Max. Reward Condition",20,"4",18,4,89,588,"Short",0.0767816206930675,5.04081622594848,NA,0.870477399462646,"localGP"
"18223",74,16,1,1,48.0935875031168,100,"Rough","Max. Reward Condition",20,"4",18,4,13,588,"Short",0.0767816206930675,5.04081622594848,NA,0.870477399462646,"localGP"
"18224",74,17,0,2,35.0025842131743,100,"Rough","Max. Reward Condition",20,"4",18,5,23,588,"Short",0.0767816206930675,5.04081622594848,NA,0.870477399462646,"localGP"
"18225",74,18,1,3,23.743412126775,100,"Rough","Max. Reward Condition",20,"4",18,9,35,588,"Short",0.0767816206930675,5.04081622594848,NA,0.870477399462646,"localGP"
"18226",74,19,2,4,35.9082246738817,100,"Rough","Max. Reward Condition",20,"4",18,13,47,588,"Short",0.0767816206930675,5.04081622594848,NA,0.870477399462646,"localGP"
"18227",74,20,10,9,68.5571263747788,100,"Rough","Max. Reward Condition",20,"4",18,3,110,588,"Short",0.0767816206930675,5.04081622594848,NA,0.870477399462646,"localGP"
"18228",74,21,10,10,40.9300790469513,100,"Rough","Max. Reward Condition",20,"4",18,5,121,588,"Short",0.0767816206930675,5.04081622594848,NA,0.870477399462646,"localGP"
"18229",74,1,6,7,38.7212084303539,38.7212084303539,"Rough","Max. Reward Condition",40,"5",2,NA,84,589,"Long",0.124182627062121,1.52341599281002,NA,0.934697300525817,"localGP"
"18230",74,2,4,7,40.1763342885389,40.1763342885389,"Rough","Max. Reward Condition",40,"5",2,4,82,589,"Long",0.124182627062121,1.52341599281002,NA,0.934697300525817,"localGP"
"18231",74,3,3,7,29.4414947856435,40.1763342885389,"Rough","Max. Reward Condition",40,"5",2,8,81,589,"Long",0.124182627062121,1.52341599281002,NA,0.934697300525817,"localGP"
"18232",74,4,3,8,78.6066779803956,78.6066779803956,"Rough","Max. Reward Condition",40,"5",2,8,92,589,"Long",0.124182627062121,1.52341599281002,NA,0.934697300525817,"localGP"
"18233",74,5,3,9,100,100,"Rough","Max. Reward Condition",40,"5",2,5,103,589,"Long",0.124182627062121,1.52341599281002,NA,0.934697300525817,"localGP"
"18234",74,6,4,9,50.5750945891225,100,"Rough","Max. Reward Condition",40,"5",2,5,104,589,"Long",0.124182627062121,1.52341599281002,NA,0.934697300525817,"localGP"
"18235",74,7,7,7,26.5059569400407,100,"Rough","Max. Reward Condition",40,"5",2,3,85,589,"Long",0.124182627062121,1.52341599281002,NA,0.934697300525817,"localGP"
"18236",74,8,5,3,32.4134397153988,100,"Rough","Max. Reward Condition",40,"5",2,3,39,589,"Long",0.124182627062121,1.52341599281002,NA,0.934697300525817,"localGP"
"18237",74,9,0,8,30.123955458874,100,"Rough","Max. Reward Condition",40,"5",2,3,89,589,"Long",0.124182627062121,1.52341599281002,NA,0.934697300525817,"localGP"
"18238",74,10,10,9,30.0844410154341,100,"Rough","Max. Reward Condition",40,"5",2,2,110,589,"Long",0.124182627062121,1.52341599281002,NA,0.934697300525817,"localGP"
"18239",74,11,10,7,56.407307630686,100,"Rough","Max. Reward Condition",40,"5",2,2,88,589,"Long",0.124182627062121,1.52341599281002,NA,0.934697300525817,"localGP"
"18240",74,12,10,3,60.6679429845796,100,"Rough","Max. Reward Condition",40,"5",2,3,44,589,"Long",0.124182627062121,1.52341599281002,NA,0.934697300525817,"localGP"
"18241",74,13,10,4,52.2107180843675,100,"Rough","Max. Reward Condition",40,"5",2,2,55,589,"Long",0.124182627062121,1.52341599281002,NA,0.934697300525817,"localGP"
"18242",74,14,9,4,34.0962732882197,100,"Rough","Max. Reward Condition",40,"5",2,2,54,589,"Long",0.124182627062121,1.52341599281002,NA,0.934697300525817,"localGP"
"18243",74,15,7,9,45.2247389588236,100,"Rough","Max. Reward Condition",40,"5",2,2,107,589,"Long",0.124182627062121,1.52341599281002,NA,0.934697300525817,"localGP"
"18244",74,16,8,8,15.0484706034592,100,"Rough","Max. Reward Condition",40,"5",2,10,97,589,"Long",0.124182627062121,1.52341599281002,NA,0.934697300525817,"localGP"
"18245",74,17,1,3,37.158323481837,100,"Rough","Max. Reward Condition",40,"5",2,2,35,589,"Long",0.124182627062121,1.52341599281002,NA,0.934697300525817,"localGP"
"18246",74,18,5,8,25.9035878012328,100,"Rough","Max. Reward Condition",40,"5",2,1,94,589,"Long",0.124182627062121,1.52341599281002,NA,0.934697300525817,"localGP"
"18247",74,19,4,10,46.120681685965,100,"Rough","Max. Reward Condition",40,"5",2,1,115,589,"Long",0.124182627062121,1.52341599281002,NA,0.934697300525817,"localGP"
"18248",74,20,3,0,45.8336686523861,100,"Rough","Max. Reward Condition",40,"5",2,1,4,589,"Long",0.124182627062121,1.52341599281002,NA,0.934697300525817,"localGP"
"18249",74,21,3,1,42.8034972716549,100,"Rough","Max. Reward Condition",40,"5",2,2,15,589,"Long",0.124182627062121,1.52341599281002,NA,0.934697300525817,"localGP"
"18250",74,22,2,1,41.6870799554234,100,"Rough","Max. Reward Condition",40,"5",2,2,14,589,"Long",0.124182627062121,1.52341599281002,NA,0.934697300525817,"localGP"
"18251",74,23,9,2,19.7845577092185,100,"Rough","Max. Reward Condition",40,"5",2,3,32,589,"Long",0.124182627062121,1.52341599281002,NA,0.934697300525817,"localGP"
"18252",74,24,10,2,42.6956940217487,100,"Rough","Max. Reward Condition",40,"5",2,1,33,589,"Long",0.124182627062121,1.52341599281002,NA,0.934697300525817,"localGP"
"18253",74,25,0,1,65.1431397571806,100,"Rough","Max. Reward Condition",40,"5",2,3,12,589,"Long",0.124182627062121,1.52341599281002,NA,0.934697300525817,"localGP"
"18254",74,26,0,0,59.752754852951,100,"Rough","Max. Reward Condition",40,"5",2,6,1,589,"Long",0.124182627062121,1.52341599281002,NA,0.934697300525817,"localGP"
"18255",74,27,7,9,45.2247389588236,100,"Rough","Max. Reward Condition",40,"5",2,4,107,589,"Long",0.124182627062121,1.52341599281002,NA,0.934697300525817,"localGP"
"18256",74,28,8,10,50.0631766898922,100,"Rough","Max. Reward Condition",40,"5",2,2,119,589,"Long",0.124182627062121,1.52341599281002,NA,0.934697300525817,"localGP"
"18257",74,29,3,9,100,100,"Rough","Max. Reward Condition",40,"5",2,11,103,589,"Long",0.124182627062121,1.52341599281002,NA,0.934697300525817,"localGP"
"18258",74,30,2,9,94.3317374885778,100,"Rough","Max. Reward Condition",40,"5",2,9,102,589,"Long",0.124182627062121,1.52341599281002,NA,0.934697300525817,"localGP"
"18259",74,31,3,9,100,100,"Rough","Max. Reward Condition",40,"5",2,7,103,589,"Long",0.124182627062121,1.52341599281002,NA,0.934697300525817,"localGP"
"18260",74,32,3,9,100,100,"Rough","Max. Reward Condition",40,"5",2,3,103,589,"Long",0.124182627062121,1.52341599281002,NA,0.934697300525817,"localGP"
"18261",74,33,1,8,53.0522742783677,100,"Rough","Max. Reward Condition",40,"5",2,9,90,589,"Long",0.124182627062121,1.52341599281002,NA,0.934697300525817,"localGP"
"18262",74,34,5,2,15.5993196852058,100,"Rough","Max. Reward Condition",40,"5",2,0,28,589,"Long",0.124182627062121,1.52341599281002,NA,0.934697300525817,"localGP"
"18263",74,35,5,5,64.465937362096,100,"Rough","Max. Reward Condition",40,"5",2,0,61,589,"Long",0.124182627062121,1.52341599281002,NA,0.934697300525817,"localGP"
"18264",74,36,7,9,45.2247389588236,100,"Rough","Max. Reward Condition",40,"5",2,0,107,589,"Long",0.124182627062121,1.52341599281002,NA,0.934697300525817,"localGP"
"18265",74,37,7,10,82.2172279121399,100,"Rough","Max. Reward Condition",40,"5",2,3,118,589,"Long",0.124182627062121,1.52341599281002,NA,0.934697300525817,"localGP"
"18266",74,38,2,6,31.0882445544401,100,"Rough","Max. Reward Condition",40,"5",2,6,69,589,"Long",0.124182627062121,1.52341599281002,NA,0.934697300525817,"localGP"
"18267",74,39,0,9,29.897358776593,100,"Rough","Max. Reward Condition",40,"5",2,6,100,589,"Long",0.124182627062121,1.52341599281002,NA,0.934697300525817,"localGP"
"18268",74,40,2,9,94.3317374885778,100,"Rough","Max. Reward Condition",40,"5",2,7,102,589,"Long",0.124182627062121,1.52341599281002,NA,0.934697300525817,"localGP"
"18269",74,41,3,9,100,100,"Rough","Max. Reward Condition",40,"5",2,9,103,589,"Long",0.124182627062121,1.52341599281002,NA,0.934697300525817,"localGP"
"18270",74,1,7,10,6.16027342838367,6.16027342838367,"Rough","Max. Reward Condition",20,"6",13,NA,118,590,"Short",0.109127356410647,4.95198270034026,NA,1.99083617481927,"localGP"
"18271",74,2,2,1,67.2278837680135,67.2278837680135,"Rough","Max. Reward Condition",20,"6",13,16,14,590,"Short",0.109127356410647,4.95198270034026,NA,1.99083617481927,"localGP"
"18272",74,3,5,1,30.9871614244868,67.2278837680135,"Rough","Max. Reward Condition",20,"6",13,5,17,590,"Short",0.109127356410647,4.95198270034026,NA,1.99083617481927,"localGP"
"18273",74,4,0,9,38.6067834675174,67.2278837680135,"Rough","Max. Reward Condition",20,"6",13,8,100,590,"Short",0.109127356410647,4.95198270034026,NA,1.99083617481927,"localGP"
"18274",74,5,4,5,46.8761367253109,67.2278837680135,"Rough","Max. Reward Condition",20,"6",13,4,60,590,"Short",0.109127356410647,4.95198270034026,NA,1.99083617481927,"localGP"
"18275",74,6,10,10,64.51081568663,67.2278837680135,"Rough","Max. Reward Condition",20,"6",13,6,121,590,"Short",0.109127356410647,4.95198270034026,NA,1.99083617481927,"localGP"
"18276",74,7,10,9,78.2027912905164,78.2027912905164,"Rough","Max. Reward Condition",20,"6",13,3,110,590,"Short",0.109127356410647,4.95198270034026,NA,1.99083617481927,"localGP"
"18277",74,8,6,5,40.403960166515,78.2027912905164,"Rough","Max. Reward Condition",20,"6",13,7,62,590,"Short",0.109127356410647,4.95198270034026,NA,1.99083617481927,"localGP"
"18278",74,9,9,3,35.3475203040359,78.2027912905164,"Rough","Max. Reward Condition",20,"6",13,4,43,590,"Short",0.109127356410647,4.95198270034026,NA,1.99083617481927,"localGP"
"18279",74,10,10,7,43.7318226156506,78.2027912905164,"Rough","Max. Reward Condition",20,"6",13,6,88,590,"Short",0.109127356410647,4.95198270034026,NA,1.99083617481927,"localGP"
"18280",74,11,8,6,23.2409333296552,78.2027912905164,"Rough","Max. Reward Condition",20,"6",13,7,75,590,"Short",0.109127356410647,4.95198270034026,NA,1.99083617481927,"localGP"
"18281",74,12,7,6,59.1670306987151,78.2027912905164,"Rough","Max. Reward Condition",20,"6",13,2,74,590,"Short",0.109127356410647,4.95198270034026,NA,1.99083617481927,"localGP"
"18282",74,13,6,0,42.2635733296854,78.2027912905164,"Rough","Max. Reward Condition",20,"6",13,1,7,590,"Short",0.109127356410647,4.95198270034026,NA,1.99083617481927,"localGP"
"18283",74,14,9,3,35.3475203040359,78.2027912905164,"Rough","Max. Reward Condition",20,"6",13,0,43,590,"Short",0.109127356410647,4.95198270034026,NA,1.99083617481927,"localGP"
"18284",74,15,10,0,100,100,"Rough","Max. Reward Condition",20,"6",13,1,11,590,"Short",0.109127356410647,4.95198270034026,NA,1.99083617481927,"localGP"
"18285",74,16,3,0,52.2562561155338,100,"Rough","Max. Reward Condition",20,"6",13,2,4,590,"Short",0.109127356410647,4.95198270034026,NA,1.99083617481927,"localGP"
"18286",74,17,5,0,64.1419179337713,100,"Rough","Max. Reward Condition",20,"6",13,1,6,590,"Short",0.109127356410647,4.95198270034026,NA,1.99083617481927,"localGP"
"18287",74,18,9,5,26.612488577666,100,"Rough","Max. Reward Condition",20,"6",13,2,65,590,"Short",0.109127356410647,4.95198270034026,NA,1.99083617481927,"localGP"
"18288",74,19,6,9,20.5227228082924,100,"Rough","Max. Reward Condition",20,"6",13,1,106,590,"Short",0.109127356410647,4.95198270034026,NA,1.99083617481927,"localGP"
"18289",74,20,2,4,86.7630388184153,100,"Rough","Max. Reward Condition",20,"6",13,0,47,590,"Short",0.109127356410647,4.95198270034026,NA,1.99083617481927,"localGP"
"18290",74,21,0,4,32.731169027758,100,"Rough","Max. Reward Condition",20,"6",13,1,45,590,"Short",0.109127356410647,4.95198270034026,NA,1.99083617481927,"localGP"
"18291",74,1,10,7,16.2974098604969,16.2974098604969,"Rough","Max. Reward Condition",40,"7",4,NA,88,591,"Long",0.120586683703501,1.43431739037242,NA,0.773728518682364,"localGP"
"18292",74,2,6,3,49.7582235748205,49.7582235748205,"Rough","Max. Reward Condition",40,"7",4,14,40,591,"Long",0.120586683703501,1.43431739037242,NA,0.773728518682364,"localGP"
"18293",74,3,6,4,15.4794174054474,49.7582235748205,"Rough","Max. Reward Condition",40,"7",4,3,51,591,"Long",0.120586683703501,1.43431739037242,NA,0.773728518682364,"localGP"
"18294",74,4,4,2,100,100,"Rough","Max. Reward Condition",40,"7",4,3,27,591,"Long",0.120586683703501,1.43431739037242,NA,0.773728518682364,"localGP"
"18295",74,5,4,1,36.6948932499117,100,"Rough","Max. Reward Condition",40,"7",4,6,16,591,"Long",0.120586683703501,1.43431739037242,NA,0.773728518682364,"localGP"
"18296",74,6,4,2,100,100,"Rough","Max. Reward Condition",40,"7",4,5,27,591,"Long",0.120586683703501,1.43431739037242,NA,0.773728518682364,"localGP"
"18297",74,7,4,3,94.794324286051,100,"Rough","Max. Reward Condition",40,"7",4,5,38,591,"Long",0.120586683703501,1.43431739037242,NA,0.773728518682364,"localGP"
"18298",74,8,8,9,44.028878775324,100,"Rough","Max. Reward Condition",40,"7",4,4,108,591,"Long",0.120586683703501,1.43431739037242,NA,0.773728518682364,"localGP"
"18299",74,9,7,9,44.9040563122342,100,"Rough","Max. Reward Condition",40,"7",4,4,107,591,"Long",0.120586683703501,1.43431739037242,NA,0.773728518682364,"localGP"
"18300",74,10,2,4,48.1844951677525,100,"Rough","Max. Reward Condition",40,"7",4,3,47,591,"Long",0.120586683703501,1.43431739037242,NA,0.773728518682364,"localGP"
"18301",74,11,2,3,28.2357872462132,100,"Rough","Max. Reward Condition",40,"7",4,6,36,591,"Long",0.120586683703501,1.43431739037242,NA,0.773728518682364,"localGP"
"18302",74,12,3,6,39.1502894638098,100,"Rough","Max. Reward Condition",40,"7",4,4,70,591,"Long",0.120586683703501,1.43431739037242,NA,0.773728518682364,"localGP"
"18303",74,13,1,10,30.8155263252467,100,"Rough","Max. Reward Condition",40,"7",4,2,112,591,"Long",0.120586683703501,1.43431739037242,NA,0.773728518682364,"localGP"
"18304",74,14,8,2,61.3718007278431,100,"Rough","Max. Reward Condition",40,"7",4,2,31,591,"Long",0.120586683703501,1.43431739037242,NA,0.773728518682364,"localGP"
"18305",74,15,7,1,40.8192453000824,100,"Rough","Max. Reward Condition",40,"7",4,2,19,591,"Long",0.120586683703501,1.43431739037242,NA,0.773728518682364,"localGP"
"18306",74,16,8,1,47.0627415324652,100,"Rough","Max. Reward Condition",40,"7",4,9,20,591,"Long",0.120586683703501,1.43431739037242,NA,0.773728518682364,"localGP"
"18307",74,17,3,6,39.1502894638098,100,"Rough","Max. Reward Condition",40,"7",4,6,70,591,"Long",0.120586683703501,1.43431739037242,NA,0.773728518682364,"localGP"
"18308",74,18,2,3,28.2357872462132,100,"Rough","Max. Reward Condition",40,"7",4,8,36,591,"Long",0.120586683703501,1.43431739037242,NA,0.773728518682364,"localGP"
"18309",74,19,3,2,48.6711536627271,100,"Rough","Max. Reward Condition",40,"7",4,2,26,591,"Long",0.120586683703501,1.43431739037242,NA,0.773728518682364,"localGP"
"18310",74,20,2,7,36.3841568460802,100,"Rough","Max. Reward Condition",40,"7",4,2,80,591,"Long",0.120586683703501,1.43431739037242,NA,0.773728518682364,"localGP"
"18311",74,21,8,5,68.1580149592583,100,"Rough","Max. Reward Condition",40,"7",4,2,64,591,"Long",0.120586683703501,1.43431739037242,NA,0.773728518682364,"localGP"
"18312",74,22,8,2,61.3718007278431,100,"Rough","Max. Reward Condition",40,"7",4,14,31,591,"Long",0.120586683703501,1.43431739037242,NA,0.773728518682364,"localGP"
"18313",74,23,8,3,59.0490578971639,100,"Rough","Max. Reward Condition",40,"7",4,2,42,591,"Long",0.120586683703501,1.43431739037242,NA,0.773728518682364,"localGP"
"18314",74,24,10,5,13.5240325022362,100,"Rough","Max. Reward Condition",40,"7",4,9,66,591,"Long",0.120586683703501,1.43431739037242,NA,0.773728518682364,"localGP"
"18315",74,25,0,6,25.7438670840663,100,"Rough","Max. Reward Condition",40,"7",4,7,67,591,"Long",0.120586683703501,1.43431739037242,NA,0.773728518682364,"localGP"
"18316",74,26,2,9,75.1501969131058,100,"Rough","Max. Reward Condition",40,"7",4,1,102,591,"Long",0.120586683703501,1.43431739037242,NA,0.773728518682364,"localGP"
"18317",74,27,1,9,44.6574479048921,100,"Rough","Max. Reward Condition",40,"7",4,1,101,591,"Long",0.120586683703501,1.43431739037242,NA,0.773728518682364,"localGP"
"18318",74,28,0,1,65.3456129286578,100,"Rough","Max. Reward Condition",40,"7",4,9,12,591,"Long",0.120586683703501,1.43431739037242,NA,0.773728518682364,"localGP"
"18319",74,29,2,2,35.4180456791571,100,"Rough","Max. Reward Condition",40,"7",4,7,25,591,"Long",0.120586683703501,1.43431739037242,NA,0.773728518682364,"localGP"
"18320",74,30,8,6,34.6398496168061,100,"Rough","Max. Reward Condition",40,"7",4,3,75,591,"Long",0.120586683703501,1.43431739037242,NA,0.773728518682364,"localGP"
"18321",74,31,4,6,62.1617444201005,100,"Rough","Max. Reward Condition",40,"7",4,1,71,591,"Long",0.120586683703501,1.43431739037242,NA,0.773728518682364,"localGP"
"18322",74,32,4,5,36.1447579478145,100,"Rough","Max. Reward Condition",40,"7",4,2,60,591,"Long",0.120586683703501,1.43431739037242,NA,0.773728518682364,"localGP"
"18323",74,33,4,6,62.1617444201005,100,"Rough","Max. Reward Condition",40,"7",4,2,71,591,"Long",0.120586683703501,1.43431739037242,NA,0.773728518682364,"localGP"
"18324",74,34,4,7,64.0825409576954,100,"Rough","Max. Reward Condition",40,"7",4,2,82,591,"Long",0.120586683703501,1.43431739037242,NA,0.773728518682364,"localGP"
"18325",74,35,7,7,31.8600199928014,100,"Rough","Max. Reward Condition",40,"7",4,3,85,591,"Long",0.120586683703501,1.43431739037242,NA,0.773728518682364,"localGP"
"18326",74,36,3,4,52.4074938084039,100,"Rough","Max. Reward Condition",40,"7",4,1,48,591,"Long",0.120586683703501,1.43431739037242,NA,0.773728518682364,"localGP"
"18327",74,37,0,1,65.3456129286578,100,"Rough","Max. Reward Condition",40,"7",4,0,12,591,"Long",0.120586683703501,1.43431739037242,NA,0.773728518682364,"localGP"
"18328",74,38,8,7,25.3941044554776,100,"Rough","Max. Reward Condition",40,"7",4,6,86,591,"Long",0.120586683703501,1.43431739037242,NA,0.773728518682364,"localGP"
"18329",74,39,2,9,75.1501969131058,100,"Rough","Max. Reward Condition",40,"7",4,4,102,591,"Long",0.120586683703501,1.43431739037242,NA,0.773728518682364,"localGP"
"18330",74,40,4,9,45.2552162388682,100,"Rough","Max. Reward Condition",40,"7",4,1,104,591,"Long",0.120586683703501,1.43431739037242,NA,0.773728518682364,"localGP"
"18331",74,41,3,10,56.7304025391651,100,"Rough","Max. Reward Condition",40,"7",4,0,114,591,"Long",0.120586683703501,1.43431739037242,NA,0.773728518682364,"localGP"
"18332",74,1,2,6,23.8521883882805,23.8521883882805,"Rough","Max. Reward Condition",20,"8",12,NA,69,592,"Short",0.0826749544539111,2.07586083408406,NA,0.431595865214774,"localGP"
"18333",74,2,0,4,73.4344016997412,73.4344016997412,"Rough","Max. Reward Condition",20,"8",12,10,45,592,"Short",0.0826749544539111,2.07586083408406,NA,0.431595865214774,"localGP"
"18334",74,3,4,4,47.4352685864359,73.4344016997412,"Rough","Max. Reward Condition",20,"8",12,7,49,592,"Short",0.0826749544539111,2.07586083408406,NA,0.431595865214774,"localGP"
"18335",74,4,7,0,73.3448619452636,73.4344016997412,"Rough","Max. Reward Condition",20,"8",12,7,8,592,"Short",0.0826749544539111,2.07586083408406,NA,0.431595865214774,"localGP"
"18336",74,5,8,0,73.9756184562908,73.9756184562908,"Rough","Max. Reward Condition",20,"8",12,3,9,592,"Short",0.0826749544539111,2.07586083408406,NA,0.431595865214774,"localGP"
"18337",74,6,3,2,92.3609329000905,92.3609329000905,"Rough","Max. Reward Condition",20,"8",12,5,26,592,"Short",0.0826749544539111,2.07586083408406,NA,0.431595865214774,"localGP"
"18338",74,7,7,1,80.4403331972244,92.3609329000905,"Rough","Max. Reward Condition",20,"8",12,4,19,592,"Short",0.0826749544539111,2.07586083408406,NA,0.431595865214774,"localGP"
"18339",74,8,10,7,59.9919604087236,92.3609329000905,"Rough","Max. Reward Condition",20,"8",12,4,88,592,"Short",0.0826749544539111,2.07586083408406,NA,0.431595865214774,"localGP"
"18340",74,9,0,2,9.45487172108052,92.3609329000905,"Rough","Max. Reward Condition",20,"8",12,6,23,592,"Short",0.0826749544539111,2.07586083408406,NA,0.431595865214774,"localGP"
"18341",74,10,2,4,17.0886518121554,92.3609329000905,"Rough","Max. Reward Condition",20,"8",12,5,47,592,"Short",0.0826749544539111,2.07586083408406,NA,0.431595865214774,"localGP"
"18342",74,11,5,1,44.2328217511711,92.3609329000905,"Rough","Max. Reward Condition",20,"8",12,1,17,592,"Short",0.0826749544539111,2.07586083408406,NA,0.431595865214774,"localGP"
"18343",74,12,8,6,87.8662142990348,92.3609329000905,"Rough","Max. Reward Condition",20,"8",12,1,75,592,"Short",0.0826749544539111,2.07586083408406,NA,0.431595865214774,"localGP"
"18344",74,13,7,6,92.2608433233279,92.3609329000905,"Rough","Max. Reward Condition",20,"8",12,2,74,592,"Short",0.0826749544539111,2.07586083408406,NA,0.431595865214774,"localGP"
"18345",74,14,7,5,86.8061250260335,92.3609329000905,"Rough","Max. Reward Condition",20,"8",12,1,63,592,"Short",0.0826749544539111,2.07586083408406,NA,0.431595865214774,"localGP"
"18346",74,15,7,4,50.9267348648604,92.3609329000905,"Rough","Max. Reward Condition",20,"8",12,1,52,592,"Short",0.0826749544539111,2.07586083408406,NA,0.431595865214774,"localGP"
"18347",74,16,9,10,67.4802551534836,92.3609329000905,"Rough","Max. Reward Condition",20,"8",12,1,120,592,"Short",0.0826749544539111,2.07586083408406,NA,0.431595865214774,"localGP"
"18348",74,17,10,10,82.1633669638576,92.3609329000905,"Rough","Max. Reward Condition",20,"8",12,4,121,592,"Short",0.0826749544539111,2.07586083408406,NA,0.431595865214774,"localGP"
"18349",74,18,9,10,67.4802551534836,92.3609329000905,"Rough","Max. Reward Condition",20,"8",12,7,120,592,"Short",0.0826749544539111,2.07586083408406,NA,0.431595865214774,"localGP"
"18350",74,19,10,5,62.8520083349877,92.3609329000905,"Rough","Max. Reward Condition",20,"8",12,3,66,592,"Short",0.0826749544539111,2.07586083408406,NA,0.431595865214774,"localGP"
"18351",74,20,8,5,68.8394216351871,92.3609329000905,"Rough","Max. Reward Condition",20,"8",12,8,64,592,"Short",0.0826749544539111,2.07586083408406,NA,0.431595865214774,"localGP"
"18352",74,21,7,5,86.8061250260335,92.3609329000905,"Rough","Max. Reward Condition",20,"8",12,0,63,592,"Short",0.0826749544539111,2.07586083408406,NA,0.431595865214774,"localGP"
"18353",75,1,6,5,27.715879819657,27.715879819657,"Smooth","Max. Reward Condition",20,"1",4,NA,62,593,"Short",0.0860927531325989,0.764111031240513,NA,0.555752519820168,"localGP"
"18354",75,2,6,4,15.4794174054474,27.715879819657,"Smooth","Max. Reward Condition",20,"1",4,1,51,593,"Short",0.0860927531325989,0.764111031240513,NA,0.555752519820168,"localGP"
"18355",75,3,8,4,73.0063845921063,73.0063845921063,"Smooth","Max. Reward Condition",20,"1",4,2,53,593,"Short",0.0860927531325989,0.764111031240513,NA,0.555752519820168,"localGP"
"18356",75,4,9,4,51.3835658310019,73.0063845921063,"Smooth","Max. Reward Condition",20,"1",4,1,54,593,"Short",0.0860927531325989,0.764111031240513,NA,0.555752519820168,"localGP"
"18357",75,5,8,3,59.0490578971639,73.0063845921063,"Smooth","Max. Reward Condition",20,"1",4,1,42,593,"Short",0.0860927531325989,0.764111031240513,NA,0.555752519820168,"localGP"
"18358",75,6,6,1,31.833699427692,73.0063845921063,"Smooth","Max. Reward Condition",20,"1",4,1,18,593,"Short",0.0860927531325989,0.764111031240513,NA,0.555752519820168,"localGP"
"18359",75,7,5,1,45.7416086837136,73.0063845921063,"Smooth","Max. Reward Condition",20,"1",4,1,17,593,"Short",0.0860927531325989,0.764111031240513,NA,0.555752519820168,"localGP"
"18360",75,8,5,2,88.4170710697694,88.4170710697694,"Smooth","Max. Reward Condition",20,"1",4,1,28,593,"Short",0.0860927531325989,0.764111031240513,NA,0.555752519820168,"localGP"
"18361",75,9,4,2,100,100,"Smooth","Max. Reward Condition",20,"1",4,1,27,593,"Short",0.0860927531325989,0.764111031240513,NA,0.555752519820168,"localGP"
"18362",75,10,4,3,94.794324286051,100,"Smooth","Max. Reward Condition",20,"1",4,1,38,593,"Short",0.0860927531325989,0.764111031240513,NA,0.555752519820168,"localGP"
"18363",75,11,3,3,61.9515693449088,100,"Smooth","Max. Reward Condition",20,"1",4,1,37,593,"Short",0.0860927531325989,0.764111031240513,NA,0.555752519820168,"localGP"
"18364",75,12,3,2,48.6711536627271,100,"Smooth","Max. Reward Condition",20,"1",4,2,26,593,"Short",0.0860927531325989,0.764111031240513,NA,0.555752519820168,"localGP"
"18365",75,13,2,1,51.6085825276977,100,"Smooth","Max. Reward Condition",20,"1",4,2,14,593,"Short",0.0860927531325989,0.764111031240513,NA,0.555752519820168,"localGP"
"18366",75,14,2,0,60.1885036644996,100,"Smooth","Max. Reward Condition",20,"1",4,1,3,593,"Short",0.0860927531325989,0.764111031240513,NA,0.555752519820168,"localGP"
"18367",75,15,4,0,27.757926963594,100,"Smooth","Max. Reward Condition",20,"1",4,1,5,593,"Short",0.0860927531325989,0.764111031240513,NA,0.555752519820168,"localGP"
"18368",75,16,3,0,32.6932648884738,100,"Smooth","Max. Reward Condition",20,"1",4,1,4,593,"Short",0.0860927531325989,0.764111031240513,NA,0.555752519820168,"localGP"
"18369",75,17,5,5,32.848866860403,100,"Smooth","Max. Reward Condition",20,"1",4,1,61,593,"Short",0.0860927531325989,0.764111031240513,NA,0.555752519820168,"localGP"
"18370",75,18,3,5,42.7959120158228,100,"Smooth","Max. Reward Condition",20,"1",4,2,59,593,"Short",0.0860927531325989,0.764111031240513,NA,0.555752519820168,"localGP"
"18371",75,19,1,5,42.3282812740103,100,"Smooth","Max. Reward Condition",20,"1",4,1,57,593,"Short",0.0860927531325989,0.764111031240513,NA,0.555752519820168,"localGP"
"18372",75,20,0,5,22.8294473469867,100,"Smooth","Max. Reward Condition",20,"1",4,2,56,593,"Short",0.0860927531325989,0.764111031240513,NA,0.555752519820168,"localGP"
"18373",75,21,2,2,35.4180456791571,100,"Smooth","Max. Reward Condition",20,"1",4,1,25,593,"Short",0.0860927531325989,0.764111031240513,NA,0.555752519820168,"localGP"
"18374",75,1,4,2,81.6647174161388,81.6647174161388,"Smooth","Max. Reward Condition",40,"2",12,NA,27,594,"Long",0.0737959715136609,0.786589435882188,NA,0.514341128982239,"localGP"
"18375",75,2,4,1,56.1038322690093,81.6647174161388,"Smooth","Max. Reward Condition",40,"2",12,1,16,594,"Long",0.0737959715136609,0.786589435882188,NA,0.514341128982239,"localGP"
"18376",75,3,4,0,44.6746717399541,81.6647174161388,"Smooth","Max. Reward Condition",40,"2",12,1,5,594,"Long",0.0737959715136609,0.786589435882188,NA,0.514341128982239,"localGP"
"18377",75,4,3,0,64.7269948092112,81.6647174161388,"Smooth","Max. Reward Condition",40,"2",12,1,4,594,"Long",0.0737959715136609,0.786589435882188,NA,0.514341128982239,"localGP"
"18378",75,5,1,0,41.1943881385289,81.6647174161388,"Smooth","Max. Reward Condition",40,"2",12,2,2,594,"Long",0.0737959715136609,0.786589435882188,NA,0.514341128982239,"localGP"
"18379",75,6,1,1,21.0804063375276,81.6647174161388,"Smooth","Max. Reward Condition",40,"2",12,1,13,594,"Long",0.0737959715136609,0.786589435882188,NA,0.514341128982239,"localGP"
"18380",75,7,1,2,35.7010889135408,81.6647174161388,"Smooth","Max. Reward Condition",40,"2",12,1,24,594,"Long",0.0737959715136609,0.786589435882188,NA,0.514341128982239,"localGP"
"18381",75,8,1,3,52.8430974034595,81.6647174161388,"Smooth","Max. Reward Condition",40,"2",12,1,35,594,"Long",0.0737959715136609,0.786589435882188,NA,0.514341128982239,"localGP"
"18382",75,9,2,3,54.2459554545329,81.6647174161388,"Smooth","Max. Reward Condition",40,"2",12,3,36,594,"Long",0.0737959715136609,0.786589435882188,NA,0.514341128982239,"localGP"
"18383",75,10,3,3,78.6603428808522,81.6647174161388,"Smooth","Max. Reward Condition",40,"2",12,7,37,594,"Long",0.0737959715136609,0.786589435882188,NA,0.514341128982239,"localGP"
"18384",75,11,3,4,34.4456880068481,81.6647174161388,"Smooth","Max. Reward Condition",40,"2",12,9,48,594,"Long",0.0737959715136609,0.786589435882188,NA,0.514341128982239,"localGP"
"18385",75,12,3,1,68.4386100251646,81.6647174161388,"Smooth","Max. Reward Condition",40,"2",12,1,15,594,"Long",0.0737959715136609,0.786589435882188,NA,0.514341128982239,"localGP"
"18386",75,13,3,2,92.3609329000905,92.3609329000905,"Smooth","Max. Reward Condition",40,"2",12,1,26,594,"Long",0.0737959715136609,0.786589435882188,NA,0.514341128982239,"localGP"
"18387",75,14,3,2,92.3609329000905,92.3609329000905,"Smooth","Max. Reward Condition",40,"2",12,2,26,594,"Long",0.0737959715136609,0.786589435882188,NA,0.514341128982239,"localGP"
"18388",75,15,5,1,44.2328217511711,92.3609329000905,"Smooth","Max. Reward Condition",40,"2",12,1,17,594,"Long",0.0737959715136609,0.786589435882188,NA,0.514341128982239,"localGP"
"18389",75,16,5,2,65.4096686254795,92.3609329000905,"Smooth","Max. Reward Condition",40,"2",12,1,28,594,"Long",0.0737959715136609,0.786589435882188,NA,0.514341128982239,"localGP"
"18390",75,17,6,2,67.1671387107325,92.3609329000905,"Smooth","Max. Reward Condition",40,"2",12,1,29,594,"Long",0.0737959715136609,0.786589435882188,NA,0.514341128982239,"localGP"
"18391",75,18,6,3,32.6895102887669,92.3609329000905,"Smooth","Max. Reward Condition",40,"2",12,1,40,594,"Long",0.0737959715136609,0.786589435882188,NA,0.514341128982239,"localGP"
"18392",75,19,9,10,67.4802551534836,92.3609329000905,"Smooth","Max. Reward Condition",40,"2",12,1,120,594,"Long",0.0737959715136609,0.786589435882188,NA,0.514341128982239,"localGP"
"18393",75,20,8,10,59.9540660369886,92.3609329000905,"Smooth","Max. Reward Condition",40,"2",12,1,119,594,"Long",0.0737959715136609,0.786589435882188,NA,0.514341128982239,"localGP"
"18394",75,21,8,9,62.8606043078969,92.3609329000905,"Smooth","Max. Reward Condition",40,"2",12,1,108,594,"Long",0.0737959715136609,0.786589435882188,NA,0.514341128982239,"localGP"
"18395",75,22,8,8,74.2665096632298,92.3609329000905,"Smooth","Max. Reward Condition",40,"2",12,2,97,594,"Long",0.0737959715136609,0.786589435882188,NA,0.514341128982239,"localGP"
"18396",75,23,7,8,45.6964711781897,92.3609329000905,"Smooth","Max. Reward Condition",40,"2",12,3,96,594,"Long",0.0737959715136609,0.786589435882188,NA,0.514341128982239,"localGP"
"18397",75,24,7,9,33.6333693402213,92.3609329000905,"Smooth","Max. Reward Condition",40,"2",12,1,107,594,"Long",0.0737959715136609,0.786589435882188,NA,0.514341128982239,"localGP"
"18398",75,25,7,7,63.3946973965317,92.3609329000905,"Smooth","Max. Reward Condition",40,"2",12,1,85,594,"Long",0.0737959715136609,0.786589435882188,NA,0.514341128982239,"localGP"
"18399",75,26,8,7,81.8274104004157,92.3609329000905,"Smooth","Max. Reward Condition",40,"2",12,1,86,594,"Long",0.0737959715136609,0.786589435882188,NA,0.514341128982239,"localGP"
"18400",75,27,9,7,78.9152227809253,92.3609329000905,"Smooth","Max. Reward Condition",40,"2",12,1,87,594,"Long",0.0737959715136609,0.786589435882188,NA,0.514341128982239,"localGP"
"18401",75,28,9,8,85.7573935505375,92.3609329000905,"Smooth","Max. Reward Condition",40,"2",12,1,98,594,"Long",0.0737959715136609,0.786589435882188,NA,0.514341128982239,"localGP"
"18402",75,29,10,8,81.5439013979377,92.3609329000905,"Smooth","Max. Reward Condition",40,"2",12,1,99,594,"Long",0.0737959715136609,0.786589435882188,NA,0.514341128982239,"localGP"
"18403",75,30,10,9,82.6126094041151,92.3609329000905,"Smooth","Max. Reward Condition",40,"2",12,7,110,594,"Long",0.0737959715136609,0.786589435882188,NA,0.514341128982239,"localGP"
"18404",75,31,9,9,79.9813230498627,92.3609329000905,"Smooth","Max. Reward Condition",40,"2",12,3,109,594,"Long",0.0737959715136609,0.786589435882188,NA,0.514341128982239,"localGP"
"18405",75,32,8,6,87.8662142990348,92.3609329000905,"Smooth","Max. Reward Condition",40,"2",12,1,75,594,"Long",0.0737959715136609,0.786589435882188,NA,0.514341128982239,"localGP"
"18406",75,33,9,6,67.9862039342171,92.3609329000905,"Smooth","Max. Reward Condition",40,"2",12,1,76,594,"Long",0.0737959715136609,0.786589435882188,NA,0.514341128982239,"localGP"
"18407",75,34,8,6,87.8662142990348,92.3609329000905,"Smooth","Max. Reward Condition",40,"2",12,2,75,594,"Long",0.0737959715136609,0.786589435882188,NA,0.514341128982239,"localGP"
"18408",75,35,8,5,68.8394216351871,92.3609329000905,"Smooth","Max. Reward Condition",40,"2",12,1,64,594,"Long",0.0737959715136609,0.786589435882188,NA,0.514341128982239,"localGP"
"18409",75,36,8,6,87.8662142990348,92.3609329000905,"Smooth","Max. Reward Condition",40,"2",12,1,75,594,"Long",0.0737959715136609,0.786589435882188,NA,0.514341128982239,"localGP"
"18410",75,37,7,6,92.2608433233279,92.3609329000905,"Smooth","Max. Reward Condition",40,"2",12,1,74,594,"Long",0.0737959715136609,0.786589435882188,NA,0.514341128982239,"localGP"
"18411",75,38,6,6,97.0143306966023,97.0143306966023,"Smooth","Max. Reward Condition",40,"2",12,1,73,594,"Long",0.0737959715136609,0.786589435882188,NA,0.514341128982239,"localGP"
"18412",75,39,6,5,78.7023797954434,97.0143306966023,"Smooth","Max. Reward Condition",40,"2",12,1,62,594,"Long",0.0737959715136609,0.786589435882188,NA,0.514341128982239,"localGP"
"18413",75,40,7,5,86.8061250260335,97.0143306966023,"Smooth","Max. Reward Condition",40,"2",12,1,63,594,"Long",0.0737959715136609,0.786589435882188,NA,0.514341128982239,"localGP"
"18414",75,41,7,4,50.9267348648604,97.0143306966023,"Smooth","Max. Reward Condition",40,"2",12,1,52,594,"Long",0.0737959715136609,0.786589435882188,NA,0.514341128982239,"localGP"
"18415",75,1,10,4,42.3438039653193,42.3438039653193,"Smooth","Max. Reward Condition",20,"3",15,NA,55,595,"Short",0.0822208944700045,0.782536588706588,NA,0.551149335534605,"localGP"
"18416",75,2,9,4,67.8025720803485,67.8025720803485,"Smooth","Max. Reward Condition",20,"3",15,5,54,595,"Short",0.0822208944700045,0.782536588706588,NA,0.551149335534605,"localGP"
"18417",75,3,8,4,71.7350689327,71.7350689327,"Smooth","Max. Reward Condition",20,"3",15,2,53,595,"Short",0.0822208944700045,0.782536588706588,NA,0.551149335534605,"localGP"
"18418",75,4,8,5,56.6654035866027,71.7350689327,"Smooth","Max. Reward Condition",20,"3",15,2,64,595,"Short",0.0822208944700045,0.782536588706588,NA,0.551149335534605,"localGP"
"18419",75,5,7,5,36.5795294190288,71.7350689327,"Smooth","Max. Reward Condition",20,"3",15,1,63,595,"Short",0.0822208944700045,0.782536588706588,NA,0.551149335534605,"localGP"
"18420",75,6,5,9,47.9731744721056,71.7350689327,"Smooth","Max. Reward Condition",20,"3",15,1,105,595,"Short",0.0822208944700045,0.782536588706588,NA,0.551149335534605,"localGP"
"18421",75,7,5,8,12.3881850292677,71.7350689327,"Smooth","Max. Reward Condition",20,"3",15,1,94,595,"Short",0.0822208944700045,0.782536588706588,NA,0.551149335534605,"localGP"
"18422",75,8,8,10,40.4645686196442,71.7350689327,"Smooth","Max. Reward Condition",20,"3",15,1,119,595,"Short",0.0822208944700045,0.782536588706588,NA,0.551149335534605,"localGP"
"18423",75,9,9,10,53.2556028965444,71.7350689327,"Smooth","Max. Reward Condition",20,"3",15,1,120,595,"Short",0.0822208944700045,0.782536588706588,NA,0.551149335534605,"localGP"
"18424",75,10,3,10,42.3400534005875,71.7350689327,"Smooth","Max. Reward Condition",20,"3",15,1,114,595,"Short",0.0822208944700045,0.782536588706588,NA,0.551149335534605,"localGP"
"18425",75,11,5,0,62.3288785579905,71.7350689327,"Smooth","Max. Reward Condition",20,"3",15,1,6,595,"Short",0.0822208944700045,0.782536588706588,NA,0.551149335534605,"localGP"
"18426",75,12,5,1,30.4951165770028,71.7350689327,"Smooth","Max. Reward Condition",20,"3",15,1,17,595,"Short",0.0822208944700045,0.782536588706588,NA,0.551149335534605,"localGP"
"18427",75,13,4,1,33.8608437670612,71.7350689327,"Smooth","Max. Reward Condition",20,"3",15,3,16,595,"Short",0.0822208944700045,0.782536588706588,NA,0.551149335534605,"localGP"
"18428",75,14,4,2,50.1084005844682,71.7350689327,"Smooth","Max. Reward Condition",20,"3",15,6,27,595,"Short",0.0822208944700045,0.782536588706588,NA,0.551149335534605,"localGP"
"18429",75,15,3,2,46.0666798716987,71.7350689327,"Smooth","Max. Reward Condition",20,"3",15,5,26,595,"Short",0.0822208944700045,0.782536588706588,NA,0.551149335534605,"localGP"
"18430",75,16,2,2,71.3818966101037,71.7350689327,"Smooth","Max. Reward Condition",20,"3",15,1,25,595,"Short",0.0822208944700045,0.782536588706588,NA,0.551149335534605,"localGP"
"18431",75,17,2,3,47.5308435127139,71.7350689327,"Smooth","Max. Reward Condition",20,"3",15,1,36,595,"Short",0.0822208944700045,0.782536588706588,NA,0.551149335534605,"localGP"
"18432",75,18,1,3,78.9236623533558,78.9236623533558,"Smooth","Max. Reward Condition",20,"3",15,1,35,595,"Short",0.0822208944700045,0.782536588706588,NA,0.551149335534605,"localGP"
"18433",75,19,1,4,71.7502401708434,78.9236623533558,"Smooth","Max. Reward Condition",20,"3",15,2,46,595,"Short",0.0822208944700045,0.782536588706588,NA,0.551149335534605,"localGP"
"18434",75,20,1,5,94.5829546424011,94.5829546424011,"Smooth","Max. Reward Condition",20,"3",15,1,57,595,"Short",0.0822208944700045,0.782536588706588,NA,0.551149335534605,"localGP"
"18435",75,21,1,6,89.9274342754243,94.5829546424011,"Smooth","Max. Reward Condition",20,"3",15,1,68,595,"Short",0.0822208944700045,0.782536588706588,NA,0.551149335534605,"localGP"
"18436",75,1,1,6,54.3370472689451,54.3370472689451,"Smooth","Max. Reward Condition",40,"4",6,NA,68,596,"Long",0.0791520422835696,0.758826316970858,NA,0.526786097876757,"localGP"
"18437",75,2,0,7,56.7102070439247,56.7102070439247,"Smooth","Max. Reward Condition",40,"4",6,2,78,596,"Long",0.0791520422835696,0.758826316970858,NA,0.526786097876757,"localGP"
"18438",75,3,0,8,61.7889867982793,61.7889867982793,"Smooth","Max. Reward Condition",40,"4",6,5,89,596,"Long",0.0791520422835696,0.758826316970858,NA,0.526786097876757,"localGP"
"18439",75,4,1,8,26.3468808811105,61.7889867982793,"Smooth","Max. Reward Condition",40,"4",6,2,90,596,"Long",0.0791520422835696,0.758826316970858,NA,0.526786097876757,"localGP"
"18440",75,5,1,10,67.9554499447788,67.9554499447788,"Smooth","Max. Reward Condition",40,"4",6,1,112,596,"Long",0.0791520422835696,0.758826316970858,NA,0.526786097876757,"localGP"
"18441",75,6,0,10,82.527541309215,82.527541309215,"Smooth","Max. Reward Condition",40,"4",6,2,111,596,"Long",0.0791520422835696,0.758826316970858,NA,0.526786097876757,"localGP"
"18442",75,7,0,9,70.7016784293051,82.527541309215,"Smooth","Max. Reward Condition",40,"4",6,1,100,596,"Long",0.0791520422835696,0.758826316970858,NA,0.526786097876757,"localGP"
"18443",75,8,1,9,36.7437798963148,82.527541309215,"Smooth","Max. Reward Condition",40,"4",6,1,101,596,"Long",0.0791520422835696,0.758826316970858,NA,0.526786097876757,"localGP"
"18444",75,9,6,9,23.3299176414796,82.527541309215,"Smooth","Max. Reward Condition",40,"4",6,1,106,596,"Long",0.0791520422835696,0.758826316970858,NA,0.526786097876757,"localGP"
"18445",75,10,1,9,36.7437798963148,82.527541309215,"Smooth","Max. Reward Condition",40,"4",6,1,101,596,"Long",0.0791520422835696,0.758826316970858,NA,0.526786097876757,"localGP"
"18446",75,11,6,8,47.1218833343134,82.527541309215,"Smooth","Max. Reward Condition",40,"4",6,1,95,596,"Long",0.0791520422835696,0.758826316970858,NA,0.526786097876757,"localGP"
"18447",75,12,5,8,46.7235740972404,82.527541309215,"Smooth","Max. Reward Condition",40,"4",6,2,94,596,"Long",0.0791520422835696,0.758826316970858,NA,0.526786097876757,"localGP"
"18448",75,13,5,7,40.6549349788525,82.527541309215,"Smooth","Max. Reward Condition",40,"4",6,1,83,596,"Long",0.0791520422835696,0.758826316970858,NA,0.526786097876757,"localGP"
"18449",75,14,4,7,63.6433329496781,82.527541309215,"Smooth","Max. Reward Condition",40,"4",6,1,82,596,"Long",0.0791520422835696,0.758826316970858,NA,0.526786097876757,"localGP"
"18450",75,15,6,6,15.4430797014751,82.527541309215,"Smooth","Max. Reward Condition",40,"4",6,1,73,596,"Long",0.0791520422835696,0.758826316970858,NA,0.526786097876757,"localGP"
"18451",75,16,5,0,91.7432297732024,91.7432297732024,"Smooth","Max. Reward Condition",40,"4",6,1,6,596,"Long",0.0791520422835696,0.758826316970858,NA,0.526786097876757,"localGP"
"18452",75,17,6,0,94.4963050018738,94.4963050018738,"Smooth","Max. Reward Condition",40,"4",6,1,7,596,"Long",0.0791520422835696,0.758826316970858,NA,0.526786097876757,"localGP"
"18453",75,18,7,0,94.4174730147353,94.4963050018738,"Smooth","Max. Reward Condition",40,"4",6,1,8,596,"Long",0.0791520422835696,0.758826316970858,NA,0.526786097876757,"localGP"
"18454",75,19,7,1,83.5475141176989,94.4963050018738,"Smooth","Max. Reward Condition",40,"4",6,1,19,596,"Long",0.0791520422835696,0.758826316970858,NA,0.526786097876757,"localGP"
"18455",75,20,8,1,68.8502438954186,94.4963050018738,"Smooth","Max. Reward Condition",40,"4",6,1,20,596,"Long",0.0791520422835696,0.758826316970858,NA,0.526786097876757,"localGP"
"18456",75,21,8,0,72.9354979095338,94.4963050018738,"Smooth","Max. Reward Condition",40,"4",6,1,9,596,"Long",0.0791520422835696,0.758826316970858,NA,0.526786097876757,"localGP"
"18457",75,22,9,0,42.7227287180246,94.4963050018738,"Smooth","Max. Reward Condition",40,"4",6,1,10,596,"Long",0.0791520422835696,0.758826316970858,NA,0.526786097876757,"localGP"
"18458",75,23,9,1,48.6385669083933,94.4963050018738,"Smooth","Max. Reward Condition",40,"4",6,3,21,596,"Long",0.0791520422835696,0.758826316970858,NA,0.526786097876757,"localGP"
"18459",75,24,1,7,34.3269334073576,94.4963050018738,"Smooth","Max. Reward Condition",40,"4",6,1,79,596,"Long",0.0791520422835696,0.758826316970858,NA,0.526786097876757,"localGP"
"18460",75,25,6,0,94.4963050018738,94.4963050018738,"Smooth","Max. Reward Condition",40,"4",6,1,7,596,"Long",0.0791520422835696,0.758826316970858,NA,0.526786097876757,"localGP"
"18461",75,26,6,1,58.9505924012191,94.4963050018738,"Smooth","Max. Reward Condition",40,"4",6,1,18,596,"Long",0.0791520422835696,0.758826316970858,NA,0.526786097876757,"localGP"
"18462",75,27,3,1,50.2100304142553,94.4963050018738,"Smooth","Max. Reward Condition",40,"4",6,3,15,596,"Long",0.0791520422835696,0.758826316970858,NA,0.526786097876757,"localGP"
"18463",75,28,5,4,30.2017705880364,94.4963050018738,"Smooth","Max. Reward Condition",40,"4",6,5,50,596,"Long",0.0791520422835696,0.758826316970858,NA,0.526786097876757,"localGP"
"18464",75,29,10,5,28.65801545199,94.4963050018738,"Smooth","Max. Reward Condition",40,"4",6,1,66,596,"Long",0.0791520422835696,0.758826316970858,NA,0.526786097876757,"localGP"
"18465",75,30,9,5,16.2842425403002,94.4963050018738,"Smooth","Max. Reward Condition",40,"4",6,1,65,596,"Long",0.0791520422835696,0.758826316970858,NA,0.526786097876757,"localGP"
"18466",75,31,9,4,38.9053928738071,94.4963050018738,"Smooth","Max. Reward Condition",40,"4",6,1,54,596,"Long",0.0791520422835696,0.758826316970858,NA,0.526786097876757,"localGP"
"18467",75,32,9,3,30.7578099709399,94.4963050018738,"Smooth","Max. Reward Condition",40,"4",6,2,43,596,"Long",0.0791520422835696,0.758826316970858,NA,0.526786097876757,"localGP"
"18468",75,33,10,3,32.6350825351917,94.4963050018738,"Smooth","Max. Reward Condition",40,"4",6,1,44,596,"Long",0.0791520422835696,0.758826316970858,NA,0.526786097876757,"localGP"
"18469",75,34,10,2,28.7117658746382,94.4963050018738,"Smooth","Max. Reward Condition",40,"4",6,1,33,596,"Long",0.0791520422835696,0.758826316970858,NA,0.526786097876757,"localGP"
"18470",75,35,7,2,60.5825002841952,94.4963050018738,"Smooth","Max. Reward Condition",40,"4",6,1,30,596,"Long",0.0791520422835696,0.758826316970858,NA,0.526786097876757,"localGP"
"18471",75,36,4,0,55.5674013625867,94.4963050018738,"Smooth","Max. Reward Condition",40,"4",6,1,5,596,"Long",0.0791520422835696,0.758826316970858,NA,0.526786097876757,"localGP"
"18472",75,37,4,1,54.7263505752768,94.4963050018738,"Smooth","Max. Reward Condition",40,"4",6,1,16,596,"Long",0.0791520422835696,0.758826316970858,NA,0.526786097876757,"localGP"
"18473",75,38,5,1,54.7135189925466,94.4963050018738,"Smooth","Max. Reward Condition",40,"4",6,1,17,596,"Long",0.0791520422835696,0.758826316970858,NA,0.526786097876757,"localGP"
"18474",75,39,7,6,39.4865899773576,94.4963050018738,"Smooth","Max. Reward Condition",40,"4",6,2,74,596,"Long",0.0791520422835696,0.758826316970858,NA,0.526786097876757,"localGP"
"18475",75,40,8,6,60.0245821381091,94.4963050018738,"Smooth","Max. Reward Condition",40,"4",6,4,75,596,"Long",0.0791520422835696,0.758826316970858,NA,0.526786097876757,"localGP"
"18476",75,41,8,7,50.5413361109473,94.4963050018738,"Smooth","Max. Reward Condition",40,"4",6,1,86,596,"Long",0.0791520422835696,0.758826316970858,NA,0.526786097876757,"localGP"
"18477",75,1,6,1,48.2263547700318,48.2263547700318,"Smooth","Max. Reward Condition",20,"5",8,NA,18,597,"Short",0.0567243198013688,0.858076302267062,NA,0.460410972868265,"localGP"
"18478",75,2,5,2,36.8197276741428,48.2263547700318,"Smooth","Max. Reward Condition",20,"5",8,1,28,597,"Short",0.0567243198013688,0.858076302267062,NA,0.460410972868265,"localGP"
"18479",75,3,4,2,11.0922296635643,48.2263547700318,"Smooth","Max. Reward Condition",20,"5",8,2,27,597,"Short",0.0567243198013688,0.858076302267062,NA,0.460410972868265,"localGP"
"18480",75,4,3,3,52.6628186310928,52.6628186310928,"Smooth","Max. Reward Condition",20,"5",8,3,37,597,"Short",0.0567243198013688,0.858076302267062,NA,0.460410972868265,"localGP"
"18481",75,5,3,4,81.3649995175119,81.3649995175119,"Smooth","Max. Reward Condition",20,"5",8,4,48,597,"Short",0.0567243198013688,0.858076302267062,NA,0.460410972868265,"localGP"
"18482",75,6,2,4,66.8505188208105,81.3649995175119,"Smooth","Max. Reward Condition",20,"5",8,2,47,597,"Short",0.0567243198013688,0.858076302267062,NA,0.460410972868265,"localGP"
"18483",75,7,2,3,53.3062519651342,81.3649995175119,"Smooth","Max. Reward Condition",20,"5",8,1,36,597,"Short",0.0567243198013688,0.858076302267062,NA,0.460410972868265,"localGP"
"18484",75,8,2,8,33.284084895173,81.3649995175119,"Smooth","Max. Reward Condition",20,"5",8,2,91,597,"Short",0.0567243198013688,0.858076302267062,NA,0.460410972868265,"localGP"
"18485",75,9,2,5,73.2302297303204,81.3649995175119,"Smooth","Max. Reward Condition",20,"5",8,2,58,597,"Short",0.0567243198013688,0.858076302267062,NA,0.460410972868265,"localGP"
"18486",75,10,3,5,100,100,"Smooth","Max. Reward Condition",20,"5",8,1,59,597,"Short",0.0567243198013688,0.858076302267062,NA,0.460410972868265,"localGP"
"18487",75,11,4,5,81.9160830308222,100,"Smooth","Max. Reward Condition",20,"5",8,2,60,597,"Short",0.0567243198013688,0.858076302267062,NA,0.460410972868265,"localGP"
"18488",75,12,4,6,92.5612285235121,100,"Smooth","Max. Reward Condition",20,"5",8,1,71,597,"Short",0.0567243198013688,0.858076302267062,NA,0.460410972868265,"localGP"
"18489",75,13,3,6,92.3422522413602,100,"Smooth","Max. Reward Condition",20,"5",8,3,70,597,"Short",0.0567243198013688,0.858076302267062,NA,0.460410972868265,"localGP"
"18490",75,14,3,7,79.3800074226317,100,"Smooth","Max. Reward Condition",20,"5",8,1,81,597,"Short",0.0567243198013688,0.858076302267062,NA,0.460410972868265,"localGP"
"18491",75,15,4,7,87.7929185379322,100,"Smooth","Max. Reward Condition",20,"5",8,3,82,597,"Short",0.0567243198013688,0.858076302267062,NA,0.460410972868265,"localGP"
"18492",75,16,4,8,69.4439461709685,100,"Smooth","Max. Reward Condition",20,"5",8,1,93,597,"Short",0.0567243198013688,0.858076302267062,NA,0.460410972868265,"localGP"
"18493",75,17,4,7,87.7929185379322,100,"Smooth","Max. Reward Condition",20,"5",8,2,82,597,"Short",0.0567243198013688,0.858076302267062,NA,0.460410972868265,"localGP"
"18494",75,18,4,6,92.5612285235121,100,"Smooth","Max. Reward Condition",20,"5",8,2,71,597,"Short",0.0567243198013688,0.858076302267062,NA,0.460410972868265,"localGP"
"18495",75,19,4,6,92.5612285235121,100,"Smooth","Max. Reward Condition",20,"5",8,1,71,597,"Short",0.0567243198013688,0.858076302267062,NA,0.460410972868265,"localGP"
"18496",75,20,5,6,43.2423959719255,100,"Smooth","Max. Reward Condition",20,"5",8,1,72,597,"Short",0.0567243198013688,0.858076302267062,NA,0.460410972868265,"localGP"
"18497",75,21,5,7,35.7264911415369,100,"Smooth","Max. Reward Condition",20,"5",8,6,83,597,"Short",0.0567243198013688,0.858076302267062,NA,0.460410972868265,"localGP"
"18498",75,1,3,6,61.6521718992743,61.6521718992743,"Smooth","Max. Reward Condition",40,"6",17,NA,70,598,"Long",0.0732141719387875,0.741004669015603,NA,0.499129327933047,"localGP"
"18499",75,2,4,6,52.4710109761759,61.6521718992743,"Smooth","Max. Reward Condition",40,"6",17,1,71,598,"Long",0.0732141719387875,0.741004669015603,NA,0.499129327933047,"localGP"
"18500",75,3,6,3,42.4608725278466,61.6521718992743,"Smooth","Max. Reward Condition",40,"6",17,1,40,598,"Long",0.0732141719387875,0.741004669015603,NA,0.499129327933047,"localGP"
"18501",75,4,7,2,75.4767861169897,75.4767861169897,"Smooth","Max. Reward Condition",40,"6",17,1,30,598,"Long",0.0732141719387875,0.741004669015603,NA,0.499129327933047,"localGP"
"18502",75,5,9,2,61.2328313853332,75.4767861169897,"Smooth","Max. Reward Condition",40,"6",17,4,32,598,"Long",0.0732141719387875,0.741004669015603,NA,0.499129327933047,"localGP"
"18503",75,6,9,1,65.5803721307234,75.4767861169897,"Smooth","Max. Reward Condition",40,"6",17,1,21,598,"Long",0.0732141719387875,0.741004669015603,NA,0.499129327933047,"localGP"
"18504",75,7,9,0,56.3100913856246,75.4767861169897,"Smooth","Max. Reward Condition",40,"6",17,4,10,598,"Long",0.0732141719387875,0.741004669015603,NA,0.499129327933047,"localGP"
"18505",75,8,8,0,64.6506684788646,75.4767861169897,"Smooth","Max. Reward Condition",40,"6",17,3,9,598,"Long",0.0732141719387875,0.741004669015603,NA,0.499129327933047,"localGP"
"18506",75,9,8,1,72.482907273136,75.4767861169897,"Smooth","Max. Reward Condition",40,"6",17,6,20,598,"Long",0.0732141719387875,0.741004669015603,NA,0.499129327933047,"localGP"
"18507",75,10,7,1,68.4445451989571,75.4767861169897,"Smooth","Max. Reward Condition",40,"6",17,6,19,598,"Long",0.0732141719387875,0.741004669015603,NA,0.499129327933047,"localGP"
"18508",75,11,5,0,55.6526152943926,75.4767861169897,"Smooth","Max. Reward Condition",40,"6",17,2,6,598,"Long",0.0732141719387875,0.741004669015603,NA,0.499129327933047,"localGP"
"18509",75,12,5,1,47.5998208868707,75.4767861169897,"Smooth","Max. Reward Condition",40,"6",17,1,17,598,"Long",0.0732141719387875,0.741004669015603,NA,0.499129327933047,"localGP"
"18510",75,13,4,1,41.9723015643252,75.4767861169897,"Smooth","Max. Reward Condition",40,"6",17,1,16,598,"Long",0.0732141719387875,0.741004669015603,NA,0.499129327933047,"localGP"
"18511",75,14,6,0,78.5527301112154,78.5527301112154,"Smooth","Max. Reward Condition",40,"6",17,1,7,598,"Long",0.0732141719387875,0.741004669015603,NA,0.499129327933047,"localGP"
"18512",75,15,7,3,55.1490469076326,78.5527301112154,"Smooth","Max. Reward Condition",40,"6",17,1,41,598,"Long",0.0732141719387875,0.741004669015603,NA,0.499129327933047,"localGP"
"18513",75,16,8,4,25.5290036062029,78.5527301112154,"Smooth","Max. Reward Condition",40,"6",17,1,53,598,"Long",0.0732141719387875,0.741004669015603,NA,0.499129327933047,"localGP"
"18514",75,17,10,5,66.9387480102746,78.5527301112154,"Smooth","Max. Reward Condition",40,"6",17,1,66,598,"Long",0.0732141719387875,0.741004669015603,NA,0.499129327933047,"localGP"
"18515",75,18,10,6,67.2792889568495,78.5527301112154,"Smooth","Max. Reward Condition",40,"6",17,1,77,598,"Long",0.0732141719387875,0.741004669015603,NA,0.499129327933047,"localGP"
"18516",75,19,10,4,60.9323536427728,78.5527301112154,"Smooth","Max. Reward Condition",40,"6",17,1,55,598,"Long",0.0732141719387875,0.741004669015603,NA,0.499129327933047,"localGP"
"18517",75,20,10,3,62.1105704229087,78.5527301112154,"Smooth","Max. Reward Condition",40,"6",17,1,44,598,"Long",0.0732141719387875,0.741004669015603,NA,0.499129327933047,"localGP"
"18518",75,21,9,3,46.6566969511363,78.5527301112154,"Smooth","Max. Reward Condition",40,"6",17,1,43,598,"Long",0.0732141719387875,0.741004669015603,NA,0.499129327933047,"localGP"
"18519",75,22,3,7,48.1203452766967,78.5527301112154,"Smooth","Max. Reward Condition",40,"6",17,1,81,598,"Long",0.0732141719387875,0.741004669015603,NA,0.499129327933047,"localGP"
"18520",75,23,2,7,55.9761738528466,78.5527301112154,"Smooth","Max. Reward Condition",40,"6",17,2,80,598,"Long",0.0732141719387875,0.741004669015603,NA,0.499129327933047,"localGP"
"18521",75,24,1,7,56.599176854759,78.5527301112154,"Smooth","Max. Reward Condition",40,"6",17,2,79,598,"Long",0.0732141719387875,0.741004669015603,NA,0.499129327933047,"localGP"
"18522",75,25,2,1,38.0642763953082,78.5527301112154,"Smooth","Max. Reward Condition",40,"6",17,1,14,598,"Long",0.0732141719387875,0.741004669015603,NA,0.499129327933047,"localGP"
"18523",75,26,2,3,51.4694994418352,78.5527301112154,"Smooth","Max. Reward Condition",40,"6",17,1,36,598,"Long",0.0732141719387875,0.741004669015603,NA,0.499129327933047,"localGP"
"18524",75,27,2,4,78.1145537046303,78.5527301112154,"Smooth","Max. Reward Condition",40,"6",17,1,47,598,"Long",0.0732141719387875,0.741004669015603,NA,0.499129327933047,"localGP"
"18525",75,28,0,9,6.38846062924272,78.5527301112154,"Smooth","Max. Reward Condition",40,"6",17,1,100,598,"Long",0.0732141719387875,0.741004669015603,NA,0.499129327933047,"localGP"
"18526",75,29,10,5,66.9387480102746,78.5527301112154,"Smooth","Max. Reward Condition",40,"6",17,3,66,598,"Long",0.0732141719387875,0.741004669015603,NA,0.499129327933047,"localGP"
"18527",75,30,9,6,69.0496352033319,78.5527301112154,"Smooth","Max. Reward Condition",40,"6",17,7,76,598,"Long",0.0732141719387875,0.741004669015603,NA,0.499129327933047,"localGP"
"18528",75,31,9,7,72.9342168010689,78.5527301112154,"Smooth","Max. Reward Condition",40,"6",17,1,87,598,"Long",0.0732141719387875,0.741004669015603,NA,0.499129327933047,"localGP"
"18529",75,32,10,7,52.8033208285955,78.5527301112154,"Smooth","Max. Reward Condition",40,"6",17,3,88,598,"Long",0.0732141719387875,0.741004669015603,NA,0.499129327933047,"localGP"
"18530",75,33,10,8,52.8164121364867,78.5527301112154,"Smooth","Max. Reward Condition",40,"6",17,6,99,598,"Long",0.0732141719387875,0.741004669015603,NA,0.499129327933047,"localGP"
"18531",75,34,10,9,62.3531210252204,78.5527301112154,"Smooth","Max. Reward Condition",40,"6",17,6,110,598,"Long",0.0732141719387875,0.741004669015603,NA,0.499129327933047,"localGP"
"18532",75,35,7,10,45.8329437845991,78.5527301112154,"Smooth","Max. Reward Condition",40,"6",17,2,118,598,"Long",0.0732141719387875,0.741004669015603,NA,0.499129327933047,"localGP"
"18533",75,36,8,10,49.8309633888128,78.5527301112154,"Smooth","Max. Reward Condition",40,"6",17,8,119,598,"Long",0.0732141719387875,0.741004669015603,NA,0.499129327933047,"localGP"
"18534",75,37,6,9,16.1161494292061,78.5527301112154,"Smooth","Max. Reward Condition",40,"6",17,1,106,598,"Long",0.0732141719387875,0.741004669015603,NA,0.499129327933047,"localGP"
"18535",75,38,7,9,30.9576770826755,78.5527301112154,"Smooth","Max. Reward Condition",40,"6",17,1,107,598,"Long",0.0732141719387875,0.741004669015603,NA,0.499129327933047,"localGP"
"18536",75,39,8,9,55.5010385970611,78.5527301112154,"Smooth","Max. Reward Condition",40,"6",17,1,108,598,"Long",0.0732141719387875,0.741004669015603,NA,0.499129327933047,"localGP"
"18537",75,40,8,8,48.6209458913059,78.5527301112154,"Smooth","Max. Reward Condition",40,"6",17,1,97,598,"Long",0.0732141719387875,0.741004669015603,NA,0.499129327933047,"localGP"
"18538",75,41,9,8,75.2770769943809,78.5527301112154,"Smooth","Max. Reward Condition",40,"6",17,1,98,598,"Long",0.0732141719387875,0.741004669015603,NA,0.499129327933047,"localGP"
"18539",75,1,7,9,35.8056100636502,35.8056100636502,"Smooth","Max. Reward Condition",20,"7",7,NA,107,599,"Short",0.083440562721124,0.859416025957178,NA,0.547628513046198,"localGP"
"18540",75,2,7,8,65.9206763266324,65.9206763266324,"Smooth","Max. Reward Condition",20,"7",7,1,96,599,"Short",0.083440562721124,0.859416025957178,NA,0.547628513046198,"localGP"
"18541",75,3,8,8,50.5250509128817,65.9206763266324,"Smooth","Max. Reward Condition",20,"7",7,1,97,599,"Short",0.083440562721124,0.859416025957178,NA,0.547628513046198,"localGP"
"18542",75,4,1,4,71.7748626014639,71.7748626014639,"Smooth","Max. Reward Condition",20,"7",7,1,46,599,"Short",0.083440562721124,0.859416025957178,NA,0.547628513046198,"localGP"
"18543",75,5,3,3,37.3678419356418,71.7748626014639,"Smooth","Max. Reward Condition",20,"7",7,1,37,599,"Short",0.083440562721124,0.859416025957178,NA,0.547628513046198,"localGP"
"18544",75,6,3,4,62.4304276826515,71.7748626014639,"Smooth","Max. Reward Condition",20,"7",7,1,48,599,"Short",0.083440562721124,0.859416025957178,NA,0.547628513046198,"localGP"
"18545",75,7,2,4,69.0845854443266,71.7748626014639,"Smooth","Max. Reward Condition",20,"7",7,2,47,599,"Short",0.083440562721124,0.859416025957178,NA,0.547628513046198,"localGP"
"18546",75,8,6,2,61.16747892044,71.7748626014639,"Smooth","Max. Reward Condition",20,"7",7,1,29,599,"Short",0.083440562721124,0.859416025957178,NA,0.547628513046198,"localGP"
"18547",75,9,5,2,72.8242545616826,72.8242545616826,"Smooth","Max. Reward Condition",20,"7",7,1,28,599,"Short",0.083440562721124,0.859416025957178,NA,0.547628513046198,"localGP"
"18548",75,10,5,1,61.1993321325688,72.8242545616826,"Smooth","Max. Reward Condition",20,"7",7,1,17,599,"Short",0.083440562721124,0.859416025957178,NA,0.547628513046198,"localGP"
"18549",75,11,3,0,56.1973933076764,72.8242545616826,"Smooth","Max. Reward Condition",20,"7",7,1,4,599,"Short",0.083440562721124,0.859416025957178,NA,0.547628513046198,"localGP"
"18550",75,12,4,0,54.2185336335182,72.8242545616826,"Smooth","Max. Reward Condition",20,"7",7,1,5,599,"Short",0.083440562721124,0.859416025957178,NA,0.547628513046198,"localGP"
"18551",75,13,4,2,51.1248580268457,72.8242545616826,"Smooth","Max. Reward Condition",20,"7",7,6,27,599,"Short",0.083440562721124,0.859416025957178,NA,0.547628513046198,"localGP"
"18552",75,14,4,1,58.9317872709638,72.8242545616826,"Smooth","Max. Reward Condition",20,"7",7,1,16,599,"Short",0.083440562721124,0.859416025957178,NA,0.547628513046198,"localGP"
"18553",75,15,3,1,47.7421922410749,72.8242545616826,"Smooth","Max. Reward Condition",20,"7",7,1,15,599,"Short",0.083440562721124,0.859416025957178,NA,0.547628513046198,"localGP"
"18554",75,16,2,1,55.2110009040143,72.8242545616826,"Smooth","Max. Reward Condition",20,"7",7,1,14,599,"Short",0.083440562721124,0.859416025957178,NA,0.547628513046198,"localGP"
"18555",75,17,1,1,63.5014861824236,72.8242545616826,"Smooth","Max. Reward Condition",20,"7",7,1,13,599,"Short",0.083440562721124,0.859416025957178,NA,0.547628513046198,"localGP"
"18556",75,18,1,0,29.6758982233628,72.8242545616826,"Smooth","Max. Reward Condition",20,"7",7,1,2,599,"Short",0.083440562721124,0.859416025957178,NA,0.547628513046198,"localGP"
"18557",75,19,0,5,44.2701367778032,72.8242545616826,"Smooth","Max. Reward Condition",20,"7",7,1,56,599,"Short",0.083440562721124,0.859416025957178,NA,0.547628513046198,"localGP"
"18558",75,20,1,5,56.0329470036267,72.8242545616826,"Smooth","Max. Reward Condition",20,"7",7,1,57,599,"Short",0.083440562721124,0.859416025957178,NA,0.547628513046198,"localGP"
"18559",75,21,2,5,81.410941886626,81.410941886626,"Smooth","Max. Reward Condition",20,"7",7,2,58,599,"Short",0.083440562721124,0.859416025957178,NA,0.547628513046198,"localGP"
"18560",75,1,10,1,53.7965897663895,53.7965897663895,"Smooth","Max. Reward Condition",40,"8",10,NA,22,600,"Long",0.0707581971055968,0.737502836693514,NA,0.485360370280431,"localGP"
"18561",75,2,7,0,65.3233265309543,65.3233265309543,"Smooth","Max. Reward Condition",40,"8",10,2,8,600,"Long",0.0707581971055968,0.737502836693514,NA,0.485360370280431,"localGP"
"18562",75,3,6,0,68.3343050142511,68.3343050142511,"Smooth","Max. Reward Condition",40,"8",10,1,7,600,"Long",0.0707581971055968,0.737502836693514,NA,0.485360370280431,"localGP"
"18563",75,4,6,1,59.0938949398231,68.3343050142511,"Smooth","Max. Reward Condition",40,"8",10,1,18,600,"Long",0.0707581971055968,0.737502836693514,NA,0.485360370280431,"localGP"
"18564",75,5,7,1,56.8679391760185,68.3343050142511,"Smooth","Max. Reward Condition",40,"8",10,1,19,600,"Long",0.0707581971055968,0.737502836693514,NA,0.485360370280431,"localGP"
"18565",75,6,1,0,22.8566856126171,68.3343050142511,"Smooth","Max. Reward Condition",40,"8",10,2,2,600,"Long",0.0707581971055968,0.737502836693514,NA,0.485360370280431,"localGP"
"18566",75,7,10,6,47.8273989223107,68.3343050142511,"Smooth","Max. Reward Condition",40,"8",10,2,77,600,"Long",0.0707581971055968,0.737502836693514,NA,0.485360370280431,"localGP"
"18567",75,8,10,5,57.9008365209864,68.3343050142511,"Smooth","Max. Reward Condition",40,"8",10,1,66,600,"Long",0.0707581971055968,0.737502836693514,NA,0.485360370280431,"localGP"
"18568",75,9,9,5,33.9547418705907,68.3343050142511,"Smooth","Max. Reward Condition",40,"8",10,1,65,600,"Long",0.0707581971055968,0.737502836693514,NA,0.485360370280431,"localGP"
"18569",75,10,6,3,73.4359730531231,73.4359730531231,"Smooth","Max. Reward Condition",40,"8",10,1,40,600,"Long",0.0707581971055968,0.737502836693514,NA,0.485360370280431,"localGP"
"18570",75,11,7,2,56.4176187347025,73.4359730531231,"Smooth","Max. Reward Condition",40,"8",10,1,30,600,"Long",0.0707581971055968,0.737502836693514,NA,0.485360370280431,"localGP"
"18571",75,12,7,3,51.9507469793725,73.4359730531231,"Smooth","Max. Reward Condition",40,"8",10,1,41,600,"Long",0.0707581971055968,0.737502836693514,NA,0.485360370280431,"localGP"
"18572",75,13,8,3,46.1516878548074,73.4359730531231,"Smooth","Max. Reward Condition",40,"8",10,1,42,600,"Long",0.0707581971055968,0.737502836693514,NA,0.485360370280431,"localGP"
"18573",75,14,9,2,45.2192972308501,73.4359730531231,"Smooth","Max. Reward Condition",40,"8",10,1,32,600,"Long",0.0707581971055968,0.737502836693514,NA,0.485360370280431,"localGP"
"18574",75,15,10,2,46.3755139459927,73.4359730531231,"Smooth","Max. Reward Condition",40,"8",10,1,33,600,"Long",0.0707581971055968,0.737502836693514,NA,0.485360370280431,"localGP"
"18575",75,16,6,6,43.5674810058941,73.4359730531231,"Smooth","Max. Reward Condition",40,"8",10,1,73,600,"Long",0.0707581971055968,0.737502836693514,NA,0.485360370280431,"localGP"
"18576",75,17,6,5,50.4304471190936,73.4359730531231,"Smooth","Max. Reward Condition",40,"8",10,1,62,600,"Long",0.0707581971055968,0.737502836693514,NA,0.485360370280431,"localGP"
"18577",75,18,6,4,54.6685625446388,73.4359730531231,"Smooth","Max. Reward Condition",40,"8",10,1,51,600,"Long",0.0707581971055968,0.737502836693514,NA,0.485360370280431,"localGP"
"18578",75,19,5,4,50.0192532451503,73.4359730531231,"Smooth","Max. Reward Condition",40,"8",10,2,50,600,"Long",0.0707581971055968,0.737502836693514,NA,0.485360370280431,"localGP"
"18579",75,20,4,5,26.1313491177931,73.4359730531231,"Smooth","Max. Reward Condition",40,"8",10,1,60,600,"Long",0.0707581971055968,0.737502836693514,NA,0.485360370280431,"localGP"
"18580",75,21,6,10,22.6054443345279,73.4359730531231,"Smooth","Max. Reward Condition",40,"8",10,1,117,600,"Long",0.0707581971055968,0.737502836693514,NA,0.485360370280431,"localGP"
"18581",75,22,7,10,24.3351898856804,73.4359730531231,"Smooth","Max. Reward Condition",40,"8",10,1,118,600,"Long",0.0707581971055968,0.737502836693514,NA,0.485360370280431,"localGP"
"18582",75,23,7,9,41.4991659516561,73.4359730531231,"Smooth","Max. Reward Condition",40,"8",10,1,107,600,"Long",0.0707581971055968,0.737502836693514,NA,0.485360370280431,"localGP"
"18583",75,24,7,8,53.3553084137589,73.4359730531231,"Smooth","Max. Reward Condition",40,"8",10,1,96,600,"Long",0.0707581971055968,0.737502836693514,NA,0.485360370280431,"localGP"
"18584",75,25,7,7,61.8738453443511,73.4359730531231,"Smooth","Max. Reward Condition",40,"8",10,7,85,600,"Long",0.0707581971055968,0.737502836693514,NA,0.485360370280431,"localGP"
"18585",75,26,8,6,36.1413802304101,73.4359730531231,"Smooth","Max. Reward Condition",40,"8",10,5,75,600,"Long",0.0707581971055968,0.737502836693514,NA,0.485360370280431,"localGP"
"18586",75,27,8,8,22.9010925935709,73.4359730531231,"Smooth","Max. Reward Condition",40,"8",10,11,97,600,"Long",0.0707581971055968,0.737502836693514,NA,0.485360370280431,"localGP"
"18587",75,28,1,8,51.8595364200522,73.4359730531231,"Smooth","Max. Reward Condition",40,"8",10,4,90,600,"Long",0.0707581971055968,0.737502836693514,NA,0.485360370280431,"localGP"
"18588",75,29,0,8,27.8068500245275,73.4359730531231,"Smooth","Max. Reward Condition",40,"8",10,8,89,600,"Long",0.0707581971055968,0.737502836693514,NA,0.485360370280431,"localGP"
"18589",75,30,3,7,68.6339099521152,73.4359730531231,"Smooth","Max. Reward Condition",40,"8",10,7,81,600,"Long",0.0707581971055968,0.737502836693514,NA,0.485360370280431,"localGP"
"18590",75,31,3,8,54.1275167425475,73.4359730531231,"Smooth","Max. Reward Condition",40,"8",10,1,92,600,"Long",0.0707581971055968,0.737502836693514,NA,0.485360370280431,"localGP"
"18591",75,32,2,8,51.8875226536614,73.4359730531231,"Smooth","Max. Reward Condition",40,"8",10,1,91,600,"Long",0.0707581971055968,0.737502836693514,NA,0.485360370280431,"localGP"
"18592",75,33,6,2,77.623663955121,77.623663955121,"Smooth","Max. Reward Condition",40,"8",10,1,29,600,"Long",0.0707581971055968,0.737502836693514,NA,0.485360370280431,"localGP"
"18593",75,34,0,1,42.7508497784395,77.623663955121,"Smooth","Max. Reward Condition",40,"8",10,1,12,600,"Long",0.0707581971055968,0.737502836693514,NA,0.485360370280431,"localGP"
"18594",75,35,0,2,68.7680082177569,77.623663955121,"Smooth","Max. Reward Condition",40,"8",10,3,23,600,"Long",0.0707581971055968,0.737502836693514,NA,0.485360370280431,"localGP"
"18595",75,36,1,2,60.3864830545494,77.623663955121,"Smooth","Max. Reward Condition",40,"8",10,1,24,600,"Long",0.0707581971055968,0.737502836693514,NA,0.485360370280431,"localGP"
"18596",75,37,1,3,55.7844556265517,77.623663955121,"Smooth","Max. Reward Condition",40,"8",10,1,35,600,"Long",0.0707581971055968,0.737502836693514,NA,0.485360370280431,"localGP"
"18597",75,38,0,3,50.2820074971904,77.623663955121,"Smooth","Max. Reward Condition",40,"8",10,1,34,600,"Long",0.0707581971055968,0.737502836693514,NA,0.485360370280431,"localGP"
"18598",75,39,6,2,77.623663955121,77.623663955121,"Smooth","Max. Reward Condition",40,"8",10,1,29,600,"Long",0.0707581971055968,0.737502836693514,NA,0.485360370280431,"localGP"
"18599",75,40,5,2,78.8586431174006,78.8586431174006,"Smooth","Max. Reward Condition",40,"8",10,1,28,600,"Long",0.0707581971055968,0.737502836693514,NA,0.485360370280431,"localGP"
"18600",75,41,4,2,49.5824885929655,78.8586431174006,"Smooth","Max. Reward Condition",40,"8",10,2,27,600,"Long",0.0707581971055968,0.737502836693514,NA,0.485360370280431,"localGP"
"18601",76,1,5,0,42.7676425321103,42.7676425321103,"Smooth","Max. Reward Condition",40,"1",16,NA,6,601,"Long",0.0986634096442985,0.922296480763138,NA,0.48196206398423,"localGP"
"18602",76,2,2,0,58.0037440903614,58.0037440903614,"Smooth","Max. Reward Condition",40,"1",16,6,3,601,"Long",0.0986634096442985,0.922296480763138,NA,0.48196206398423,"localGP"
"18603",76,3,3,2,83.8378126303431,83.8378126303431,"Smooth","Max. Reward Condition",40,"1",16,7,26,601,"Long",0.0986634096442985,0.922296480763138,NA,0.48196206398423,"localGP"
"18604",76,4,3,1,15.9471132222675,83.8378126303431,"Smooth","Max. Reward Condition",40,"1",16,1,15,601,"Long",0.0986634096442985,0.922296480763138,NA,0.48196206398423,"localGP"
"18605",76,5,7,10,56.2743193871667,83.8378126303431,"Smooth","Max. Reward Condition",40,"1",16,1,118,601,"Long",0.0986634096442985,0.922296480763138,NA,0.48196206398423,"localGP"
"18606",76,6,8,10,71.5964693856376,83.8378126303431,"Smooth","Max. Reward Condition",40,"1",16,1,119,601,"Long",0.0986634096442985,0.922296480763138,NA,0.48196206398423,"localGP"
"18607",76,7,1,10,7.96151042196204,83.8378126303431,"Smooth","Max. Reward Condition",40,"1",16,2,112,601,"Long",0.0986634096442985,0.922296480763138,NA,0.48196206398423,"localGP"
"18608",76,8,0,9,12.3134748029018,83.8378126303431,"Smooth","Max. Reward Condition",40,"1",16,1,100,601,"Long",0.0986634096442985,0.922296480763138,NA,0.48196206398423,"localGP"
"18609",76,9,2,5,41.71018551704,83.8378126303431,"Smooth","Max. Reward Condition",40,"1",16,1,58,601,"Long",0.0986634096442985,0.922296480763138,NA,0.48196206398423,"localGP"
"18610",76,10,3,4,78.314172567177,83.8378126303431,"Smooth","Max. Reward Condition",40,"1",16,1,48,601,"Long",0.0986634096442985,0.922296480763138,NA,0.48196206398423,"localGP"
"18611",76,11,3,3,100,100,"Smooth","Max. Reward Condition",40,"1",16,1,37,601,"Long",0.0986634096442985,0.922296480763138,NA,0.48196206398423,"localGP"
"18612",76,12,4,3,46.0518251136076,100,"Smooth","Max. Reward Condition",40,"1",16,1,38,601,"Long",0.0986634096442985,0.922296480763138,NA,0.48196206398423,"localGP"
"18613",76,13,6,3,20.2544962767055,100,"Smooth","Max. Reward Condition",40,"1",16,1,40,601,"Long",0.0986634096442985,0.922296480763138,NA,0.48196206398423,"localGP"
"18614",76,14,1,1,62.6840921632326,100,"Smooth","Max. Reward Condition",40,"1",16,1,13,601,"Long",0.0986634096442985,0.922296480763138,NA,0.48196206398423,"localGP"
"18615",76,15,1,0,96.0543328963373,100,"Smooth","Max. Reward Condition",40,"1",16,1,2,601,"Long",0.0986634096442985,0.922296480763138,NA,0.48196206398423,"localGP"
"18616",76,16,0,0,62.3937858826807,100,"Smooth","Max. Reward Condition",40,"1",16,1,1,601,"Long",0.0986634096442985,0.922296480763138,NA,0.48196206398423,"localGP"
"18617",76,17,1,0,96.0543328963373,100,"Smooth","Max. Reward Condition",40,"1",16,1,2,601,"Long",0.0986634096442985,0.922296480763138,NA,0.48196206398423,"localGP"
"18618",76,18,6,0,47.7737474629067,100,"Smooth","Max. Reward Condition",40,"1",16,1,7,601,"Long",0.0986634096442985,0.922296480763138,NA,0.48196206398423,"localGP"
"18619",76,19,2,7,20.8380154740656,100,"Smooth","Max. Reward Condition",40,"1",16,4,80,601,"Long",0.0986634096442985,0.922296480763138,NA,0.48196206398423,"localGP"
"18620",76,20,4,10,54.7578057805641,100,"Smooth","Max. Reward Condition",40,"1",16,15,115,601,"Long",0.0986634096442985,0.922296480763138,NA,0.48196206398423,"localGP"
"18621",76,21,10,8,76.157753608192,100,"Smooth","Max. Reward Condition",40,"1",16,7,99,601,"Long",0.0986634096442985,0.922296480763138,NA,0.48196206398423,"localGP"
"18622",76,22,10,9,72.5110425569696,100,"Smooth","Max. Reward Condition",40,"1",16,9,110,601,"Long",0.0986634096442985,0.922296480763138,NA,0.48196206398423,"localGP"
"18623",76,23,6,9,20.6620608534217,100,"Smooth","Max. Reward Condition",40,"1",16,4,106,601,"Long",0.0986634096442985,0.922296480763138,NA,0.48196206398423,"localGP"
"18624",76,24,8,1,52.8904958122933,100,"Smooth","Max. Reward Condition",40,"1",16,15,20,601,"Long",0.0986634096442985,0.922296480763138,NA,0.48196206398423,"localGP"
"18625",76,25,6,1,69.9924833118535,100,"Smooth","Max. Reward Condition",40,"1",16,5,18,601,"Long",0.0986634096442985,0.922296480763138,NA,0.48196206398423,"localGP"
"18626",76,26,7,1,57.8916852099034,100,"Smooth","Max. Reward Condition",40,"1",16,7,19,601,"Long",0.0986634096442985,0.922296480763138,NA,0.48196206398423,"localGP"
"18627",76,27,4,4,37.2247549071549,100,"Smooth","Max. Reward Condition",40,"1",16,5,49,601,"Long",0.0986634096442985,0.922296480763138,NA,0.48196206398423,"localGP"
"18628",76,28,2,2,33.6778376971896,100,"Smooth","Max. Reward Condition",40,"1",16,6,25,601,"Long",0.0986634096442985,0.922296480763138,NA,0.48196206398423,"localGP"
"18629",76,29,8,10,71.5964693856376,100,"Smooth","Max. Reward Condition",40,"1",16,4,119,601,"Long",0.0986634096442985,0.922296480763138,NA,0.48196206398423,"localGP"
"18630",76,30,9,10,29.5582991168429,100,"Smooth","Max. Reward Condition",40,"1",16,7,120,601,"Long",0.0986634096442985,0.922296480763138,NA,0.48196206398423,"localGP"
"18631",76,31,9,9,48.2469413431705,100,"Smooth","Max. Reward Condition",40,"1",16,4,109,601,"Long",0.0986634096442985,0.922296480763138,NA,0.48196206398423,"localGP"
"18632",76,32,9,1,49.5835644833186,100,"Smooth","Max. Reward Condition",40,"1",16,2,21,601,"Long",0.0986634096442985,0.922296480763138,NA,0.48196206398423,"localGP"
"18633",76,33,10,1,60.2797132321524,100,"Smooth","Max. Reward Condition",40,"1",16,4,22,601,"Long",0.0986634096442985,0.922296480763138,NA,0.48196206398423,"localGP"
"18634",76,34,10,2,56.4762656457171,100,"Smooth","Max. Reward Condition",40,"1",16,1,33,601,"Long",0.0986634096442985,0.922296480763138,NA,0.48196206398423,"localGP"
"18635",76,35,7,5,45.3166315681639,100,"Smooth","Max. Reward Condition",40,"1",16,2,63,601,"Long",0.0986634096442985,0.922296480763138,NA,0.48196206398423,"localGP"
"18636",76,36,7,6,29.9313498285692,100,"Smooth","Max. Reward Condition",40,"1",16,1,74,601,"Long",0.0986634096442985,0.922296480763138,NA,0.48196206398423,"localGP"
"18637",76,37,4,8,36.8102979545033,100,"Smooth","Max. Reward Condition",40,"1",16,1,93,601,"Long",0.0986634096442985,0.922296480763138,NA,0.48196206398423,"localGP"
"18638",76,38,5,8,10.0194048265648,100,"Smooth","Max. Reward Condition",40,"1",16,2,94,601,"Long",0.0986634096442985,0.922296480763138,NA,0.48196206398423,"localGP"
"18639",76,39,5,6,65.7919203460871,100,"Smooth","Max. Reward Condition",40,"1",16,11,72,601,"Long",0.0986634096442985,0.922296480763138,NA,0.48196206398423,"localGP"
"18640",76,40,8,0,40.9698985324636,100,"Smooth","Max. Reward Condition",40,"1",16,1,9,601,"Long",0.0986634096442985,0.922296480763138,NA,0.48196206398423,"localGP"
"18641",76,41,6,2,37.2945484739635,100,"Smooth","Max. Reward Condition",40,"1",16,2,29,601,"Long",0.0986634096442985,0.922296480763138,NA,0.48196206398423,"localGP"
"18642",76,1,0,0,85.3645167775711,85.3645167775711,"Smooth","Max. Reward Condition",20,"2",1,NA,1,602,"Short",0.0526325616404655,0.70154882768096,NA,0.304593468293903,"localGP"
"18643",76,2,0,1,23.2578204525749,85.3645167775711,"Smooth","Max. Reward Condition",20,"2",1,6,12,602,"Short",0.0526325616404655,0.70154882768096,NA,0.304593468293903,"localGP"
"18644",76,3,0,0,85.3645167775711,85.3645167775711,"Smooth","Max. Reward Condition",20,"2",1,8,1,602,"Short",0.0526325616404655,0.70154882768096,NA,0.304593468293903,"localGP"
"18645",76,4,1,0,84.3956226620629,85.3645167775711,"Smooth","Max. Reward Condition",20,"2",1,11,2,602,"Short",0.0526325616404655,0.70154882768096,NA,0.304593468293903,"localGP"
"18646",76,5,0,0,85.3645167775711,85.3645167775711,"Smooth","Max. Reward Condition",20,"2",1,17,1,602,"Short",0.0526325616404655,0.70154882768096,NA,0.304593468293903,"localGP"
"18647",76,6,0,0,85.3645167775711,85.3645167775711,"Smooth","Max. Reward Condition",20,"2",1,4,1,602,"Short",0.0526325616404655,0.70154882768096,NA,0.304593468293903,"localGP"
"18648",76,7,0,0,85.3645167775711,85.3645167775711,"Smooth","Max. Reward Condition",20,"2",1,11,1,602,"Short",0.0526325616404655,0.70154882768096,NA,0.304593468293903,"localGP"
"18649",76,8,1,0,84.3956226620629,85.3645167775711,"Smooth","Max. Reward Condition",20,"2",1,13,2,602,"Short",0.0526325616404655,0.70154882768096,NA,0.304593468293903,"localGP"
"18650",76,9,0,0,85.3645167775711,85.3645167775711,"Smooth","Max. Reward Condition",20,"2",1,4,1,602,"Short",0.0526325616404655,0.70154882768096,NA,0.304593468293903,"localGP"
"18651",76,10,9,4,46.9020472211933,85.3645167775711,"Smooth","Max. Reward Condition",20,"2",1,8,54,602,"Short",0.0526325616404655,0.70154882768096,NA,0.304593468293903,"localGP"
"18652",76,11,9,5,46.4508872756904,85.3645167775711,"Smooth","Max. Reward Condition",20,"2",1,5,65,602,"Short",0.0526325616404655,0.70154882768096,NA,0.304593468293903,"localGP"
"18653",76,12,8,5,58.2160279726654,85.3645167775711,"Smooth","Max. Reward Condition",20,"2",1,8,64,602,"Short",0.0526325616404655,0.70154882768096,NA,0.304593468293903,"localGP"
"18654",76,13,8,6,65.5823308537309,85.3645167775711,"Smooth","Max. Reward Condition",20,"2",1,1,75,602,"Short",0.0526325616404655,0.70154882768096,NA,0.304593468293903,"localGP"
"18655",76,14,8,7,45.4982579252398,85.3645167775711,"Smooth","Max. Reward Condition",20,"2",1,2,86,602,"Short",0.0526325616404655,0.70154882768096,NA,0.304593468293903,"localGP"
"18656",76,15,2,9,72.3557087257552,85.3645167775711,"Smooth","Max. Reward Condition",20,"2",1,3,102,602,"Short",0.0526325616404655,0.70154882768096,NA,0.304593468293903,"localGP"
"18657",76,16,1,9,100,100,"Smooth","Max. Reward Condition",20,"2",1,2,101,602,"Short",0.0526325616404655,0.70154882768096,NA,0.304593468293903,"localGP"
"18658",76,17,1,9,100,100,"Smooth","Max. Reward Condition",20,"2",1,1,101,602,"Short",0.0526325616404655,0.70154882768096,NA,0.304593468293903,"localGP"
"18659",76,18,1,9,100,100,"Smooth","Max. Reward Condition",20,"2",1,3,101,602,"Short",0.0526325616404655,0.70154882768096,NA,0.304593468293903,"localGP"
"18660",76,19,1,8,67.4295625369789,100,"Smooth","Max. Reward Condition",20,"2",1,2,90,602,"Short",0.0526325616404655,0.70154882768096,NA,0.304593468293903,"localGP"
"18661",76,20,1,9,100,100,"Smooth","Max. Reward Condition",20,"2",1,1,101,602,"Short",0.0526325616404655,0.70154882768096,NA,0.304593468293903,"localGP"
"18662",76,21,1,10,77.0882484878786,100,"Smooth","Max. Reward Condition",20,"2",1,2,112,602,"Short",0.0526325616404655,0.70154882768096,NA,0.304593468293903,"localGP"
"18663",76,1,4,5,57.6305415572569,57.6305415572569,"Smooth","Max. Reward Condition",40,"3",12,NA,60,603,"Long",0.0888109783645776,0.941501427691387,NA,0.456341978097737,"localGP"
"18664",76,2,3,6,20.8670491008818,57.6305415572569,"Smooth","Max. Reward Condition",40,"3",12,13,70,603,"Long",0.0888109783645776,0.941501427691387,NA,0.456341978097737,"localGP"
"18665",76,3,4,6,68.9050868774384,68.9050868774384,"Smooth","Max. Reward Condition",40,"3",12,8,71,603,"Long",0.0888109783645776,0.941501427691387,NA,0.456341978097737,"localGP"
"18666",76,4,5,6,100,100,"Smooth","Max. Reward Condition",40,"3",12,12,72,603,"Long",0.0888109783645776,0.941501427691387,NA,0.456341978097737,"localGP"
"18667",76,5,5,7,95.4475396391107,100,"Smooth","Max. Reward Condition",40,"3",12,10,83,603,"Long",0.0888109783645776,0.941501427691387,NA,0.456341978097737,"localGP"
"18668",76,6,6,7,79.1421963160271,100,"Smooth","Max. Reward Condition",40,"3",12,11,84,603,"Long",0.0888109783645776,0.941501427691387,NA,0.456341978097737,"localGP"
"18669",76,7,7,9,33.6333693402213,100,"Smooth","Max. Reward Condition",40,"3",12,4,107,603,"Long",0.0888109783645776,0.941501427691387,NA,0.456341978097737,"localGP"
"18670",76,8,6,8,66.326299077943,100,"Smooth","Max. Reward Condition",40,"3",12,1,95,603,"Long",0.0888109783645776,0.941501427691387,NA,0.456341978097737,"localGP"
"18671",76,9,5,8,82.0331276528132,100,"Smooth","Max. Reward Condition",40,"3",12,1,94,603,"Long",0.0888109783645776,0.941501427691387,NA,0.456341978097737,"localGP"
"18672",76,10,4,8,46.4068555234457,100,"Smooth","Max. Reward Condition",40,"3",12,1,93,603,"Long",0.0888109783645776,0.941501427691387,NA,0.456341978097737,"localGP"
"18673",76,11,4,7,71.8109228804708,100,"Smooth","Max. Reward Condition",40,"3",12,1,82,603,"Long",0.0888109783645776,0.941501427691387,NA,0.456341978097737,"localGP"
"18674",76,12,4,1,56.1038322690093,100,"Smooth","Max. Reward Condition",40,"3",12,1,16,603,"Long",0.0888109783645776,0.941501427691387,NA,0.456341978097737,"localGP"
"18675",76,13,4,1,56.1038322690093,100,"Smooth","Max. Reward Condition",40,"3",12,1,16,603,"Long",0.0888109783645776,0.941501427691387,NA,0.456341978097737,"localGP"
"18676",76,14,5,1,44.2328217511711,100,"Smooth","Max. Reward Condition",40,"3",12,2,17,603,"Long",0.0888109783645776,0.941501427691387,NA,0.456341978097737,"localGP"
"18677",76,15,10,5,62.8520083349877,100,"Smooth","Max. Reward Condition",40,"3",12,1,66,603,"Long",0.0888109783645776,0.941501427691387,NA,0.456341978097737,"localGP"
"18678",76,16,6,10,32.3469021465109,100,"Smooth","Max. Reward Condition",40,"3",12,2,117,603,"Long",0.0888109783645776,0.941501427691387,NA,0.456341978097737,"localGP"
"18679",76,17,0,3,40.8389593138381,100,"Smooth","Max. Reward Condition",40,"3",12,2,34,603,"Long",0.0888109783645776,0.941501427691387,NA,0.456341978097737,"localGP"
"18680",76,18,2,3,54.2459554545329,100,"Smooth","Max. Reward Condition",40,"3",12,1,36,603,"Long",0.0888109783645776,0.941501427691387,NA,0.456341978097737,"localGP"
"18681",76,19,9,4,56.4576797059475,100,"Smooth","Max. Reward Condition",40,"3",12,4,54,603,"Long",0.0888109783645776,0.941501427691387,NA,0.456341978097737,"localGP"
"18682",76,20,9,3,31.6251889945826,100,"Smooth","Max. Reward Condition",40,"3",12,7,43,603,"Long",0.0888109783645776,0.941501427691387,NA,0.456341978097737,"localGP"
"18683",76,21,8,5,68.8394216351871,100,"Smooth","Max. Reward Condition",40,"3",12,6,64,603,"Long",0.0888109783645776,0.941501427691387,NA,0.456341978097737,"localGP"
"18684",76,22,7,3,39.8382948822968,100,"Smooth","Max. Reward Condition",40,"3",12,1,41,603,"Long",0.0888109783645776,0.941501427691387,NA,0.456341978097737,"localGP"
"18685",76,23,6,3,32.6895102887669,100,"Smooth","Max. Reward Condition",40,"3",12,1,40,603,"Long",0.0888109783645776,0.941501427691387,NA,0.456341978097737,"localGP"
"18686",76,24,6,5,78.7023797954434,100,"Smooth","Max. Reward Condition",40,"3",12,3,62,603,"Long",0.0888109783645776,0.941501427691387,NA,0.456341978097737,"localGP"
"18687",76,25,5,5,67.9178322502487,100,"Smooth","Max. Reward Condition",40,"3",12,1,61,603,"Long",0.0888109783645776,0.941501427691387,NA,0.456341978097737,"localGP"
"18688",76,26,10,6,45.8452635270677,100,"Smooth","Max. Reward Condition",40,"3",12,1,77,603,"Long",0.0888109783645776,0.941501427691387,NA,0.456341978097737,"localGP"
"18689",76,27,10,7,59.9919604087236,100,"Smooth","Max. Reward Condition",40,"3",12,1,88,603,"Long",0.0888109783645776,0.941501427691387,NA,0.456341978097737,"localGP"
"18690",76,28,1,7,41.3820434825426,100,"Smooth","Max. Reward Condition",40,"3",12,2,79,603,"Long",0.0888109783645776,0.941501427691387,NA,0.456341978097737,"localGP"
"18691",76,29,0,7,44.8614559760383,100,"Smooth","Max. Reward Condition",40,"3",12,1,78,603,"Long",0.0888109783645776,0.941501427691387,NA,0.456341978097737,"localGP"
"18692",76,30,1,9,48.3624472959168,100,"Smooth","Max. Reward Condition",40,"3",12,1,101,603,"Long",0.0888109783645776,0.941501427691387,NA,0.456341978097737,"localGP"
"18693",76,31,9,1,72.9706833593443,100,"Smooth","Max. Reward Condition",40,"3",12,2,21,603,"Long",0.0888109783645776,0.941501427691387,NA,0.456341978097737,"localGP"
"18694",76,32,10,1,80.8865853596209,100,"Smooth","Max. Reward Condition",40,"3",12,1,22,603,"Long",0.0888109783645776,0.941501427691387,NA,0.456341978097737,"localGP"
"18695",76,33,10,2,40.3253784101298,100,"Smooth","Max. Reward Condition",40,"3",12,2,33,603,"Long",0.0888109783645776,0.941501427691387,NA,0.456341978097737,"localGP"
"18696",76,34,0,2,9.45487172108052,100,"Smooth","Max. Reward Condition",40,"3",12,2,23,603,"Long",0.0888109783645776,0.941501427691387,NA,0.456341978097737,"localGP"
"18697",76,35,2,2,75.2998584228021,100,"Smooth","Max. Reward Condition",40,"3",12,3,25,603,"Long",0.0888109783645776,0.941501427691387,NA,0.456341978097737,"localGP"
"18698",76,36,2,1,71.2084102160603,100,"Smooth","Max. Reward Condition",40,"3",12,4,14,603,"Long",0.0888109783645776,0.941501427691387,NA,0.456341978097737,"localGP"
"18699",76,37,1,1,21.0804063375276,100,"Smooth","Max. Reward Condition",40,"3",12,6,13,603,"Long",0.0888109783645776,0.941501427691387,NA,0.456341978097737,"localGP"
"18700",76,38,2,1,71.2084102160603,100,"Smooth","Max. Reward Condition",40,"3",12,8,14,603,"Long",0.0888109783645776,0.941501427691387,NA,0.456341978097737,"localGP"
"18701",76,39,2,0,69.5209390611237,100,"Smooth","Max. Reward Condition",40,"3",12,5,3,603,"Long",0.0888109783645776,0.941501427691387,NA,0.456341978097737,"localGP"
"18702",76,40,7,0,73.3448619452636,100,"Smooth","Max. Reward Condition",40,"3",12,13,8,603,"Long",0.0888109783645776,0.941501427691387,NA,0.456341978097737,"localGP"
"18703",76,41,6,0,32.1906110791016,100,"Smooth","Max. Reward Condition",40,"3",12,2,7,603,"Long",0.0888109783645776,0.941501427691387,NA,0.456341978097737,"localGP"
"18704",76,1,9,2,19.7845577092185,19.7845577092185,"Smooth","Max. Reward Condition",20,"4",2,NA,32,604,"Short",0.072222956079931,0.719397460328744,NA,0.396697738402041,"localGP"
"18705",76,2,10,3,60.6679429845796,60.6679429845796,"Smooth","Max. Reward Condition",20,"4",2,13,44,604,"Short",0.072222956079931,0.719397460328744,NA,0.396697738402041,"localGP"
"18706",76,3,8,3,44.1803510819401,60.6679429845796,"Smooth","Max. Reward Condition",20,"4",2,1,42,604,"Short",0.072222956079931,0.719397460328744,NA,0.396697738402041,"localGP"
"18707",76,4,8,4,41.9391339011976,60.6679429845796,"Smooth","Max. Reward Condition",20,"4",2,2,53,604,"Short",0.072222956079931,0.719397460328744,NA,0.396697738402041,"localGP"
"18708",76,5,9,4,34.0962732882197,60.6679429845796,"Smooth","Max. Reward Condition",20,"4",2,1,54,604,"Short",0.072222956079931,0.719397460328744,NA,0.396697738402041,"localGP"
"18709",76,6,4,5,25.2003501997717,60.6679429845796,"Smooth","Max. Reward Condition",20,"4",2,1,60,604,"Short",0.072222956079931,0.719397460328744,NA,0.396697738402041,"localGP"
"18710",76,7,7,7,26.5059569400407,60.6679429845796,"Smooth","Max. Reward Condition",20,"4",2,1,85,604,"Short",0.072222956079931,0.719397460328744,NA,0.396697738402041,"localGP"
"18711",76,8,7,8,46.9748184032228,60.6679429845796,"Smooth","Max. Reward Condition",20,"4",2,1,96,604,"Short",0.072222956079931,0.719397460328744,NA,0.396697738402041,"localGP"
"18712",76,9,8,8,15.0484706034592,60.6679429845796,"Smooth","Max. Reward Condition",20,"4",2,2,97,604,"Short",0.072222956079931,0.719397460328744,NA,0.396697738402041,"localGP"
"18713",76,10,8,9,5.07248100362894,60.6679429845796,"Smooth","Max. Reward Condition",20,"4",2,1,108,604,"Short",0.072222956079931,0.719397460328744,NA,0.396697738402041,"localGP"
"18714",76,11,4,8,47.2350737016185,60.6679429845796,"Smooth","Max. Reward Condition",20,"4",2,2,93,604,"Short",0.072222956079931,0.719397460328744,NA,0.396697738402041,"localGP"
"18715",76,12,1,8,53.0522742783677,60.6679429845796,"Smooth","Max. Reward Condition",20,"4",2,6,90,604,"Short",0.072222956079931,0.719397460328744,NA,0.396697738402041,"localGP"
"18716",76,13,0,9,29.897358776593,60.6679429845796,"Smooth","Max. Reward Condition",20,"4",2,7,100,604,"Short",0.072222956079931,0.719397460328744,NA,0.396697738402041,"localGP"
"18717",76,14,2,10,55.8905706539792,60.6679429845796,"Smooth","Max. Reward Condition",20,"4",2,9,113,604,"Short",0.072222956079931,0.719397460328744,NA,0.396697738402041,"localGP"
"18718",76,15,8,8,15.0484706034592,60.6679429845796,"Smooth","Max. Reward Condition",20,"4",2,5,97,604,"Short",0.072222956079931,0.719397460328744,NA,0.396697738402041,"localGP"
"18719",76,16,6,7,38.7212084303539,60.6679429845796,"Smooth","Max. Reward Condition",20,"4",2,5,84,604,"Short",0.072222956079931,0.719397460328744,NA,0.396697738402041,"localGP"
"18720",76,17,7,5,65.2858713745774,65.2858713745774,"Smooth","Max. Reward Condition",20,"4",2,5,63,604,"Short",0.072222956079931,0.719397460328744,NA,0.396697738402041,"localGP"
"18721",76,18,8,5,82.1154481139937,82.1154481139937,"Smooth","Max. Reward Condition",20,"4",2,0,64,604,"Short",0.072222956079931,0.719397460328744,NA,0.396697738402041,"localGP"
"18722",76,19,8,6,74.3893540286675,82.1154481139937,"Smooth","Max. Reward Condition",20,"4",2,1,75,604,"Short",0.072222956079931,0.719397460328744,NA,0.396697738402041,"localGP"
"18723",76,20,8,6,74.3893540286675,82.1154481139937,"Smooth","Max. Reward Condition",20,"4",2,0,75,604,"Short",0.072222956079931,0.719397460328744,NA,0.396697738402041,"localGP"
"18724",76,21,9,6,60.9966324493762,82.1154481139937,"Smooth","Max. Reward Condition",20,"4",2,1,76,604,"Short",0.072222956079931,0.719397460328744,NA,0.396697738402041,"localGP"
"18725",76,1,2,9,69.3281763432378,69.3281763432378,"Smooth","Max. Reward Condition",40,"5",17,NA,102,605,"Long",0.0910903778723227,0.925624166154001,NA,0.451577666009891,"localGP"
"18726",76,2,2,10,64.0452624101058,69.3281763432378,"Smooth","Max. Reward Condition",40,"5",17,4,113,605,"Long",0.0910903778723227,0.925624166154001,NA,0.451577666009891,"localGP"
"18727",76,3,6,5,17.9186730443507,69.3281763432378,"Smooth","Max. Reward Condition",40,"5",17,5,62,605,"Long",0.0910903778723227,0.925624166154001,NA,0.451577666009891,"localGP"
"18728",76,4,4,3,58.5828600076787,69.3281763432378,"Smooth","Max. Reward Condition",40,"5",17,1,38,605,"Long",0.0910903778723227,0.925624166154001,NA,0.451577666009891,"localGP"
"18729",76,5,2,1,38.0642763953082,69.3281763432378,"Smooth","Max. Reward Condition",40,"5",17,1,14,605,"Long",0.0910903778723227,0.925624166154001,NA,0.451577666009891,"localGP"
"18730",76,6,1,0,56.6190027883909,69.3281763432378,"Smooth","Max. Reward Condition",40,"5",17,1,2,605,"Long",0.0910903778723227,0.925624166154001,NA,0.451577666009891,"localGP"
"18731",76,7,2,0,54.8642131935896,69.3281763432378,"Smooth","Max. Reward Condition",40,"5",17,2,3,605,"Long",0.0910903778723227,0.925624166154001,NA,0.451577666009891,"localGP"
"18732",76,8,3,1,43.1791147725399,69.3281763432378,"Smooth","Max. Reward Condition",40,"5",17,2,15,605,"Long",0.0910903778723227,0.925624166154001,NA,0.451577666009891,"localGP"
"18733",76,9,3,0,55.0475436217867,69.3281763432378,"Smooth","Max. Reward Condition",40,"5",17,1,4,605,"Long",0.0910903778723227,0.925624166154001,NA,0.451577666009891,"localGP"
"18734",76,10,2,5,96.5712701527156,96.5712701527156,"Smooth","Max. Reward Condition",40,"5",17,2,58,605,"Long",0.0910903778723227,0.925624166154001,NA,0.451577666009891,"localGP"
"18735",76,11,2,6,67.9735102315088,96.5712701527156,"Smooth","Max. Reward Condition",40,"5",17,3,69,605,"Long",0.0910903778723227,0.925624166154001,NA,0.451577666009891,"localGP"
"18736",76,12,5,5,42.2377203459465,96.5712701527156,"Smooth","Max. Reward Condition",40,"5",17,1,61,605,"Long",0.0910903778723227,0.925624166154001,NA,0.451577666009891,"localGP"
"18737",76,13,4,5,82.6609311486781,96.5712701527156,"Smooth","Max. Reward Condition",40,"5",17,1,60,605,"Long",0.0910903778723227,0.925624166154001,NA,0.451577666009891,"localGP"
"18738",76,14,4,6,52.4710109761759,96.5712701527156,"Smooth","Max. Reward Condition",40,"5",17,2,71,605,"Long",0.0910903778723227,0.925624166154001,NA,0.451577666009891,"localGP"
"18739",76,15,0,2,36.3094858806942,96.5712701527156,"Smooth","Max. Reward Condition",40,"5",17,1,23,605,"Long",0.0910903778723227,0.925624166154001,NA,0.451577666009891,"localGP"
"18740",76,16,6,9,16.1161494292061,96.5712701527156,"Smooth","Max. Reward Condition",40,"5",17,4,106,605,"Long",0.0910903778723227,0.925624166154001,NA,0.451577666009891,"localGP"
"18741",76,17,7,4,42.6028889590444,96.5712701527156,"Smooth","Max. Reward Condition",40,"5",17,5,52,605,"Long",0.0910903778723227,0.925624166154001,NA,0.451577666009891,"localGP"
"18742",76,18,8,4,25.5290036062029,96.5712701527156,"Smooth","Max. Reward Condition",40,"5",17,4,53,605,"Long",0.0910903778723227,0.925624166154001,NA,0.451577666009891,"localGP"
"18743",76,19,8,3,41.0422069840065,96.5712701527156,"Smooth","Max. Reward Condition",40,"5",17,4,42,605,"Long",0.0910903778723227,0.925624166154001,NA,0.451577666009891,"localGP"
"18744",76,20,2,1,38.0642763953082,96.5712701527156,"Smooth","Max. Reward Condition",40,"5",17,3,14,605,"Long",0.0910903778723227,0.925624166154001,NA,0.451577666009891,"localGP"
"18745",76,21,4,1,41.9723015643252,96.5712701527156,"Smooth","Max. Reward Condition",40,"5",17,3,16,605,"Long",0.0910903778723227,0.925624166154001,NA,0.451577666009891,"localGP"
"18746",76,22,0,1,40.8666314399302,96.5712701527156,"Smooth","Max. Reward Condition",40,"5",17,2,12,605,"Long",0.0910903778723227,0.925624166154001,NA,0.451577666009891,"localGP"
"18747",76,23,1,8,61.4248560336744,96.5712701527156,"Smooth","Max. Reward Condition",40,"5",17,9,90,605,"Long",0.0910903778723227,0.925624166154001,NA,0.451577666009891,"localGP"
"18748",76,24,1,9,43.2151205194365,96.5712701527156,"Smooth","Max. Reward Condition",40,"5",17,7,101,605,"Long",0.0910903778723227,0.925624166154001,NA,0.451577666009891,"localGP"
"18749",76,25,7,5,24.4140130068995,96.5712701527156,"Smooth","Max. Reward Condition",40,"5",17,2,63,605,"Long",0.0910903778723227,0.925624166154001,NA,0.451577666009891,"localGP"
"18750",76,26,10,6,67.2792889568495,96.5712701527156,"Smooth","Max. Reward Condition",40,"5",17,2,77,605,"Long",0.0910903778723227,0.925624166154001,NA,0.451577666009891,"localGP"
"18751",76,27,10,7,52.8033208285955,96.5712701527156,"Smooth","Max. Reward Condition",40,"5",17,4,88,605,"Long",0.0910903778723227,0.925624166154001,NA,0.451577666009891,"localGP"
"18752",76,28,9,7,72.9342168010689,96.5712701527156,"Smooth","Max. Reward Condition",40,"5",17,3,87,605,"Long",0.0910903778723227,0.925624166154001,NA,0.451577666009891,"localGP"
"18753",76,29,9,6,69.0496352033319,96.5712701527156,"Smooth","Max. Reward Condition",40,"5",17,3,76,605,"Long",0.0910903778723227,0.925624166154001,NA,0.451577666009891,"localGP"
"18754",76,30,3,9,57.8931465906352,96.5712701527156,"Smooth","Max. Reward Condition",40,"5",17,2,103,605,"Long",0.0910903778723227,0.925624166154001,NA,0.451577666009891,"localGP"
"18755",76,31,3,10,66.9843682918031,96.5712701527156,"Smooth","Max. Reward Condition",40,"5",17,4,114,605,"Long",0.0910903778723227,0.925624166154001,NA,0.451577666009891,"localGP"
"18756",76,32,2,10,64.0452624101058,96.5712701527156,"Smooth","Max. Reward Condition",40,"5",17,7,113,605,"Long",0.0910903778723227,0.925624166154001,NA,0.451577666009891,"localGP"
"18757",76,33,4,4,91.0453666765183,96.5712701527156,"Smooth","Max. Reward Condition",40,"5",17,7,49,605,"Long",0.0910903778723227,0.925624166154001,NA,0.451577666009891,"localGP"
"18758",76,34,3,4,81.7432518785976,96.5712701527156,"Smooth","Max. Reward Condition",40,"5",17,1,48,605,"Long",0.0910903778723227,0.925624166154001,NA,0.451577666009891,"localGP"
"18759",76,35,3,5,100,100,"Smooth","Max. Reward Condition",40,"5",17,2,59,605,"Long",0.0910903778723227,0.925624166154001,NA,0.451577666009891,"localGP"
"18760",76,36,2,8,56.749621146005,100,"Smooth","Max. Reward Condition",40,"5",17,1,91,605,"Long",0.0910903778723227,0.925624166154001,NA,0.451577666009891,"localGP"
"18761",76,37,6,10,42.2521571557116,100,"Smooth","Max. Reward Condition",40,"5",17,3,117,605,"Long",0.0910903778723227,0.925624166154001,NA,0.451577666009891,"localGP"
"18762",76,38,0,2,36.3094858806942,100,"Smooth","Max. Reward Condition",40,"5",17,12,23,605,"Long",0.0910903778723227,0.925624166154001,NA,0.451577666009891,"localGP"
"18763",76,39,4,1,41.9723015643252,100,"Smooth","Max. Reward Condition",40,"5",17,8,16,605,"Long",0.0910903778723227,0.925624166154001,NA,0.451577666009891,"localGP"
"18764",76,40,6,3,42.4608725278466,100,"Smooth","Max. Reward Condition",40,"5",17,3,40,605,"Long",0.0910903778723227,0.925624166154001,NA,0.451577666009891,"localGP"
"18765",76,41,7,3,55.1490469076326,100,"Smooth","Max. Reward Condition",40,"5",17,1,41,605,"Long",0.0910903778723227,0.925624166154001,NA,0.451577666009891,"localGP"
"18766",76,1,2,7,63.0009414809194,63.0009414809194,"Smooth","Max. Reward Condition",20,"6",5,NA,80,606,"Short",0.0815903238233167,0.817024264067062,NA,0.377545575561045,"localGP"
"18767",76,2,2,6,69.3656436525534,69.3656436525534,"Smooth","Max. Reward Condition",20,"6",5,1,69,606,"Short",0.0815903238233167,0.817024264067062,NA,0.377545575561045,"localGP"
"18768",76,3,1,6,35.5836136671524,69.3656436525534,"Smooth","Max. Reward Condition",20,"6",5,1,68,606,"Short",0.0815903238233167,0.817024264067062,NA,0.377545575561045,"localGP"
"18769",76,4,6,1,87.877786509451,87.877786509451,"Smooth","Max. Reward Condition",20,"6",5,1,18,606,"Short",0.0815903238233167,0.817024264067062,NA,0.377545575561045,"localGP"
"18770",76,5,6,2,51.6560216281502,87.877786509451,"Smooth","Max. Reward Condition",20,"6",5,1,29,606,"Short",0.0815903238233167,0.817024264067062,NA,0.377545575561045,"localGP"
"18771",76,6,3,5,31.9706635707149,87.877786509451,"Smooth","Max. Reward Condition",20,"6",5,1,59,606,"Short",0.0815903238233167,0.817024264067062,NA,0.377545575561045,"localGP"
"18772",76,7,2,5,55.6706913285101,87.877786509451,"Smooth","Max. Reward Condition",20,"6",5,1,58,606,"Short",0.0815903238233167,0.817024264067062,NA,0.377545575561045,"localGP"
"18773",76,8,10,5,64.2061057653187,87.877786509451,"Smooth","Max. Reward Condition",20,"6",5,1,66,606,"Short",0.0815903238233167,0.817024264067062,NA,0.377545575561045,"localGP"
"18774",76,9,10,4,27.5747046618376,87.877786509451,"Smooth","Max. Reward Condition",20,"6",5,1,55,606,"Short",0.0815903238233167,0.817024264067062,NA,0.377545575561045,"localGP"
"18775",76,10,6,2,51.6560216281502,87.877786509451,"Smooth","Max. Reward Condition",20,"6",5,2,29,606,"Short",0.0815903238233167,0.817024264067062,NA,0.377545575561045,"localGP"
"18776",76,11,6,1,87.877786509451,87.877786509451,"Smooth","Max. Reward Condition",20,"6",5,1,18,606,"Short",0.0815903238233167,0.817024264067062,NA,0.377545575561045,"localGP"
"18777",76,12,6,0,63.3442305024088,87.877786509451,"Smooth","Max. Reward Condition",20,"6",5,1,7,606,"Short",0.0815903238233167,0.817024264067062,NA,0.377545575561045,"localGP"
"18778",76,13,5,0,55.5275348715588,87.877786509451,"Smooth","Max. Reward Condition",20,"6",5,1,6,606,"Short",0.0815903238233167,0.817024264067062,NA,0.377545575561045,"localGP"
"18779",76,14,5,1,65.3608725522841,87.877786509451,"Smooth","Max. Reward Condition",20,"6",5,1,17,606,"Short",0.0815903238233167,0.817024264067062,NA,0.377545575561045,"localGP"
"18780",76,15,6,1,87.877786509451,87.877786509451,"Smooth","Max. Reward Condition",20,"6",5,1,18,606,"Short",0.0815903238233167,0.817024264067062,NA,0.377545575561045,"localGP"
"18781",76,16,7,1,81.9911885215714,87.877786509451,"Smooth","Max. Reward Condition",20,"6",5,1,19,606,"Short",0.0815903238233167,0.817024264067062,NA,0.377545575561045,"localGP"
"18782",76,17,3,9,8.68730122883821,87.877786509451,"Smooth","Max. Reward Condition",20,"6",5,2,103,606,"Short",0.0815903238233167,0.817024264067062,NA,0.377545575561045,"localGP"
"18783",76,18,6,4,31.2378142572628,87.877786509451,"Smooth","Max. Reward Condition",20,"6",5,1,51,606,"Short",0.0815903238233167,0.817024264067062,NA,0.377545575561045,"localGP"
"18784",76,19,10,6,82.4387014347711,87.877786509451,"Smooth","Max. Reward Condition",20,"6",5,1,77,606,"Short",0.0815903238233167,0.817024264067062,NA,0.377545575561045,"localGP"
"18785",76,20,9,2,40.6256617216609,87.877786509451,"Smooth","Max. Reward Condition",20,"6",5,1,32,606,"Short",0.0815903238233167,0.817024264067062,NA,0.377545575561045,"localGP"
"18786",76,21,10,1,59.8039431461058,87.877786509451,"Smooth","Max. Reward Condition",20,"6",5,5,22,606,"Short",0.0815903238233167,0.817024264067062,NA,0.377545575561045,"localGP"
"18787",76,1,1,6,4.45883887214333,4.45883887214333,"Smooth","Max. Reward Condition",40,"7",19,NA,68,607,"Long",0.0970334891184382,0.982233895317249,NA,0.49745290116575,"localGP"
"18788",76,2,1,3,45.9782806867717,45.9782806867717,"Smooth","Max. Reward Condition",40,"7",19,9,35,607,"Long",0.0970334891184382,0.982233895317249,NA,0.49745290116575,"localGP"
"18789",76,3,9,1,60.8910168599768,60.8910168599768,"Smooth","Max. Reward Condition",40,"7",19,3,21,607,"Long",0.0970334891184382,0.982233895317249,NA,0.49745290116575,"localGP"
"18790",76,4,7,4,73.3248485001287,73.3248485001287,"Smooth","Max. Reward Condition",40,"7",19,4,52,607,"Long",0.0970334891184382,0.982233895317249,NA,0.49745290116575,"localGP"
"18791",76,5,7,5,82.9053550398923,82.9053550398923,"Smooth","Max. Reward Condition",40,"7",19,4,63,607,"Long",0.0970334891184382,0.982233895317249,NA,0.49745290116575,"localGP"
"18792",76,6,6,5,64.8120312113293,82.9053550398923,"Smooth","Max. Reward Condition",40,"7",19,1,62,607,"Long",0.0970334891184382,0.982233895317249,NA,0.49745290116575,"localGP"
"18793",76,7,4,6,66.9336804964909,82.9053550398923,"Smooth","Max. Reward Condition",40,"7",19,1,71,607,"Long",0.0970334891184382,0.982233895317249,NA,0.49745290116575,"localGP"
"18794",76,8,4,5,30.6880368467941,82.9053550398923,"Smooth","Max. Reward Condition",40,"7",19,1,60,607,"Long",0.0970334891184382,0.982233895317249,NA,0.49745290116575,"localGP"
"18795",76,9,2,8,18.5608086948727,82.9053550398923,"Smooth","Max. Reward Condition",40,"7",19,3,91,607,"Long",0.0970334891184382,0.982233895317249,NA,0.49745290116575,"localGP"
"18796",76,10,9,6,35.4789284248096,82.9053550398923,"Smooth","Max. Reward Condition",40,"7",19,1,76,607,"Long",0.0970334891184382,0.982233895317249,NA,0.49745290116575,"localGP"
"18797",76,11,10,5,37.3660974523946,82.9053550398923,"Smooth","Max. Reward Condition",40,"7",19,2,66,607,"Long",0.0970334891184382,0.982233895317249,NA,0.49745290116575,"localGP"
"18798",76,12,10,3,69.2905062907233,82.9053550398923,"Smooth","Max. Reward Condition",40,"7",19,1,44,607,"Long",0.0970334891184382,0.982233895317249,NA,0.49745290116575,"localGP"
"18799",76,13,1,4,19.6728619437607,82.9053550398923,"Smooth","Max. Reward Condition",40,"7",19,1,46,607,"Long",0.0970334891184382,0.982233895317249,NA,0.49745290116575,"localGP"
"18800",76,14,3,10,41.9989758752231,82.9053550398923,"Smooth","Max. Reward Condition",40,"7",19,1,114,607,"Long",0.0970334891184382,0.982233895317249,NA,0.49745290116575,"localGP"
"18801",76,15,1,7,13.81155818132,82.9053550398923,"Smooth","Max. Reward Condition",40,"7",19,1,79,607,"Long",0.0970334891184382,0.982233895317249,NA,0.49745290116575,"localGP"
"18802",76,16,10,0,58.0700494610344,82.9053550398923,"Smooth","Max. Reward Condition",40,"7",19,1,11,607,"Long",0.0970334891184382,0.982233895317249,NA,0.49745290116575,"localGP"
"18803",76,17,9,2,72.7930930430247,82.9053550398923,"Smooth","Max. Reward Condition",40,"7",19,1,32,607,"Long",0.0970334891184382,0.982233895317249,NA,0.49745290116575,"localGP"
"18804",76,18,9,3,70.6956959323297,82.9053550398923,"Smooth","Max. Reward Condition",40,"7",19,0,43,607,"Long",0.0970334891184382,0.982233895317249,NA,0.49745290116575,"localGP"
"18805",76,19,8,3,65.6372493724856,82.9053550398923,"Smooth","Max. Reward Condition",40,"7",19,1,42,607,"Long",0.0970334891184382,0.982233895317249,NA,0.49745290116575,"localGP"
"18806",76,20,8,4,65.4001551521178,82.9053550398923,"Smooth","Max. Reward Condition",40,"7",19,2,53,607,"Long",0.0970334891184382,0.982233895317249,NA,0.49745290116575,"localGP"
"18807",76,21,0,0,17.04487034963,82.9053550398923,"Smooth","Max. Reward Condition",40,"7",19,1,1,607,"Long",0.0970334891184382,0.982233895317249,NA,0.49745290116575,"localGP"
"18808",76,22,0,3,39.9926393261546,82.9053550398923,"Smooth","Max. Reward Condition",40,"7",19,1,34,607,"Long",0.0970334891184382,0.982233895317249,NA,0.49745290116575,"localGP"
"18809",76,23,1,9,27.2962837582995,82.9053550398923,"Smooth","Max. Reward Condition",40,"7",19,3,101,607,"Long",0.0970334891184382,0.982233895317249,NA,0.49745290116575,"localGP"
"18810",76,24,4,1,28.4498548614704,82.9053550398923,"Smooth","Max. Reward Condition",40,"7",19,2,16,607,"Long",0.0970334891184382,0.982233895317249,NA,0.49745290116575,"localGP"
"18811",76,25,4,0,26.8200706235865,82.9053550398923,"Smooth","Max. Reward Condition",40,"7",19,5,5,607,"Long",0.0970334891184382,0.982233895317249,NA,0.49745290116575,"localGP"
"18812",76,26,3,2,41.5227672023987,82.9053550398923,"Smooth","Max. Reward Condition",40,"7",19,3,26,607,"Long",0.0970334891184382,0.982233895317249,NA,0.49745290116575,"localGP"
"18813",76,27,2,2,85.7983244921108,85.7983244921108,"Smooth","Max. Reward Condition",40,"7",19,12,25,607,"Long",0.0970334891184382,0.982233895317249,NA,0.49745290116575,"localGP"
"18814",76,28,4,3,10.1017888022861,85.7983244921108,"Smooth","Max. Reward Condition",40,"7",19,7,38,607,"Long",0.0970334891184382,0.982233895317249,NA,0.49745290116575,"localGP"
"18815",76,29,5,4,59.2776068858534,85.7983244921108,"Smooth","Max. Reward Condition",40,"7",19,4,50,607,"Long",0.0970334891184382,0.982233895317249,NA,0.49745290116575,"localGP"
"18816",76,30,6,4,77.7374692379335,85.7983244921108,"Smooth","Max. Reward Condition",40,"7",19,2,51,607,"Long",0.0970334891184382,0.982233895317249,NA,0.49745290116575,"localGP"
"18817",76,31,9,10,65.8121215823365,85.7983244921108,"Smooth","Max. Reward Condition",40,"7",19,2,120,607,"Long",0.0970334891184382,0.982233895317249,NA,0.49745290116575,"localGP"
"18818",76,32,8,1,31.0005774332624,85.7983244921108,"Smooth","Max. Reward Condition",40,"7",19,1,20,607,"Long",0.0970334891184382,0.982233895317249,NA,0.49745290116575,"localGP"
"18819",76,33,8,8,81.8046970917315,85.7983244921108,"Smooth","Max. Reward Condition",40,"7",19,2,97,607,"Long",0.0970334891184382,0.982233895317249,NA,0.49745290116575,"localGP"
"18820",76,34,8,7,93.2880256740387,93.2880256740387,"Smooth","Max. Reward Condition",40,"7",19,6,86,607,"Long",0.0970334891184382,0.982233895317249,NA,0.49745290116575,"localGP"
"18821",76,35,7,8,55.9050623268235,93.2880256740387,"Smooth","Max. Reward Condition",40,"7",19,1,96,607,"Long",0.0970334891184382,0.982233895317249,NA,0.49745290116575,"localGP"
"18822",76,36,7,10,33.7979649487254,93.2880256740387,"Smooth","Max. Reward Condition",40,"7",19,1,118,607,"Long",0.0970334891184382,0.982233895317249,NA,0.49745290116575,"localGP"
"18823",76,37,8,10,46.913830316066,93.2880256740387,"Smooth","Max. Reward Condition",40,"7",19,1,119,607,"Long",0.0970334891184382,0.982233895317249,NA,0.49745290116575,"localGP"
"18824",76,38,2,4,21.3736470887722,93.2880256740387,"Smooth","Max. Reward Condition",40,"7",19,3,47,607,"Long",0.0970334891184382,0.982233895317249,NA,0.49745290116575,"localGP"
"18825",76,39,2,3,64.1450860861758,93.2880256740387,"Smooth","Max. Reward Condition",40,"7",19,10,36,607,"Long",0.0970334891184382,0.982233895317249,NA,0.49745290116575,"localGP"
"18826",76,40,4,9,36.8213901880563,93.2880256740387,"Smooth","Max. Reward Condition",40,"7",19,2,104,607,"Long",0.0970334891184382,0.982233895317249,NA,0.49745290116575,"localGP"
"18827",76,41,4,10,30.0936973223413,93.2880256740387,"Smooth","Max. Reward Condition",40,"7",19,1,115,607,"Long",0.0970334891184382,0.982233895317249,NA,0.49745290116575,"localGP"
"18828",76,1,3,10,32.167524099138,32.167524099138,"Smooth","Max. Reward Condition",20,"8",0,NA,114,608,"Short",0.0792798497399992,119.482914095661,NA,20.0494511541804,"localGP"
"18829",76,2,9,1,39.3581963035653,39.3581963035653,"Smooth","Max. Reward Condition",20,"8",0,1,21,608,"Short",0.0792798497399992,119.482914095661,NA,20.0494511541804,"localGP"
"18830",76,3,1,4,70.1094548150881,70.1094548150881,"Smooth","Max. Reward Condition",20,"8",0,1,46,608,"Short",0.0792798497399992,119.482914095661,NA,20.0494511541804,"localGP"
"18831",76,4,1,3,82.5162957459714,82.5162957459714,"Smooth","Max. Reward Condition",20,"8",0,1,35,608,"Short",0.0792798497399992,119.482914095661,NA,20.0494511541804,"localGP"
"18832",76,5,0,2,53.4074849522853,82.5162957459714,"Smooth","Max. Reward Condition",20,"8",0,1,23,608,"Short",0.0792798497399992,119.482914095661,NA,20.0494511541804,"localGP"
"18833",76,6,0,2,53.4074849522853,82.5162957459714,"Smooth","Max. Reward Condition",20,"8",0,1,23,608,"Short",0.0792798497399992,119.482914095661,NA,20.0494511541804,"localGP"
"18834",76,7,0,2,53.4074849522853,82.5162957459714,"Smooth","Max. Reward Condition",20,"8",0,3,23,608,"Short",0.0792798497399992,119.482914095661,NA,20.0494511541804,"localGP"
"18835",76,8,0,1,25.2534967724465,82.5162957459714,"Smooth","Max. Reward Condition",20,"8",0,3,12,608,"Short",0.0792798497399992,119.482914095661,NA,20.0494511541804,"localGP"
"18836",76,9,6,3,44.3716523377351,82.5162957459714,"Smooth","Max. Reward Condition",20,"8",0,1,40,608,"Short",0.0792798497399992,119.482914095661,NA,20.0494511541804,"localGP"
"18837",76,10,8,5,25.4664364845841,82.5162957459714,"Smooth","Max. Reward Condition",20,"8",0,1,64,608,"Short",0.0792798497399992,119.482914095661,NA,20.0494511541804,"localGP"
"18838",76,11,0,7,100,100,"Smooth","Max. Reward Condition",20,"8",0,1,78,608,"Short",0.0792798497399992,119.482914095661,NA,20.0494511541804,"localGP"
"18839",76,12,6,10,20.7252504989893,100,"Smooth","Max. Reward Condition",20,"8",0,4,117,608,"Short",0.0792798497399992,119.482914095661,NA,20.0494511541804,"localGP"
"18840",76,13,3,10,32.167524099138,100,"Smooth","Max. Reward Condition",20,"8",0,6,114,608,"Short",0.0792798497399992,119.482914095661,NA,20.0494511541804,"localGP"
"18841",76,14,10,0,53.5439418376189,100,"Smooth","Max. Reward Condition",20,"8",0,6,11,608,"Short",0.0792798497399992,119.482914095661,NA,20.0494511541804,"localGP"
"18842",76,15,7,2,5.67992727418949,100,"Smooth","Max. Reward Condition",20,"8",0,1,30,608,"Short",0.0792798497399992,119.482914095661,NA,20.0494511541804,"localGP"
"18843",76,16,10,4,33.0997948089622,100,"Smooth","Max. Reward Condition",20,"8",0,1,55,608,"Short",0.0792798497399992,119.482914095661,NA,20.0494511541804,"localGP"
"18844",76,17,3,2,44.1450806306014,100,"Smooth","Max. Reward Condition",20,"8",0,1,26,608,"Short",0.0792798497399992,119.482914095661,NA,20.0494511541804,"localGP"
"18845",76,18,2,2,65.3400315275743,100,"Smooth","Max. Reward Condition",20,"8",0,1,25,608,"Short",0.0792798497399992,119.482914095661,NA,20.0494511541804,"localGP"
"18846",76,19,10,4,33.0997948089622,100,"Smooth","Max. Reward Condition",20,"8",0,2,55,608,"Short",0.0792798497399992,119.482914095661,NA,20.0494511541804,"localGP"
"18847",76,20,7,1,9.61047525275772,100,"Smooth","Max. Reward Condition",20,"8",0,1,19,608,"Short",0.0792798497399992,119.482914095661,NA,20.0494511541804,"localGP"
"18848",76,21,0,7,100,100,"Smooth","Max. Reward Condition",20,"8",0,2,78,608,"Short",0.0792798497399992,119.482914095661,NA,20.0494511541804,"localGP"
"18849",77,1,8,8,0,0,"Smooth","Avg. Reward Condition",20,"1",8,NA,97,609,"Short",0.0288908073644021,0.644848607886412,NA,0.105660071626255,"localGP"
"18850",77,2,10,10,31.7453717496263,31.7453717496263,"Smooth","Avg. Reward Condition",20,"1",8,1,121,609,"Short",0.0288908073644021,0.644848607886412,NA,0.105660071626255,"localGP"
"18851",77,3,5,3,43.5148638021869,43.5148638021869,"Smooth","Avg. Reward Condition",20,"1",8,1,39,609,"Short",0.0288908073644021,0.644848607886412,NA,0.105660071626255,"localGP"
"18852",77,4,7,1,50.2177427569694,50.2177427569694,"Smooth","Avg. Reward Condition",20,"1",8,2,19,609,"Short",0.0288908073644021,0.644848607886412,NA,0.105660071626255,"localGP"
"18853",77,5,8,1,44.4324036525511,50.2177427569694,"Smooth","Avg. Reward Condition",20,"1",8,1,20,609,"Short",0.0288908073644021,0.644848607886412,NA,0.105660071626255,"localGP"
"18854",77,6,4,0,60.8338866583658,60.8338866583658,"Smooth","Avg. Reward Condition",20,"1",8,2,5,609,"Short",0.0288908073644021,0.644848607886412,NA,0.105660071626255,"localGP"
"18855",77,7,4,0,60.8338866583658,60.8338866583658,"Smooth","Avg. Reward Condition",20,"1",8,1,5,609,"Short",0.0288908073644021,0.644848607886412,NA,0.105660071626255,"localGP"
"18856",77,8,8,2,46.8578212721829,60.8338866583658,"Smooth","Avg. Reward Condition",20,"1",8,3,31,609,"Short",0.0288908073644021,0.644848607886412,NA,0.105660071626255,"localGP"
"18857",77,9,10,4,82.6261489879953,82.6261489879953,"Smooth","Avg. Reward Condition",20,"1",8,2,55,609,"Short",0.0288908073644021,0.644848607886412,NA,0.105660071626255,"localGP"
"18858",77,10,10,4,82.6261489879953,82.6261489879953,"Smooth","Avg. Reward Condition",20,"1",8,1,55,609,"Short",0.0288908073644021,0.644848607886412,NA,0.105660071626255,"localGP"
"18859",77,11,10,4,82.6261489879953,82.6261489879953,"Smooth","Avg. Reward Condition",20,"1",8,0,55,609,"Short",0.0288908073644021,0.644848607886412,NA,0.105660071626255,"localGP"
"18860",77,12,10,4,82.6261489879953,82.6261489879953,"Smooth","Avg. Reward Condition",20,"1",8,0,55,609,"Short",0.0288908073644021,0.644848607886412,NA,0.105660071626255,"localGP"
"18861",77,13,10,4,82.6261489879953,82.6261489879953,"Smooth","Avg. Reward Condition",20,"1",8,0,55,609,"Short",0.0288908073644021,0.644848607886412,NA,0.105660071626255,"localGP"
"18862",77,14,10,4,82.6261489879953,82.6261489879953,"Smooth","Avg. Reward Condition",20,"1",8,0,55,609,"Short",0.0288908073644021,0.644848607886412,NA,0.105660071626255,"localGP"
"18863",77,15,10,4,82.6261489879953,82.6261489879953,"Smooth","Avg. Reward Condition",20,"1",8,0,55,609,"Short",0.0288908073644021,0.644848607886412,NA,0.105660071626255,"localGP"
"18864",77,16,10,4,82.6261489879953,82.6261489879953,"Smooth","Avg. Reward Condition",20,"1",8,0,55,609,"Short",0.0288908073644021,0.644848607886412,NA,0.105660071626255,"localGP"
"18865",77,17,10,4,82.6261489879953,82.6261489879953,"Smooth","Avg. Reward Condition",20,"1",8,0,55,609,"Short",0.0288908073644021,0.644848607886412,NA,0.105660071626255,"localGP"
"18866",77,18,10,4,82.6261489879953,82.6261489879953,"Smooth","Avg. Reward Condition",20,"1",8,0,55,609,"Short",0.0288908073644021,0.644848607886412,NA,0.105660071626255,"localGP"
"18867",77,19,10,4,82.6261489879953,82.6261489879953,"Smooth","Avg. Reward Condition",20,"1",8,0,55,609,"Short",0.0288908073644021,0.644848607886412,NA,0.105660071626255,"localGP"
"18868",77,20,10,4,82.6261489879953,82.6261489879953,"Smooth","Avg. Reward Condition",20,"1",8,0,55,609,"Short",0.0288908073644021,0.644848607886412,NA,0.105660071626255,"localGP"
"18869",77,21,10,4,82.6261489879953,82.6261489879953,"Smooth","Avg. Reward Condition",20,"1",8,0,55,609,"Short",0.0288908073644021,0.644848607886412,NA,0.105660071626255,"localGP"
"18870",77,1,5,9,47.9731744721056,47.9731744721056,"Smooth","Avg. Reward Condition",40,"2",15,NA,105,610,"Long",0.0422039004782146,0.898430188870771,NA,0.194978275633649,"localGP"
"18871",77,2,1,5,94.5829546424011,94.5829546424011,"Smooth","Avg. Reward Condition",40,"2",15,7,57,610,"Long",0.0422039004782146,0.898430188870771,NA,0.194978275633649,"localGP"
"18872",77,3,1,5,94.5829546424011,94.5829546424011,"Smooth","Avg. Reward Condition",40,"2",15,2,57,610,"Long",0.0422039004782146,0.898430188870771,NA,0.194978275633649,"localGP"
"18873",77,4,1,5,94.5829546424011,94.5829546424011,"Smooth","Avg. Reward Condition",40,"2",15,4,57,610,"Long",0.0422039004782146,0.898430188870771,NA,0.194978275633649,"localGP"
"18874",77,5,1,5,94.5829546424011,94.5829546424011,"Smooth","Avg. Reward Condition",40,"2",15,2,57,610,"Long",0.0422039004782146,0.898430188870771,NA,0.194978275633649,"localGP"
"18875",77,6,1,4,71.7502401708434,94.5829546424011,"Smooth","Avg. Reward Condition",40,"2",15,2,46,610,"Long",0.0422039004782146,0.898430188870771,NA,0.194978275633649,"localGP"
"18876",77,7,1,5,94.5829546424011,94.5829546424011,"Smooth","Avg. Reward Condition",40,"2",15,2,57,610,"Long",0.0422039004782146,0.898430188870771,NA,0.194978275633649,"localGP"
"18877",77,8,1,5,94.5829546424011,94.5829546424011,"Smooth","Avg. Reward Condition",40,"2",15,0,57,610,"Long",0.0422039004782146,0.898430188870771,NA,0.194978275633649,"localGP"
"18878",77,9,0,5,81.07604936737,94.5829546424011,"Smooth","Avg. Reward Condition",40,"2",15,0,56,610,"Long",0.0422039004782146,0.898430188870771,NA,0.194978275633649,"localGP"
"18879",77,10,1,5,94.5829546424011,94.5829546424011,"Smooth","Avg. Reward Condition",40,"2",15,0,57,610,"Long",0.0422039004782146,0.898430188870771,NA,0.194978275633649,"localGP"
"18880",77,11,1,5,94.5829546424011,94.5829546424011,"Smooth","Avg. Reward Condition",40,"2",15,0,57,610,"Long",0.0422039004782146,0.898430188870771,NA,0.194978275633649,"localGP"
"18881",77,12,1,5,94.5829546424011,94.5829546424011,"Smooth","Avg. Reward Condition",40,"2",15,1,57,610,"Long",0.0422039004782146,0.898430188870771,NA,0.194978275633649,"localGP"
"18882",77,13,1,5,94.5829546424011,94.5829546424011,"Smooth","Avg. Reward Condition",40,"2",15,2,57,610,"Long",0.0422039004782146,0.898430188870771,NA,0.194978275633649,"localGP"
"18883",77,14,1,5,94.5829546424011,94.5829546424011,"Smooth","Avg. Reward Condition",40,"2",15,2,57,610,"Long",0.0422039004782146,0.898430188870771,NA,0.194978275633649,"localGP"
"18884",77,15,1,5,94.5829546424011,94.5829546424011,"Smooth","Avg. Reward Condition",40,"2",15,2,57,610,"Long",0.0422039004782146,0.898430188870771,NA,0.194978275633649,"localGP"
"18885",77,16,1,5,94.5829546424011,94.5829546424011,"Smooth","Avg. Reward Condition",40,"2",15,2,57,610,"Long",0.0422039004782146,0.898430188870771,NA,0.194978275633649,"localGP"
"18886",77,17,1,5,94.5829546424011,94.5829546424011,"Smooth","Avg. Reward Condition",40,"2",15,0,57,610,"Long",0.0422039004782146,0.898430188870771,NA,0.194978275633649,"localGP"
"18887",77,18,1,6,89.9274342754243,94.5829546424011,"Smooth","Avg. Reward Condition",40,"2",15,0,68,610,"Long",0.0422039004782146,0.898430188870771,NA,0.194978275633649,"localGP"
"18888",77,19,1,5,94.5829546424011,94.5829546424011,"Smooth","Avg. Reward Condition",40,"2",15,0,57,610,"Long",0.0422039004782146,0.898430188870771,NA,0.194978275633649,"localGP"
"18889",77,20,1,5,94.5829546424011,94.5829546424011,"Smooth","Avg. Reward Condition",40,"2",15,0,57,610,"Long",0.0422039004782146,0.898430188870771,NA,0.194978275633649,"localGP"
"18890",77,21,2,5,87.9015805668821,94.5829546424011,"Smooth","Avg. Reward Condition",40,"2",15,0,58,610,"Long",0.0422039004782146,0.898430188870771,NA,0.194978275633649,"localGP"
"18891",77,22,1,5,94.5829546424011,94.5829546424011,"Smooth","Avg. Reward Condition",40,"2",15,0,57,610,"Long",0.0422039004782146,0.898430188870771,NA,0.194978275633649,"localGP"
"18892",77,23,1,5,94.5829546424011,94.5829546424011,"Smooth","Avg. Reward Condition",40,"2",15,2,57,610,"Long",0.0422039004782146,0.898430188870771,NA,0.194978275633649,"localGP"
"18893",77,24,1,5,94.5829546424011,94.5829546424011,"Smooth","Avg. Reward Condition",40,"2",15,2,57,610,"Long",0.0422039004782146,0.898430188870771,NA,0.194978275633649,"localGP"
"18894",77,25,1,5,94.5829546424011,94.5829546424011,"Smooth","Avg. Reward Condition",40,"2",15,1,57,610,"Long",0.0422039004782146,0.898430188870771,NA,0.194978275633649,"localGP"
"18895",77,26,1,5,94.5829546424011,94.5829546424011,"Smooth","Avg. Reward Condition",40,"2",15,2,57,610,"Long",0.0422039004782146,0.898430188870771,NA,0.194978275633649,"localGP"
"18896",77,27,2,5,87.9015805668821,94.5829546424011,"Smooth","Avg. Reward Condition",40,"2",15,1,58,610,"Long",0.0422039004782146,0.898430188870771,NA,0.194978275633649,"localGP"
"18897",77,28,2,6,90.2125642232632,94.5829546424011,"Smooth","Avg. Reward Condition",40,"2",15,0,69,610,"Long",0.0422039004782146,0.898430188870771,NA,0.194978275633649,"localGP"
"18898",77,29,2,7,47.9284101510965,94.5829546424011,"Smooth","Avg. Reward Condition",40,"2",15,0,80,610,"Long",0.0422039004782146,0.898430188870771,NA,0.194978275633649,"localGP"
"18899",77,30,2,6,90.2125642232632,94.5829546424011,"Smooth","Avg. Reward Condition",40,"2",15,0,69,610,"Long",0.0422039004782146,0.898430188870771,NA,0.194978275633649,"localGP"
"18900",77,31,2,6,90.2125642232632,94.5829546424011,"Smooth","Avg. Reward Condition",40,"2",15,0,69,610,"Long",0.0422039004782146,0.898430188870771,NA,0.194978275633649,"localGP"
"18901",77,32,2,6,90.2125642232632,94.5829546424011,"Smooth","Avg. Reward Condition",40,"2",15,0,69,610,"Long",0.0422039004782146,0.898430188870771,NA,0.194978275633649,"localGP"
"18902",77,33,2,6,90.2125642232632,94.5829546424011,"Smooth","Avg. Reward Condition",40,"2",15,0,69,610,"Long",0.0422039004782146,0.898430188870771,NA,0.194978275633649,"localGP"
"18903",77,34,1,6,89.9274342754243,94.5829546424011,"Smooth","Avg. Reward Condition",40,"2",15,0,68,610,"Long",0.0422039004782146,0.898430188870771,NA,0.194978275633649,"localGP"
"18904",77,35,1,5,94.5829546424011,94.5829546424011,"Smooth","Avg. Reward Condition",40,"2",15,0,57,610,"Long",0.0422039004782146,0.898430188870771,NA,0.194978275633649,"localGP"
"18905",77,36,1,5,94.5829546424011,94.5829546424011,"Smooth","Avg. Reward Condition",40,"2",15,0,57,610,"Long",0.0422039004782146,0.898430188870771,NA,0.194978275633649,"localGP"
"18906",77,37,1,5,94.5829546424011,94.5829546424011,"Smooth","Avg. Reward Condition",40,"2",15,0,57,610,"Long",0.0422039004782146,0.898430188870771,NA,0.194978275633649,"localGP"
"18907",77,38,1,5,94.5829546424011,94.5829546424011,"Smooth","Avg. Reward Condition",40,"2",15,0,57,610,"Long",0.0422039004782146,0.898430188870771,NA,0.194978275633649,"localGP"
"18908",77,39,1,5,94.5829546424011,94.5829546424011,"Smooth","Avg. Reward Condition",40,"2",15,0,57,610,"Long",0.0422039004782146,0.898430188870771,NA,0.194978275633649,"localGP"
"18909",77,40,1,6,89.9274342754243,94.5829546424011,"Smooth","Avg. Reward Condition",40,"2",15,0,68,610,"Long",0.0422039004782146,0.898430188870771,NA,0.194978275633649,"localGP"
"18910",77,41,1,5,94.5829546424011,94.5829546424011,"Smooth","Avg. Reward Condition",40,"2",15,0,57,610,"Long",0.0422039004782146,0.898430188870771,NA,0.194978275633649,"localGP"
"18911",77,1,5,2,52.4052015124445,52.4052015124445,"Smooth","Avg. Reward Condition",20,"3",18,NA,28,611,"Short",0.0378355974863319,0.741365478196536,NA,0.1678804604179,"localGP"
"18912",77,2,8,0,49.6392731518266,52.4052015124445,"Smooth","Avg. Reward Condition",20,"3",18,3,9,611,"Short",0.0378355974863319,0.741365478196536,NA,0.1678804604179,"localGP"
"18913",77,3,8,4,38.0812277919718,52.4052015124445,"Smooth","Avg. Reward Condition",20,"3",18,6,53,611,"Short",0.0378355974863319,0.741365478196536,NA,0.1678804604179,"localGP"
"18914",77,4,10,10,40.9300790469513,52.4052015124445,"Smooth","Avg. Reward Condition",20,"3",18,5,121,611,"Short",0.0378355974863319,0.741365478196536,NA,0.1678804604179,"localGP"
"18915",77,5,10,7,45.9324442548253,52.4052015124445,"Smooth","Avg. Reward Condition",20,"3",18,3,88,611,"Short",0.0378355974863319,0.741365478196536,NA,0.1678804604179,"localGP"
"18916",77,6,9,5,25.5809293587448,52.4052015124445,"Smooth","Avg. Reward Condition",20,"3",18,3,65,611,"Short",0.0378355974863319,0.741365478196536,NA,0.1678804604179,"localGP"
"18917",77,7,9,8,80.6519418863633,80.6519418863633,"Smooth","Avg. Reward Condition",20,"3",18,8,98,611,"Short",0.0378355974863319,0.741365478196536,NA,0.1678804604179,"localGP"
"18918",77,8,8,8,58.8343770395875,80.6519418863633,"Smooth","Avg. Reward Condition",20,"3",18,8,97,611,"Short",0.0378355974863319,0.741365478196536,NA,0.1678804604179,"localGP"
"18919",77,9,9,8,80.6519418863633,80.6519418863633,"Smooth","Avg. Reward Condition",20,"3",18,0,98,611,"Short",0.0378355974863319,0.741365478196536,NA,0.1678804604179,"localGP"
"18920",77,10,9,8,80.6519418863633,80.6519418863633,"Smooth","Avg. Reward Condition",20,"3",18,0,98,611,"Short",0.0378355974863319,0.741365478196536,NA,0.1678804604179,"localGP"
"18921",77,11,9,9,61.1848749174221,80.6519418863633,"Smooth","Avg. Reward Condition",20,"3",18,0,109,611,"Short",0.0378355974863319,0.741365478196536,NA,0.1678804604179,"localGP"
"18922",77,12,9,8,80.6519418863633,80.6519418863633,"Smooth","Avg. Reward Condition",20,"3",18,0,98,611,"Short",0.0378355974863319,0.741365478196536,NA,0.1678804604179,"localGP"
"18923",77,13,9,8,80.6519418863633,80.6519418863633,"Smooth","Avg. Reward Condition",20,"3",18,0,98,611,"Short",0.0378355974863319,0.741365478196536,NA,0.1678804604179,"localGP"
"18924",77,14,9,8,80.6519418863633,80.6519418863633,"Smooth","Avg. Reward Condition",20,"3",18,0,98,611,"Short",0.0378355974863319,0.741365478196536,NA,0.1678804604179,"localGP"
"18925",77,15,9,8,80.6519418863633,80.6519418863633,"Smooth","Avg. Reward Condition",20,"3",18,0,98,611,"Short",0.0378355974863319,0.741365478196536,NA,0.1678804604179,"localGP"
"18926",77,16,9,8,80.6519418863633,80.6519418863633,"Smooth","Avg. Reward Condition",20,"3",18,0,98,611,"Short",0.0378355974863319,0.741365478196536,NA,0.1678804604179,"localGP"
"18927",77,17,9,8,80.6519418863633,80.6519418863633,"Smooth","Avg. Reward Condition",20,"3",18,0,98,611,"Short",0.0378355974863319,0.741365478196536,NA,0.1678804604179,"localGP"
"18928",77,18,9,7,72.9623547713888,80.6519418863633,"Smooth","Avg. Reward Condition",20,"3",18,0,87,611,"Short",0.0378355974863319,0.741365478196536,NA,0.1678804604179,"localGP"
"18929",77,19,9,8,80.6519418863633,80.6519418863633,"Smooth","Avg. Reward Condition",20,"3",18,0,98,611,"Short",0.0378355974863319,0.741365478196536,NA,0.1678804604179,"localGP"
"18930",77,20,9,8,80.6519418863633,80.6519418863633,"Smooth","Avg. Reward Condition",20,"3",18,0,98,611,"Short",0.0378355974863319,0.741365478196536,NA,0.1678804604179,"localGP"
"18931",77,21,9,8,80.6519418863633,80.6519418863633,"Smooth","Avg. Reward Condition",20,"3",18,0,98,611,"Short",0.0378355974863319,0.741365478196536,NA,0.1678804604179,"localGP"
"18932",77,1,6,9,34.2500725757816,34.2500725757816,"Smooth","Avg. Reward Condition",40,"4",1,NA,106,612,"Long",0.0427815391368498,1.1247606650844,NA,0.0974043208822084,"localGP"
"18933",77,2,10,3,52.5263702700094,52.5263702700094,"Smooth","Avg. Reward Condition",40,"4",1,2,44,612,"Long",0.0427815391368498,1.1247606650844,NA,0.0974043208822084,"localGP"
"18934",77,3,4,0,27.0153724932925,52.5263702700094,"Smooth","Avg. Reward Condition",40,"4",1,5,5,612,"Long",0.0427815391368498,1.1247606650844,NA,0.0974043208822084,"localGP"
"18935",77,4,8,2,77.798359488466,77.798359488466,"Smooth","Avg. Reward Condition",40,"4",1,4,31,612,"Long",0.0427815391368498,1.1247606650844,NA,0.0974043208822084,"localGP"
"18936",77,5,9,1,33.320982275261,77.798359488466,"Smooth","Avg. Reward Condition",40,"4",1,5,21,612,"Long",0.0427815391368498,1.1247606650844,NA,0.0974043208822084,"localGP"
"18937",77,6,1,7,64.2118511787295,77.798359488466,"Smooth","Avg. Reward Condition",40,"4",1,6,79,612,"Long",0.0427815391368498,1.1247606650844,NA,0.0974043208822084,"localGP"
"18938",77,7,0,7,66.7767330115422,77.798359488466,"Smooth","Avg. Reward Condition",40,"4",1,8,78,612,"Long",0.0427815391368498,1.1247606650844,NA,0.0974043208822084,"localGP"
"18939",77,8,0,6,34.4954147677116,77.798359488466,"Smooth","Avg. Reward Condition",40,"4",1,2,67,612,"Long",0.0427815391368498,1.1247606650844,NA,0.0974043208822084,"localGP"
"18940",77,9,10,5,44.5875145646547,77.798359488466,"Smooth","Avg. Reward Condition",40,"4",1,4,66,612,"Long",0.0427815391368498,1.1247606650844,NA,0.0974043208822084,"localGP"
"18941",77,10,1,8,67.4295625369789,77.798359488466,"Smooth","Avg. Reward Condition",40,"4",1,2,90,612,"Long",0.0427815391368498,1.1247606650844,NA,0.0974043208822084,"localGP"
"18942",77,11,1,7,64.2118511787295,77.798359488466,"Smooth","Avg. Reward Condition",40,"4",1,1,79,612,"Long",0.0427815391368498,1.1247606650844,NA,0.0974043208822084,"localGP"
"18943",77,12,1,8,67.4295625369789,77.798359488466,"Smooth","Avg. Reward Condition",40,"4",1,2,90,612,"Long",0.0427815391368498,1.1247606650844,NA,0.0974043208822084,"localGP"
"18944",77,13,1,8,67.4295625369789,77.798359488466,"Smooth","Avg. Reward Condition",40,"4",1,1,90,612,"Long",0.0427815391368498,1.1247606650844,NA,0.0974043208822084,"localGP"
"18945",77,14,0,8,74.6091743351065,77.798359488466,"Smooth","Avg. Reward Condition",40,"4",1,1,89,612,"Long",0.0427815391368498,1.1247606650844,NA,0.0974043208822084,"localGP"
"18946",77,15,9,2,45.6743517242672,77.798359488466,"Smooth","Avg. Reward Condition",40,"4",1,2,32,612,"Long",0.0427815391368498,1.1247606650844,NA,0.0974043208822084,"localGP"
"18947",77,16,8,2,77.798359488466,77.798359488466,"Smooth","Avg. Reward Condition",40,"4",1,1,31,612,"Long",0.0427815391368498,1.1247606650844,NA,0.0974043208822084,"localGP"
"18948",77,17,7,2,87.3844592186431,87.3844592186431,"Smooth","Avg. Reward Condition",40,"4",1,2,30,612,"Long",0.0427815391368498,1.1247606650844,NA,0.0974043208822084,"localGP"
"18949",77,18,8,2,77.798359488466,87.3844592186431,"Smooth","Avg. Reward Condition",40,"4",1,1,31,612,"Long",0.0427815391368498,1.1247606650844,NA,0.0974043208822084,"localGP"
"18950",77,19,7,2,87.3844592186431,87.3844592186431,"Smooth","Avg. Reward Condition",40,"4",1,0,30,612,"Long",0.0427815391368498,1.1247606650844,NA,0.0974043208822084,"localGP"
"18951",77,20,7,2,87.3844592186431,87.3844592186431,"Smooth","Avg. Reward Condition",40,"4",1,0,30,612,"Long",0.0427815391368498,1.1247606650844,NA,0.0974043208822084,"localGP"
"18952",77,21,7,2,87.3844592186431,87.3844592186431,"Smooth","Avg. Reward Condition",40,"4",1,0,30,612,"Long",0.0427815391368498,1.1247606650844,NA,0.0974043208822084,"localGP"
"18953",77,22,7,2,87.3844592186431,87.3844592186431,"Smooth","Avg. Reward Condition",40,"4",1,0,30,612,"Long",0.0427815391368498,1.1247606650844,NA,0.0974043208822084,"localGP"
"18954",77,23,7,2,87.3844592186431,87.3844592186431,"Smooth","Avg. Reward Condition",40,"4",1,0,30,612,"Long",0.0427815391368498,1.1247606650844,NA,0.0974043208822084,"localGP"
"18955",77,24,7,2,87.3844592186431,87.3844592186431,"Smooth","Avg. Reward Condition",40,"4",1,0,30,612,"Long",0.0427815391368498,1.1247606650844,NA,0.0974043208822084,"localGP"
"18956",77,25,7,2,87.3844592186431,87.3844592186431,"Smooth","Avg. Reward Condition",40,"4",1,0,30,612,"Long",0.0427815391368498,1.1247606650844,NA,0.0974043208822084,"localGP"
"18957",77,26,7,2,87.3844592186431,87.3844592186431,"Smooth","Avg. Reward Condition",40,"4",1,0,30,612,"Long",0.0427815391368498,1.1247606650844,NA,0.0974043208822084,"localGP"
"18958",77,27,7,2,87.3844592186431,87.3844592186431,"Smooth","Avg. Reward Condition",40,"4",1,0,30,612,"Long",0.0427815391368498,1.1247606650844,NA,0.0974043208822084,"localGP"
"18959",77,28,7,1,78.9605492405504,87.3844592186431,"Smooth","Avg. Reward Condition",40,"4",1,0,19,612,"Long",0.0427815391368498,1.1247606650844,NA,0.0974043208822084,"localGP"
"18960",77,29,7,2,87.3844592186431,87.3844592186431,"Smooth","Avg. Reward Condition",40,"4",1,0,30,612,"Long",0.0427815391368498,1.1247606650844,NA,0.0974043208822084,"localGP"
"18961",77,30,7,2,87.3844592186431,87.3844592186431,"Smooth","Avg. Reward Condition",40,"4",1,0,30,612,"Long",0.0427815391368498,1.1247606650844,NA,0.0974043208822084,"localGP"
"18962",77,31,7,3,90.8008789663477,90.8008789663477,"Smooth","Avg. Reward Condition",40,"4",1,0,41,612,"Long",0.0427815391368498,1.1247606650844,NA,0.0974043208822084,"localGP"
"18963",77,32,7,3,90.8008789663477,90.8008789663477,"Smooth","Avg. Reward Condition",40,"4",1,0,41,612,"Long",0.0427815391368498,1.1247606650844,NA,0.0974043208822084,"localGP"
"18964",77,33,7,3,90.8008789663477,90.8008789663477,"Smooth","Avg. Reward Condition",40,"4",1,0,41,612,"Long",0.0427815391368498,1.1247606650844,NA,0.0974043208822084,"localGP"
"18965",77,34,7,3,90.8008789663477,90.8008789663477,"Smooth","Avg. Reward Condition",40,"4",1,0,41,612,"Long",0.0427815391368498,1.1247606650844,NA,0.0974043208822084,"localGP"
"18966",77,35,7,3,90.8008789663477,90.8008789663477,"Smooth","Avg. Reward Condition",40,"4",1,0,41,612,"Long",0.0427815391368498,1.1247606650844,NA,0.0974043208822084,"localGP"
"18967",77,36,8,3,73.1545333653025,90.8008789663477,"Smooth","Avg. Reward Condition",40,"4",1,0,42,612,"Long",0.0427815391368498,1.1247606650844,NA,0.0974043208822084,"localGP"
"18968",77,37,7,3,90.8008789663477,90.8008789663477,"Smooth","Avg. Reward Condition",40,"4",1,0,41,612,"Long",0.0427815391368498,1.1247606650844,NA,0.0974043208822084,"localGP"
"18969",77,38,7,2,87.3844592186431,90.8008789663477,"Smooth","Avg. Reward Condition",40,"4",1,0,30,612,"Long",0.0427815391368498,1.1247606650844,NA,0.0974043208822084,"localGP"
"18970",77,39,7,2,87.3844592186431,90.8008789663477,"Smooth","Avg. Reward Condition",40,"4",1,0,30,612,"Long",0.0427815391368498,1.1247606650844,NA,0.0974043208822084,"localGP"
"18971",77,40,7,2,87.3844592186431,90.8008789663477,"Smooth","Avg. Reward Condition",40,"4",1,0,30,612,"Long",0.0427815391368498,1.1247606650844,NA,0.0974043208822084,"localGP"
"18972",77,41,7,3,90.8008789663477,90.8008789663477,"Smooth","Avg. Reward Condition",40,"4",1,0,41,612,"Long",0.0427815391368498,1.1247606650844,NA,0.0974043208822084,"localGP"
"18973",77,1,0,7,56.7102070439247,56.7102070439247,"Smooth","Avg. Reward Condition",20,"5",6,NA,78,613,"Short",0.0396727129914463,0.711966149036589,NA,0.102669048662463,"localGP"
"18974",77,2,8,4,54.5470358257258,56.7102070439247,"Smooth","Avg. Reward Condition",20,"5",6,8,53,613,"Short",0.0396727129914463,0.711966149036589,NA,0.102669048662463,"localGP"
"18975",77,3,7,5,62.7685778639352,62.7685778639352,"Smooth","Avg. Reward Condition",20,"5",6,16,63,613,"Short",0.0396727129914463,0.711966149036589,NA,0.102669048662463,"localGP"
"18976",77,4,5,6,17.4640278220834,62.7685778639352,"Smooth","Avg. Reward Condition",20,"5",6,8,72,613,"Short",0.0396727129914463,0.711966149036589,NA,0.102669048662463,"localGP"
"18977",77,5,3,6,26.5559672712073,62.7685778639352,"Smooth","Avg. Reward Condition",20,"5",6,16,70,613,"Short",0.0396727129914463,0.711966149036589,NA,0.102669048662463,"localGP"
"18978",77,6,2,10,50.1552784295293,62.7685778639352,"Smooth","Avg. Reward Condition",20,"5",6,4,113,613,"Short",0.0396727129914463,0.711966149036589,NA,0.102669048662463,"localGP"
"18979",77,7,9,2,38.9021292283964,62.7685778639352,"Smooth","Avg. Reward Condition",20,"5",6,2,32,613,"Short",0.0396727129914463,0.711966149036589,NA,0.102669048662463,"localGP"
"18980",77,8,2,4,50.1349691465134,62.7685778639352,"Smooth","Avg. Reward Condition",20,"5",6,1,47,613,"Short",0.0396727129914463,0.711966149036589,NA,0.102669048662463,"localGP"
"18981",77,9,3,4,19.5910841909591,62.7685778639352,"Smooth","Avg. Reward Condition",20,"5",6,2,48,613,"Short",0.0396727129914463,0.711966149036589,NA,0.102669048662463,"localGP"
"18982",77,10,7,2,60.5825002841952,62.7685778639352,"Smooth","Avg. Reward Condition",20,"5",6,2,30,613,"Short",0.0396727129914463,0.711966149036589,NA,0.102669048662463,"localGP"
"18983",77,11,7,4,44.475034820107,62.7685778639352,"Smooth","Avg. Reward Condition",20,"5",6,1,52,613,"Short",0.0396727129914463,0.711966149036589,NA,0.102669048662463,"localGP"
"18984",77,12,0,9,70.7016784293051,70.7016784293051,"Smooth","Avg. Reward Condition",20,"5",6,2,100,613,"Short",0.0396727129914463,0.711966149036589,NA,0.102669048662463,"localGP"
"18985",77,13,0,10,82.527541309215,82.527541309215,"Smooth","Avg. Reward Condition",20,"5",6,1,111,613,"Short",0.0396727129914463,0.711966149036589,NA,0.102669048662463,"localGP"
"18986",77,14,0,10,82.527541309215,82.527541309215,"Smooth","Avg. Reward Condition",20,"5",6,2,111,613,"Short",0.0396727129914463,0.711966149036589,NA,0.102669048662463,"localGP"
"18987",77,15,0,9,70.7016784293051,82.527541309215,"Smooth","Avg. Reward Condition",20,"5",6,2,100,613,"Short",0.0396727129914463,0.711966149036589,NA,0.102669048662463,"localGP"
"18988",77,16,0,10,82.527541309215,82.527541309215,"Smooth","Avg. Reward Condition",20,"5",6,0,111,613,"Short",0.0396727129914463,0.711966149036589,NA,0.102669048662463,"localGP"
"18989",77,17,0,10,82.527541309215,82.527541309215,"Smooth","Avg. Reward Condition",20,"5",6,1,111,613,"Short",0.0396727129914463,0.711966149036589,NA,0.102669048662463,"localGP"
"18990",77,18,0,10,82.527541309215,82.527541309215,"Smooth","Avg. Reward Condition",20,"5",6,0,111,613,"Short",0.0396727129914463,0.711966149036589,NA,0.102669048662463,"localGP"
"18991",77,19,5,6,17.4640278220834,82.527541309215,"Smooth","Avg. Reward Condition",20,"5",6,0,72,613,"Short",0.0396727129914463,0.711966149036589,NA,0.102669048662463,"localGP"
"18992",77,20,1,4,80.1452331951454,82.527541309215,"Smooth","Avg. Reward Condition",20,"5",6,0,46,613,"Short",0.0396727129914463,0.711966149036589,NA,0.102669048662463,"localGP"
"18993",77,21,1,3,70.5820098602199,82.527541309215,"Smooth","Avg. Reward Condition",20,"5",6,0,35,613,"Short",0.0396727129914463,0.711966149036589,NA,0.102669048662463,"localGP"
"18994",77,1,0,4,9.44675850929692,9.44675850929692,"Smooth","Avg. Reward Condition",40,"6",16,NA,45,614,"Long",0.0508726831093811,1.13297410917005,NA,0.150898813988691,"localGP"
"18995",77,2,8,5,55.4827017867846,55.4827017867846,"Smooth","Avg. Reward Condition",40,"6",16,1,64,614,"Long",0.0508726831093811,1.13297410917005,NA,0.150898813988691,"localGP"
"18996",77,3,4,8,36.8102979545033,55.4827017867846,"Smooth","Avg. Reward Condition",40,"6",16,2,93,614,"Long",0.0508726831093811,1.13297410917005,NA,0.150898813988691,"localGP"
"18997",77,4,3,6,61.712476104061,61.712476104061,"Smooth","Avg. Reward Condition",40,"6",16,6,70,614,"Long",0.0508726831093811,1.13297410917005,NA,0.150898813988691,"localGP"
"18998",77,5,8,3,14.822879672341,61.712476104061,"Smooth","Avg. Reward Condition",40,"6",16,1,42,614,"Long",0.0508726831093811,1.13297410917005,NA,0.150898813988691,"localGP"
"18999",77,6,8,0,40.9698985324636,61.712476104061,"Smooth","Avg. Reward Condition",40,"6",16,1,9,614,"Long",0.0508726831093811,1.13297410917005,NA,0.150898813988691,"localGP"
"19000",77,7,8,10,71.5964693856376,71.5964693856376,"Smooth","Avg. Reward Condition",40,"6",16,2,119,614,"Long",0.0508726831093811,1.13297410917005,NA,0.150898813988691,"localGP"
"19001",77,8,8,10,71.5964693856376,71.5964693856376,"Smooth","Avg. Reward Condition",40,"6",16,1,119,614,"Long",0.0508726831093811,1.13297410917005,NA,0.150898813988691,"localGP"
"19002",77,9,9,10,29.5582991168429,71.5964693856376,"Smooth","Avg. Reward Condition",40,"6",16,0,120,614,"Long",0.0508726831093811,1.13297410917005,NA,0.150898813988691,"localGP"
"19003",77,10,3,1,15.9471132222675,71.5964693856376,"Smooth","Avg. Reward Condition",40,"6",16,0,15,614,"Long",0.0508726831093811,1.13297410917005,NA,0.150898813988691,"localGP"
"19004",77,11,1,4,16.6041970073858,71.5964693856376,"Smooth","Avg. Reward Condition",40,"6",16,0,46,614,"Long",0.0508726831093811,1.13297410917005,NA,0.150898813988691,"localGP"
"19005",77,12,7,7,17.2801623922948,71.5964693856376,"Smooth","Avg. Reward Condition",40,"6",16,0,85,614,"Long",0.0508726831093811,1.13297410917005,NA,0.150898813988691,"localGP"
"19006",77,13,7,9,31.0713174604534,71.5964693856376,"Smooth","Avg. Reward Condition",40,"6",16,0,107,614,"Long",0.0508726831093811,1.13297410917005,NA,0.150898813988691,"localGP"
"19007",77,14,1,7,30.6098170794807,71.5964693856376,"Smooth","Avg. Reward Condition",40,"6",16,0,79,614,"Long",0.0508726831093811,1.13297410917005,NA,0.150898813988691,"localGP"
"19008",77,15,10,9,72.5110425569696,72.5110425569696,"Smooth","Avg. Reward Condition",40,"6",16,0,110,614,"Long",0.0508726831093811,1.13297410917005,NA,0.150898813988691,"localGP"
"19009",77,16,10,8,76.157753608192,76.157753608192,"Smooth","Avg. Reward Condition",40,"6",16,0,99,614,"Long",0.0508726831093811,1.13297410917005,NA,0.150898813988691,"localGP"
"19010",77,17,9,5,54.5094189956315,76.157753608192,"Smooth","Avg. Reward Condition",40,"6",16,0,65,614,"Long",0.0508726831093811,1.13297410917005,NA,0.150898813988691,"localGP"
"19011",77,18,9,6,72.6451286930569,76.157753608192,"Smooth","Avg. Reward Condition",40,"6",16,0,76,614,"Long",0.0508726831093811,1.13297410917005,NA,0.150898813988691,"localGP"
"19012",77,19,8,6,52.7896581347128,76.157753608192,"Smooth","Avg. Reward Condition",40,"6",16,0,75,614,"Long",0.0508726831093811,1.13297410917005,NA,0.150898813988691,"localGP"
"19013",77,20,9,6,72.6451286930569,76.157753608192,"Smooth","Avg. Reward Condition",40,"6",16,0,76,614,"Long",0.0508726831093811,1.13297410917005,NA,0.150898813988691,"localGP"
"19014",77,21,10,6,87.869042125599,87.869042125599,"Smooth","Avg. Reward Condition",40,"6",16,0,77,614,"Long",0.0508726831093811,1.13297410917005,NA,0.150898813988691,"localGP"
"19015",77,22,10,6,87.869042125599,87.869042125599,"Smooth","Avg. Reward Condition",40,"6",16,0,77,614,"Long",0.0508726831093811,1.13297410917005,NA,0.150898813988691,"localGP"
"19016",77,23,10,6,87.869042125599,87.869042125599,"Smooth","Avg. Reward Condition",40,"6",16,0,77,614,"Long",0.0508726831093811,1.13297410917005,NA,0.150898813988691,"localGP"
"19017",77,24,10,6,87.869042125599,87.869042125599,"Smooth","Avg. Reward Condition",40,"6",16,0,77,614,"Long",0.0508726831093811,1.13297410917005,NA,0.150898813988691,"localGP"
"19018",77,25,10,5,61.4885690232436,87.869042125599,"Smooth","Avg. Reward Condition",40,"6",16,0,66,614,"Long",0.0508726831093811,1.13297410917005,NA,0.150898813988691,"localGP"
"19019",77,26,10,6,87.869042125599,87.869042125599,"Smooth","Avg. Reward Condition",40,"6",16,0,77,614,"Long",0.0508726831093811,1.13297410917005,NA,0.150898813988691,"localGP"
"19020",77,27,10,6,87.869042125599,87.869042125599,"Smooth","Avg. Reward Condition",40,"6",16,0,77,614,"Long",0.0508726831093811,1.13297410917005,NA,0.150898813988691,"localGP"
"19021",77,28,10,7,85.439763813076,87.869042125599,"Smooth","Avg. Reward Condition",40,"6",16,0,88,614,"Long",0.0508726831093811,1.13297410917005,NA,0.150898813988691,"localGP"
"19022",77,29,10,7,85.439763813076,87.869042125599,"Smooth","Avg. Reward Condition",40,"6",16,0,88,614,"Long",0.0508726831093811,1.13297410917005,NA,0.150898813988691,"localGP"
"19023",77,30,10,7,85.439763813076,87.869042125599,"Smooth","Avg. Reward Condition",40,"6",16,0,88,614,"Long",0.0508726831093811,1.13297410917005,NA,0.150898813988691,"localGP"
"19024",77,31,10,6,87.869042125599,87.869042125599,"Smooth","Avg. Reward Condition",40,"6",16,0,77,614,"Long",0.0508726831093811,1.13297410917005,NA,0.150898813988691,"localGP"
"19025",77,32,10,6,87.869042125599,87.869042125599,"Smooth","Avg. Reward Condition",40,"6",16,0,77,614,"Long",0.0508726831093811,1.13297410917005,NA,0.150898813988691,"localGP"
"19026",77,33,10,6,87.869042125599,87.869042125599,"Smooth","Avg. Reward Condition",40,"6",16,0,77,614,"Long",0.0508726831093811,1.13297410917005,NA,0.150898813988691,"localGP"
"19027",77,34,10,5,61.4885690232436,87.869042125599,"Smooth","Avg. Reward Condition",40,"6",16,0,66,614,"Long",0.0508726831093811,1.13297410917005,NA,0.150898813988691,"localGP"
"19028",77,35,10,6,87.869042125599,87.869042125599,"Smooth","Avg. Reward Condition",40,"6",16,0,77,614,"Long",0.0508726831093811,1.13297410917005,NA,0.150898813988691,"localGP"
"19029",77,36,10,6,87.869042125599,87.869042125599,"Smooth","Avg. Reward Condition",40,"6",16,0,77,614,"Long",0.0508726831093811,1.13297410917005,NA,0.150898813988691,"localGP"
"19030",77,37,10,7,85.439763813076,87.869042125599,"Smooth","Avg. Reward Condition",40,"6",16,0,88,614,"Long",0.0508726831093811,1.13297410917005,NA,0.150898813988691,"localGP"
"19031",77,38,10,7,85.439763813076,87.869042125599,"Smooth","Avg. Reward Condition",40,"6",16,0,88,614,"Long",0.0508726831093811,1.13297410917005,NA,0.150898813988691,"localGP"
"19032",77,39,10,6,87.869042125599,87.869042125599,"Smooth","Avg. Reward Condition",40,"6",16,0,77,614,"Long",0.0508726831093811,1.13297410917005,NA,0.150898813988691,"localGP"
"19033",77,40,10,6,87.869042125599,87.869042125599,"Smooth","Avg. Reward Condition",40,"6",16,0,77,614,"Long",0.0508726831093811,1.13297410917005,NA,0.150898813988691,"localGP"
"19034",77,41,10,7,85.439763813076,87.869042125599,"Smooth","Avg. Reward Condition",40,"6",16,0,88,614,"Long",0.0508726831093811,1.13297410917005,NA,0.150898813988691,"localGP"
"19035",77,1,3,4,72.1209794617426,72.1209794617426,"Smooth","Avg. Reward Condition",20,"7",0,NA,48,615,"Short",0.0361681349091783,0.700865077216204,NA,0.125211144198807,"localGP"
"19036",77,2,8,3,44.148571192128,72.1209794617426,"Smooth","Avg. Reward Condition",20,"7",0,0,42,615,"Short",0.0361681349091783,0.700865077216204,NA,0.125211144198807,"localGP"
"19037",77,3,8,3,44.148571192128,72.1209794617426,"Smooth","Avg. Reward Condition",20,"7",0,0,42,615,"Short",0.0361681349091783,0.700865077216204,NA,0.125211144198807,"localGP"
"19038",77,4,8,0,45.9420828127071,72.1209794617426,"Smooth","Avg. Reward Condition",20,"7",0,0,9,615,"Short",0.0361681349091783,0.700865077216204,NA,0.125211144198807,"localGP"
"19039",77,5,6,0,31.7584982892941,72.1209794617426,"Smooth","Avg. Reward Condition",20,"7",0,0,7,615,"Short",0.0361681349091783,0.700865077216204,NA,0.125211144198807,"localGP"
"19040",77,6,8,1,18.2055379783708,72.1209794617426,"Smooth","Avg. Reward Condition",20,"7",0,0,20,615,"Short",0.0361681349091783,0.700865077216204,NA,0.125211144198807,"localGP"
"19041",77,7,7,7,59.9525509256433,72.1209794617426,"Smooth","Avg. Reward Condition",20,"7",0,0,85,615,"Short",0.0361681349091783,0.700865077216204,NA,0.125211144198807,"localGP"
"19042",77,8,7,6,58.4137969202167,72.1209794617426,"Smooth","Avg. Reward Condition",20,"7",0,0,74,615,"Short",0.0361681349091783,0.700865077216204,NA,0.125211144198807,"localGP"
"19043",77,9,8,6,65.2396135357156,72.1209794617426,"Smooth","Avg. Reward Condition",20,"7",0,0,75,615,"Short",0.0361681349091783,0.700865077216204,NA,0.125211144198807,"localGP"
"19044",77,10,0,3,67.8002087512036,72.1209794617426,"Smooth","Avg. Reward Condition",20,"7",0,0,34,615,"Short",0.0361681349091783,0.700865077216204,NA,0.125211144198807,"localGP"
"19045",77,11,3,0,24.0642449228446,72.1209794617426,"Smooth","Avg. Reward Condition",20,"7",0,0,4,615,"Short",0.0361681349091783,0.700865077216204,NA,0.125211144198807,"localGP"
"19046",77,12,4,2,25.7389872414226,72.1209794617426,"Smooth","Avg. Reward Condition",20,"7",0,0,27,615,"Short",0.0361681349091783,0.700865077216204,NA,0.125211144198807,"localGP"
"19047",77,13,0,2,53.4074849522853,72.1209794617426,"Smooth","Avg. Reward Condition",20,"7",0,0,23,615,"Short",0.0361681349091783,0.700865077216204,NA,0.125211144198807,"localGP"
"19048",77,14,0,10,14.8843519517488,72.1209794617426,"Smooth","Avg. Reward Condition",20,"7",0,0,111,615,"Short",0.0361681349091783,0.700865077216204,NA,0.125211144198807,"localGP"
"19049",77,15,4,9,40.5959555269918,72.1209794617426,"Smooth","Avg. Reward Condition",20,"7",0,0,104,615,"Short",0.0361681349091783,0.700865077216204,NA,0.125211144198807,"localGP"
"19050",77,16,10,6,47.7902004449391,72.1209794617426,"Smooth","Avg. Reward Condition",20,"7",0,0,77,615,"Short",0.0361681349091783,0.700865077216204,NA,0.125211144198807,"localGP"
"19051",77,17,9,8,92.8491332342499,92.8491332342499,"Smooth","Avg. Reward Condition",20,"7",0,0,98,615,"Short",0.0361681349091783,0.700865077216204,NA,0.125211144198807,"localGP"
"19052",77,18,9,8,92.8491332342499,92.8491332342499,"Smooth","Avg. Reward Condition",20,"7",0,0,98,615,"Short",0.0361681349091783,0.700865077216204,NA,0.125211144198807,"localGP"
"19053",77,19,9,8,92.8491332342499,92.8491332342499,"Smooth","Avg. Reward Condition",20,"7",0,0,98,615,"Short",0.0361681349091783,0.700865077216204,NA,0.125211144198807,"localGP"
"19054",77,20,9,8,92.8491332342499,92.8491332342499,"Smooth","Avg. Reward Condition",20,"7",0,0,98,615,"Short",0.0361681349091783,0.700865077216204,NA,0.125211144198807,"localGP"
"19055",77,21,9,8,92.8491332342499,92.8491332342499,"Smooth","Avg. Reward Condition",20,"7",0,0,98,615,"Short",0.0361681349091783,0.700865077216204,NA,0.125211144198807,"localGP"
"19056",77,1,3,4,21.941962898439,21.941962898439,"Smooth","Avg. Reward Condition",40,"8",19,NA,48,616,"Long",0.0498698060019484,0.761575187050346,NA,0.167718560036956,"localGP"
"19057",77,2,10,7,65.5347594322433,65.5347594322433,"Smooth","Avg. Reward Condition",40,"8",19,5,88,616,"Long",0.0498698060019484,0.761575187050346,NA,0.167718560036956,"localGP"
"19058",77,3,9,7,60.6742426292071,65.5347594322433,"Smooth","Avg. Reward Condition",40,"8",19,8,87,616,"Long",0.0498698060019484,0.761575187050346,NA,0.167718560036956,"localGP"
"19059",77,4,9,6,35.4789284248096,65.5347594322433,"Smooth","Avg. Reward Condition",40,"8",19,2,76,616,"Long",0.0498698060019484,0.761575187050346,NA,0.167718560036956,"localGP"
"19060",77,5,2,7,24.965768710391,65.5347594322433,"Smooth","Avg. Reward Condition",40,"8",19,3,80,616,"Long",0.0498698060019484,0.761575187050346,NA,0.167718560036956,"localGP"
"19061",77,6,5,8,39.5482346751681,65.5347594322433,"Smooth","Avg. Reward Condition",40,"8",19,9,94,616,"Long",0.0498698060019484,0.761575187050346,NA,0.167718560036956,"localGP"
"19062",77,7,0,2,43.4289249279307,65.5347594322433,"Smooth","Avg. Reward Condition",40,"8",19,2,23,616,"Long",0.0498698060019484,0.761575187050346,NA,0.167718560036956,"localGP"
"19063",77,8,0,3,39.9926393261546,65.5347594322433,"Smooth","Avg. Reward Condition",40,"8",19,8,34,616,"Long",0.0498698060019484,0.761575187050346,NA,0.167718560036956,"localGP"
"19064",77,9,1,7,13.81155818132,65.5347594322433,"Smooth","Avg. Reward Condition",40,"8",19,1,79,616,"Long",0.0498698060019484,0.761575187050346,NA,0.167718560036956,"localGP"
"19065",77,10,3,3,23.5066828698662,65.5347594322433,"Smooth","Avg. Reward Condition",40,"8",19,2,37,616,"Long",0.0498698060019484,0.761575187050346,NA,0.167718560036956,"localGP"
"19066",77,11,6,4,77.7374692379335,77.7374692379335,"Smooth","Avg. Reward Condition",40,"8",19,2,51,616,"Long",0.0498698060019484,0.761575187050346,NA,0.167718560036956,"localGP"
"19067",77,12,7,4,73.3248485001287,77.7374692379335,"Smooth","Avg. Reward Condition",40,"8",19,1,52,616,"Long",0.0498698060019484,0.761575187050346,NA,0.167718560036956,"localGP"
"19068",77,13,6,2,40.0662726855817,77.7374692379335,"Smooth","Avg. Reward Condition",40,"8",19,0,29,616,"Long",0.0498698060019484,0.761575187050346,NA,0.167718560036956,"localGP"
"19069",77,14,6,3,86.4985901727727,86.4985901727727,"Smooth","Avg. Reward Condition",40,"8",19,0,40,616,"Long",0.0498698060019484,0.761575187050346,NA,0.167718560036956,"localGP"
"19070",77,15,6,3,86.4985901727727,86.4985901727727,"Smooth","Avg. Reward Condition",40,"8",19,0,40,616,"Long",0.0498698060019484,0.761575187050346,NA,0.167718560036956,"localGP"
"19071",77,16,6,3,86.4985901727727,86.4985901727727,"Smooth","Avg. Reward Condition",40,"8",19,0,40,616,"Long",0.0498698060019484,0.761575187050346,NA,0.167718560036956,"localGP"
"19072",77,17,7,3,80.7703625318279,86.4985901727727,"Smooth","Avg. Reward Condition",40,"8",19,0,41,616,"Long",0.0498698060019484,0.761575187050346,NA,0.167718560036956,"localGP"
"19073",77,18,6,3,86.4985901727727,86.4985901727727,"Smooth","Avg. Reward Condition",40,"8",19,0,40,616,"Long",0.0498698060019484,0.761575187050346,NA,0.167718560036956,"localGP"
"19074",77,19,7,3,80.7703625318279,86.4985901727727,"Smooth","Avg. Reward Condition",40,"8",19,0,41,616,"Long",0.0498698060019484,0.761575187050346,NA,0.167718560036956,"localGP"
"19075",77,20,5,3,50.6291385823162,86.4985901727727,"Smooth","Avg. Reward Condition",40,"8",19,0,39,616,"Long",0.0498698060019484,0.761575187050346,NA,0.167718560036956,"localGP"
"19076",77,21,10,10,48.742053566176,86.4985901727727,"Smooth","Avg. Reward Condition",40,"8",19,0,121,616,"Long",0.0498698060019484,0.761575187050346,NA,0.167718560036956,"localGP"
"19077",77,22,5,2,33.1124573467648,86.4985901727727,"Smooth","Avg. Reward Condition",40,"8",19,0,28,616,"Long",0.0498698060019484,0.761575187050346,NA,0.167718560036956,"localGP"
"19078",77,23,6,4,77.7374692379335,86.4985901727727,"Smooth","Avg. Reward Condition",40,"8",19,0,51,616,"Long",0.0498698060019484,0.761575187050346,NA,0.167718560036956,"localGP"
"19079",77,24,6,4,77.7374692379335,86.4985901727727,"Smooth","Avg. Reward Condition",40,"8",19,0,51,616,"Long",0.0498698060019484,0.761575187050346,NA,0.167718560036956,"localGP"
"19080",77,25,6,3,86.4985901727727,86.4985901727727,"Smooth","Avg. Reward Condition",40,"8",19,0,40,616,"Long",0.0498698060019484,0.761575187050346,NA,0.167718560036956,"localGP"
"19081",77,26,7,3,80.7703625318279,86.4985901727727,"Smooth","Avg. Reward Condition",40,"8",19,0,41,616,"Long",0.0498698060019484,0.761575187050346,NA,0.167718560036956,"localGP"
"19082",77,27,6,3,86.4985901727727,86.4985901727727,"Smooth","Avg. Reward Condition",40,"8",19,0,40,616,"Long",0.0498698060019484,0.761575187050346,NA,0.167718560036956,"localGP"
"19083",77,28,6,3,86.4985901727727,86.4985901727727,"Smooth","Avg. Reward Condition",40,"8",19,0,40,616,"Long",0.0498698060019484,0.761575187050346,NA,0.167718560036956,"localGP"
"19084",77,29,6,3,86.4985901727727,86.4985901727727,"Smooth","Avg. Reward Condition",40,"8",19,0,40,616,"Long",0.0498698060019484,0.761575187050346,NA,0.167718560036956,"localGP"
"19085",77,30,6,4,77.7374692379335,86.4985901727727,"Smooth","Avg. Reward Condition",40,"8",19,0,51,616,"Long",0.0498698060019484,0.761575187050346,NA,0.167718560036956,"localGP"
"19086",77,31,6,3,86.4985901727727,86.4985901727727,"Smooth","Avg. Reward Condition",40,"8",19,0,40,616,"Long",0.0498698060019484,0.761575187050346,NA,0.167718560036956,"localGP"
"19087",77,32,6,3,86.4985901727727,86.4985901727727,"Smooth","Avg. Reward Condition",40,"8",19,0,40,616,"Long",0.0498698060019484,0.761575187050346,NA,0.167718560036956,"localGP"
"19088",77,33,7,3,80.7703625318279,86.4985901727727,"Smooth","Avg. Reward Condition",40,"8",19,0,41,616,"Long",0.0498698060019484,0.761575187050346,NA,0.167718560036956,"localGP"
"19089",77,34,7,3,80.7703625318279,86.4985901727727,"Smooth","Avg. Reward Condition",40,"8",19,0,41,616,"Long",0.0498698060019484,0.761575187050346,NA,0.167718560036956,"localGP"
"19090",77,35,7,3,80.7703625318279,86.4985901727727,"Smooth","Avg. Reward Condition",40,"8",19,0,41,616,"Long",0.0498698060019484,0.761575187050346,NA,0.167718560036956,"localGP"
"19091",77,36,6,3,86.4985901727727,86.4985901727727,"Smooth","Avg. Reward Condition",40,"8",19,0,40,616,"Long",0.0498698060019484,0.761575187050346,NA,0.167718560036956,"localGP"
"19092",77,37,6,4,77.7374692379335,86.4985901727727,"Smooth","Avg. Reward Condition",40,"8",19,0,51,616,"Long",0.0498698060019484,0.761575187050346,NA,0.167718560036956,"localGP"
"19093",77,38,6,3,86.4985901727727,86.4985901727727,"Smooth","Avg. Reward Condition",40,"8",19,0,40,616,"Long",0.0498698060019484,0.761575187050346,NA,0.167718560036956,"localGP"
"19094",77,39,6,3,86.4985901727727,86.4985901727727,"Smooth","Avg. Reward Condition",40,"8",19,0,40,616,"Long",0.0498698060019484,0.761575187050346,NA,0.167718560036956,"localGP"
"19095",77,40,6,3,86.4985901727727,86.4985901727727,"Smooth","Avg. Reward Condition",40,"8",19,0,40,616,"Long",0.0498698060019484,0.761575187050346,NA,0.167718560036956,"localGP"
"19096",77,41,6,3,86.4985901727727,86.4985901727727,"Smooth","Avg. Reward Condition",40,"8",19,0,40,616,"Long",0.0498698060019484,0.761575187050346,NA,0.167718560036956,"localGP"
"19097",78,1,9,1,28.641219902717,28.641219902717,"Smooth","Max. Reward Condition",20,"1",3,NA,21,617,"Short",0.0973030854608278,0.94671864351507,NA,0.41336192338886,"localGP"
"19098",78,2,10,10,53.1955394610768,53.1955394610768,"Smooth","Max. Reward Condition",20,"1",3,2,121,617,"Short",0.0973030854608278,0.94671864351507,NA,0.41336192338886,"localGP"
"19099",78,3,9,9,64.5300150123819,64.5300150123819,"Smooth","Max. Reward Condition",20,"1",3,2,109,617,"Short",0.0973030854608278,0.94671864351507,NA,0.41336192338886,"localGP"
"19100",78,4,10,8,89.8653397577546,89.8653397577546,"Smooth","Max. Reward Condition",20,"1",3,3,99,617,"Short",0.0973030854608278,0.94671864351507,NA,0.41336192338886,"localGP"
"19101",78,5,9,8,71.6014432205771,89.8653397577546,"Smooth","Max. Reward Condition",20,"1",3,9,98,617,"Short",0.0973030854608278,0.94671864351507,NA,0.41336192338886,"localGP"
"19102",78,6,8,4,40.0633709552843,89.8653397577546,"Smooth","Max. Reward Condition",20,"1",3,1,53,617,"Short",0.0973030854608278,0.94671864351507,NA,0.41336192338886,"localGP"
"19103",78,7,5,1,10.7719922717038,89.8653397577546,"Smooth","Max. Reward Condition",20,"1",3,2,17,617,"Short",0.0973030854608278,0.94671864351507,NA,0.41336192338886,"localGP"
"19104",78,8,6,2,71.6274675486182,89.8653397577546,"Smooth","Max. Reward Condition",20,"1",3,1,29,617,"Short",0.0973030854608278,0.94671864351507,NA,0.41336192338886,"localGP"
"19105",78,9,6,3,72.3648366559739,89.8653397577546,"Smooth","Max. Reward Condition",20,"1",3,1,40,617,"Short",0.0973030854608278,0.94671864351507,NA,0.41336192338886,"localGP"
"19106",78,10,9,0,0,89.8653397577546,"Smooth","Max. Reward Condition",20,"1",3,2,10,617,"Short",0.0973030854608278,0.94671864351507,NA,0.41336192338886,"localGP"
"19107",78,11,8,7,70.5152140178525,89.8653397577546,"Smooth","Max. Reward Condition",20,"1",3,3,86,617,"Short",0.0973030854608278,0.94671864351507,NA,0.41336192338886,"localGP"
"19108",78,12,5,4,50.7453556763626,89.8653397577546,"Smooth","Max. Reward Condition",20,"1",3,4,50,617,"Short",0.0973030854608278,0.94671864351507,NA,0.41336192338886,"localGP"
"19109",78,13,4,2,29.665903632224,89.8653397577546,"Smooth","Max. Reward Condition",20,"1",3,2,27,617,"Short",0.0973030854608278,0.94671864351507,NA,0.41336192338886,"localGP"
"19110",78,14,2,1,54.3500137878214,89.8653397577546,"Smooth","Max. Reward Condition",20,"1",3,7,14,617,"Short",0.0973030854608278,0.94671864351507,NA,0.41336192338886,"localGP"
"19111",78,15,2,0,30.4119730955053,89.8653397577546,"Smooth","Max. Reward Condition",20,"1",3,3,3,617,"Short",0.0973030854608278,0.94671864351507,NA,0.41336192338886,"localGP"
"19112",78,16,0,4,38.4070367108847,89.8653397577546,"Smooth","Max. Reward Condition",20,"1",3,5,45,617,"Short",0.0973030854608278,0.94671864351507,NA,0.41336192338886,"localGP"
"19113",78,17,5,6,47.8129336861214,89.8653397577546,"Smooth","Max. Reward Condition",20,"1",3,5,72,617,"Short",0.0973030854608278,0.94671864351507,NA,0.41336192338886,"localGP"
"19114",78,18,4,7,73.9799406731188,89.8653397577546,"Smooth","Max. Reward Condition",20,"1",3,1,82,617,"Short",0.0973030854608278,0.94671864351507,NA,0.41336192338886,"localGP"
"19115",78,19,2,9,31.0318046943567,89.8653397577546,"Smooth","Max. Reward Condition",20,"1",3,2,102,617,"Short",0.0973030854608278,0.94671864351507,NA,0.41336192338886,"localGP"
"19116",78,20,8,9,62.9374230938864,89.8653397577546,"Smooth","Max. Reward Condition",20,"1",3,2,108,617,"Short",0.0973030854608278,0.94671864351507,NA,0.41336192338886,"localGP"
"19117",78,21,8,10,41.0809609626061,89.8653397577546,"Smooth","Max. Reward Condition",20,"1",3,5,119,617,"Short",0.0973030854608278,0.94671864351507,NA,0.41336192338886,"localGP"
"19118",78,1,8,9,45.2150517088665,45.2150517088665,"Smooth","Max. Reward Condition",40,"2",13,NA,108,618,"Long",0.108577617555924,0.696855023323333,NA,0.55170977811609,"localGP"
"19119",78,2,8,8,57.8542961251915,57.8542961251915,"Smooth","Max. Reward Condition",40,"2",13,10,97,618,"Long",0.108577617555924,0.696855023323333,NA,0.55170977811609,"localGP"
"19120",78,3,10,1,84.1387204630061,84.1387204630061,"Smooth","Max. Reward Condition",40,"2",13,8,22,618,"Long",0.108577617555924,0.696855023323333,NA,0.55170977811609,"localGP"
"19121",78,4,10,0,100,100,"Smooth","Max. Reward Condition",40,"2",13,1,11,618,"Long",0.108577617555924,0.696855023323333,NA,0.55170977811609,"localGP"
"19122",78,5,9,0,44.4816550255405,100,"Smooth","Max. Reward Condition",40,"2",13,2,10,618,"Long",0.108577617555924,0.696855023323333,NA,0.55170977811609,"localGP"
"19123",78,6,9,1,33.2193816371395,100,"Smooth","Max. Reward Condition",40,"2",13,1,21,618,"Long",0.108577617555924,0.696855023323333,NA,0.55170977811609,"localGP"
"19124",78,7,10,2,58.403808913581,100,"Smooth","Max. Reward Condition",40,"2",13,1,33,618,"Long",0.108577617555924,0.696855023323333,NA,0.55170977811609,"localGP"
"19125",78,8,9,2,23.0068274963979,100,"Smooth","Max. Reward Condition",40,"2",13,2,32,618,"Long",0.108577617555924,0.696855023323333,NA,0.55170977811609,"localGP"
"19126",78,9,10,5,36.4623399771375,100,"Smooth","Max. Reward Condition",40,"2",13,1,66,618,"Long",0.108577617555924,0.696855023323333,NA,0.55170977811609,"localGP"
"19127",78,10,5,10,12.2288928318123,100,"Smooth","Max. Reward Condition",40,"2",13,2,116,618,"Long",0.108577617555924,0.696855023323333,NA,0.55170977811609,"localGP"
"19128",78,11,6,10,0.313800419129401,100,"Smooth","Max. Reward Condition",40,"2",13,1,117,618,"Long",0.108577617555924,0.696855023323333,NA,0.55170977811609,"localGP"
"19129",78,12,3,10,49.5315069450251,100,"Smooth","Max. Reward Condition",40,"2",13,4,114,618,"Long",0.108577617555924,0.696855023323333,NA,0.55170977811609,"localGP"
"19130",78,13,9,8,52.3170386231255,100,"Smooth","Max. Reward Condition",40,"2",13,1,98,618,"Long",0.108577617555924,0.696855023323333,NA,0.55170977811609,"localGP"
"19131",78,14,7,9,8.80347395519033,100,"Smooth","Max. Reward Condition",40,"2",13,12,107,618,"Long",0.108577617555924,0.696855023323333,NA,0.55170977811609,"localGP"
"19132",78,15,10,9,78.2027912905164,100,"Smooth","Max. Reward Condition",40,"2",13,10,110,618,"Long",0.108577617555924,0.696855023323333,NA,0.55170977811609,"localGP"
"19133",78,16,10,10,64.51081568663,100,"Smooth","Max. Reward Condition",40,"2",13,1,121,618,"Long",0.108577617555924,0.696855023323333,NA,0.55170977811609,"localGP"
"19134",78,17,8,10,31.0383733536664,100,"Smooth","Max. Reward Condition",40,"2",13,1,119,618,"Long",0.108577617555924,0.696855023323333,NA,0.55170977811609,"localGP"
"19135",78,18,10,10,64.51081568663,100,"Smooth","Max. Reward Condition",40,"2",13,3,121,618,"Long",0.108577617555924,0.696855023323333,NA,0.55170977811609,"localGP"
"19136",78,19,10,9,78.2027912905164,100,"Smooth","Max. Reward Condition",40,"2",13,1,110,618,"Long",0.108577617555924,0.696855023323333,NA,0.55170977811609,"localGP"
"19137",78,20,10,8,70.6098250573604,100,"Smooth","Max. Reward Condition",40,"2",13,1,99,618,"Long",0.108577617555924,0.696855023323333,NA,0.55170977811609,"localGP"
"19138",78,21,10,7,43.7318226156506,100,"Smooth","Max. Reward Condition",40,"2",13,1,88,618,"Long",0.108577617555924,0.696855023323333,NA,0.55170977811609,"localGP"
"19139",78,22,10,6,43.7834189744313,100,"Smooth","Max. Reward Condition",40,"2",13,1,77,618,"Long",0.108577617555924,0.696855023323333,NA,0.55170977811609,"localGP"
"19140",78,23,6,3,26.9117214598772,100,"Smooth","Max. Reward Condition",40,"2",13,4,40,618,"Long",0.108577617555924,0.696855023323333,NA,0.55170977811609,"localGP"
"19141",78,24,5,3,56.2859882283375,100,"Smooth","Max. Reward Condition",40,"2",13,2,39,618,"Long",0.108577617555924,0.696855023323333,NA,0.55170977811609,"localGP"
"19142",78,25,5,2,18.276410658703,100,"Smooth","Max. Reward Condition",40,"2",13,2,28,618,"Long",0.108577617555924,0.696855023323333,NA,0.55170977811609,"localGP"
"19143",78,26,6,10,0.313800419129401,100,"Smooth","Max. Reward Condition",40,"2",13,3,117,618,"Long",0.108577617555924,0.696855023323333,NA,0.55170977811609,"localGP"
"19144",78,27,5,9,27.5584141998454,100,"Smooth","Max. Reward Condition",40,"2",13,3,105,618,"Long",0.108577617555924,0.696855023323333,NA,0.55170977811609,"localGP"
"19145",78,28,1,8,49.5943667659217,100,"Smooth","Max. Reward Condition",40,"2",13,7,90,618,"Long",0.108577617555924,0.696855023323333,NA,0.55170977811609,"localGP"
"19146",78,29,1,7,39.7333701144124,100,"Smooth","Max. Reward Condition",40,"2",13,3,79,618,"Long",0.108577617555924,0.696855023323333,NA,0.55170977811609,"localGP"
"19147",78,30,0,7,62.0907443594714,100,"Smooth","Max. Reward Condition",40,"2",13,3,78,618,"Long",0.108577617555924,0.696855023323333,NA,0.55170977811609,"localGP"
"19148",78,31,2,10,46.7671401163618,100,"Smooth","Max. Reward Condition",40,"2",13,1,113,618,"Long",0.108577617555924,0.696855023323333,NA,0.55170977811609,"localGP"
"19149",78,32,1,10,0.804134309136922,100,"Smooth","Max. Reward Condition",40,"2",13,7,112,618,"Long",0.108577617555924,0.696855023323333,NA,0.55170977811609,"localGP"
"19150",78,33,2,9,27.7793506085113,100,"Smooth","Max. Reward Condition",40,"2",13,4,102,618,"Long",0.108577617555924,0.696855023323333,NA,0.55170977811609,"localGP"
"19151",78,34,2,8,45.0890712788408,100,"Smooth","Max. Reward Condition",40,"2",13,4,91,618,"Long",0.108577617555924,0.696855023323333,NA,0.55170977811609,"localGP"
"19152",78,35,6,6,81.5801840646008,100,"Smooth","Max. Reward Condition",40,"2",13,9,73,618,"Long",0.108577617555924,0.696855023323333,NA,0.55170977811609,"localGP"
"19153",78,36,6,7,61.746746813945,100,"Smooth","Max. Reward Condition",40,"2",13,2,84,618,"Long",0.108577617555924,0.696855023323333,NA,0.55170977811609,"localGP"
"19154",78,37,1,4,57.8821067127826,100,"Smooth","Max. Reward Condition",40,"2",13,2,46,618,"Long",0.108577617555924,0.696855023323333,NA,0.55170977811609,"localGP"
"19155",78,38,1,5,64.6815173963215,100,"Smooth","Max. Reward Condition",40,"2",13,1,57,618,"Long",0.108577617555924,0.696855023323333,NA,0.55170977811609,"localGP"
"19156",78,39,1,6,39.9812394486691,100,"Smooth","Max. Reward Condition",40,"2",13,1,68,618,"Long",0.108577617555924,0.696855023323333,NA,0.55170977811609,"localGP"
"19157",78,40,2,6,46.1154151661553,100,"Smooth","Max. Reward Condition",40,"2",13,1,69,618,"Long",0.108577617555924,0.696855023323333,NA,0.55170977811609,"localGP"
"19158",78,41,3,6,16.3738177121343,100,"Smooth","Max. Reward Condition",40,"2",13,11,70,618,"Long",0.108577617555924,0.696855023323333,NA,0.55170977811609,"localGP"
"19159",78,1,2,6,61.2240030846988,61.2240030846988,"Smooth","Max. Reward Condition",20,"3",7,NA,69,619,"Short",0.111493417019072,0.818149987850851,NA,0.48998051192807,"localGP"
"19160",78,2,8,7,60.6485436141064,61.2240030846988,"Smooth","Max. Reward Condition",20,"3",7,9,86,619,"Short",0.111493417019072,0.818149987850851,NA,0.48998051192807,"localGP"
"19161",78,3,10,4,54.9456234043239,61.2240030846988,"Smooth","Max. Reward Condition",20,"3",7,7,55,619,"Short",0.111493417019072,0.818149987850851,NA,0.48998051192807,"localGP"
"19162",78,4,10,2,31.2015949975012,61.2240030846988,"Smooth","Max. Reward Condition",20,"3",7,6,33,619,"Short",0.111493417019072,0.818149987850851,NA,0.48998051192807,"localGP"
"19163",78,5,1,3,41.4633758464049,61.2240030846988,"Smooth","Max. Reward Condition",20,"3",7,7,35,619,"Short",0.111493417019072,0.818149987850851,NA,0.48998051192807,"localGP"
"19164",78,6,4,6,84.1129360614595,84.1129360614595,"Smooth","Max. Reward Condition",20,"3",7,9,71,619,"Short",0.111493417019072,0.818149987850851,NA,0.48998051192807,"localGP"
"19165",78,7,4,5,66.807827900394,84.1129360614595,"Smooth","Max. Reward Condition",20,"3",7,10,60,619,"Short",0.111493417019072,0.818149987850851,NA,0.48998051192807,"localGP"
"19166",78,8,5,5,44.5106092443796,84.1129360614595,"Smooth","Max. Reward Condition",20,"3",7,2,61,619,"Short",0.111493417019072,0.818149987850851,NA,0.48998051192807,"localGP"
"19167",78,9,6,5,47.1321659100767,84.1129360614595,"Smooth","Max. Reward Condition",20,"3",7,2,62,619,"Short",0.111493417019072,0.818149987850851,NA,0.48998051192807,"localGP"
"19168",78,10,6,4,72.5109856479773,84.1129360614595,"Smooth","Max. Reward Condition",20,"3",7,2,51,619,"Short",0.111493417019072,0.818149987850851,NA,0.48998051192807,"localGP"
"19169",78,11,7,6,64.1165610070556,84.1129360614595,"Smooth","Max. Reward Condition",20,"3",7,3,74,619,"Short",0.111493417019072,0.818149987850851,NA,0.48998051192807,"localGP"
"19170",78,12,6,7,46.9199796180267,84.1129360614595,"Smooth","Max. Reward Condition",20,"3",7,10,84,619,"Short",0.111493417019072,0.818149987850851,NA,0.48998051192807,"localGP"
"19171",78,13,6,8,29.1350785892096,84.1129360614595,"Smooth","Max. Reward Condition",20,"3",7,1,95,619,"Short",0.111493417019072,0.818149987850851,NA,0.48998051192807,"localGP"
"19172",78,14,7,8,65.9206763266324,84.1129360614595,"Smooth","Max. Reward Condition",20,"3",7,10,96,619,"Short",0.111493417019072,0.818149987850851,NA,0.48998051192807,"localGP"
"19173",78,15,8,7,60.6485436141064,84.1129360614595,"Smooth","Max. Reward Condition",20,"3",7,1,86,619,"Short",0.111493417019072,0.818149987850851,NA,0.48998051192807,"localGP"
"19174",78,16,7,7,81.7749017517345,84.1129360614595,"Smooth","Max. Reward Condition",20,"3",7,2,85,619,"Short",0.111493417019072,0.818149987850851,NA,0.48998051192807,"localGP"
"19175",78,17,8,5,94.611075528205,94.611075528205,"Smooth","Max. Reward Condition",20,"3",7,16,64,619,"Short",0.111493417019072,0.818149987850851,NA,0.48998051192807,"localGP"
"19176",78,18,10,5,58.1563292947862,94.611075528205,"Smooth","Max. Reward Condition",20,"3",7,8,66,619,"Short",0.111493417019072,0.818149987850851,NA,0.48998051192807,"localGP"
"19177",78,19,9,5,88.0456624617215,94.611075528205,"Smooth","Max. Reward Condition",20,"3",7,10,65,619,"Short",0.111493417019072,0.818149987850851,NA,0.48998051192807,"localGP"
"19178",78,20,9,4,77.6481440786295,94.611075528205,"Smooth","Max. Reward Condition",20,"3",7,6,54,619,"Short",0.111493417019072,0.818149987850851,NA,0.48998051192807,"localGP"
"19179",78,21,8,4,92.0072637842279,94.611075528205,"Smooth","Max. Reward Condition",20,"3",7,2,53,619,"Short",0.111493417019072,0.818149987850851,NA,0.48998051192807,"localGP"
"19180",78,1,8,10,43.0920417226209,43.0920417226209,"Smooth","Max. Reward Condition",40,"4",18,NA,119,620,"Long",0.113320089659208,0.726131374872657,NA,0.550039984822636,"localGP"
"19181",78,2,8,9,44.1981806048447,44.1981806048447,"Smooth","Max. Reward Condition",40,"4",18,10,108,620,"Long",0.113320089659208,0.726131374872657,NA,0.550039984822636,"localGP"
"19182",78,3,10,3,47.7289893692748,47.7289893692748,"Smooth","Max. Reward Condition",40,"4",18,7,44,620,"Long",0.113320089659208,0.726131374872657,NA,0.550039984822636,"localGP"
"19183",78,4,9,3,52.6770087163606,52.6770087163606,"Smooth","Max. Reward Condition",40,"4",18,17,43,620,"Long",0.113320089659208,0.726131374872657,NA,0.550039984822636,"localGP"
"19184",78,5,7,4,21.5751534071113,52.6770087163606,"Smooth","Max. Reward Condition",40,"4",18,9,52,620,"Long",0.113320089659208,0.726131374872657,NA,0.550039984822636,"localGP"
"19185",78,6,6,6,45.1082294847669,52.6770087163606,"Smooth","Max. Reward Condition",40,"4",18,1,73,620,"Long",0.113320089659208,0.726131374872657,NA,0.550039984822636,"localGP"
"19186",78,7,6,5,39.8371872215826,52.6770087163606,"Smooth","Max. Reward Condition",40,"4",18,1,62,620,"Long",0.113320089659208,0.726131374872657,NA,0.550039984822636,"localGP"
"19187",78,8,1,6,8.94196519629523,52.6770087163606,"Smooth","Max. Reward Condition",40,"4",18,1,68,620,"Long",0.113320089659208,0.726131374872657,NA,0.550039984822636,"localGP"
"19188",78,9,1,4,5.78214672223985,52.6770087163606,"Smooth","Max. Reward Condition",40,"4",18,9,46,620,"Long",0.113320089659208,0.726131374872657,NA,0.550039984822636,"localGP"
"19189",78,10,0,10,44.7774903870151,52.6770087163606,"Smooth","Max. Reward Condition",40,"4",18,1,111,620,"Long",0.113320089659208,0.726131374872657,NA,0.550039984822636,"localGP"
"19190",78,11,4,2,74.4058624133972,74.4058624133972,"Smooth","Max. Reward Condition",40,"4",18,1,27,620,"Long",0.113320089659208,0.726131374872657,NA,0.550039984822636,"localGP"
"19191",78,12,4,0,48.2728545381987,74.4058624133972,"Smooth","Max. Reward Condition",40,"4",18,2,5,620,"Long",0.113320089659208,0.726131374872657,NA,0.550039984822636,"localGP"
"19192",78,13,1,1,48.0935875031168,74.4058624133972,"Smooth","Max. Reward Condition",40,"4",18,1,13,620,"Long",0.113320089659208,0.726131374872657,NA,0.550039984822636,"localGP"
"19193",78,14,1,2,56.0034935119072,74.4058624133972,"Smooth","Max. Reward Condition",40,"4",18,1,24,620,"Long",0.113320089659208,0.726131374872657,NA,0.550039984822636,"localGP"
"19194",78,15,3,4,56.8504124991032,74.4058624133972,"Smooth","Max. Reward Condition",40,"4",18,1,48,620,"Long",0.113320089659208,0.726131374872657,NA,0.550039984822636,"localGP"
"19195",78,16,0,4,2.73847542307962,74.4058624133972,"Smooth","Max. Reward Condition",40,"4",18,1,45,620,"Long",0.113320089659208,0.726131374872657,NA,0.550039984822636,"localGP"
"19196",78,17,10,7,45.9324442548253,74.4058624133972,"Smooth","Max. Reward Condition",40,"4",18,3,88,620,"Long",0.113320089659208,0.726131374872657,NA,0.550039984822636,"localGP"
"19197",78,18,10,8,59.2407992793453,74.4058624133972,"Smooth","Max. Reward Condition",40,"4",18,1,99,620,"Long",0.113320089659208,0.726131374872657,NA,0.550039984822636,"localGP"
"19198",78,19,9,8,80.6519418863633,80.6519418863633,"Smooth","Max. Reward Condition",40,"4",18,2,98,620,"Long",0.113320089659208,0.726131374872657,NA,0.550039984822636,"localGP"
"19199",78,20,9,9,61.1848749174221,80.6519418863633,"Smooth","Max. Reward Condition",40,"4",18,1,109,620,"Long",0.113320089659208,0.726131374872657,NA,0.550039984822636,"localGP"
"19200",78,21,10,9,68.5571263747788,80.6519418863633,"Smooth","Max. Reward Condition",40,"4",18,3,110,620,"Long",0.113320089659208,0.726131374872657,NA,0.550039984822636,"localGP"
"19201",78,22,8,3,32.1774726570329,80.6519418863633,"Smooth","Max. Reward Condition",40,"4",18,1,42,620,"Long",0.113320089659208,0.726131374872657,NA,0.550039984822636,"localGP"
"19202",78,23,4,1,62.7752571733289,80.6519418863633,"Smooth","Max. Reward Condition",40,"4",18,2,16,620,"Long",0.113320089659208,0.726131374872657,NA,0.550039984822636,"localGP"
"19203",78,24,5,1,44.0731143129656,80.6519418863633,"Smooth","Max. Reward Condition",40,"4",18,1,17,620,"Long",0.113320089659208,0.726131374872657,NA,0.550039984822636,"localGP"
"19204",78,25,5,2,52.4052015124445,80.6519418863633,"Smooth","Max. Reward Condition",40,"4",18,1,28,620,"Long",0.113320089659208,0.726131374872657,NA,0.550039984822636,"localGP"
"19205",78,26,0,2,35.0025842131743,80.6519418863633,"Smooth","Max. Reward Condition",40,"4",18,1,23,620,"Long",0.113320089659208,0.726131374872657,NA,0.550039984822636,"localGP"
"19206",78,27,2,1,70.0239835784985,80.6519418863633,"Smooth","Max. Reward Condition",40,"4",18,1,14,620,"Long",0.113320089659208,0.726131374872657,NA,0.550039984822636,"localGP"
"19207",78,28,3,1,75.1442624365829,80.6519418863633,"Smooth","Max. Reward Condition",40,"4",18,14,15,620,"Long",0.113320089659208,0.726131374872657,NA,0.550039984822636,"localGP"
"19208",78,29,2,2,100,100,"Smooth","Max. Reward Condition",40,"4",18,1,25,620,"Long",0.113320089659208,0.726131374872657,NA,0.550039984822636,"localGP"
"19209",78,30,3,2,87.0484650270771,100,"Smooth","Max. Reward Condition",40,"4",18,1,26,620,"Long",0.113320089659208,0.726131374872657,NA,0.550039984822636,"localGP"
"19210",78,31,3,3,53.9768384538052,100,"Smooth","Max. Reward Condition",40,"4",18,1,37,620,"Long",0.113320089659208,0.726131374872657,NA,0.550039984822636,"localGP"
"19211",78,32,3,0,28.442618018304,100,"Smooth","Max. Reward Condition",40,"4",18,1,4,620,"Long",0.113320089659208,0.726131374872657,NA,0.550039984822636,"localGP"
"19212",78,33,2,1,70.0239835784985,100,"Smooth","Max. Reward Condition",40,"4",18,1,14,620,"Long",0.113320089659208,0.726131374872657,NA,0.550039984822636,"localGP"
"19213",78,34,4,2,74.4058624133972,100,"Smooth","Max. Reward Condition",40,"4",18,1,27,620,"Long",0.113320089659208,0.726131374872657,NA,0.550039984822636,"localGP"
"19214",78,35,1,3,23.743412126775,100,"Smooth","Max. Reward Condition",40,"4",18,1,35,620,"Long",0.113320089659208,0.726131374872657,NA,0.550039984822636,"localGP"
"19215",78,36,1,10,30.5577705769791,100,"Smooth","Max. Reward Condition",40,"4",18,11,112,620,"Long",0.113320089659208,0.726131374872657,NA,0.550039984822636,"localGP"
"19216",78,37,0,7,18.2389240639338,100,"Smooth","Max. Reward Condition",40,"4",18,1,78,620,"Long",0.113320089659208,0.726131374872657,NA,0.550039984822636,"localGP"
"19217",78,38,0,6,15.0068435971623,100,"Smooth","Max. Reward Condition",40,"4",18,1,67,620,"Long",0.113320089659208,0.726131374872657,NA,0.550039984822636,"localGP"
"19218",78,39,2,2,100,100,"Smooth","Max. Reward Condition",40,"4",18,8,25,620,"Long",0.113320089659208,0.726131374872657,NA,0.550039984822636,"localGP"
"19219",78,40,2,3,53.5961483472986,100,"Smooth","Max. Reward Condition",40,"4",18,8,36,620,"Long",0.113320089659208,0.726131374872657,NA,0.550039984822636,"localGP"
"19220",78,41,7,8,41.2424197528624,100,"Smooth","Max. Reward Condition",40,"4",18,4,96,620,"Long",0.113320089659208,0.726131374872657,NA,0.550039984822636,"localGP"
"19221",78,1,4,7,64.0825409576954,64.0825409576954,"Smooth","Max. Reward Condition",20,"5",4,NA,82,621,"Short",0.10516246084091,1.09482692109165,NA,0.414568012973023,"localGP"
"19222",78,2,4,9,45.2552162388682,64.0825409576954,"Smooth","Max. Reward Condition",20,"5",4,1,104,621,"Short",0.10516246084091,1.09482692109165,NA,0.414568012973023,"localGP"
"19223",78,3,5,9,23.8348743374816,64.0825409576954,"Smooth","Max. Reward Condition",20,"5",4,1,105,621,"Short",0.10516246084091,1.09482692109165,NA,0.414568012973023,"localGP"
"19224",78,4,8,3,59.0490578971639,64.0825409576954,"Smooth","Max. Reward Condition",20,"5",4,1,42,621,"Short",0.10516246084091,1.09482692109165,NA,0.414568012973023,"localGP"
"19225",78,5,7,1,40.8192453000824,64.0825409576954,"Smooth","Max. Reward Condition",20,"5",4,2,19,621,"Short",0.10516246084091,1.09482692109165,NA,0.414568012973023,"localGP"
"19226",78,6,7,0,47.3215439823763,64.0825409576954,"Smooth","Max. Reward Condition",20,"5",4,1,8,621,"Short",0.10516246084091,1.09482692109165,NA,0.414568012973023,"localGP"
"19227",78,7,6,0,33.2351530302692,64.0825409576954,"Smooth","Max. Reward Condition",20,"5",4,2,7,621,"Short",0.10516246084091,1.09482692109165,NA,0.414568012973023,"localGP"
"19228",78,8,3,9,71.5447698498277,71.5447698498277,"Smooth","Max. Reward Condition",20,"5",4,1,103,621,"Short",0.10516246084091,1.09482692109165,NA,0.414568012973023,"localGP"
"19229",78,9,3,6,39.1502894638098,71.5447698498277,"Smooth","Max. Reward Condition",20,"5",4,2,70,621,"Short",0.10516246084091,1.09482692109165,NA,0.414568012973023,"localGP"
"19230",78,10,0,7,18.1408343228351,71.5447698498277,"Smooth","Max. Reward Condition",20,"5",4,1,78,621,"Short",0.10516246084091,1.09482692109165,NA,0.414568012973023,"localGP"
"19231",78,11,8,5,68.1580149592583,71.5447698498277,"Smooth","Max. Reward Condition",20,"5",4,3,64,621,"Short",0.10516246084091,1.09482692109165,NA,0.414568012973023,"localGP"
"19232",78,12,10,6,0,71.5447698498277,"Smooth","Max. Reward Condition",20,"5",4,1,77,621,"Short",0.10516246084091,1.09482692109165,NA,0.414568012973023,"localGP"
"19233",78,13,5,1,45.7416086837136,71.5447698498277,"Smooth","Max. Reward Condition",20,"5",4,2,17,621,"Short",0.10516246084091,1.09482692109165,NA,0.414568012973023,"localGP"
"19234",78,14,6,2,47.7797456303013,71.5447698498277,"Smooth","Max. Reward Condition",20,"5",4,3,29,621,"Short",0.10516246084091,1.09482692109165,NA,0.414568012973023,"localGP"
"19235",78,15,4,2,100,100,"Smooth","Max. Reward Condition",20,"5",4,2,27,621,"Short",0.10516246084091,1.09482692109165,NA,0.414568012973023,"localGP"
"19236",78,16,3,2,48.6711536627271,100,"Smooth","Max. Reward Condition",20,"5",4,1,26,621,"Short",0.10516246084091,1.09482692109165,NA,0.414568012973023,"localGP"
"19237",78,17,7,6,33.7698034361065,100,"Smooth","Max. Reward Condition",20,"5",4,2,74,621,"Short",0.10516246084091,1.09482692109165,NA,0.414568012973023,"localGP"
"19238",78,18,0,6,25.7438670840663,100,"Smooth","Max. Reward Condition",20,"5",4,3,67,621,"Short",0.10516246084091,1.09482692109165,NA,0.414568012973023,"localGP"
"19239",78,19,7,3,65.7956842559425,100,"Smooth","Max. Reward Condition",20,"5",4,1,41,621,"Short",0.10516246084091,1.09482692109165,NA,0.414568012973023,"localGP"
"19240",78,20,0,1,65.3456129286578,100,"Smooth","Max. Reward Condition",20,"5",4,3,12,621,"Short",0.10516246084091,1.09482692109165,NA,0.414568012973023,"localGP"
"19241",78,21,0,2,64.4409661109689,100,"Smooth","Max. Reward Condition",20,"5",4,13,23,621,"Short",0.10516246084091,1.09482692109165,NA,0.414568012973023,"localGP"
"19242",78,1,5,3,69.3021428353684,69.3021428353684,"Smooth","Max. Reward Condition",40,"6",1,NA,39,622,"Long",0.107447052486816,0.701009943227497,NA,0.569602041948442,"localGP"
"19243",78,2,5,4,93.0511729954542,93.0511729954542,"Smooth","Max. Reward Condition",40,"6",1,1,50,622,"Long",0.107447052486816,0.701009943227497,NA,0.569602041948442,"localGP"
"19244",78,3,6,4,96.8351832239486,96.8351832239486,"Smooth","Max. Reward Condition",40,"6",1,2,51,622,"Long",0.107447052486816,0.701009943227497,NA,0.569602041948442,"localGP"
"19245",78,4,6,3,82.7136870116885,96.8351832239486,"Smooth","Max. Reward Condition",40,"6",1,2,40,622,"Long",0.107447052486816,0.701009943227497,NA,0.569602041948442,"localGP"
"19246",78,5,7,3,90.8008789663477,96.8351832239486,"Smooth","Max. Reward Condition",40,"6",1,3,41,622,"Long",0.107447052486816,0.701009943227497,NA,0.569602041948442,"localGP"
"19247",78,6,7,2,87.3844592186431,96.8351832239486,"Smooth","Max. Reward Condition",40,"6",1,2,30,622,"Long",0.107447052486816,0.701009943227497,NA,0.569602041948442,"localGP"
"19248",78,7,6,2,72.3100865487056,96.8351832239486,"Smooth","Max. Reward Condition",40,"6",1,2,29,622,"Long",0.107447052486816,0.701009943227497,NA,0.569602041948442,"localGP"
"19249",78,8,2,7,38.4919473621769,96.8351832239486,"Smooth","Max. Reward Condition",40,"6",1,2,80,622,"Long",0.107447052486816,0.701009943227497,NA,0.569602041948442,"localGP"
"19250",78,9,5,7,56.1045851311328,96.8351832239486,"Smooth","Max. Reward Condition",40,"6",1,1,83,622,"Long",0.107447052486816,0.701009943227497,NA,0.569602041948442,"localGP"
"19251",78,10,5,6,69.9155090037251,96.8351832239486,"Smooth","Max. Reward Condition",40,"6",1,2,72,622,"Long",0.107447052486816,0.701009943227497,NA,0.569602041948442,"localGP"
"19252",78,11,6,6,78.697918940418,96.8351832239486,"Smooth","Max. Reward Condition",40,"6",1,4,73,622,"Long",0.107447052486816,0.701009943227497,NA,0.569602041948442,"localGP"
"19253",78,12,6,5,96.622130971634,96.8351832239486,"Smooth","Max. Reward Condition",40,"6",1,1,62,622,"Long",0.107447052486816,0.701009943227497,NA,0.569602041948442,"localGP"
"19254",78,13,6,7,56.6570427677056,96.8351832239486,"Smooth","Max. Reward Condition",40,"6",1,3,84,622,"Long",0.107447052486816,0.701009943227497,NA,0.569602041948442,"localGP"
"19255",78,14,7,7,63.4190187757228,96.8351832239486,"Smooth","Max. Reward Condition",40,"6",1,10,85,622,"Long",0.107447052486816,0.701009943227497,NA,0.569602041948442,"localGP"
"19256",78,15,8,7,45.4982579252398,96.8351832239486,"Smooth","Max. Reward Condition",40,"6",1,5,86,622,"Long",0.107447052486816,0.701009943227497,NA,0.569602041948442,"localGP"
"19257",78,16,8,8,49.0688828610798,96.8351832239486,"Smooth","Max. Reward Condition",40,"6",1,10,97,622,"Long",0.107447052486816,0.701009943227497,NA,0.569602041948442,"localGP"
"19258",78,17,8,9,63.0822078659968,96.8351832239486,"Smooth","Max. Reward Condition",40,"6",1,20,108,622,"Long",0.107447052486816,0.701009943227497,NA,0.569602041948442,"localGP"
"19259",78,18,7,9,43.2219300321384,96.8351832239486,"Smooth","Max. Reward Condition",40,"6",1,4,107,622,"Long",0.107447052486816,0.701009943227497,NA,0.569602041948442,"localGP"
"19260",78,19,9,9,58.8980343444626,96.8351832239486,"Smooth","Max. Reward Condition",40,"6",1,4,109,622,"Long",0.107447052486816,0.701009943227497,NA,0.569602041948442,"localGP"
"19261",78,20,9,10,49.6139701131598,96.8351832239486,"Smooth","Max. Reward Condition",40,"6",1,4,120,622,"Long",0.107447052486816,0.701009943227497,NA,0.569602041948442,"localGP"
"19262",78,21,10,10,43.1852507215821,96.8351832239486,"Smooth","Max. Reward Condition",40,"6",1,8,121,622,"Long",0.107447052486816,0.701009943227497,NA,0.569602041948442,"localGP"
"19263",78,22,1,5,36.553012201289,96.8351832239486,"Smooth","Max. Reward Condition",40,"6",1,8,57,622,"Long",0.107447052486816,0.701009943227497,NA,0.569602041948442,"localGP"
"19264",78,23,1,7,64.2118511787295,96.8351832239486,"Smooth","Max. Reward Condition",40,"6",1,8,79,622,"Long",0.107447052486816,0.701009943227497,NA,0.569602041948442,"localGP"
"19265",78,24,1,2,0,96.8351832239486,"Smooth","Max. Reward Condition",40,"6",1,6,24,622,"Long",0.107447052486816,0.701009943227497,NA,0.569602041948442,"localGP"
"19266",78,25,5,0,64.2045633155116,96.8351832239486,"Smooth","Max. Reward Condition",40,"6",1,3,6,622,"Long",0.107447052486816,0.701009943227497,NA,0.569602041948442,"localGP"
"19267",78,26,4,0,27.0153724932925,96.8351832239486,"Smooth","Max. Reward Condition",40,"6",1,7,5,622,"Long",0.107447052486816,0.701009943227497,NA,0.569602041948442,"localGP"
"19268",78,27,2,9,72.3557087257552,96.8351832239486,"Smooth","Max. Reward Condition",40,"6",1,2,102,622,"Long",0.107447052486816,0.701009943227497,NA,0.569602041948442,"localGP"
"19269",78,28,2,10,52.565154764264,96.8351832239486,"Smooth","Max. Reward Condition",40,"6",1,2,113,622,"Long",0.107447052486816,0.701009943227497,NA,0.569602041948442,"localGP"
"19270",78,29,3,10,40.6071698165158,96.8351832239486,"Smooth","Max. Reward Condition",40,"6",1,1,114,622,"Long",0.107447052486816,0.701009943227497,NA,0.569602041948442,"localGP"
"19271",78,30,3,9,36.2621127065425,96.8351832239486,"Smooth","Max. Reward Condition",40,"6",1,5,103,622,"Long",0.107447052486816,0.701009943227497,NA,0.569602041948442,"localGP"
"19272",78,31,4,9,18.5152666705333,96.8351832239486,"Smooth","Max. Reward Condition",40,"6",1,2,104,622,"Long",0.107447052486816,0.701009943227497,NA,0.569602041948442,"localGP"
"19273",78,32,1,5,36.553012201289,96.8351832239486,"Smooth","Max. Reward Condition",40,"6",1,1,57,622,"Long",0.107447052486816,0.701009943227497,NA,0.569602041948442,"localGP"
"19274",78,33,8,2,77.798359488466,96.8351832239486,"Smooth","Max. Reward Condition",40,"6",1,2,31,622,"Long",0.107447052486816,0.701009943227497,NA,0.569602041948442,"localGP"
"19275",78,34,9,2,45.6743517242672,96.8351832239486,"Smooth","Max. Reward Condition",40,"6",1,1,32,622,"Long",0.107447052486816,0.701009943227497,NA,0.569602041948442,"localGP"
"19276",78,35,10,1,31.5180064095872,96.8351832239486,"Smooth","Max. Reward Condition",40,"6",1,8,22,622,"Long",0.107447052486816,0.701009943227497,NA,0.569602041948442,"localGP"
"19277",78,36,10,0,31.7927826131939,96.8351832239486,"Smooth","Max. Reward Condition",40,"6",1,2,11,622,"Long",0.107447052486816,0.701009943227497,NA,0.569602041948442,"localGP"
"19278",78,37,8,1,53.2226407105471,96.8351832239486,"Smooth","Max. Reward Condition",40,"6",1,3,20,622,"Long",0.107447052486816,0.701009943227497,NA,0.569602041948442,"localGP"
"19279",78,38,8,0,51.4039748132034,96.8351832239486,"Smooth","Max. Reward Condition",40,"6",1,2,9,622,"Long",0.107447052486816,0.701009943227497,NA,0.569602041948442,"localGP"
"19280",78,39,9,0,33.4185710880108,96.8351832239486,"Smooth","Max. Reward Condition",40,"6",1,6,10,622,"Long",0.107447052486816,0.701009943227497,NA,0.569602041948442,"localGP"
"19281",78,40,7,0,69.1960987845747,96.8351832239486,"Smooth","Max. Reward Condition",40,"6",1,4,8,622,"Long",0.107447052486816,0.701009943227497,NA,0.569602041948442,"localGP"
"19282",78,41,7,1,78.9605492405504,96.8351832239486,"Smooth","Max. Reward Condition",40,"6",1,2,19,622,"Long",0.107447052486816,0.701009943227497,NA,0.569602041948442,"localGP"
"19283",78,1,2,10,17.4994853434702,17.4994853434702,"Smooth","Max. Reward Condition",20,"7",11,NA,113,623,"Short",0.106898750715847,0.956202112750259,NA,0.435440999501495,"localGP"
"19284",78,2,2,9,30.1299532832918,30.1299532832918,"Smooth","Max. Reward Condition",20,"7",11,7,102,623,"Short",0.106898750715847,0.956202112750259,NA,0.435440999501495,"localGP"
"19285",78,3,0,9,39.2599045989107,39.2599045989107,"Smooth","Max. Reward Condition",20,"7",11,7,100,623,"Short",0.106898750715847,0.956202112750259,NA,0.435440999501495,"localGP"
"19286",78,4,5,5,40.8445443747299,40.8445443747299,"Smooth","Max. Reward Condition",20,"7",11,4,61,623,"Short",0.106898750715847,0.956202112750259,NA,0.435440999501495,"localGP"
"19287",78,5,0,9,39.2599045989107,40.8445443747299,"Smooth","Max. Reward Condition",20,"7",11,5,100,623,"Short",0.106898750715847,0.956202112750259,NA,0.435440999501495,"localGP"
"19288",78,6,1,3,57.3052531096848,57.3052531096848,"Smooth","Max. Reward Condition",20,"7",11,1,35,623,"Short",0.106898750715847,0.956202112750259,NA,0.435440999501495,"localGP"
"19289",78,7,1,2,66.3313254646448,66.3313254646448,"Smooth","Max. Reward Condition",20,"7",11,1,24,623,"Short",0.106898750715847,0.956202112750259,NA,0.435440999501495,"localGP"
"19290",78,8,2,5,2.60066814407864,66.3313254646448,"Smooth","Max. Reward Condition",20,"7",11,1,58,623,"Short",0.106898750715847,0.956202112750259,NA,0.435440999501495,"localGP"
"19291",78,9,5,2,64.0266563277365,66.3313254646448,"Smooth","Max. Reward Condition",20,"7",11,2,28,623,"Short",0.106898750715847,0.956202112750259,NA,0.435440999501495,"localGP"
"19292",78,10,5,1,51.6981708043446,66.3313254646448,"Smooth","Max. Reward Condition",20,"7",11,1,17,623,"Short",0.106898750715847,0.956202112750259,NA,0.435440999501495,"localGP"
"19293",78,11,5,0,49.8847811277219,66.3313254646448,"Smooth","Max. Reward Condition",20,"7",11,3,6,623,"Short",0.106898750715847,0.956202112750259,NA,0.435440999501495,"localGP"
"19294",78,12,4,0,44.8118345976793,66.3313254646448,"Smooth","Max. Reward Condition",20,"7",11,1,5,623,"Short",0.106898750715847,0.956202112750259,NA,0.435440999501495,"localGP"
"19295",78,13,9,4,34.9976006588863,66.3313254646448,"Smooth","Max. Reward Condition",20,"7",11,2,54,623,"Short",0.106898750715847,0.956202112750259,NA,0.435440999501495,"localGP"
"19296",78,14,0,6,64.4347453431336,66.3313254646448,"Smooth","Max. Reward Condition",20,"7",11,1,67,623,"Short",0.106898750715847,0.956202112750259,NA,0.435440999501495,"localGP"
"19297",78,15,7,2,35.7041281850423,66.3313254646448,"Smooth","Max. Reward Condition",20,"7",11,2,30,623,"Short",0.106898750715847,0.956202112750259,NA,0.435440999501495,"localGP"
"19298",78,16,2,3,41.0550340200253,66.3313254646448,"Smooth","Max. Reward Condition",20,"7",11,7,36,623,"Short",0.106898750715847,0.956202112750259,NA,0.435440999501495,"localGP"
"19299",78,17,8,1,46.3164104609932,66.3313254646448,"Smooth","Max. Reward Condition",20,"7",11,1,20,623,"Short",0.106898750715847,0.956202112750259,NA,0.435440999501495,"localGP"
"19300",78,18,8,3,49.8615329660386,66.3313254646448,"Smooth","Max. Reward Condition",20,"7",11,2,42,623,"Short",0.106898750715847,0.956202112750259,NA,0.435440999501495,"localGP"
"19301",78,19,8,7,44.4895686177393,66.3313254646448,"Smooth","Max. Reward Condition",20,"7",11,2,86,623,"Short",0.106898750715847,0.956202112750259,NA,0.435440999501495,"localGP"
"19302",78,20,2,5,2.60066814407864,66.3313254646448,"Smooth","Max. Reward Condition",20,"7",11,3,58,623,"Short",0.106898750715847,0.956202112750259,NA,0.435440999501495,"localGP"
"19303",78,21,1,5,17.0308109764636,66.3313254646448,"Smooth","Max. Reward Condition",20,"7",11,1,57,623,"Short",0.106898750715847,0.956202112750259,NA,0.435440999501495,"localGP"
"19304",78,1,0,1,25.2534967724465,25.2534967724465,"Smooth","Max. Reward Condition",40,"8",0,NA,12,624,"Long",0.100757648007362,0.792189378399635,NA,0.523873228042214,"localGP"
"19305",78,2,0,0,35.9067188197196,35.9067188197196,"Smooth","Max. Reward Condition",40,"8",0,3,1,624,"Long",0.100757648007362,0.792189378399635,NA,0.523873228042214,"localGP"
"19306",78,3,1,2,77.703125599037,77.703125599037,"Smooth","Max. Reward Condition",40,"8",0,2,24,624,"Long",0.100757648007362,0.792189378399635,NA,0.523873228042214,"localGP"
"19307",78,4,0,2,53.4074849522853,77.703125599037,"Smooth","Max. Reward Condition",40,"8",0,2,23,624,"Long",0.100757648007362,0.792189378399635,NA,0.523873228042214,"localGP"
"19308",78,5,0,3,67.8002087512036,77.703125599037,"Smooth","Max. Reward Condition",40,"8",0,1,34,624,"Long",0.100757648007362,0.792189378399635,NA,0.523873228042214,"localGP"
"19309",78,6,2,3,65.4652426884159,77.703125599037,"Smooth","Max. Reward Condition",40,"8",0,2,36,624,"Long",0.100757648007362,0.792189378399635,NA,0.523873228042214,"localGP"
"19310",78,7,1,3,82.5162957459714,82.5162957459714,"Smooth","Max. Reward Condition",40,"8",0,2,35,624,"Long",0.100757648007362,0.792189378399635,NA,0.523873228042214,"localGP"
"19311",78,8,1,4,70.1094548150881,82.5162957459714,"Smooth","Max. Reward Condition",40,"8",0,3,46,624,"Long",0.100757648007362,0.792189378399635,NA,0.523873228042214,"localGP"
"19312",78,9,2,4,52.0374453788032,82.5162957459714,"Smooth","Max. Reward Condition",40,"8",0,1,47,624,"Long",0.100757648007362,0.792189378399635,NA,0.523873228042214,"localGP"
"19313",78,10,3,3,58.6757331286265,82.5162957459714,"Smooth","Max. Reward Condition",40,"8",0,3,37,624,"Long",0.100757648007362,0.792189378399635,NA,0.523873228042214,"localGP"
"19314",78,11,8,7,98.0758057854271,98.0758057854271,"Smooth","Max. Reward Condition",40,"8",0,2,86,624,"Long",0.100757648007362,0.792189378399635,NA,0.523873228042214,"localGP"
"19315",78,12,8,6,65.2396135357156,98.0758057854271,"Smooth","Max. Reward Condition",40,"8",0,7,75,624,"Long",0.100757648007362,0.792189378399635,NA,0.523873228042214,"localGP"
"19316",78,13,5,1,27.9959182394562,98.0758057854271,"Smooth","Max. Reward Condition",40,"8",0,1,17,624,"Long",0.100757648007362,0.792189378399635,NA,0.523873228042214,"localGP"
"19317",78,14,5,8,68.8909705274262,98.0758057854271,"Smooth","Max. Reward Condition",40,"8",0,3,94,624,"Long",0.100757648007362,0.792189378399635,NA,0.523873228042214,"localGP"
"19318",78,15,5,10,34.5994838474691,98.0758057854271,"Smooth","Max. Reward Condition",40,"8",0,9,116,624,"Long",0.100757648007362,0.792189378399635,NA,0.523873228042214,"localGP"
"19319",78,16,9,4,26.0631617428535,98.0758057854271,"Smooth","Max. Reward Condition",40,"8",0,10,54,624,"Long",0.100757648007362,0.792189378399635,NA,0.523873228042214,"localGP"
"19320",78,17,0,1,25.2534967724465,98.0758057854271,"Smooth","Max. Reward Condition",40,"8",0,2,12,624,"Long",0.100757648007362,0.792189378399635,NA,0.523873228042214,"localGP"
"19321",78,18,3,1,29.8909935964922,98.0758057854271,"Smooth","Max. Reward Condition",40,"8",0,1,15,624,"Long",0.100757648007362,0.792189378399635,NA,0.523873228042214,"localGP"
"19322",78,19,9,2,59.0192052842826,98.0758057854271,"Smooth","Max. Reward Condition",40,"8",0,2,32,624,"Long",0.100757648007362,0.792189378399635,NA,0.523873228042214,"localGP"
"19323",78,20,8,0,45.9420828127071,98.0758057854271,"Smooth","Max. Reward Condition",40,"8",0,3,9,624,"Long",0.100757648007362,0.792189378399635,NA,0.523873228042214,"localGP"
"19324",78,21,9,0,44.764827701854,98.0758057854271,"Smooth","Max. Reward Condition",40,"8",0,1,10,624,"Long",0.100757648007362,0.792189378399635,NA,0.523873228042214,"localGP"
"19325",78,22,2,7,42.7772511233164,98.0758057854271,"Smooth","Max. Reward Condition",40,"8",0,1,80,624,"Long",0.100757648007362,0.792189378399635,NA,0.523873228042214,"localGP"
"19326",78,23,0,4,73.5825236697953,98.0758057854271,"Smooth","Max. Reward Condition",40,"8",0,1,45,624,"Long",0.100757648007362,0.792189378399635,NA,0.523873228042214,"localGP"
"19327",78,24,0,5,65.7958331067151,98.0758057854271,"Smooth","Max. Reward Condition",40,"8",0,3,56,624,"Long",0.100757648007362,0.792189378399635,NA,0.523873228042214,"localGP"
"19328",78,25,1,5,62.1319695197463,98.0758057854271,"Smooth","Max. Reward Condition",40,"8",0,1,57,624,"Long",0.100757648007362,0.792189378399635,NA,0.523873228042214,"localGP"
"19329",78,26,1,3,82.5162957459714,98.0758057854271,"Smooth","Max. Reward Condition",40,"8",0,1,35,624,"Long",0.100757648007362,0.792189378399635,NA,0.523873228042214,"localGP"
"19330",78,27,9,6,52.7533090833761,98.0758057854271,"Smooth","Max. Reward Condition",40,"8",0,1,76,624,"Long",0.100757648007362,0.792189378399635,NA,0.523873228042214,"localGP"
"19331",78,28,9,7,93.0900522357202,98.0758057854271,"Smooth","Max. Reward Condition",40,"8",0,2,87,624,"Long",0.100757648007362,0.792189378399635,NA,0.523873228042214,"localGP"
"19332",78,29,9,8,92.8491332342499,98.0758057854271,"Smooth","Max. Reward Condition",40,"8",0,1,98,624,"Long",0.100757648007362,0.792189378399635,NA,0.523873228042214,"localGP"
"19333",78,30,9,9,79.2865457179187,98.0758057854271,"Smooth","Max. Reward Condition",40,"8",0,3,109,624,"Long",0.100757648007362,0.792189378399635,NA,0.523873228042214,"localGP"
"19334",78,31,8,9,62.5269000754681,98.0758057854271,"Smooth","Max. Reward Condition",40,"8",0,1,108,624,"Long",0.100757648007362,0.792189378399635,NA,0.523873228042214,"localGP"
"19335",78,32,9,10,64.79218841543,98.0758057854271,"Smooth","Max. Reward Condition",40,"8",0,2,120,624,"Long",0.100757648007362,0.792189378399635,NA,0.523873228042214,"localGP"
"19336",78,33,7,10,0,98.0758057854271,"Smooth","Max. Reward Condition",40,"8",0,2,118,624,"Long",0.100757648007362,0.792189378399635,NA,0.523873228042214,"localGP"
"19337",78,34,10,2,46.7186953634037,98.0758057854271,"Smooth","Max. Reward Condition",40,"8",0,6,33,624,"Long",0.100757648007362,0.792189378399635,NA,0.523873228042214,"localGP"
"19338",78,35,10,1,59.1692091474609,98.0758057854271,"Smooth","Max. Reward Condition",40,"8",0,1,22,624,"Long",0.100757648007362,0.792189378399635,NA,0.523873228042214,"localGP"
"19339",78,36,9,1,39.3581963035653,98.0758057854271,"Smooth","Max. Reward Condition",40,"8",0,1,21,624,"Long",0.100757648007362,0.792189378399635,NA,0.523873228042214,"localGP"
"19340",78,37,1,0,67.0136291844954,98.0758057854271,"Smooth","Max. Reward Condition",40,"8",0,3,2,624,"Long",0.100757648007362,0.792189378399635,NA,0.523873228042214,"localGP"
"19341",78,38,2,0,73.189103748547,98.0758057854271,"Smooth","Max. Reward Condition",40,"8",0,6,3,624,"Long",0.100757648007362,0.792189378399635,NA,0.523873228042214,"localGP"
"19342",78,39,1,6,76.1819602246697,98.0758057854271,"Smooth","Max. Reward Condition",40,"8",0,4,68,624,"Long",0.100757648007362,0.792189378399635,NA,0.523873228042214,"localGP"
"19343",78,40,0,6,86.6558005262952,98.0758057854271,"Smooth","Max. Reward Condition",40,"8",0,1,67,624,"Long",0.100757648007362,0.792189378399635,NA,0.523873228042214,"localGP"
"19344",78,41,7,8,55.9864237907349,98.0758057854271,"Smooth","Max. Reward Condition",40,"8",0,1,96,624,"Long",0.100757648007362,0.792189378399635,NA,0.523873228042214,"localGP"
"19345",79,1,5,5,2.28166204896147,2.28166204896147,"Smooth","Avg. Reward Condition",20,"1",0,NA,61,625,"Short",0.043573152577448,0.85802176667778,NA,0.133201555005502,"localGP"
"19346",79,2,9,5,7.18281505521625,7.18281505521625,"Smooth","Avg. Reward Condition",20,"1",0,1,65,625,"Short",0.043573152577448,0.85802176667778,NA,0.133201555005502,"localGP"
"19347",79,3,2,2,65.3400315275743,65.3400315275743,"Smooth","Avg. Reward Condition",20,"1",0,1,25,625,"Short",0.043573152577448,0.85802176667778,NA,0.133201555005502,"localGP"
"19348",79,4,3,2,44.1450806306014,65.3400315275743,"Smooth","Avg. Reward Condition",20,"1",0,1,26,625,"Short",0.043573152577448,0.85802176667778,NA,0.133201555005502,"localGP"
"19349",79,5,2,0,73.189103748547,73.189103748547,"Smooth","Avg. Reward Condition",20,"1",0,1,3,625,"Short",0.043573152577448,0.85802176667778,NA,0.133201555005502,"localGP"
"19350",79,6,2,0,73.189103748547,73.189103748547,"Smooth","Avg. Reward Condition",20,"1",0,2,3,625,"Short",0.043573152577448,0.85802176667778,NA,0.133201555005502,"localGP"
"19351",79,7,2,1,57.0497014200341,73.189103748547,"Smooth","Avg. Reward Condition",20,"1",0,1,14,625,"Short",0.043573152577448,0.85802176667778,NA,0.133201555005502,"localGP"
"19352",79,8,2,3,65.4652426884159,73.189103748547,"Smooth","Avg. Reward Condition",20,"1",0,0,36,625,"Short",0.043573152577448,0.85802176667778,NA,0.133201555005502,"localGP"
"19353",79,9,1,3,82.5162957459714,82.5162957459714,"Smooth","Avg. Reward Condition",20,"1",0,0,35,625,"Short",0.043573152577448,0.85802176667778,NA,0.133201555005502,"localGP"
"19354",79,10,1,3,82.5162957459714,82.5162957459714,"Smooth","Avg. Reward Condition",20,"1",0,0,35,625,"Short",0.043573152577448,0.85802176667778,NA,0.133201555005502,"localGP"
"19355",79,11,1,2,77.703125599037,82.5162957459714,"Smooth","Avg. Reward Condition",20,"1",0,0,24,625,"Short",0.043573152577448,0.85802176667778,NA,0.133201555005502,"localGP"
"19356",79,12,1,3,82.5162957459714,82.5162957459714,"Smooth","Avg. Reward Condition",20,"1",0,0,35,625,"Short",0.043573152577448,0.85802176667778,NA,0.133201555005502,"localGP"
"19357",79,13,1,3,82.5162957459714,82.5162957459714,"Smooth","Avg. Reward Condition",20,"1",0,0,35,625,"Short",0.043573152577448,0.85802176667778,NA,0.133201555005502,"localGP"
"19358",79,14,1,3,82.5162957459714,82.5162957459714,"Smooth","Avg. Reward Condition",20,"1",0,0,35,625,"Short",0.043573152577448,0.85802176667778,NA,0.133201555005502,"localGP"
"19359",79,15,1,3,82.5162957459714,82.5162957459714,"Smooth","Avg. Reward Condition",20,"1",0,0,35,625,"Short",0.043573152577448,0.85802176667778,NA,0.133201555005502,"localGP"
"19360",79,16,1,3,82.5162957459714,82.5162957459714,"Smooth","Avg. Reward Condition",20,"1",0,0,35,625,"Short",0.043573152577448,0.85802176667778,NA,0.133201555005502,"localGP"
"19361",79,17,1,3,82.5162957459714,82.5162957459714,"Smooth","Avg. Reward Condition",20,"1",0,0,35,625,"Short",0.043573152577448,0.85802176667778,NA,0.133201555005502,"localGP"
"19362",79,18,1,3,82.5162957459714,82.5162957459714,"Smooth","Avg. Reward Condition",20,"1",0,0,35,625,"Short",0.043573152577448,0.85802176667778,NA,0.133201555005502,"localGP"
"19363",79,19,1,3,82.5162957459714,82.5162957459714,"Smooth","Avg. Reward Condition",20,"1",0,0,35,625,"Short",0.043573152577448,0.85802176667778,NA,0.133201555005502,"localGP"
"19364",79,20,2,5,40.9850753748298,82.5162957459714,"Smooth","Avg. Reward Condition",20,"1",0,0,58,625,"Short",0.043573152577448,0.85802176667778,NA,0.133201555005502,"localGP"
"19365",79,21,0,4,73.5825236697953,82.5162957459714,"Smooth","Avg. Reward Condition",20,"1",0,0,45,625,"Short",0.043573152577448,0.85802176667778,NA,0.133201555005502,"localGP"
"19366",79,1,3,8,24.7062704261568,24.7062704261568,"Smooth","Avg. Reward Condition",40,"2",6,NA,92,626,"Long",0.0383013165249258,1.25989470564472,NA,0.0382865279952026,"localGP"
"19367",79,2,2,2,34.5579265575561,34.5579265575561,"Smooth","Avg. Reward Condition",40,"2",6,2,25,626,"Long",0.0383013165249258,1.25989470564472,NA,0.0382865279952026,"localGP"
"19368",79,3,5,7,40.6549349788525,40.6549349788525,"Smooth","Avg. Reward Condition",40,"2",6,1,83,626,"Long",0.0383013165249258,1.25989470564472,NA,0.0382865279952026,"localGP"
"19369",79,4,8,1,68.8502438954186,68.8502438954186,"Smooth","Avg. Reward Condition",40,"2",6,2,20,626,"Long",0.0383013165249258,1.25989470564472,NA,0.0382865279952026,"localGP"
"19370",79,5,8,1,68.8502438954186,68.8502438954186,"Smooth","Avg. Reward Condition",40,"2",6,2,20,626,"Long",0.0383013165249258,1.25989470564472,NA,0.0382865279952026,"localGP"
"19371",79,6,9,2,38.9021292283964,68.8502438954186,"Smooth","Avg. Reward Condition",40,"2",6,1,32,626,"Long",0.0383013165249258,1.25989470564472,NA,0.0382865279952026,"localGP"
"19372",79,7,9,0,42.7227287180246,68.8502438954186,"Smooth","Avg. Reward Condition",40,"2",6,1,10,626,"Long",0.0383013165249258,1.25989470564472,NA,0.0382865279952026,"localGP"
"19373",79,8,8,1,68.8502438954186,68.8502438954186,"Smooth","Avg. Reward Condition",40,"2",6,1,20,626,"Long",0.0383013165249258,1.25989470564472,NA,0.0382865279952026,"localGP"
"19374",79,9,8,1,68.8502438954186,68.8502438954186,"Smooth","Avg. Reward Condition",40,"2",6,0,20,626,"Long",0.0383013165249258,1.25989470564472,NA,0.0382865279952026,"localGP"
"19375",79,10,8,0,72.9354979095338,72.9354979095338,"Smooth","Avg. Reward Condition",40,"2",6,0,9,626,"Long",0.0383013165249258,1.25989470564472,NA,0.0382865279952026,"localGP"
"19376",79,11,7,0,94.4174730147353,94.4174730147353,"Smooth","Avg. Reward Condition",40,"2",6,0,8,626,"Long",0.0383013165249258,1.25989470564472,NA,0.0382865279952026,"localGP"
"19377",79,12,7,0,94.4174730147353,94.4174730147353,"Smooth","Avg. Reward Condition",40,"2",6,0,8,626,"Long",0.0383013165249258,1.25989470564472,NA,0.0382865279952026,"localGP"
"19378",79,13,7,0,94.4174730147353,94.4174730147353,"Smooth","Avg. Reward Condition",40,"2",6,0,8,626,"Long",0.0383013165249258,1.25989470564472,NA,0.0382865279952026,"localGP"
"19379",79,14,6,0,94.4963050018738,94.4963050018738,"Smooth","Avg. Reward Condition",40,"2",6,0,7,626,"Long",0.0383013165249258,1.25989470564472,NA,0.0382865279952026,"localGP"
"19380",79,15,6,1,58.9505924012191,94.4963050018738,"Smooth","Avg. Reward Condition",40,"2",6,0,18,626,"Long",0.0383013165249258,1.25989470564472,NA,0.0382865279952026,"localGP"
"19381",79,16,6,0,94.4963050018738,94.4963050018738,"Smooth","Avg. Reward Condition",40,"2",6,0,7,626,"Long",0.0383013165249258,1.25989470564472,NA,0.0382865279952026,"localGP"
"19382",79,17,6,0,94.4963050018738,94.4963050018738,"Smooth","Avg. Reward Condition",40,"2",6,0,7,626,"Long",0.0383013165249258,1.25989470564472,NA,0.0382865279952026,"localGP"
"19383",79,18,6,0,94.4963050018738,94.4963050018738,"Smooth","Avg. Reward Condition",40,"2",6,0,7,626,"Long",0.0383013165249258,1.25989470564472,NA,0.0382865279952026,"localGP"
"19384",79,19,7,0,94.4174730147353,94.4963050018738,"Smooth","Avg. Reward Condition",40,"2",6,0,8,626,"Long",0.0383013165249258,1.25989470564472,NA,0.0382865279952026,"localGP"
"19385",79,20,6,0,94.4963050018738,94.4963050018738,"Smooth","Avg. Reward Condition",40,"2",6,0,7,626,"Long",0.0383013165249258,1.25989470564472,NA,0.0382865279952026,"localGP"
"19386",79,21,7,0,94.4174730147353,94.4963050018738,"Smooth","Avg. Reward Condition",40,"2",6,0,8,626,"Long",0.0383013165249258,1.25989470564472,NA,0.0382865279952026,"localGP"
"19387",79,22,6,0,94.4963050018738,94.4963050018738,"Smooth","Avg. Reward Condition",40,"2",6,0,7,626,"Long",0.0383013165249258,1.25989470564472,NA,0.0382865279952026,"localGP"
"19388",79,23,6,0,94.4963050018738,94.4963050018738,"Smooth","Avg. Reward Condition",40,"2",6,0,7,626,"Long",0.0383013165249258,1.25989470564472,NA,0.0382865279952026,"localGP"
"19389",79,24,7,0,94.4174730147353,94.4963050018738,"Smooth","Avg. Reward Condition",40,"2",6,0,8,626,"Long",0.0383013165249258,1.25989470564472,NA,0.0382865279952026,"localGP"
"19390",79,25,7,0,94.4174730147353,94.4963050018738,"Smooth","Avg. Reward Condition",40,"2",6,0,8,626,"Long",0.0383013165249258,1.25989470564472,NA,0.0382865279952026,"localGP"
"19391",79,26,7,0,94.4174730147353,94.4963050018738,"Smooth","Avg. Reward Condition",40,"2",6,0,8,626,"Long",0.0383013165249258,1.25989470564472,NA,0.0382865279952026,"localGP"
"19392",79,27,6,0,94.4963050018738,94.4963050018738,"Smooth","Avg. Reward Condition",40,"2",6,0,7,626,"Long",0.0383013165249258,1.25989470564472,NA,0.0382865279952026,"localGP"
"19393",79,28,6,0,94.4963050018738,94.4963050018738,"Smooth","Avg. Reward Condition",40,"2",6,0,7,626,"Long",0.0383013165249258,1.25989470564472,NA,0.0382865279952026,"localGP"
"19394",79,29,6,0,94.4963050018738,94.4963050018738,"Smooth","Avg. Reward Condition",40,"2",6,0,7,626,"Long",0.0383013165249258,1.25989470564472,NA,0.0382865279952026,"localGP"
"19395",79,30,6,0,94.4963050018738,94.4963050018738,"Smooth","Avg. Reward Condition",40,"2",6,0,7,626,"Long",0.0383013165249258,1.25989470564472,NA,0.0382865279952026,"localGP"
"19396",79,31,6,0,94.4963050018738,94.4963050018738,"Smooth","Avg. Reward Condition",40,"2",6,0,7,626,"Long",0.0383013165249258,1.25989470564472,NA,0.0382865279952026,"localGP"
"19397",79,32,6,0,94.4963050018738,94.4963050018738,"Smooth","Avg. Reward Condition",40,"2",6,0,7,626,"Long",0.0383013165249258,1.25989470564472,NA,0.0382865279952026,"localGP"
"19398",79,33,7,0,94.4174730147353,94.4963050018738,"Smooth","Avg. Reward Condition",40,"2",6,0,8,626,"Long",0.0383013165249258,1.25989470564472,NA,0.0382865279952026,"localGP"
"19399",79,34,6,0,94.4963050018738,94.4963050018738,"Smooth","Avg. Reward Condition",40,"2",6,0,7,626,"Long",0.0383013165249258,1.25989470564472,NA,0.0382865279952026,"localGP"
"19400",79,35,7,0,94.4174730147353,94.4963050018738,"Smooth","Avg. Reward Condition",40,"2",6,0,8,626,"Long",0.0383013165249258,1.25989470564472,NA,0.0382865279952026,"localGP"
"19401",79,36,7,0,94.4174730147353,94.4963050018738,"Smooth","Avg. Reward Condition",40,"2",6,0,8,626,"Long",0.0383013165249258,1.25989470564472,NA,0.0382865279952026,"localGP"
"19402",79,37,7,0,94.4174730147353,94.4963050018738,"Smooth","Avg. Reward Condition",40,"2",6,0,8,626,"Long",0.0383013165249258,1.25989470564472,NA,0.0382865279952026,"localGP"
"19403",79,38,6,0,94.4963050018738,94.4963050018738,"Smooth","Avg. Reward Condition",40,"2",6,0,7,626,"Long",0.0383013165249258,1.25989470564472,NA,0.0382865279952026,"localGP"
"19404",79,39,7,0,94.4174730147353,94.4963050018738,"Smooth","Avg. Reward Condition",40,"2",6,0,8,626,"Long",0.0383013165249258,1.25989470564472,NA,0.0382865279952026,"localGP"
"19405",79,40,6,0,94.4963050018738,94.4963050018738,"Smooth","Avg. Reward Condition",40,"2",6,0,7,626,"Long",0.0383013165249258,1.25989470564472,NA,0.0382865279952026,"localGP"
"19406",79,41,6,0,94.4963050018738,94.4963050018738,"Smooth","Avg. Reward Condition",40,"2",6,0,7,626,"Long",0.0383013165249258,1.25989470564472,NA,0.0382865279952026,"localGP"
"19407",79,1,5,2,52.4052015124445,52.4052015124445,"Smooth","Avg. Reward Condition",20,"3",18,NA,28,627,"Short",0.0292407039721204,0.89610779875854,NA,0.145536093818506,"localGP"
"19408",79,2,5,3,28.2693028674169,52.4052015124445,"Smooth","Avg. Reward Condition",20,"3",18,3,39,627,"Short",0.0292407039721204,0.89610779875854,NA,0.145536093818506,"localGP"
"19409",79,3,7,2,4.89701301731659,52.4052015124445,"Smooth","Avg. Reward Condition",20,"3",18,5,30,627,"Short",0.0292407039721204,0.89610779875854,NA,0.145536093818506,"localGP"
"19410",79,4,9,2,46.2486687787869,52.4052015124445,"Smooth","Avg. Reward Condition",20,"3",18,8,32,627,"Short",0.0292407039721204,0.89610779875854,NA,0.145536093818506,"localGP"
"19411",79,5,10,2,47.0470762762012,52.4052015124445,"Smooth","Avg. Reward Condition",20,"3",18,2,33,627,"Short",0.0292407039721204,0.89610779875854,NA,0.145536093818506,"localGP"
"19412",79,6,5,9,24.0405194815787,52.4052015124445,"Smooth","Avg. Reward Condition",20,"3",18,1,105,627,"Short",0.0292407039721204,0.89610779875854,NA,0.145536093818506,"localGP"
"19413",79,7,7,8,41.2424197528624,52.4052015124445,"Smooth","Avg. Reward Condition",20,"3",18,3,96,627,"Short",0.0292407039721204,0.89610779875854,NA,0.145536093818506,"localGP"
"19414",79,8,1,0,52.4795285472342,52.4795285472342,"Smooth","Avg. Reward Condition",20,"3",18,1,2,627,"Short",0.0292407039721204,0.89610779875854,NA,0.145536093818506,"localGP"
"19415",79,9,1,1,48.0935875031168,52.4795285472342,"Smooth","Avg. Reward Condition",20,"3",18,4,13,627,"Short",0.0292407039721204,0.89610779875854,NA,0.145536093818506,"localGP"
"19416",79,10,1,6,8.94196519629523,52.4795285472342,"Smooth","Avg. Reward Condition",20,"3",18,1,68,627,"Short",0.0292407039721204,0.89610779875854,NA,0.145536093818506,"localGP"
"19417",79,11,0,3,20.6322691826754,52.4795285472342,"Smooth","Avg. Reward Condition",20,"3",18,1,34,627,"Short",0.0292407039721204,0.89610779875854,NA,0.145536093818506,"localGP"
"19418",79,12,2,3,53.5961483472986,53.5961483472986,"Smooth","Avg. Reward Condition",20,"3",18,2,36,627,"Short",0.0292407039721204,0.89610779875854,NA,0.145536093818506,"localGP"
"19419",79,13,2,2,100,100,"Smooth","Avg. Reward Condition",20,"3",18,3,25,627,"Short",0.0292407039721204,0.89610779875854,NA,0.145536093818506,"localGP"
"19420",79,14,2,2,100,100,"Smooth","Avg. Reward Condition",20,"3",18,1,25,627,"Short",0.0292407039721204,0.89610779875854,NA,0.145536093818506,"localGP"
"19421",79,15,2,2,100,100,"Smooth","Avg. Reward Condition",20,"3",18,1,25,627,"Short",0.0292407039721204,0.89610779875854,NA,0.145536093818506,"localGP"
"19422",79,16,2,2,100,100,"Smooth","Avg. Reward Condition",20,"3",18,1,25,627,"Short",0.0292407039721204,0.89610779875854,NA,0.145536093818506,"localGP"
"19423",79,17,2,2,100,100,"Smooth","Avg. Reward Condition",20,"3",18,0,25,627,"Short",0.0292407039721204,0.89610779875854,NA,0.145536093818506,"localGP"
"19424",79,18,3,2,87.0484650270771,100,"Smooth","Avg. Reward Condition",20,"3",18,0,26,627,"Short",0.0292407039721204,0.89610779875854,NA,0.145536093818506,"localGP"
"19425",79,19,2,2,100,100,"Smooth","Avg. Reward Condition",20,"3",18,0,25,627,"Short",0.0292407039721204,0.89610779875854,NA,0.145536093818506,"localGP"
"19426",79,20,2,2,100,100,"Smooth","Avg. Reward Condition",20,"3",18,0,25,627,"Short",0.0292407039721204,0.89610779875854,NA,0.145536093818506,"localGP"
"19427",79,21,2,2,100,100,"Smooth","Avg. Reward Condition",20,"3",18,0,25,627,"Short",0.0292407039721204,0.89610779875854,NA,0.145536093818506,"localGP"
"19428",79,1,6,1,70.4800541800228,70.4800541800228,"Smooth","Avg. Reward Condition",40,"4",1,NA,18,628,"Long",0.0491969359064474,1.34135471759614,NA,0.00673795578016686,"localGP"
"19429",79,2,3,9,36.2621127065425,70.4800541800228,"Smooth","Avg. Reward Condition",40,"4",1,2,103,628,"Long",0.0491969359064474,1.34135471759614,NA,0.00673795578016686,"localGP"
"19430",79,3,7,9,43.2219300321384,70.4800541800228,"Smooth","Avg. Reward Condition",40,"4",1,5,107,628,"Long",0.0491969359064474,1.34135471759614,NA,0.00673795578016686,"localGP"
"19431",79,4,5,1,66.7584273273,70.4800541800228,"Smooth","Avg. Reward Condition",40,"4",1,5,17,628,"Long",0.0491969359064474,1.34135471759614,NA,0.00673795578016686,"localGP"
"19432",79,5,5,0,64.2045633155116,70.4800541800228,"Smooth","Avg. Reward Condition",40,"4",1,5,6,628,"Long",0.0491969359064474,1.34135471759614,NA,0.00673795578016686,"localGP"
"19433",79,6,5,0,64.2045633155116,70.4800541800228,"Smooth","Avg. Reward Condition",40,"4",1,17,6,628,"Long",0.0491969359064474,1.34135471759614,NA,0.00673795578016686,"localGP"
"19434",79,7,5,1,66.7584273273,70.4800541800228,"Smooth","Avg. Reward Condition",40,"4",1,3,17,628,"Long",0.0491969359064474,1.34135471759614,NA,0.00673795578016686,"localGP"
"19435",79,8,7,1,78.9605492405504,78.9605492405504,"Smooth","Avg. Reward Condition",40,"4",1,7,19,628,"Long",0.0491969359064474,1.34135471759614,NA,0.00673795578016686,"localGP"
"19436",79,9,4,1,21.3952704288319,78.9605492405504,"Smooth","Avg. Reward Condition",40,"4",1,1,16,628,"Long",0.0491969359064474,1.34135471759614,NA,0.00673795578016686,"localGP"
"19437",79,10,6,0,87.9392304939487,87.9392304939487,"Smooth","Avg. Reward Condition",40,"4",1,1,7,628,"Long",0.0491969359064474,1.34135471759614,NA,0.00673795578016686,"localGP"
"19438",79,11,7,0,69.1960987845747,87.9392304939487,"Smooth","Avg. Reward Condition",40,"4",1,1,8,628,"Long",0.0491969359064474,1.34135471759614,NA,0.00673795578016686,"localGP"
"19439",79,12,7,1,78.9605492405504,87.9392304939487,"Smooth","Avg. Reward Condition",40,"4",1,2,19,628,"Long",0.0491969359064474,1.34135471759614,NA,0.00673795578016686,"localGP"
"19440",79,13,8,1,53.2226407105471,87.9392304939487,"Smooth","Avg. Reward Condition",40,"4",1,1,20,628,"Long",0.0491969359064474,1.34135471759614,NA,0.00673795578016686,"localGP"
"19441",79,14,7,1,78.9605492405504,87.9392304939487,"Smooth","Avg. Reward Condition",40,"4",1,1,19,628,"Long",0.0491969359064474,1.34135471759614,NA,0.00673795578016686,"localGP"
"19442",79,15,7,1,78.9605492405504,87.9392304939487,"Smooth","Avg. Reward Condition",40,"4",1,0,19,628,"Long",0.0491969359064474,1.34135471759614,NA,0.00673795578016686,"localGP"
"19443",79,16,7,2,87.3844592186431,87.9392304939487,"Smooth","Avg. Reward Condition",40,"4",1,0,30,628,"Long",0.0491969359064474,1.34135471759614,NA,0.00673795578016686,"localGP"
"19444",79,17,7,2,87.3844592186431,87.9392304939487,"Smooth","Avg. Reward Condition",40,"4",1,0,30,628,"Long",0.0491969359064474,1.34135471759614,NA,0.00673795578016686,"localGP"
"19445",79,18,7,2,87.3844592186431,87.9392304939487,"Smooth","Avg. Reward Condition",40,"4",1,0,30,628,"Long",0.0491969359064474,1.34135471759614,NA,0.00673795578016686,"localGP"
"19446",79,19,7,2,87.3844592186431,87.9392304939487,"Smooth","Avg. Reward Condition",40,"4",1,0,30,628,"Long",0.0491969359064474,1.34135471759614,NA,0.00673795578016686,"localGP"
"19447",79,20,7,2,87.3844592186431,87.9392304939487,"Smooth","Avg. Reward Condition",40,"4",1,0,30,628,"Long",0.0491969359064474,1.34135471759614,NA,0.00673795578016686,"localGP"
"19448",79,21,7,2,87.3844592186431,87.9392304939487,"Smooth","Avg. Reward Condition",40,"4",1,0,30,628,"Long",0.0491969359064474,1.34135471759614,NA,0.00673795578016686,"localGP"
"19449",79,22,7,2,87.3844592186431,87.9392304939487,"Smooth","Avg. Reward Condition",40,"4",1,0,30,628,"Long",0.0491969359064474,1.34135471759614,NA,0.00673795578016686,"localGP"
"19450",79,23,7,3,90.8008789663477,90.8008789663477,"Smooth","Avg. Reward Condition",40,"4",1,0,41,628,"Long",0.0491969359064474,1.34135471759614,NA,0.00673795578016686,"localGP"
"19451",79,24,7,2,87.3844592186431,90.8008789663477,"Smooth","Avg. Reward Condition",40,"4",1,0,30,628,"Long",0.0491969359064474,1.34135471759614,NA,0.00673795578016686,"localGP"
"19452",79,25,7,3,90.8008789663477,90.8008789663477,"Smooth","Avg. Reward Condition",40,"4",1,0,41,628,"Long",0.0491969359064474,1.34135471759614,NA,0.00673795578016686,"localGP"
"19453",79,26,8,3,73.1545333653025,90.8008789663477,"Smooth","Avg. Reward Condition",40,"4",1,0,42,628,"Long",0.0491969359064474,1.34135471759614,NA,0.00673795578016686,"localGP"
"19454",79,27,7,3,90.8008789663477,90.8008789663477,"Smooth","Avg. Reward Condition",40,"4",1,0,41,628,"Long",0.0491969359064474,1.34135471759614,NA,0.00673795578016686,"localGP"
"19455",79,28,7,4,77.4616893062404,90.8008789663477,"Smooth","Avg. Reward Condition",40,"4",1,0,52,628,"Long",0.0491969359064474,1.34135471759614,NA,0.00673795578016686,"localGP"
"19456",79,29,7,3,90.8008789663477,90.8008789663477,"Smooth","Avg. Reward Condition",40,"4",1,0,41,628,"Long",0.0491969359064474,1.34135471759614,NA,0.00673795578016686,"localGP"
"19457",79,30,7,3,90.8008789663477,90.8008789663477,"Smooth","Avg. Reward Condition",40,"4",1,0,41,628,"Long",0.0491969359064474,1.34135471759614,NA,0.00673795578016686,"localGP"
"19458",79,31,7,3,90.8008789663477,90.8008789663477,"Smooth","Avg. Reward Condition",40,"4",1,0,41,628,"Long",0.0491969359064474,1.34135471759614,NA,0.00673795578016686,"localGP"
"19459",79,32,6,3,82.7136870116885,90.8008789663477,"Smooth","Avg. Reward Condition",40,"4",1,0,40,628,"Long",0.0491969359064474,1.34135471759614,NA,0.00673795578016686,"localGP"
"19460",79,33,7,3,90.8008789663477,90.8008789663477,"Smooth","Avg. Reward Condition",40,"4",1,0,41,628,"Long",0.0491969359064474,1.34135471759614,NA,0.00673795578016686,"localGP"
"19461",79,34,7,3,90.8008789663477,90.8008789663477,"Smooth","Avg. Reward Condition",40,"4",1,0,41,628,"Long",0.0491969359064474,1.34135471759614,NA,0.00673795578016686,"localGP"
"19462",79,35,7,3,90.8008789663477,90.8008789663477,"Smooth","Avg. Reward Condition",40,"4",1,0,41,628,"Long",0.0491969359064474,1.34135471759614,NA,0.00673795578016686,"localGP"
"19463",79,36,7,2,87.3844592186431,90.8008789663477,"Smooth","Avg. Reward Condition",40,"4",1,0,30,628,"Long",0.0491969359064474,1.34135471759614,NA,0.00673795578016686,"localGP"
"19464",79,37,7,3,90.8008789663477,90.8008789663477,"Smooth","Avg. Reward Condition",40,"4",1,0,41,628,"Long",0.0491969359064474,1.34135471759614,NA,0.00673795578016686,"localGP"
"19465",79,38,7,3,90.8008789663477,90.8008789663477,"Smooth","Avg. Reward Condition",40,"4",1,0,41,628,"Long",0.0491969359064474,1.34135471759614,NA,0.00673795578016686,"localGP"
"19466",79,39,7,3,90.8008789663477,90.8008789663477,"Smooth","Avg. Reward Condition",40,"4",1,0,41,628,"Long",0.0491969359064474,1.34135471759614,NA,0.00673795578016686,"localGP"
"19467",79,40,7,3,90.8008789663477,90.8008789663477,"Smooth","Avg. Reward Condition",40,"4",1,0,41,628,"Long",0.0491969359064474,1.34135471759614,NA,0.00673795578016686,"localGP"
"19468",79,41,7,4,77.4616893062404,90.8008789663477,"Smooth","Avg. Reward Condition",40,"4",1,0,52,628,"Long",0.0491969359064474,1.34135471759614,NA,0.00673795578016686,"localGP"
"19469",79,1,3,9,40.8521738054873,40.8521738054873,"Smooth","Avg. Reward Condition",20,"5",8,NA,103,629,"Short",0.0440803312965425,1.48251130257819,NA,0.00673794880026225,"localGP"
"19470",79,2,3,3,52.6628186310928,52.6628186310928,"Smooth","Avg. Reward Condition",20,"5",8,1,37,629,"Short",0.0440803312965425,1.48251130257819,NA,0.00673794880026225,"localGP"
"19471",79,3,2,5,73.2302297303204,73.2302297303204,"Smooth","Avg. Reward Condition",20,"5",8,2,58,629,"Short",0.0440803312965425,1.48251130257819,NA,0.00673794880026225,"localGP"
"19472",79,4,1,5,69.9793335818367,73.2302297303204,"Smooth","Avg. Reward Condition",20,"5",8,1,57,629,"Short",0.0440803312965425,1.48251130257819,NA,0.00673794880026225,"localGP"
"19473",79,5,4,3,36.7498748726121,73.2302297303204,"Smooth","Avg. Reward Condition",20,"5",8,2,38,629,"Short",0.0440803312965425,1.48251130257819,NA,0.00673794880026225,"localGP"
"19474",79,6,4,5,81.9160830308222,81.9160830308222,"Smooth","Avg. Reward Condition",20,"5",8,2,60,629,"Short",0.0440803312965425,1.48251130257819,NA,0.00673794880026225,"localGP"
"19475",79,7,4,5,81.9160830308222,81.9160830308222,"Smooth","Avg. Reward Condition",20,"5",8,1,60,629,"Short",0.0440803312965425,1.48251130257819,NA,0.00673794880026225,"localGP"
"19476",79,8,4,6,92.5612285235121,92.5612285235121,"Smooth","Avg. Reward Condition",20,"5",8,0,71,629,"Short",0.0440803312965425,1.48251130257819,NA,0.00673794880026225,"localGP"
"19477",79,9,3,6,92.3422522413602,92.5612285235121,"Smooth","Avg. Reward Condition",20,"5",8,1,70,629,"Short",0.0440803312965425,1.48251130257819,NA,0.00673794880026225,"localGP"
"19478",79,10,4,6,92.5612285235121,92.5612285235121,"Smooth","Avg. Reward Condition",20,"5",8,1,71,629,"Short",0.0440803312965425,1.48251130257819,NA,0.00673794880026225,"localGP"
"19479",79,11,4,6,92.5612285235121,92.5612285235121,"Smooth","Avg. Reward Condition",20,"5",8,0,71,629,"Short",0.0440803312965425,1.48251130257819,NA,0.00673794880026225,"localGP"
"19480",79,12,4,5,81.9160830308222,92.5612285235121,"Smooth","Avg. Reward Condition",20,"5",8,0,60,629,"Short",0.0440803312965425,1.48251130257819,NA,0.00673794880026225,"localGP"
"19481",79,13,4,6,92.5612285235121,92.5612285235121,"Smooth","Avg. Reward Condition",20,"5",8,0,71,629,"Short",0.0440803312965425,1.48251130257819,NA,0.00673794880026225,"localGP"
"19482",79,14,4,6,92.5612285235121,92.5612285235121,"Smooth","Avg. Reward Condition",20,"5",8,0,71,629,"Short",0.0440803312965425,1.48251130257819,NA,0.00673794880026225,"localGP"
"19483",79,15,4,6,92.5612285235121,92.5612285235121,"Smooth","Avg. Reward Condition",20,"5",8,0,71,629,"Short",0.0440803312965425,1.48251130257819,NA,0.00673794880026225,"localGP"
"19484",79,16,3,6,92.3422522413602,92.5612285235121,"Smooth","Avg. Reward Condition",20,"5",8,0,70,629,"Short",0.0440803312965425,1.48251130257819,NA,0.00673794880026225,"localGP"
"19485",79,17,3,6,92.3422522413602,92.5612285235121,"Smooth","Avg. Reward Condition",20,"5",8,0,70,629,"Short",0.0440803312965425,1.48251130257819,NA,0.00673794880026225,"localGP"
"19486",79,18,3,6,92.3422522413602,92.5612285235121,"Smooth","Avg. Reward Condition",20,"5",8,0,70,629,"Short",0.0440803312965425,1.48251130257819,NA,0.00673794880026225,"localGP"
"19487",79,19,3,6,92.3422522413602,92.5612285235121,"Smooth","Avg. Reward Condition",20,"5",8,0,70,629,"Short",0.0440803312965425,1.48251130257819,NA,0.00673794880026225,"localGP"
"19488",79,20,3,5,100,100,"Smooth","Avg. Reward Condition",20,"5",8,0,59,629,"Short",0.0440803312965425,1.48251130257819,NA,0.00673794880026225,"localGP"
"19489",79,21,3,5,100,100,"Smooth","Avg. Reward Condition",20,"5",8,0,59,629,"Short",0.0440803312965425,1.48251130257819,NA,0.00673794880026225,"localGP"
"19490",79,1,10,1,60.2797132321524,60.2797132321524,"Smooth","Avg. Reward Condition",40,"6",16,NA,22,630,"Long",0.0389694288035934,1.41629795018101,NA,0.00673799264385003,"localGP"
"19491",79,2,0,2,44.6802852658924,60.2797132321524,"Smooth","Avg. Reward Condition",40,"6",16,5,23,630,"Long",0.0389694288035934,1.41629795018101,NA,0.00673799264385003,"localGP"
"19492",79,3,0,3,30.8986299879706,60.2797132321524,"Smooth","Avg. Reward Condition",40,"6",16,6,34,630,"Long",0.0389694288035934,1.41629795018101,NA,0.00673799264385003,"localGP"
"19493",79,4,3,5,75.0250883463196,75.0250883463196,"Smooth","Avg. Reward Condition",40,"6",16,7,59,630,"Long",0.0389694288035934,1.41629795018101,NA,0.00673799264385003,"localGP"
"19494",79,5,3,6,61.712476104061,75.0250883463196,"Smooth","Avg. Reward Condition",40,"6",16,1,70,630,"Long",0.0389694288035934,1.41629795018101,NA,0.00673799264385003,"localGP"
"19495",79,6,3,5,75.0250883463196,75.0250883463196,"Smooth","Avg. Reward Condition",40,"6",16,2,59,630,"Long",0.0389694288035934,1.41629795018101,NA,0.00673799264385003,"localGP"
"19496",79,7,4,5,56.5702647427263,75.0250883463196,"Smooth","Avg. Reward Condition",40,"6",16,2,60,630,"Long",0.0389694288035934,1.41629795018101,NA,0.00673799264385003,"localGP"
"19497",79,8,3,5,75.0250883463196,75.0250883463196,"Smooth","Avg. Reward Condition",40,"6",16,2,59,630,"Long",0.0389694288035934,1.41629795018101,NA,0.00673799264385003,"localGP"
"19498",79,9,3,5,75.0250883463196,75.0250883463196,"Smooth","Avg. Reward Condition",40,"6",16,3,59,630,"Long",0.0389694288035934,1.41629795018101,NA,0.00673799264385003,"localGP"
"19499",79,10,2,5,41.71018551704,75.0250883463196,"Smooth","Avg. Reward Condition",40,"6",16,2,58,630,"Long",0.0389694288035934,1.41629795018101,NA,0.00673799264385003,"localGP"
"19500",79,11,3,5,75.0250883463196,75.0250883463196,"Smooth","Avg. Reward Condition",40,"6",16,1,59,630,"Long",0.0389694288035934,1.41629795018101,NA,0.00673799264385003,"localGP"
"19501",79,12,3,4,78.314172567177,78.314172567177,"Smooth","Avg. Reward Condition",40,"6",16,2,48,630,"Long",0.0389694288035934,1.41629795018101,NA,0.00673799264385003,"localGP"
"19502",79,13,3,4,78.314172567177,78.314172567177,"Smooth","Avg. Reward Condition",40,"6",16,1,48,630,"Long",0.0389694288035934,1.41629795018101,NA,0.00673799264385003,"localGP"
"19503",79,14,3,3,100,100,"Smooth","Avg. Reward Condition",40,"6",16,0,37,630,"Long",0.0389694288035934,1.41629795018101,NA,0.00673799264385003,"localGP"
"19504",79,15,3,2,83.8378126303431,100,"Smooth","Avg. Reward Condition",40,"6",16,0,26,630,"Long",0.0389694288035934,1.41629795018101,NA,0.00673799264385003,"localGP"
"19505",79,16,3,3,100,100,"Smooth","Avg. Reward Condition",40,"6",16,0,37,630,"Long",0.0389694288035934,1.41629795018101,NA,0.00673799264385003,"localGP"
"19506",79,17,3,3,100,100,"Smooth","Avg. Reward Condition",40,"6",16,0,37,630,"Long",0.0389694288035934,1.41629795018101,NA,0.00673799264385003,"localGP"
"19507",79,18,3,3,100,100,"Smooth","Avg. Reward Condition",40,"6",16,0,37,630,"Long",0.0389694288035934,1.41629795018101,NA,0.00673799264385003,"localGP"
"19508",79,19,3,3,100,100,"Smooth","Avg. Reward Condition",40,"6",16,0,37,630,"Long",0.0389694288035934,1.41629795018101,NA,0.00673799264385003,"localGP"
"19509",79,20,3,3,100,100,"Smooth","Avg. Reward Condition",40,"6",16,0,37,630,"Long",0.0389694288035934,1.41629795018101,NA,0.00673799264385003,"localGP"
"19510",79,21,3,3,100,100,"Smooth","Avg. Reward Condition",40,"6",16,0,37,630,"Long",0.0389694288035934,1.41629795018101,NA,0.00673799264385003,"localGP"
"19511",79,22,3,3,100,100,"Smooth","Avg. Reward Condition",40,"6",16,0,37,630,"Long",0.0389694288035934,1.41629795018101,NA,0.00673799264385003,"localGP"
"19512",79,23,3,3,100,100,"Smooth","Avg. Reward Condition",40,"6",16,0,37,630,"Long",0.0389694288035934,1.41629795018101,NA,0.00673799264385003,"localGP"
"19513",79,24,3,3,100,100,"Smooth","Avg. Reward Condition",40,"6",16,0,37,630,"Long",0.0389694288035934,1.41629795018101,NA,0.00673799264385003,"localGP"
"19514",79,25,3,3,100,100,"Smooth","Avg. Reward Condition",40,"6",16,0,37,630,"Long",0.0389694288035934,1.41629795018101,NA,0.00673799264385003,"localGP"
"19515",79,26,3,3,100,100,"Smooth","Avg. Reward Condition",40,"6",16,0,37,630,"Long",0.0389694288035934,1.41629795018101,NA,0.00673799264385003,"localGP"
"19516",79,27,3,3,100,100,"Smooth","Avg. Reward Condition",40,"6",16,0,37,630,"Long",0.0389694288035934,1.41629795018101,NA,0.00673799264385003,"localGP"
"19517",79,28,3,3,100,100,"Smooth","Avg. Reward Condition",40,"6",16,0,37,630,"Long",0.0389694288035934,1.41629795018101,NA,0.00673799264385003,"localGP"
"19518",79,29,3,3,100,100,"Smooth","Avg. Reward Condition",40,"6",16,0,37,630,"Long",0.0389694288035934,1.41629795018101,NA,0.00673799264385003,"localGP"
"19519",79,30,3,3,100,100,"Smooth","Avg. Reward Condition",40,"6",16,0,37,630,"Long",0.0389694288035934,1.41629795018101,NA,0.00673799264385003,"localGP"
"19520",79,31,3,3,100,100,"Smooth","Avg. Reward Condition",40,"6",16,0,37,630,"Long",0.0389694288035934,1.41629795018101,NA,0.00673799264385003,"localGP"
"19521",79,32,3,3,100,100,"Smooth","Avg. Reward Condition",40,"6",16,0,37,630,"Long",0.0389694288035934,1.41629795018101,NA,0.00673799264385003,"localGP"
"19522",79,33,3,3,100,100,"Smooth","Avg. Reward Condition",40,"6",16,0,37,630,"Long",0.0389694288035934,1.41629795018101,NA,0.00673799264385003,"localGP"
"19523",79,34,3,3,100,100,"Smooth","Avg. Reward Condition",40,"6",16,0,37,630,"Long",0.0389694288035934,1.41629795018101,NA,0.00673799264385003,"localGP"
"19524",79,35,3,3,100,100,"Smooth","Avg. Reward Condition",40,"6",16,0,37,630,"Long",0.0389694288035934,1.41629795018101,NA,0.00673799264385003,"localGP"
"19525",79,36,3,3,100,100,"Smooth","Avg. Reward Condition",40,"6",16,0,37,630,"Long",0.0389694288035934,1.41629795018101,NA,0.00673799264385003,"localGP"
"19526",79,37,3,3,100,100,"Smooth","Avg. Reward Condition",40,"6",16,0,37,630,"Long",0.0389694288035934,1.41629795018101,NA,0.00673799264385003,"localGP"
"19527",79,38,3,3,100,100,"Smooth","Avg. Reward Condition",40,"6",16,0,37,630,"Long",0.0389694288035934,1.41629795018101,NA,0.00673799264385003,"localGP"
"19528",79,39,3,2,83.8378126303431,100,"Smooth","Avg. Reward Condition",40,"6",16,0,26,630,"Long",0.0389694288035934,1.41629795018101,NA,0.00673799264385003,"localGP"
"19529",79,40,3,3,100,100,"Smooth","Avg. Reward Condition",40,"6",16,0,37,630,"Long",0.0389694288035934,1.41629795018101,NA,0.00673799264385003,"localGP"
"19530",79,41,3,3,100,100,"Smooth","Avg. Reward Condition",40,"6",16,0,37,630,"Long",0.0389694288035934,1.41629795018101,NA,0.00673799264385003,"localGP"
"19531",79,1,1,3,24.1058601457034,24.1058601457034,"Smooth","Avg. Reward Condition",20,"7",13,NA,35,631,"Short",0.0411407903040726,1.92190077418678,NA,0.126656791120701,"localGP"
"19532",79,2,4,5,46.8761367253109,46.8761367253109,"Smooth","Avg. Reward Condition",20,"7",13,0,60,631,"Short",0.0411407903040726,1.92190077418678,NA,0.126656791120701,"localGP"
"19533",79,3,5,1,30.9871614244868,46.8761367253109,"Smooth","Avg. Reward Condition",20,"7",13,0,17,631,"Short",0.0411407903040726,1.92190077418678,NA,0.126656791120701,"localGP"
"19534",79,4,1,1,60.4080576029201,60.4080576029201,"Smooth","Avg. Reward Condition",20,"7",13,0,13,631,"Short",0.0411407903040726,1.92190077418678,NA,0.126656791120701,"localGP"
"19535",79,5,1,0,62.1042117184929,62.1042117184929,"Smooth","Avg. Reward Condition",20,"7",13,0,2,631,"Short",0.0411407903040726,1.92190077418678,NA,0.126656791120701,"localGP"
"19536",79,6,4,1,46.8486236737456,62.1042117184929,"Smooth","Avg. Reward Condition",20,"7",13,0,16,631,"Short",0.0411407903040726,1.92190077418678,NA,0.126656791120701,"localGP"
"19537",79,7,0,0,69.6664055105251,69.6664055105251,"Smooth","Avg. Reward Condition",20,"7",13,0,1,631,"Short",0.0411407903040726,1.92190077418678,NA,0.126656791120701,"localGP"
"19538",79,8,0,0,69.6664055105251,69.6664055105251,"Smooth","Avg. Reward Condition",20,"7",13,0,1,631,"Short",0.0411407903040726,1.92190077418678,NA,0.126656791120701,"localGP"
"19539",79,9,1,10,0.804134309136922,69.6664055105251,"Smooth","Avg. Reward Condition",20,"7",13,0,112,631,"Short",0.0411407903040726,1.92190077418678,NA,0.126656791120701,"localGP"
"19540",79,10,3,10,49.5315069450251,69.6664055105251,"Smooth","Avg. Reward Condition",20,"7",13,0,114,631,"Short",0.0411407903040726,1.92190077418678,NA,0.126656791120701,"localGP"
"19541",79,11,6,7,61.746746813945,69.6664055105251,"Smooth","Avg. Reward Condition",20,"7",13,0,84,631,"Short",0.0411407903040726,1.92190077418678,NA,0.126656791120701,"localGP"
"19542",79,12,5,10,12.2288928318123,69.6664055105251,"Smooth","Avg. Reward Condition",20,"7",13,0,116,631,"Short",0.0411407903040726,1.92190077418678,NA,0.126656791120701,"localGP"
"19543",79,13,10,6,43.7834189744313,69.6664055105251,"Smooth","Avg. Reward Condition",20,"7",13,0,77,631,"Short",0.0411407903040726,1.92190077418678,NA,0.126656791120701,"localGP"
"19544",79,14,1,5,64.6815173963215,69.6664055105251,"Smooth","Avg. Reward Condition",20,"7",13,0,57,631,"Short",0.0411407903040726,1.92190077418678,NA,0.126656791120701,"localGP"
"19545",79,15,1,6,39.9812394486691,69.6664055105251,"Smooth","Avg. Reward Condition",20,"7",13,0,68,631,"Short",0.0411407903040726,1.92190077418678,NA,0.126656791120701,"localGP"
"19546",79,16,7,8,30.3880367689593,69.6664055105251,"Smooth","Avg. Reward Condition",20,"7",13,0,96,631,"Short",0.0411407903040726,1.92190077418678,NA,0.126656791120701,"localGP"
"19547",79,17,6,6,81.5801840646008,81.5801840646008,"Smooth","Avg. Reward Condition",20,"7",13,0,73,631,"Short",0.0411407903040726,1.92190077418678,NA,0.126656791120701,"localGP"
"19548",79,18,7,6,59.1670306987151,81.5801840646008,"Smooth","Avg. Reward Condition",20,"7",13,0,74,631,"Short",0.0411407903040726,1.92190077418678,NA,0.126656791120701,"localGP"
"19549",79,19,6,6,81.5801840646008,81.5801840646008,"Smooth","Avg. Reward Condition",20,"7",13,0,73,631,"Short",0.0411407903040726,1.92190077418678,NA,0.126656791120701,"localGP"
"19550",79,20,6,5,40.403960166515,81.5801840646008,"Smooth","Avg. Reward Condition",20,"7",13,0,62,631,"Short",0.0411407903040726,1.92190077418678,NA,0.126656791120701,"localGP"
"19551",79,21,6,6,81.5801840646008,81.5801840646008,"Smooth","Avg. Reward Condition",20,"7",13,0,73,631,"Short",0.0411407903040726,1.92190077418678,NA,0.126656791120701,"localGP"
"19552",79,1,9,4,37.4189636336299,37.4189636336299,"Smooth","Avg. Reward Condition",40,"8",17,NA,54,632,"Long",0.0445839173607236,2.29030552992935,NA,0.183349288973168,"localGP"
"19553",79,2,6,4,22.1592765349326,37.4189636336299,"Smooth","Avg. Reward Condition",40,"8",17,5,51,632,"Long",0.0445839173607236,2.29030552992935,NA,0.183349288973168,"localGP"
"19554",79,3,7,8,22.0278987459419,37.4189636336299,"Smooth","Avg. Reward Condition",40,"8",17,6,96,632,"Long",0.0445839173607236,2.29030552992935,NA,0.183349288973168,"localGP"
"19555",79,4,4,10,42.5458481354348,42.5458481354348,"Smooth","Avg. Reward Condition",40,"8",17,7,115,632,"Long",0.0445839173607236,2.29030552992935,NA,0.183349288973168,"localGP"
"19556",79,5,9,6,69.0496352033319,69.0496352033319,"Smooth","Avg. Reward Condition",40,"8",17,7,76,632,"Long",0.0445839173607236,2.29030552992935,NA,0.183349288973168,"localGP"
"19557",79,6,10,6,67.2792889568495,69.0496352033319,"Smooth","Avg. Reward Condition",40,"8",17,11,77,632,"Long",0.0445839173607236,2.29030552992935,NA,0.183349288973168,"localGP"
"19558",79,7,10,7,52.8033208285955,69.0496352033319,"Smooth","Avg. Reward Condition",40,"8",17,9,88,632,"Long",0.0445839173607236,2.29030552992935,NA,0.183349288973168,"localGP"
"19559",79,8,10,5,66.9387480102746,69.0496352033319,"Smooth","Avg. Reward Condition",40,"8",17,4,66,632,"Long",0.0445839173607236,2.29030552992935,NA,0.183349288973168,"localGP"
"19560",79,9,10,5,66.9387480102746,69.0496352033319,"Smooth","Avg. Reward Condition",40,"8",17,8,66,632,"Long",0.0445839173607236,2.29030552992935,NA,0.183349288973168,"localGP"
"19561",79,10,10,5,66.9387480102746,69.0496352033319,"Smooth","Avg. Reward Condition",40,"8",17,3,66,632,"Long",0.0445839173607236,2.29030552992935,NA,0.183349288973168,"localGP"
"19562",79,11,10,5,66.9387480102746,69.0496352033319,"Smooth","Avg. Reward Condition",40,"8",17,0,66,632,"Long",0.0445839173607236,2.29030552992935,NA,0.183349288973168,"localGP"
"19563",79,12,4,7,36.7346397615748,69.0496352033319,"Smooth","Avg. Reward Condition",40,"8",17,0,82,632,"Long",0.0445839173607236,2.29030552992935,NA,0.183349288973168,"localGP"
"19564",79,13,1,4,59.7275307327632,69.0496352033319,"Smooth","Avg. Reward Condition",40,"8",17,0,46,632,"Long",0.0445839173607236,2.29030552992935,NA,0.183349288973168,"localGP"
"19565",79,14,1,5,55.0007890272568,69.0496352033319,"Smooth","Avg. Reward Condition",40,"8",17,0,57,632,"Long",0.0445839173607236,2.29030552992935,NA,0.183349288973168,"localGP"
"19566",79,15,2,5,96.5712701527156,96.5712701527156,"Smooth","Avg. Reward Condition",40,"8",17,0,58,632,"Long",0.0445839173607236,2.29030552992935,NA,0.183349288973168,"localGP"
"19567",79,16,3,5,100,100,"Smooth","Avg. Reward Condition",40,"8",17,0,59,632,"Long",0.0445839173607236,2.29030552992935,NA,0.183349288973168,"localGP"
"19568",79,17,3,4,81.7432518785976,100,"Smooth","Avg. Reward Condition",40,"8",17,0,48,632,"Long",0.0445839173607236,2.29030552992935,NA,0.183349288973168,"localGP"
"19569",79,18,3,5,100,100,"Smooth","Avg. Reward Condition",40,"8",17,0,59,632,"Long",0.0445839173607236,2.29030552992935,NA,0.183349288973168,"localGP"
"19570",79,19,3,5,100,100,"Smooth","Avg. Reward Condition",40,"8",17,0,59,632,"Long",0.0445839173607236,2.29030552992935,NA,0.183349288973168,"localGP"
"19571",79,20,2,5,96.5712701527156,100,"Smooth","Avg. Reward Condition",40,"8",17,0,58,632,"Long",0.0445839173607236,2.29030552992935,NA,0.183349288973168,"localGP"
"19572",79,21,3,5,100,100,"Smooth","Avg. Reward Condition",40,"8",17,0,59,632,"Long",0.0445839173607236,2.29030552992935,NA,0.183349288973168,"localGP"
"19573",79,22,3,5,100,100,"Smooth","Avg. Reward Condition",40,"8",17,0,59,632,"Long",0.0445839173607236,2.29030552992935,NA,0.183349288973168,"localGP"
"19574",79,23,2,5,96.5712701527156,100,"Smooth","Avg. Reward Condition",40,"8",17,0,58,632,"Long",0.0445839173607236,2.29030552992935,NA,0.183349288973168,"localGP"
"19575",79,24,3,5,100,100,"Smooth","Avg. Reward Condition",40,"8",17,0,59,632,"Long",0.0445839173607236,2.29030552992935,NA,0.183349288973168,"localGP"
"19576",79,25,3,5,100,100,"Smooth","Avg. Reward Condition",40,"8",17,0,59,632,"Long",0.0445839173607236,2.29030552992935,NA,0.183349288973168,"localGP"
"19577",79,26,3,5,100,100,"Smooth","Avg. Reward Condition",40,"8",17,0,59,632,"Long",0.0445839173607236,2.29030552992935,NA,0.183349288973168,"localGP"
"19578",79,27,3,6,61.6521718992743,100,"Smooth","Avg. Reward Condition",40,"8",17,0,70,632,"Long",0.0445839173607236,2.29030552992935,NA,0.183349288973168,"localGP"
"19579",79,28,3,5,100,100,"Smooth","Avg. Reward Condition",40,"8",17,0,59,632,"Long",0.0445839173607236,2.29030552992935,NA,0.183349288973168,"localGP"
"19580",79,29,3,5,100,100,"Smooth","Avg. Reward Condition",40,"8",17,0,59,632,"Long",0.0445839173607236,2.29030552992935,NA,0.183349288973168,"localGP"
"19581",79,30,2,5,96.5712701527156,100,"Smooth","Avg. Reward Condition",40,"8",17,0,58,632,"Long",0.0445839173607236,2.29030552992935,NA,0.183349288973168,"localGP"
"19582",79,31,3,5,100,100,"Smooth","Avg. Reward Condition",40,"8",17,0,59,632,"Long",0.0445839173607236,2.29030552992935,NA,0.183349288973168,"localGP"
"19583",79,32,3,5,100,100,"Smooth","Avg. Reward Condition",40,"8",17,0,59,632,"Long",0.0445839173607236,2.29030552992935,NA,0.183349288973168,"localGP"
"19584",79,33,3,5,100,100,"Smooth","Avg. Reward Condition",40,"8",17,0,59,632,"Long",0.0445839173607236,2.29030552992935,NA,0.183349288973168,"localGP"
"19585",79,34,2,5,96.5712701527156,100,"Smooth","Avg. Reward Condition",40,"8",17,0,58,632,"Long",0.0445839173607236,2.29030552992935,NA,0.183349288973168,"localGP"
"19586",79,35,3,5,100,100,"Smooth","Avg. Reward Condition",40,"8",17,0,59,632,"Long",0.0445839173607236,2.29030552992935,NA,0.183349288973168,"localGP"
"19587",79,36,3,5,100,100,"Smooth","Avg. Reward Condition",40,"8",17,0,59,632,"Long",0.0445839173607236,2.29030552992935,NA,0.183349288973168,"localGP"
"19588",79,37,3,5,100,100,"Smooth","Avg. Reward Condition",40,"8",17,0,59,632,"Long",0.0445839173607236,2.29030552992935,NA,0.183349288973168,"localGP"
"19589",79,38,2,5,96.5712701527156,100,"Smooth","Avg. Reward Condition",40,"8",17,0,58,632,"Long",0.0445839173607236,2.29030552992935,NA,0.183349288973168,"localGP"
"19590",79,39,3,5,100,100,"Smooth","Avg. Reward Condition",40,"8",17,0,59,632,"Long",0.0445839173607236,2.29030552992935,NA,0.183349288973168,"localGP"
"19591",79,40,3,5,100,100,"Smooth","Avg. Reward Condition",40,"8",17,0,59,632,"Long",0.0445839173607236,2.29030552992935,NA,0.183349288973168,"localGP"
"19592",79,41,3,5,100,100,"Smooth","Avg. Reward Condition",40,"8",17,0,59,632,"Long",0.0445839173607236,2.29030552992935,NA,0.183349288973168,"localGP"
"19593",80,1,3,1,40.3499664940064,40.3499664940064,"Smooth","Avg. Reward Condition",20,"1",9,NA,15,633,"Short",0.0960197866659711,0.522640515715627,NA,0.475631401526168,"localGP"
"19594",80,2,3,2,59.8826476253747,59.8826476253747,"Smooth","Avg. Reward Condition",20,"1",9,3,26,633,"Short",0.0960197866659711,0.522640515715627,NA,0.475631401526168,"localGP"
"19595",80,3,4,2,55.6576112274651,59.8826476253747,"Smooth","Avg. Reward Condition",20,"1",9,9,27,633,"Short",0.0960197866659711,0.522640515715627,NA,0.475631401526168,"localGP"
"19596",80,4,4,3,30.449935821985,59.8826476253747,"Smooth","Avg. Reward Condition",20,"1",9,0,38,633,"Short",0.0960197866659711,0.522640515715627,NA,0.475631401526168,"localGP"
"19597",80,5,4,4,44.1531168030834,59.8826476253747,"Smooth","Avg. Reward Condition",20,"1",9,1,49,633,"Short",0.0960197866659711,0.522640515715627,NA,0.475631401526168,"localGP"
"19598",80,6,7,6,18.3179262510229,59.8826476253747,"Smooth","Avg. Reward Condition",20,"1",9,2,74,633,"Short",0.0960197866659711,0.522640515715627,NA,0.475631401526168,"localGP"
"19599",80,7,6,6,30.335879587278,59.8826476253747,"Smooth","Avg. Reward Condition",20,"1",9,1,73,633,"Short",0.0960197866659711,0.522640515715627,NA,0.475631401526168,"localGP"
"19600",80,8,10,7,64.0304826931053,64.0304826931053,"Smooth","Avg. Reward Condition",20,"1",9,1,88,633,"Short",0.0960197866659711,0.522640515715627,NA,0.475631401526168,"localGP"
"19601",80,9,10,10,20.1449124623771,64.0304826931053,"Smooth","Avg. Reward Condition",20,"1",9,1,121,633,"Short",0.0960197866659711,0.522640515715627,NA,0.475631401526168,"localGP"
"19602",80,10,9,10,28.2000882502669,64.0304826931053,"Smooth","Avg. Reward Condition",20,"1",9,1,120,633,"Short",0.0960197866659711,0.522640515715627,NA,0.475631401526168,"localGP"
"19603",80,11,5,10,51.4501450041282,64.0304826931053,"Smooth","Avg. Reward Condition",20,"1",9,1,116,633,"Short",0.0960197866659711,0.522640515715627,NA,0.475631401526168,"localGP"
"19604",80,12,6,10,59.0349018269821,64.0304826931053,"Smooth","Avg. Reward Condition",20,"1",9,1,117,633,"Short",0.0960197866659711,0.522640515715627,NA,0.475631401526168,"localGP"
"19605",80,13,7,10,78.998388653825,78.998388653825,"Smooth","Avg. Reward Condition",20,"1",9,1,118,633,"Short",0.0960197866659711,0.522640515715627,NA,0.475631401526168,"localGP"
"19606",80,14,7,4,7.61116353320149,78.998388653825,"Smooth","Avg. Reward Condition",20,"1",9,4,52,633,"Short",0.0960197866659711,0.522640515715627,NA,0.475631401526168,"localGP"
"19607",80,15,7,2,45.3020225853978,78.998388653825,"Smooth","Avg. Reward Condition",20,"1",9,1,30,633,"Short",0.0960197866659711,0.522640515715627,NA,0.475631401526168,"localGP"
"19608",80,16,8,2,56.8753633027435,78.998388653825,"Smooth","Avg. Reward Condition",20,"1",9,4,31,633,"Short",0.0960197866659711,0.522640515715627,NA,0.475631401526168,"localGP"
"19609",80,17,6,9,70.5892702957914,78.998388653825,"Smooth","Avg. Reward Condition",20,"1",9,1,106,633,"Short",0.0960197866659711,0.522640515715627,NA,0.475631401526168,"localGP"
"19610",80,18,7,9,69.1316756663671,78.998388653825,"Smooth","Avg. Reward Condition",20,"1",9,2,107,633,"Short",0.0960197866659711,0.522640515715627,NA,0.475631401526168,"localGP"
"19611",80,19,7,8,48.5069548575254,78.998388653825,"Smooth","Avg. Reward Condition",20,"1",9,1,96,633,"Short",0.0960197866659711,0.522640515715627,NA,0.475631401526168,"localGP"
"19612",80,20,4,6,36.2825140010078,78.998388653825,"Smooth","Avg. Reward Condition",20,"1",9,1,71,633,"Short",0.0960197866659711,0.522640515715627,NA,0.475631401526168,"localGP"
"19613",80,21,2,4,13.5403872252535,78.998388653825,"Smooth","Avg. Reward Condition",20,"1",9,3,47,633,"Short",0.0960197866659711,0.522640515715627,NA,0.475631401526168,"localGP"
"19614",80,1,3,9,57.8931465906352,57.8931465906352,"Smooth","Avg. Reward Condition",40,"2",17,NA,103,634,"Long",0.174763325421164,147.957391534976,NA,63.5414386035193,"localGP"
"19615",80,2,5,7,31.5219187843773,57.8931465906352,"Smooth","Avg. Reward Condition",40,"2",17,4,83,634,"Long",0.174763325421164,147.957391534976,NA,63.5414386035193,"localGP"
"19616",80,3,5,6,42.0069236019537,57.8931465906352,"Smooth","Avg. Reward Condition",40,"2",17,1,72,634,"Long",0.174763325421164,147.957391534976,NA,63.5414386035193,"localGP"
"19617",80,4,2,9,69.3281763432378,69.3281763432378,"Smooth","Avg. Reward Condition",40,"2",17,4,102,634,"Long",0.174763325421164,147.957391534976,NA,63.5414386035193,"localGP"
"19618",80,5,2,10,64.0452624101058,69.3281763432378,"Smooth","Avg. Reward Condition",40,"2",17,7,113,634,"Long",0.174763325421164,147.957391534976,NA,63.5414386035193,"localGP"
"19619",80,6,2,9,69.3281763432378,69.3281763432378,"Smooth","Avg. Reward Condition",40,"2",17,1,102,634,"Long",0.174763325421164,147.957391534976,NA,63.5414386035193,"localGP"
"19620",80,7,1,9,43.2151205194365,69.3281763432378,"Smooth","Avg. Reward Condition",40,"2",17,1,101,634,"Long",0.174763325421164,147.957391534976,NA,63.5414386035193,"localGP"
"19621",80,8,3,4,81.7432518785976,81.7432518785976,"Smooth","Avg. Reward Condition",40,"2",17,3,48,634,"Long",0.174763325421164,147.957391534976,NA,63.5414386035193,"localGP"
"19622",80,9,10,6,67.2792889568495,81.7432518785976,"Smooth","Avg. Reward Condition",40,"2",17,1,77,634,"Long",0.174763325421164,147.957391534976,NA,63.5414386035193,"localGP"
"19623",80,10,9,6,69.0496352033319,81.7432518785976,"Smooth","Avg. Reward Condition",40,"2",17,1,76,634,"Long",0.174763325421164,147.957391534976,NA,63.5414386035193,"localGP"
"19624",80,11,0,7,75.6546500292789,81.7432518785976,"Smooth","Avg. Reward Condition",40,"2",17,1,78,634,"Long",0.174763325421164,147.957391534976,NA,63.5414386035193,"localGP"
"19625",80,12,1,7,56.599176854759,81.7432518785976,"Smooth","Avg. Reward Condition",40,"2",17,2,79,634,"Long",0.174763325421164,147.957391534976,NA,63.5414386035193,"localGP"
"19626",80,13,3,7,48.1203452766967,81.7432518785976,"Smooth","Avg. Reward Condition",40,"2",17,1,81,634,"Long",0.174763325421164,147.957391534976,NA,63.5414386035193,"localGP"
"19627",80,14,5,6,42.0069236019537,81.7432518785976,"Smooth","Avg. Reward Condition",40,"2",17,1,72,634,"Long",0.174763325421164,147.957391534976,NA,63.5414386035193,"localGP"
"19628",80,15,8,2,58.6698020983596,81.7432518785976,"Smooth","Avg. Reward Condition",40,"2",17,1,31,634,"Long",0.174763325421164,147.957391534976,NA,63.5414386035193,"localGP"
"19629",80,16,4,2,41.5181075048439,81.7432518785976,"Smooth","Avg. Reward Condition",40,"2",17,5,27,634,"Long",0.174763325421164,147.957391534976,NA,63.5414386035193,"localGP"
"19630",80,17,5,2,42.0898431676423,81.7432518785976,"Smooth","Avg. Reward Condition",40,"2",17,2,28,634,"Long",0.174763325421164,147.957391534976,NA,63.5414386035193,"localGP"
"19631",80,18,6,2,61.2748558274339,81.7432518785976,"Smooth","Avg. Reward Condition",40,"2",17,1,29,634,"Long",0.174763325421164,147.957391534976,NA,63.5414386035193,"localGP"
"19632",80,19,6,1,68.7866414207953,81.7432518785976,"Smooth","Avg. Reward Condition",40,"2",17,4,18,634,"Long",0.174763325421164,147.957391534976,NA,63.5414386035193,"localGP"
"19633",80,20,2,10,64.0452624101058,81.7432518785976,"Smooth","Avg. Reward Condition",40,"2",17,1,113,634,"Long",0.174763325421164,147.957391534976,NA,63.5414386035193,"localGP"
"19634",80,21,1,9,43.2151205194365,81.7432518785976,"Smooth","Avg. Reward Condition",40,"2",17,1,101,634,"Long",0.174763325421164,147.957391534976,NA,63.5414386035193,"localGP"
"19635",80,22,1,2,37.0468880357367,81.7432518785976,"Smooth","Avg. Reward Condition",40,"2",17,2,24,634,"Long",0.174763325421164,147.957391534976,NA,63.5414386035193,"localGP"
"19636",80,23,3,8,42.84962574602,81.7432518785976,"Smooth","Avg. Reward Condition",40,"2",17,3,92,634,"Long",0.174763325421164,147.957391534976,NA,63.5414386035193,"localGP"
"19637",80,24,1,7,56.599176854759,81.7432518785976,"Smooth","Avg. Reward Condition",40,"2",17,2,79,634,"Long",0.174763325421164,147.957391534976,NA,63.5414386035193,"localGP"
"19638",80,25,1,7,56.599176854759,81.7432518785976,"Smooth","Avg. Reward Condition",40,"2",17,1,79,634,"Long",0.174763325421164,147.957391534976,NA,63.5414386035193,"localGP"
"19639",80,26,2,9,69.3281763432378,81.7432518785976,"Smooth","Avg. Reward Condition",40,"2",17,6,102,634,"Long",0.174763325421164,147.957391534976,NA,63.5414386035193,"localGP"
"19640",80,27,5,1,47.5998208868707,81.7432518785976,"Smooth","Avg. Reward Condition",40,"2",17,2,17,634,"Long",0.174763325421164,147.957391534976,NA,63.5414386035193,"localGP"
"19641",80,28,5,0,55.6526152943926,81.7432518785976,"Smooth","Avg. Reward Condition",40,"2",17,1,6,634,"Long",0.174763325421164,147.957391534976,NA,63.5414386035193,"localGP"
"19642",80,29,5,0,55.6526152943926,81.7432518785976,"Smooth","Avg. Reward Condition",40,"2",17,1,6,634,"Long",0.174763325421164,147.957391534976,NA,63.5414386035193,"localGP"
"19643",80,30,5,1,47.5998208868707,81.7432518785976,"Smooth","Avg. Reward Condition",40,"2",17,1,17,634,"Long",0.174763325421164,147.957391534976,NA,63.5414386035193,"localGP"
"19644",80,31,1,1,33.7566886392353,81.7432518785976,"Smooth","Avg. Reward Condition",40,"2",17,3,13,634,"Long",0.174763325421164,147.957391534976,NA,63.5414386035193,"localGP"
"19645",80,32,0,1,40.8666314399302,81.7432518785976,"Smooth","Avg. Reward Condition",40,"2",17,2,12,634,"Long",0.174763325421164,147.957391534976,NA,63.5414386035193,"localGP"
"19646",80,33,0,1,40.8666314399302,81.7432518785976,"Smooth","Avg. Reward Condition",40,"2",17,1,12,634,"Long",0.174763325421164,147.957391534976,NA,63.5414386035193,"localGP"
"19647",80,34,4,2,41.5181075048439,81.7432518785976,"Smooth","Avg. Reward Condition",40,"2",17,0,27,634,"Long",0.174763325421164,147.957391534976,NA,63.5414386035193,"localGP"
"19648",80,35,5,0,55.6526152943926,81.7432518785976,"Smooth","Avg. Reward Condition",40,"2",17,2,6,634,"Long",0.174763325421164,147.957391534976,NA,63.5414386035193,"localGP"
"19649",80,36,3,0,55.0475436217867,81.7432518785976,"Smooth","Avg. Reward Condition",40,"2",17,0,4,634,"Long",0.174763325421164,147.957391534976,NA,63.5414386035193,"localGP"
"19650",80,37,5,1,47.5998208868707,81.7432518785976,"Smooth","Avg. Reward Condition",40,"2",17,1,17,634,"Long",0.174763325421164,147.957391534976,NA,63.5414386035193,"localGP"
"19651",80,38,0,7,75.6546500292789,81.7432518785976,"Smooth","Avg. Reward Condition",40,"2",17,1,78,634,"Long",0.174763325421164,147.957391534976,NA,63.5414386035193,"localGP"
"19652",80,39,0,8,50.1774313220849,81.7432518785976,"Smooth","Avg. Reward Condition",40,"2",17,8,89,634,"Long",0.174763325421164,147.957391534976,NA,63.5414386035193,"localGP"
"19653",80,40,0,7,75.6546500292789,81.7432518785976,"Smooth","Avg. Reward Condition",40,"2",17,2,78,634,"Long",0.174763325421164,147.957391534976,NA,63.5414386035193,"localGP"
"19654",80,41,0,6,45.728251505355,81.7432518785976,"Smooth","Avg. Reward Condition",40,"2",17,1,67,634,"Long",0.174763325421164,147.957391534976,NA,63.5414386035193,"localGP"
"19655",80,1,7,7,26.5059569400407,26.5059569400407,"Smooth","Avg. Reward Condition",20,"3",2,NA,85,635,"Short",0.0874365699141166,0.65719097768002,NA,0.454262219860553,"localGP"
"19656",80,2,6,0,43.9679034067022,43.9679034067022,"Smooth","Avg. Reward Condition",20,"3",2,2,7,635,"Short",0.0874365699141166,0.65719097768002,NA,0.454262219860553,"localGP"
"19657",80,3,1,7,39.0259379253794,43.9679034067022,"Smooth","Avg. Reward Condition",20,"3",2,3,79,635,"Short",0.0874365699141166,0.65719097768002,NA,0.454262219860553,"localGP"
"19658",80,4,1,6,25.7521416904729,43.9679034067022,"Smooth","Avg. Reward Condition",20,"3",2,2,68,635,"Short",0.0874365699141166,0.65719097768002,NA,0.454262219860553,"localGP"
"19659",80,5,5,10,41.8818995503889,43.9679034067022,"Smooth","Avg. Reward Condition",20,"3",2,1,116,635,"Short",0.0874365699141166,0.65719097768002,NA,0.454262219860553,"localGP"
"19660",80,6,4,10,46.120681685965,46.120681685965,"Smooth","Avg. Reward Condition",20,"3",2,2,115,635,"Short",0.0874365699141166,0.65719097768002,NA,0.454262219860553,"localGP"
"19661",80,7,4,9,50.5750945891225,50.5750945891225,"Smooth","Avg. Reward Condition",20,"3",2,1,104,635,"Short",0.0874365699141166,0.65719097768002,NA,0.454262219860553,"localGP"
"19662",80,8,1,1,53.5541131096444,53.5541131096444,"Smooth","Avg. Reward Condition",20,"3",2,1,13,635,"Short",0.0874365699141166,0.65719097768002,NA,0.454262219860553,"localGP"
"19663",80,9,2,1,41.6870799554234,53.5541131096444,"Smooth","Avg. Reward Condition",20,"3",2,2,14,635,"Short",0.0874365699141166,0.65719097768002,NA,0.454262219860553,"localGP"
"19664",80,10,10,0,37.7307124403184,53.5541131096444,"Smooth","Avg. Reward Condition",20,"3",2,1,11,635,"Short",0.0874365699141166,0.65719097768002,NA,0.454262219860553,"localGP"
"19665",80,11,9,1,57.6609660514136,57.6609660514136,"Smooth","Avg. Reward Condition",20,"3",2,1,21,635,"Short",0.0874365699141166,0.65719097768002,NA,0.454262219860553,"localGP"
"19666",80,12,9,2,19.7845577092185,57.6609660514136,"Smooth","Avg. Reward Condition",20,"3",2,1,32,635,"Short",0.0874365699141166,0.65719097768002,NA,0.454262219860553,"localGP"
"19667",80,13,10,3,60.6679429845796,60.6679429845796,"Smooth","Avg. Reward Condition",20,"3",2,3,44,635,"Short",0.0874365699141166,0.65719097768002,NA,0.454262219860553,"localGP"
"19668",80,14,10,4,52.2107180843675,60.6679429845796,"Smooth","Avg. Reward Condition",20,"3",2,1,55,635,"Short",0.0874365699141166,0.65719097768002,NA,0.454262219860553,"localGP"
"19669",80,15,9,4,34.0962732882197,60.6679429845796,"Smooth","Avg. Reward Condition",20,"3",2,7,54,635,"Short",0.0874365699141166,0.65719097768002,NA,0.454262219860553,"localGP"
"19670",80,16,8,4,41.9391339011976,60.6679429845796,"Smooth","Avg. Reward Condition",20,"3",2,1,53,635,"Short",0.0874365699141166,0.65719097768002,NA,0.454262219860553,"localGP"
"19671",80,17,9,5,74.2282844948157,74.2282844948157,"Smooth","Avg. Reward Condition",20,"3",2,0,65,635,"Short",0.0874365699141166,0.65719097768002,NA,0.454262219860553,"localGP"
"19672",80,18,9,6,60.9966324493762,74.2282844948157,"Smooth","Avg. Reward Condition",20,"3",2,2,76,635,"Short",0.0874365699141166,0.65719097768002,NA,0.454262219860553,"localGP"
"19673",80,19,9,7,24.6631121599105,74.2282844948157,"Smooth","Avg. Reward Condition",20,"3",2,1,87,635,"Short",0.0874365699141166,0.65719097768002,NA,0.454262219860553,"localGP"
"19674",80,20,10,4,52.2107180843675,74.2282844948157,"Smooth","Avg. Reward Condition",20,"3",2,0,55,635,"Short",0.0874365699141166,0.65719097768002,NA,0.454262219860553,"localGP"
"19675",80,21,10,6,72.5002768176028,74.2282844948157,"Smooth","Avg. Reward Condition",20,"3",2,1,77,635,"Short",0.0874365699141166,0.65719097768002,NA,0.454262219860553,"localGP"
"19676",80,1,4,1,65.3463353635867,65.3463353635867,"Smooth","Avg. Reward Condition",40,"4",14,NA,16,636,"Long",0.247841829129654,99.4960803725222,NA,95.9619767742749,"localGP"
"19677",80,2,4,2,87.5181735479042,87.5181735479042,"Smooth","Avg. Reward Condition",40,"4",14,11,27,636,"Long",0.247841829129654,99.4960803725222,NA,95.9619767742749,"localGP"
"19678",80,3,2,2,74.8205512494422,87.5181735479042,"Smooth","Avg. Reward Condition",40,"4",14,4,25,636,"Long",0.247841829129654,99.4960803725222,NA,95.9619767742749,"localGP"
"19679",80,4,1,2,100,100,"Smooth","Avg. Reward Condition",40,"4",14,1,24,636,"Long",0.247841829129654,99.4960803725222,NA,95.9619767742749,"localGP"
"19680",80,5,0,2,76.8659090537279,100,"Smooth","Avg. Reward Condition",40,"4",14,1,23,636,"Long",0.247841829129654,99.4960803725222,NA,95.9619767742749,"localGP"
"19681",80,6,3,10,73.0643820876039,100,"Smooth","Avg. Reward Condition",40,"4",14,3,114,636,"Long",0.247841829129654,99.4960803725222,NA,95.9619767742749,"localGP"
"19682",80,7,3,9,51.081612220025,100,"Smooth","Avg. Reward Condition",40,"4",14,6,103,636,"Long",0.247841829129654,99.4960803725222,NA,95.9619767742749,"localGP"
"19683",80,8,3,9,51.081612220025,100,"Smooth","Avg. Reward Condition",40,"4",14,4,103,636,"Long",0.247841829129654,99.4960803725222,NA,95.9619767742749,"localGP"
"19684",80,9,3,8,65.8667223880299,100,"Smooth","Avg. Reward Condition",40,"4",14,1,92,636,"Long",0.247841829129654,99.4960803725222,NA,95.9619767742749,"localGP"
"19685",80,10,5,8,47.473484519333,100,"Smooth","Avg. Reward Condition",40,"4",14,3,94,636,"Long",0.247841829129654,99.4960803725222,NA,95.9619767742749,"localGP"
"19686",80,11,5,9,30.8764007888026,100,"Smooth","Avg. Reward Condition",40,"4",14,1,105,636,"Long",0.247841829129654,99.4960803725222,NA,95.9619767742749,"localGP"
"19687",80,12,5,9,30.8764007888026,100,"Smooth","Avg. Reward Condition",40,"4",14,2,105,636,"Long",0.247841829129654,99.4960803725222,NA,95.9619767742749,"localGP"
"19688",80,13,6,9,39.5539935704967,100,"Smooth","Avg. Reward Condition",40,"4",14,2,106,636,"Long",0.247841829129654,99.4960803725222,NA,95.9619767742749,"localGP"
"19689",80,14,6,8,53.0492949372385,100,"Smooth","Avg. Reward Condition",40,"4",14,1,95,636,"Long",0.247841829129654,99.4960803725222,NA,95.9619767742749,"localGP"
"19690",80,15,6,7,64.3536990872378,100,"Smooth","Avg. Reward Condition",40,"4",14,1,84,636,"Long",0.247841829129654,99.4960803725222,NA,95.9619767742749,"localGP"
"19691",80,16,5,7,59.9884412518984,100,"Smooth","Avg. Reward Condition",40,"4",14,2,83,636,"Long",0.247841829129654,99.4960803725222,NA,95.9619767742749,"localGP"
"19692",80,17,5,10,39.8900904491115,100,"Smooth","Avg. Reward Condition",40,"4",14,1,116,636,"Long",0.247841829129654,99.4960803725222,NA,95.9619767742749,"localGP"
"19693",80,18,6,10,40.244981968157,100,"Smooth","Avg. Reward Condition",40,"4",14,1,117,636,"Long",0.247841829129654,99.4960803725222,NA,95.9619767742749,"localGP"
"19694",80,19,6,9,39.5539935704967,100,"Smooth","Avg. Reward Condition",40,"4",14,0,106,636,"Long",0.247841829129654,99.4960803725222,NA,95.9619767742749,"localGP"
"19695",80,20,6,10,40.244981968157,100,"Smooth","Avg. Reward Condition",40,"4",14,4,117,636,"Long",0.247841829129654,99.4960803725222,NA,95.9619767742749,"localGP"
"19696",80,21,5,10,39.8900904491115,100,"Smooth","Avg. Reward Condition",40,"4",14,1,116,636,"Long",0.247841829129654,99.4960803725222,NA,95.9619767742749,"localGP"
"19697",80,22,4,3,65.3292450203886,100,"Smooth","Avg. Reward Condition",40,"4",14,3,38,636,"Long",0.247841829129654,99.4960803725222,NA,95.9619767742749,"localGP"
"19698",80,23,4,3,65.3292450203886,100,"Smooth","Avg. Reward Condition",40,"4",14,3,38,636,"Long",0.247841829129654,99.4960803725222,NA,95.9619767742749,"localGP"
"19699",80,24,10,10,16.6581489852358,100,"Smooth","Avg. Reward Condition",40,"4",14,6,121,636,"Long",0.247841829129654,99.4960803725222,NA,95.9619767742749,"localGP"
"19700",80,25,6,5,12.2964958539745,100,"Smooth","Avg. Reward Condition",40,"4",14,2,62,636,"Long",0.247841829129654,99.4960803725222,NA,95.9619767742749,"localGP"
"19701",80,26,3,7,83.336671792531,100,"Smooth","Avg. Reward Condition",40,"4",14,2,81,636,"Long",0.247841829129654,99.4960803725222,NA,95.9619767742749,"localGP"
"19702",80,27,1,5,56.5450425488561,100,"Smooth","Avg. Reward Condition",40,"4",14,1,57,636,"Long",0.247841829129654,99.4960803725222,NA,95.9619767742749,"localGP"
"19703",80,28,1,5,56.5450425488561,100,"Smooth","Avg. Reward Condition",40,"4",14,1,57,636,"Long",0.247841829129654,99.4960803725222,NA,95.9619767742749,"localGP"
"19704",80,29,1,4,50.1159622354863,100,"Smooth","Avg. Reward Condition",40,"4",14,3,46,636,"Long",0.247841829129654,99.4960803725222,NA,95.9619767742749,"localGP"
"19705",80,30,0,4,77.3776317669719,100,"Smooth","Avg. Reward Condition",40,"4",14,2,45,636,"Long",0.247841829129654,99.4960803725222,NA,95.9619767742749,"localGP"
"19706",80,31,0,2,76.8659090537279,100,"Smooth","Avg. Reward Condition",40,"4",14,1,23,636,"Long",0.247841829129654,99.4960803725222,NA,95.9619767742749,"localGP"
"19707",80,32,0,3,91.5355338017791,100,"Smooth","Avg. Reward Condition",40,"4",14,2,34,636,"Long",0.247841829129654,99.4960803725222,NA,95.9619767742749,"localGP"
"19708",80,33,4,5,31.8484137393175,100,"Smooth","Avg. Reward Condition",40,"4",14,2,60,636,"Long",0.247841829129654,99.4960803725222,NA,95.9619767742749,"localGP"
"19709",80,34,3,3,70.0835209190621,100,"Smooth","Avg. Reward Condition",40,"4",14,3,37,636,"Long",0.247841829129654,99.4960803725222,NA,95.9619767742749,"localGP"
"19710",80,35,4,3,65.3292450203886,100,"Smooth","Avg. Reward Condition",40,"4",14,1,38,636,"Long",0.247841829129654,99.4960803725222,NA,95.9619767742749,"localGP"
"19711",80,36,4,2,87.5181735479042,100,"Smooth","Avg. Reward Condition",40,"4",14,1,27,636,"Long",0.247841829129654,99.4960803725222,NA,95.9619767742749,"localGP"
"19712",80,37,4,1,65.3463353635867,100,"Smooth","Avg. Reward Condition",40,"4",14,3,16,636,"Long",0.247841829129654,99.4960803725222,NA,95.9619767742749,"localGP"
"19713",80,38,4,0,56.6818334145278,100,"Smooth","Avg. Reward Condition",40,"4",14,1,5,636,"Long",0.247841829129654,99.4960803725222,NA,95.9619767742749,"localGP"
"19714",80,39,2,0,39.9028275804377,100,"Smooth","Avg. Reward Condition",40,"4",14,1,3,636,"Long",0.247841829129654,99.4960803725222,NA,95.9619767742749,"localGP"
"19715",80,40,2,0,39.9028275804377,100,"Smooth","Avg. Reward Condition",40,"4",14,1,3,636,"Long",0.247841829129654,99.4960803725222,NA,95.9619767742749,"localGP"
"19716",80,41,2,0,39.9028275804377,100,"Smooth","Avg. Reward Condition",40,"4",14,1,3,636,"Long",0.247841829129654,99.4960803725222,NA,95.9619767742749,"localGP"
"19717",80,1,8,4,38.0812277919718,38.0812277919718,"Smooth","Avg. Reward Condition",20,"5",18,NA,53,637,"Short",0.0935095942371324,0.559610617329097,NA,0.480401674682242,"localGP"
"19718",80,2,8,3,32.1774726570329,38.0812277919718,"Smooth","Avg. Reward Condition",20,"5",18,2,42,637,"Short",0.0935095942371324,0.559610617329097,NA,0.480401674682242,"localGP"
"19719",80,3,9,3,52.6770087163606,52.6770087163606,"Smooth","Avg. Reward Condition",20,"5",18,3,43,637,"Short",0.0935095942371324,0.559610617329097,NA,0.480401674682242,"localGP"
"19720",80,4,9,4,40.7628674874765,52.6770087163606,"Smooth","Avg. Reward Condition",20,"5",18,2,54,637,"Short",0.0935095942371324,0.559610617329097,NA,0.480401674682242,"localGP"
"19721",80,5,10,5,37.8302996702739,52.6770087163606,"Smooth","Avg. Reward Condition",20,"5",18,2,66,637,"Short",0.0935095942371324,0.559610617329097,NA,0.480401674682242,"localGP"
"19722",80,6,8,2,23.7481836425879,52.6770087163606,"Smooth","Avg. Reward Condition",20,"5",18,4,31,637,"Short",0.0935095942371324,0.559610617329097,NA,0.480401674682242,"localGP"
"19723",80,7,9,2,46.2486687787869,52.6770087163606,"Smooth","Avg. Reward Condition",20,"5",18,2,32,637,"Short",0.0935095942371324,0.559610617329097,NA,0.480401674682242,"localGP"
"19724",80,8,10,1,51.8458396113601,52.6770087163606,"Smooth","Avg. Reward Condition",20,"5",18,4,22,637,"Short",0.0935095942371324,0.559610617329097,NA,0.480401674682242,"localGP"
"19725",80,9,7,3,0,52.6770087163606,"Smooth","Avg. Reward Condition",20,"5",18,2,41,637,"Short",0.0935095942371324,0.559610617329097,NA,0.480401674682242,"localGP"
"19726",80,10,7,2,4.89701301731659,52.6770087163606,"Smooth","Avg. Reward Condition",20,"5",18,5,30,637,"Short",0.0935095942371324,0.559610617329097,NA,0.480401674682242,"localGP"
"19727",80,11,7,1,20.2621772906114,52.6770087163606,"Smooth","Avg. Reward Condition",20,"5",18,2,19,637,"Short",0.0935095942371324,0.559610617329097,NA,0.480401674682242,"localGP"
"19728",80,12,8,1,22.4638703652577,52.6770087163606,"Smooth","Avg. Reward Condition",20,"5",18,1,20,637,"Short",0.0935095942371324,0.559610617329097,NA,0.480401674682242,"localGP"
"19729",80,13,9,0,42.0409614410277,52.6770087163606,"Smooth","Avg. Reward Condition",20,"5",18,2,10,637,"Short",0.0935095942371324,0.559610617329097,NA,0.480401674682242,"localGP"
"19730",80,14,10,0,38.2617250048476,52.6770087163606,"Smooth","Avg. Reward Condition",20,"5",18,2,11,637,"Short",0.0935095942371324,0.559610617329097,NA,0.480401674682242,"localGP"
"19731",80,15,10,3,47.7289893692748,52.6770087163606,"Smooth","Avg. Reward Condition",20,"5",18,1,44,637,"Short",0.0935095942371324,0.559610617329097,NA,0.480401674682242,"localGP"
"19732",80,16,5,8,32.0305817810502,52.6770087163606,"Smooth","Avg. Reward Condition",20,"5",18,5,94,637,"Short",0.0935095942371324,0.559610617329097,NA,0.480401674682242,"localGP"
"19733",80,17,5,7,60.8656482156471,60.8656482156471,"Smooth","Avg. Reward Condition",20,"5",18,2,83,637,"Short",0.0935095942371324,0.559610617329097,NA,0.480401674682242,"localGP"
"19734",80,18,5,6,67.4717782812046,67.4717782812046,"Smooth","Avg. Reward Condition",20,"5",18,1,72,637,"Short",0.0935095942371324,0.559610617329097,NA,0.480401674682242,"localGP"
"19735",80,19,5,5,61.5391732787472,67.4717782812046,"Smooth","Avg. Reward Condition",20,"5",18,1,61,637,"Short",0.0935095942371324,0.559610617329097,NA,0.480401674682242,"localGP"
"19736",80,20,4,5,66.1329906623103,67.4717782812046,"Smooth","Avg. Reward Condition",20,"5",18,1,60,637,"Short",0.0935095942371324,0.559610617329097,NA,0.480401674682242,"localGP"
"19737",80,21,10,0,38.2617250048476,67.4717782812046,"Smooth","Avg. Reward Condition",20,"5",18,2,11,637,"Short",0.0935095942371324,0.559610617329097,NA,0.480401674682242,"localGP"
"19738",80,1,1,4,55.5969206133783,55.5969206133783,"Smooth","Avg. Reward Condition",40,"6",8,NA,46,638,"Long",0.20586520754828,141.743464811179,NA,84.1092186111522,"localGP"
"19739",80,2,1,3,30.8979610069097,55.5969206133783,"Smooth","Avg. Reward Condition",40,"6",8,5,35,638,"Long",0.20586520754828,141.743464811179,NA,84.1092186111522,"localGP"
"19740",80,3,8,10,37.5051965448462,55.5969206133783,"Smooth","Avg. Reward Condition",40,"6",8,3,119,638,"Long",0.20586520754828,141.743464811179,NA,84.1092186111522,"localGP"
"19741",80,4,9,8,27.0558212429055,55.5969206133783,"Smooth","Avg. Reward Condition",40,"6",8,1,98,638,"Long",0.20586520754828,141.743464811179,NA,84.1092186111522,"localGP"
"19742",80,5,9,1,51.1161820645571,55.5969206133783,"Smooth","Avg. Reward Condition",40,"6",8,1,21,638,"Long",0.20586520754828,141.743464811179,NA,84.1092186111522,"localGP"
"19743",80,6,9,0,16.1370161080911,55.5969206133783,"Smooth","Avg. Reward Condition",40,"6",8,3,10,638,"Long",0.20586520754828,141.743464811179,NA,84.1092186111522,"localGP"
"19744",80,7,9,1,51.1161820645571,55.5969206133783,"Smooth","Avg. Reward Condition",40,"6",8,6,21,638,"Long",0.20586520754828,141.743464811179,NA,84.1092186111522,"localGP"
"19745",80,8,9,0,16.1370161080911,55.5969206133783,"Smooth","Avg. Reward Condition",40,"6",8,5,10,638,"Long",0.20586520754828,141.743464811179,NA,84.1092186111522,"localGP"
"19746",80,9,8,9,24.6189505790848,55.5969206133783,"Smooth","Avg. Reward Condition",40,"6",8,2,108,638,"Long",0.20586520754828,141.743464811179,NA,84.1092186111522,"localGP"
"19747",80,10,8,10,37.5051965448462,55.5969206133783,"Smooth","Avg. Reward Condition",40,"6",8,1,119,638,"Long",0.20586520754828,141.743464811179,NA,84.1092186111522,"localGP"
"19748",80,11,4,9,45.6417969596103,55.5969206133783,"Smooth","Avg. Reward Condition",40,"6",8,0,104,638,"Long",0.20586520754828,141.743464811179,NA,84.1092186111522,"localGP"
"19749",80,12,4,10,41.3626992316202,55.5969206133783,"Smooth","Avg. Reward Condition",40,"6",8,1,115,638,"Long",0.20586520754828,141.743464811179,NA,84.1092186111522,"localGP"
"19750",80,13,6,10,32.8333952900599,55.5969206133783,"Smooth","Avg. Reward Condition",40,"6",8,1,117,638,"Long",0.20586520754828,141.743464811179,NA,84.1092186111522,"localGP"
"19751",80,14,7,1,50.2177427569694,55.5969206133783,"Smooth","Avg. Reward Condition",40,"6",8,2,19,638,"Long",0.20586520754828,141.743464811179,NA,84.1092186111522,"localGP"
"19752",80,15,4,7,87.7929185379322,87.7929185379322,"Smooth","Avg. Reward Condition",40,"6",8,1,82,638,"Long",0.20586520754828,141.743464811179,NA,84.1092186111522,"localGP"
"19753",80,16,3,7,79.3800074226317,87.7929185379322,"Smooth","Avg. Reward Condition",40,"6",8,1,81,638,"Long",0.20586520754828,141.743464811179,NA,84.1092186111522,"localGP"
"19754",80,17,3,9,40.8521738054873,87.7929185379322,"Smooth","Avg. Reward Condition",40,"6",8,2,103,638,"Long",0.20586520754828,141.743464811179,NA,84.1092186111522,"localGP"
"19755",80,18,5,9,44.3361493266823,87.7929185379322,"Smooth","Avg. Reward Condition",40,"6",8,1,105,638,"Long",0.20586520754828,141.743464811179,NA,84.1092186111522,"localGP"
"19756",80,19,6,9,54.5546785707911,87.7929185379322,"Smooth","Avg. Reward Condition",40,"6",8,5,106,638,"Long",0.20586520754828,141.743464811179,NA,84.1092186111522,"localGP"
"19757",80,20,10,6,58.4861545371747,87.7929185379322,"Smooth","Avg. Reward Condition",40,"6",8,4,77,638,"Long",0.20586520754828,141.743464811179,NA,84.1092186111522,"localGP"
"19758",80,21,10,6,58.4861545371747,87.7929185379322,"Smooth","Avg. Reward Condition",40,"6",8,2,77,638,"Long",0.20586520754828,141.743464811179,NA,84.1092186111522,"localGP"
"19759",80,22,10,6,58.4861545371747,87.7929185379322,"Smooth","Avg. Reward Condition",40,"6",8,1,77,638,"Long",0.20586520754828,141.743464811179,NA,84.1092186111522,"localGP"
"19760",80,23,9,6,36.3129176389145,87.7929185379322,"Smooth","Avg. Reward Condition",40,"6",8,3,76,638,"Long",0.20586520754828,141.743464811179,NA,84.1092186111522,"localGP"
"19761",80,24,9,5,83.9959054519375,87.7929185379322,"Smooth","Avg. Reward Condition",40,"6",8,1,65,638,"Long",0.20586520754828,141.743464811179,NA,84.1092186111522,"localGP"
"19762",80,25,10,5,84.8597235153552,87.7929185379322,"Smooth","Avg. Reward Condition",40,"6",8,4,66,638,"Long",0.20586520754828,141.743464811179,NA,84.1092186111522,"localGP"
"19763",80,26,9,2,75.3584348689062,87.7929185379322,"Smooth","Avg. Reward Condition",40,"6",8,1,32,638,"Long",0.20586520754828,141.743464811179,NA,84.1092186111522,"localGP"
"19764",80,27,1,4,55.5969206133783,87.7929185379322,"Smooth","Avg. Reward Condition",40,"6",8,2,46,638,"Long",0.20586520754828,141.743464811179,NA,84.1092186111522,"localGP"
"19765",80,28,0,1,40.9480065952068,87.7929185379322,"Smooth","Avg. Reward Condition",40,"6",8,2,12,638,"Long",0.20586520754828,141.743464811179,NA,84.1092186111522,"localGP"
"19766",80,29,0,0,35.8309397393345,87.7929185379322,"Smooth","Avg. Reward Condition",40,"6",8,1,1,638,"Long",0.20586520754828,141.743464811179,NA,84.1092186111522,"localGP"
"19767",80,30,1,10,55.500663546292,87.7929185379322,"Smooth","Avg. Reward Condition",40,"6",8,4,112,638,"Long",0.20586520754828,141.743464811179,NA,84.1092186111522,"localGP"
"19768",80,31,8,0,19.9542007611665,87.7929185379322,"Smooth","Avg. Reward Condition",40,"6",8,2,9,638,"Long",0.20586520754828,141.743464811179,NA,84.1092186111522,"localGP"
"19769",80,32,7,0,41.9382069240684,87.7929185379322,"Smooth","Avg. Reward Condition",40,"6",8,5,8,638,"Long",0.20586520754828,141.743464811179,NA,84.1092186111522,"localGP"
"19770",80,33,8,0,19.9542007611665,87.7929185379322,"Smooth","Avg. Reward Condition",40,"6",8,2,9,638,"Long",0.20586520754828,141.743464811179,NA,84.1092186111522,"localGP"
"19771",80,34,7,0,41.9382069240684,87.7929185379322,"Smooth","Avg. Reward Condition",40,"6",8,1,8,638,"Long",0.20586520754828,141.743464811179,NA,84.1092186111522,"localGP"
"19772",80,35,1,5,69.9793335818367,87.7929185379322,"Smooth","Avg. Reward Condition",40,"6",8,3,57,638,"Long",0.20586520754828,141.743464811179,NA,84.1092186111522,"localGP"
"19773",80,36,1,7,26.9136247200842,87.7929185379322,"Smooth","Avg. Reward Condition",40,"6",8,4,79,638,"Long",0.20586520754828,141.743464811179,NA,84.1092186111522,"localGP"
"19774",80,37,1,8,49.7201616143844,87.7929185379322,"Smooth","Avg. Reward Condition",40,"6",8,1,90,638,"Long",0.20586520754828,141.743464811179,NA,84.1092186111522,"localGP"
"19775",80,38,0,7,41.9871780226949,87.7929185379322,"Smooth","Avg. Reward Condition",40,"6",8,2,78,638,"Long",0.20586520754828,141.743464811179,NA,84.1092186111522,"localGP"
"19776",80,39,0,7,41.9871780226949,87.7929185379322,"Smooth","Avg. Reward Condition",40,"6",8,1,78,638,"Long",0.20586520754828,141.743464811179,NA,84.1092186111522,"localGP"
"19777",80,40,4,7,87.7929185379322,87.7929185379322,"Smooth","Avg. Reward Condition",40,"6",8,1,82,638,"Long",0.20586520754828,141.743464811179,NA,84.1092186111522,"localGP"
"19778",80,41,3,7,79.3800074226317,87.7929185379322,"Smooth","Avg. Reward Condition",40,"6",8,2,81,638,"Long",0.20586520754828,141.743464811179,NA,84.1092186111522,"localGP"
"19779",80,1,5,4,33.9006613520623,33.9006613520623,"Smooth","Avg. Reward Condition",20,"7",13,NA,50,639,"Short",0.088128828135786,0.574870932150056,NA,0.479341785914988,"localGP"
"19780",80,2,7,4,32.6827550464112,33.9006613520623,"Smooth","Avg. Reward Condition",20,"7",13,4,52,639,"Short",0.088128828135786,0.574870932150056,NA,0.479341785914988,"localGP"
"19781",80,3,7,3,27.7085834681235,33.9006613520623,"Smooth","Avg. Reward Condition",20,"7",13,3,41,639,"Short",0.088128828135786,0.574870932150056,NA,0.479341785914988,"localGP"
"19782",80,4,7,1,24.4745500697421,33.9006613520623,"Smooth","Avg. Reward Condition",20,"7",13,1,19,639,"Short",0.088128828135786,0.574870932150056,NA,0.479341785914988,"localGP"
"19783",80,5,9,9,62.7122285843456,62.7122285843456,"Smooth","Avg. Reward Condition",20,"7",13,4,109,639,"Short",0.088128828135786,0.574870932150056,NA,0.479341785914988,"localGP"
"19784",80,6,10,1,84.1387204630061,84.1387204630061,"Smooth","Avg. Reward Condition",20,"7",13,6,22,639,"Short",0.088128828135786,0.574870932150056,NA,0.479341785914988,"localGP"
"19785",80,7,9,1,33.2193816371395,84.1387204630061,"Smooth","Avg. Reward Condition",20,"7",13,3,21,639,"Short",0.088128828135786,0.574870932150056,NA,0.479341785914988,"localGP"
"19786",80,8,9,0,44.4816550255405,84.1387204630061,"Smooth","Avg. Reward Condition",20,"7",13,9,10,639,"Short",0.088128828135786,0.574870932150056,NA,0.479341785914988,"localGP"
"19787",80,9,10,0,100,100,"Smooth","Avg. Reward Condition",20,"7",13,2,11,639,"Short",0.088128828135786,0.574870932150056,NA,0.479341785914988,"localGP"
"19788",80,10,10,0,100,100,"Smooth","Avg. Reward Condition",20,"7",13,3,11,639,"Short",0.088128828135786,0.574870932150056,NA,0.479341785914988,"localGP"
"19789",80,11,10,0,100,100,"Smooth","Avg. Reward Condition",20,"7",13,1,11,639,"Short",0.088128828135786,0.574870932150056,NA,0.479341785914988,"localGP"
"19790",80,12,10,0,100,100,"Smooth","Avg. Reward Condition",20,"7",13,3,11,639,"Short",0.088128828135786,0.574870932150056,NA,0.479341785914988,"localGP"
"19791",80,13,10,0,100,100,"Smooth","Avg. Reward Condition",20,"7",13,1,11,639,"Short",0.088128828135786,0.574870932150056,NA,0.479341785914988,"localGP"
"19792",80,14,5,0,64.1419179337713,100,"Smooth","Avg. Reward Condition",20,"7",13,1,6,639,"Short",0.088128828135786,0.574870932150056,NA,0.479341785914988,"localGP"
"19793",80,15,5,1,30.9871614244868,100,"Smooth","Avg. Reward Condition",20,"7",13,0,17,639,"Short",0.088128828135786,0.574870932150056,NA,0.479341785914988,"localGP"
"19794",80,16,6,1,0,100,"Smooth","Avg. Reward Condition",20,"7",13,2,18,639,"Short",0.088128828135786,0.574870932150056,NA,0.479341785914988,"localGP"
"19795",80,17,9,4,36.4101012939869,100,"Smooth","Avg. Reward Condition",20,"7",13,1,54,639,"Short",0.088128828135786,0.574870932150056,NA,0.479341785914988,"localGP"
"19796",80,18,10,4,46.4286824642032,100,"Smooth","Avg. Reward Condition",20,"7",13,2,55,639,"Short",0.088128828135786,0.574870932150056,NA,0.479341785914988,"localGP"
"19797",80,19,7,4,32.6827550464112,100,"Smooth","Avg. Reward Condition",20,"7",13,2,52,639,"Short",0.088128828135786,0.574870932150056,NA,0.479341785914988,"localGP"
"19798",80,20,7,5,38.1427097359156,100,"Smooth","Avg. Reward Condition",20,"7",13,1,63,639,"Short",0.088128828135786,0.574870932150056,NA,0.479341785914988,"localGP"
"19799",80,21,6,5,40.403960166515,100,"Smooth","Avg. Reward Condition",20,"7",13,2,62,639,"Short",0.088128828135786,0.574870932150056,NA,0.479341785914988,"localGP"
"19800",80,1,0,2,79.3285213093921,79.3285213093921,"Smooth","Avg. Reward Condition",40,"8",3,NA,23,640,"Long",0.11538991650996,0.641484874255093,NA,0.635848181628688,"localGP"
"19801",80,2,1,2,73.9442731369025,79.3285213093921,"Smooth","Avg. Reward Condition",40,"8",3,10,24,640,"Long",0.11538991650996,0.641484874255093,NA,0.635848181628688,"localGP"
"19802",80,3,0,2,79.3285213093921,79.3285213093921,"Smooth","Avg. Reward Condition",40,"8",3,1,23,640,"Long",0.11538991650996,0.641484874255093,NA,0.635848181628688,"localGP"
"19803",80,4,0,1,65.8842210019146,79.3285213093921,"Smooth","Avg. Reward Condition",40,"8",3,2,12,640,"Long",0.11538991650996,0.641484874255093,NA,0.635848181628688,"localGP"
"19804",80,5,0,0,44.0135944380154,79.3285213093921,"Smooth","Avg. Reward Condition",40,"8",3,5,1,640,"Long",0.11538991650996,0.641484874255093,NA,0.635848181628688,"localGP"
"19805",80,6,3,1,50.2535839853103,79.3285213093921,"Smooth","Avg. Reward Condition",40,"8",3,0,15,640,"Long",0.11538991650996,0.641484874255093,NA,0.635848181628688,"localGP"
"19806",80,7,3,2,42.1944020034096,79.3285213093921,"Smooth","Avg. Reward Condition",40,"8",3,2,26,640,"Long",0.11538991650996,0.641484874255093,NA,0.635848181628688,"localGP"
"19807",80,8,4,2,29.665903632224,79.3285213093921,"Smooth","Avg. Reward Condition",40,"8",3,0,27,640,"Long",0.11538991650996,0.641484874255093,NA,0.635848181628688,"localGP"
"19808",80,9,2,0,30.4119730955053,79.3285213093921,"Smooth","Avg. Reward Condition",40,"8",3,1,3,640,"Long",0.11538991650996,0.641484874255093,NA,0.635848181628688,"localGP"
"19809",80,10,10,8,89.8653397577546,89.8653397577546,"Smooth","Avg. Reward Condition",40,"8",3,1,99,640,"Long",0.11538991650996,0.641484874255093,NA,0.635848181628688,"localGP"
"19810",80,11,3,8,33.5669254612635,89.8653397577546,"Smooth","Avg. Reward Condition",40,"8",3,1,92,640,"Long",0.11538991650996,0.641484874255093,NA,0.635848181628688,"localGP"
"19811",80,12,2,8,20.9507228019085,89.8653397577546,"Smooth","Avg. Reward Condition",40,"8",3,2,91,640,"Long",0.11538991650996,0.641484874255093,NA,0.635848181628688,"localGP"
"19812",80,13,1,1,55.6104424370959,89.8653397577546,"Smooth","Avg. Reward Condition",40,"8",3,0,13,640,"Long",0.11538991650996,0.641484874255093,NA,0.635848181628688,"localGP"
"19813",80,14,2,1,54.3500137878214,89.8653397577546,"Smooth","Avg. Reward Condition",40,"8",3,1,14,640,"Long",0.11538991650996,0.641484874255093,NA,0.635848181628688,"localGP"
"19814",80,15,2,2,53.1533598477093,89.8653397577546,"Smooth","Avg. Reward Condition",40,"8",3,2,25,640,"Long",0.11538991650996,0.641484874255093,NA,0.635848181628688,"localGP"
"19815",80,16,2,3,30.603751713123,89.8653397577546,"Smooth","Avg. Reward Condition",40,"8",3,0,36,640,"Long",0.11538991650996,0.641484874255093,NA,0.635848181628688,"localGP"
"19816",80,17,3,4,49.3373531062478,89.8653397577546,"Smooth","Avg. Reward Condition",40,"8",3,1,48,640,"Long",0.11538991650996,0.641484874255093,NA,0.635848181628688,"localGP"
"19817",80,18,4,4,49.7580304361875,89.8653397577546,"Smooth","Avg. Reward Condition",40,"8",3,2,49,640,"Long",0.11538991650996,0.641484874255093,NA,0.635848181628688,"localGP"
"19818",80,19,7,10,69.9878976597928,89.8653397577546,"Smooth","Avg. Reward Condition",40,"8",3,1,118,640,"Long",0.11538991650996,0.641484874255093,NA,0.635848181628688,"localGP"
"19819",80,20,6,10,74.9768973404555,89.8653397577546,"Smooth","Avg. Reward Condition",40,"8",3,0,117,640,"Long",0.11538991650996,0.641484874255093,NA,0.635848181628688,"localGP"
"19820",80,21,5,10,69.7494805541345,89.8653397577546,"Smooth","Avg. Reward Condition",40,"8",3,2,116,640,"Long",0.11538991650996,0.641484874255093,NA,0.635848181628688,"localGP"
"19821",80,22,2,10,32.7930562436501,89.8653397577546,"Smooth","Avg. Reward Condition",40,"8",3,0,113,640,"Long",0.11538991650996,0.641484874255093,NA,0.635848181628688,"localGP"
"19822",80,23,3,10,27.8257568342711,89.8653397577546,"Smooth","Avg. Reward Condition",40,"8",3,0,114,640,"Long",0.11538991650996,0.641484874255093,NA,0.635848181628688,"localGP"
"19823",80,24,4,10,39.6228842539641,89.8653397577546,"Smooth","Avg. Reward Condition",40,"8",3,2,115,640,"Long",0.11538991650996,0.641484874255093,NA,0.635848181628688,"localGP"
"19824",80,25,5,6,47.8129336861214,89.8653397577546,"Smooth","Avg. Reward Condition",40,"8",3,1,72,640,"Long",0.11538991650996,0.641484874255093,NA,0.635848181628688,"localGP"
"19825",80,26,5,5,43.9510730907808,89.8653397577546,"Smooth","Avg. Reward Condition",40,"8",3,3,61,640,"Long",0.11538991650996,0.641484874255093,NA,0.635848181628688,"localGP"
"19826",80,27,6,5,34.8312473198158,89.8653397577546,"Smooth","Avg. Reward Condition",40,"8",3,0,62,640,"Long",0.11538991650996,0.641484874255093,NA,0.635848181628688,"localGP"
"19827",80,28,7,5,29.412889108469,89.8653397577546,"Smooth","Avg. Reward Condition",40,"8",3,1,63,640,"Long",0.11538991650996,0.641484874255093,NA,0.635848181628688,"localGP"
"19828",80,29,7,4,51.8737663281412,89.8653397577546,"Smooth","Avg. Reward Condition",40,"8",3,1,52,640,"Long",0.11538991650996,0.641484874255093,NA,0.635848181628688,"localGP"
"19829",80,30,7,3,65.2894287443007,89.8653397577546,"Smooth","Avg. Reward Condition",40,"8",3,0,41,640,"Long",0.11538991650996,0.641484874255093,NA,0.635848181628688,"localGP"
"19830",80,31,7,2,63.8501760294012,89.8653397577546,"Smooth","Avg. Reward Condition",40,"8",3,2,30,640,"Long",0.11538991650996,0.641484874255093,NA,0.635848181628688,"localGP"
"19831",80,32,5,4,50.7453556763626,89.8653397577546,"Smooth","Avg. Reward Condition",40,"8",3,2,50,640,"Long",0.11538991650996,0.641484874255093,NA,0.635848181628688,"localGP"
"19832",80,33,5,3,63.6314304033713,89.8653397577546,"Smooth","Avg. Reward Condition",40,"8",3,2,39,640,"Long",0.11538991650996,0.641484874255093,NA,0.635848181628688,"localGP"
"19833",80,34,6,3,72.3648366559739,89.8653397577546,"Smooth","Avg. Reward Condition",40,"8",3,1,40,640,"Long",0.11538991650996,0.641484874255093,NA,0.635848181628688,"localGP"
"19834",80,35,8,6,39.3548348521366,89.8653397577546,"Smooth","Avg. Reward Condition",40,"8",3,1,75,640,"Long",0.11538991650996,0.641484874255093,NA,0.635848181628688,"localGP"
"19835",80,36,8,7,70.5152140178525,89.8653397577546,"Smooth","Avg. Reward Condition",40,"8",3,0,86,640,"Long",0.11538991650996,0.641484874255093,NA,0.635848181628688,"localGP"
"19836",80,37,7,7,84.838078337325,89.8653397577546,"Smooth","Avg. Reward Condition",40,"8",3,1,85,640,"Long",0.11538991650996,0.641484874255093,NA,0.635848181628688,"localGP"
"19837",80,38,4,4,49.7580304361875,89.8653397577546,"Smooth","Avg. Reward Condition",40,"8",3,1,49,640,"Long",0.11538991650996,0.641484874255093,NA,0.635848181628688,"localGP"
"19838",80,39,4,5,54.5351061532027,89.8653397577546,"Smooth","Avg. Reward Condition",40,"8",3,1,60,640,"Long",0.11538991650996,0.641484874255093,NA,0.635848181628688,"localGP"
"19839",80,40,3,5,45.7673029552207,89.8653397577546,"Smooth","Avg. Reward Condition",40,"8",3,0,59,640,"Long",0.11538991650996,0.641484874255093,NA,0.635848181628688,"localGP"
"19840",80,41,0,9,26.5966088386494,89.8653397577546,"Smooth","Avg. Reward Condition",40,"8",3,1,100,640,"Long",0.11538991650996,0.641484874255093,NA,0.635848181628688,"localGP"
