0.0625,0.0625,0.0625,0.0625,0.0625,0.0625,0.0625,0.0625,0.0625,0.0625,0.0625,0.0666666666666667,0.0666666666666667,0.0666666666666667,0.0714285714285714,0.0666666666666667,0.0666666666666667,0.0666666666666667,0.0666666666666667,0.0666666666666667
0.0666666666666667,0.0666666666666667,0.0666666666666667,0.0666666666666667,0.0666666666666667,0.0666666666666667,0.0666666666666667,0.0666666666666667,0.0666666666666667,0.0666666666666667,0.0666666666666667,0.0714285714285714,0.0714285714285714,0.0714285714285714,0.0769230769230769,0.0714285714285714,0.0714285714285714,0.0714285714285714,0.0714285714285714,0.0714285714285714
0.0714285714285714,0.0714285714285714,0.0714285714285714,0.0714285714285714,0.0714285714285714,0.0714285714285714,0.0714285714285714,0.0714285714285714,0.0714285714285714,0.0714285714285714,0.0714285714285714,0.0769230769230769,0.0769230769230769,0.0769230769230769,0.0833333333333333,0.0769230769230769,0.0769230769230769,0.0769230769230769,0.0769230769230769,0.0769230769230769
0.0769230769230769,0.0769230769230769,0.0769230769230769,0.0769230769230769,0.0769230769230769,0.0769230769230769,0.0769230769230769,0.0769230769230769,0.0769230769230769,0.0769230769230769,0.0769230769230769,0.0833333333333333,0.0833333333333333,0.0833333333333333,0.0909090909090909,0.0833333333333333,0.0833333333333333,0.0833333333333333,0.0833333333333333,0.0833333333333333
0.0833333333333333,0.0833333333333333,0.0833333333333333,0.0833333333333333,0.0833333333333333,0.0833333333333333,0.0833333333333333,0.0833333333333333,0.0833333333333333,0.0833333333333333,0.0833333333333333,0.0909090909090909,0.0909090909090909,0.0909090909090909,0.1,0.0909090909090909,0.0909090909090909,0.0909090909090909,0.0909090909090909,0.0909090909090909
0.0909090909090909,0.0909090909090909,0.0909090909090909,0.0909090909090909,0.0909090909090909,0.0909090909090909,0.0909090909090909,0.0909090909090909,0.0909090909090909,0.0909090909090909,0.0909090909090909,0.1,0.1,0.1,0.111111111111111,0.1,0.1,0.1,0.1,0.1
0.1,0.1,0.1,0.1,0.1,0.1,0.1,0.1,0.1,0.1,0.1,0.111111111111111,0.111111111111111,0.111111111111111,0.125,0.111111111111111,0.111111111111111,0.111111111111111,0.111111111111111,0.111111111111111
0.111111111111111,0.111111111111111,0.111111111111111,0.111111111111111,0.111111111111111,0.111111111111111,0.111111111111111,0.111111111111111,0.111111111111111,0.111111111111111,0.111111111111111,0.125,0.125,0.125,0.111111111111111,0.125,0.125,0.125,0.125,0.125
0.125,0.125,0.125,0.125,0.125,0.125,0.125,0.125,0.125,0.125,0.125,0.142857142857143,0.142857142857143,0.111111111111111,0.1,0.111111111111111,0.111111111111111,0.111111111111111,0.111111111111111,0.111111111111111
0.111111111111111,0.111111111111111,0.111111111111111,0.111111111111111,0.111111111111111,0.111111111111111,0.111111111111111,0.111111111111111,0.111111111111111,0.111111111111111,0.111111111111111,0.125,0.125,0.1,0.0909090909090909,0.1,0.1,0.1,0.1,0.1
0.1,0.1,0.1,0.1,0.1,0.1,0.1,0.1,0.1,0.1,0.1,0.111111111111111,0.111111111111111,0.0909090909090909,0.0833333333333333,0.0909090909090909,0.0909090909090909,0.0909090909090909,0.0909090909090909,0.0909090909090909
0.0666666666666667,0.0666666666666667,0.0666666666666667,0.0666666666666667,0.0666666666666667,0.0666666666666667,0.0666666666666667,0.0666666666666667,0.0666666666666667,0.0666666666666667,0.0666666666666667,0.0714285714285714,0.0714285714285714,0.0714285714285714,0.0769230769230769,0.0714285714285714,0.0714285714285714,0.0714285714285714,0.0714285714285714,0.0714285714285714
0.0714285714285714,0.0714285714285714,0.0714285714285714,0.0714285714285714,0.0714285714285714,0.0714285714285714,0.0714285714285714,0.0714285714285714,0.0714285714285714,0.0714285714285714,0.0714285714285714,0.0769230769230769,0.0769230769230769,0.0769230769230769,0.0833333333333333,0.0769230769230769,0.0769230769230769,0.0769230769230769,0.0769230769230769,0.0769230769230769
0.0769230769230769,0.0769230769230769,0.0769230769230769,0.0769230769230769,0.0769230769230769,0.0769230769230769,0.0769230769230769,0.0769230769230769,0.0769230769230769,0.0769230769230769,0.0769230769230769,0.0833333333333333,0.0833333333333333,0.0833333333333333,0.0909090909090909,0.0833333333333333,0.0833333333333333,0.0833333333333333,0.0833333333333333,0.0833333333333333
0.0833333333333333,0.0833333333333333,0.0833333333333333,0.0833333333333333,0.0833333333333333,0.0833333333333333,0.0833333333333333,0.0833333333333333,0.0833333333333333,0.0833333333333333,0.0833333333333333,0.0909090909090909,0.0909090909090909,0.0909090909090909,0.1,0.0909090909090909,0.0909090909090909,0.0909090909090909,0.0909090909090909,0.0909090909090909
0.0909090909090909,0.0909090909090909,0.0909090909090909,0.0909090909090909,0.0909090909090909,0.0909090909090909,0.0909090909090909,0.0909090909090909,0.0909090909090909,0.0909090909090909,0.0909090909090909,0.1,0.1,0.1,0.111111111111111,0.1,0.1,0.1,0.1,0.1
0.1,0.1,0.1,0.1,0.1,0.1,0.1,0.1,0.1,0.1,0.1,0.111111111111111,0.111111111111111,0.111111111111111,0.125,0.111111111111111,0.111111111111111,0.111111111111111,0.111111111111111,0.111111111111111
0.111111111111111,0.111111111111111,0.111111111111111,0.111111111111111,0.111111111111111,0.111111111111111,0.111111111111111,0.111111111111111,0.111111111111111,0.111111111111111,0.111111111111111,0.125,0.125,0.125,0.142857142857143,0.125,0.125,0.125,0.125,0.125
0.125,0.125,0.125,0.125,0.125,0.125,0.125,0.125,0.125,0.125,0.125,0.142857142857143,0.142857142857143,0.142857142857143,0.125,0.142857142857143,0.142857142857143,0.142857142857143,0.142857142857143,0.142857142857143
0.142857142857143,0.142857142857143,0.142857142857143,0.142857142857143,0.142857142857143,0.142857142857143,0.142857142857143,0.142857142857143,0.142857142857143,0.142857142857143,0.142857142857143,0.166666666666667,0.166666666666667,0.125,0.111111111111111,0.125,0.125,0.125,0.125,0.125
0.125,0.125,0.125,0.125,0.125,0.125,0.125,0.125,0.125,0.125,0.125,0.142857142857143,0.142857142857143,0.111111111111111,0.1,0.111111111111111,0.111111111111111,0.111111111111111,0.111111111111111,0.111111111111111
0.111111111111111,0.111111111111111,0.111111111111111,0.111111111111111,0.111111111111111,0.111111111111111,0.111111111111111,0.111111111111111,0.111111111111111,0.111111111111111,0.111111111111111,0.125,0.125,0.1,0.0909090909090909,0.1,0.1,0.1,0.1,0.1
0.0714285714285714,0.0714285714285714,0.0714285714285714,0.0714285714285714,0.0714285714285714,0.0714285714285714,0.0714285714285714,0.0714285714285714,0.0714285714285714,0.0714285714285714,0.0714285714285714,0.0769230769230769,0.0769230769230769,0.0769230769230769,0.0833333333333333,0.0769230769230769,0.0769230769230769,0.0769230769230769,0.0769230769230769,0.0769230769230769
0.0769230769230769,0.0769230769230769,0.0769230769230769,0.0769230769230769,0.0769230769230769,0.0769230769230769,0.0769230769230769,0.0769230769230769,0.0769230769230769,0.0769230769230769,0.0769230769230769,0.0833333333333333,0.0833333333333333,0.0833333333333333,0.0909090909090909,0.0833333333333333,0.0833333333333333,0.0833333333333333,0.0833333333333333,0.0833333333333333
0.0833333333333333,0.0833333333333333,0.0833333333333333,0.0833333333333333,0.0833333333333333,0.0833333333333333,0.0833333333333333,0.0833333333333333,0.0833333333333333,0.0833333333333333,0.0833333333333333,0.0909090909090909,0.0909090909090909,0.0909090909090909,0.1,0.0909090909090909,0.0909090909090909,0.0909090909090909,0.0909090909090909,0.0909090909090909
0.0909090909090909,0.0909090909090909,0.0909090909090909,0.0909090909090909,0.0909090909090909,0.0909090909090909,0.0909090909090909,0.0909090909090909,0.0909090909090909,0.0909090909090909,0.0909090909090909,0.1,0.1,0.1,0.111111111111111,0.1,0.1,0.1,0.1,0.1
0.1,0.1,0.1,0.1,0.1,0.1,0.1,0.1,0.1,0.1,0.1,0.111111111111111,0.111111111111111,0.111111111111111,0.125,0.111111111111111,0.111111111111111,0.111111111111111,0.111111111111111,0.111111111111111
0.111111111111111,0.111111111111111,0.111111111111111,0.111111111111111,0.111111111111111,0.111111111111111,0.111111111111111,0.111111111111111,0.111111111111111,0.111111111111111,0.111111111111111,0.125,0.125,0.125,0.142857142857143,0.125,0.125,0.125,0.125,0.125
0.125,0.125,0.125,0.125,0.125,0.125,0.125,0.125,0.125,0.125,0.125,0.142857142857143,0.142857142857143,0.142857142857143,0.166666666666667,0.142857142857143,0.142857142857143,0.142857142857143,0.142857142857143,0.142857142857143
0.142857142857143,0.142857142857143,0.142857142857143,0.142857142857143,0.142857142857143,0.142857142857143,0.142857142857143,0.142857142857143,0.142857142857143,0.142857142857143,0.142857142857143,0.166666666666667,0.166666666666667,0.166666666666667,0.142857142857143,0.166666666666667,0.166666666666667,0.166666666666667,0.166666666666667,0.166666666666667
0.166666666666667,0.166666666666667,0.166666666666667,0.166666666666667,0.166666666666667,0.166666666666667,0.166666666666667,0.166666666666667,0.166666666666667,0.166666666666667,0.166666666666667,0.2,0.2,0.142857142857143,0.125,0.142857142857143,0.142857142857143,0.142857142857143,0.142857142857143,0.142857142857143
0.142857142857143,0.142857142857143,0.142857142857143,0.142857142857143,0.142857142857143,0.142857142857143,0.142857142857143,0.142857142857143,0.142857142857143,0.142857142857143,0.142857142857143,0.166666666666667,0.166666666666667,0.125,0.111111111111111,0.125,0.125,0.125,0.125,0.125
0.125,0.125,0.125,0.125,0.125,0.125,0.125,0.125,0.125,0.125,0.125,0.142857142857143,0.142857142857143,0.111111111111111,0.1,0.111111111111111,0.111111111111111,0.111111111111111,0.111111111111111,0.111111111111111
0.0769230769230769,0.0769230769230769,0.0769230769230769,0.0769230769230769,0.0769230769230769,0.0769230769230769,0.0769230769230769,0.0769230769230769,0.0769230769230769,0.0769230769230769,0.0769230769230769,0.0833333333333333,0.0833333333333333,0.0833333333333333,0.0909090909090909,0.0833333333333333,0.0833333333333333,0.0833333333333333,0.0833333333333333,0.0833333333333333
0.0833333333333333,0.0833333333333333,0.0833333333333333,0.0833333333333333,0.0833333333333333,0.0833333333333333,0.0833333333333333,0.0833333333333333,0.0833333333333333,0.0833333333333333,0.0833333333333333,0.0909090909090909,0.0909090909090909,0.0909090909090909,0.1,0.0909090909090909,0.0909090909090909,0.0909090909090909,0.0909090909090909,0.0909090909090909
0.0909090909090909,0.0909090909090909,0.0909090909090909,0.0909090909090909,0.0909090909090909,0.0909090909090909,0.0909090909090909,0.0909090909090909,0.0909090909090909,0.0909090909090909,0.0909090909090909,0.1,0.1,0.1,0.111111111111111,0.1,0.1,0.1,0.1,0.1
0.1,0.1,0.1,0.1,0.1,0.1,0.1,0.1,0.1,0.1,0.1,0.111111111111111,0.111111111111111,0.111111111111111,0.125,0.111111111111111,0.111111111111111,0.111111111111111,0.111111111111111,0.111111111111111
0.111111111111111,0.111111111111111,0.111111111111111,0.111111111111111,0.111111111111111,0.111111111111111,0.111111111111111,0.111111111111111,0.111111111111111,0.111111111111111,0.111111111111111,0.125,0.125,0.125,0.142857142857143,0.125,0.125,0.125,0.125,0.125
0.125,0.125,0.125,0.125,0.125,0.125,0.125,0.125,0.125,0.125,0.125,0.142857142857143,0.142857142857143,0.142857142857143,0.166666666666667,0.142857142857143,0.142857142857143,0.142857142857143,0.142857142857143,0.142857142857143
0.142857142857143,0.142857142857143,0.142857142857143,0.142857142857143,0.142857142857143,0.142857142857143,0.142857142857143,0.142857142857143,0.142857142857143,0.142857142857143,0.142857142857143,0.166666666666667,0.166666666666667,0.166666666666667,0.2,0.166666666666667,0.166666666666667,0.166666666666667,0.166666666666667,0.166666666666667
0.166666666666667,0.166666666666667,0.166666666666667,0.166666666666667,0.166666666666667,0.166666666666667,0.166666666666667,0.166666666666667,0.166666666666667,0.166666666666667,0.166666666666667,0.2,0.2,0.2,0.166666666666667,0.2,0.2,0.2,0.2,0.2
0.2,0.2,0.2,0.2,0.2,0.2,0.2,0.2,0.2,0.2,0.2,0.25,0.25,0.166666666666667,0.142857142857143,0.166666666666667,0.166666666666667,0.166666666666667,0.166666666666667,0.166666666666667
0.166666666666667,0.166666666666667,0.166666666666667,0.166666666666667,0.166666666666667,0.166666666666667,0.166666666666667,0.166666666666667,0.166666666666667,0.166666666666667,0.166666666666667,0.2,0.2,0.142857142857143,0.125,0.142857142857143,0.142857142857143,0.142857142857143,0.142857142857143,0.142857142857143
0.142857142857143,0.142857142857143,0.142857142857143,0.142857142857143,0.142857142857143,0.142857142857143,0.142857142857143,0.142857142857143,0.142857142857143,0.142857142857143,0.142857142857143,0.166666666666667,0.166666666666667,0.125,0.111111111111111,0.125,0.125,0.125,0.125,0.125
0.0833333333333333,0.0833333333333333,0.0833333333333333,0.0833333333333333,0.0833333333333333,0.0833333333333333,0.0833333333333333,0.0833333333333333,0.0833333333333333,0.0833333333333333,0.0833333333333333,0.0909090909090909,0.0909090909090909,0.0909090909090909,0.1,0.0909090909090909,0.0909090909090909,0.0909090909090909,0.0909090909090909,0.0909090909090909
0.0909090909090909,0.0909090909090909,0.0909090909090909,0.0909090909090909,0.0909090909090909,0.0909090909090909,0.0909090909090909,0.0909090909090909,0.0909090909090909,0.0909090909090909,0.0909090909090909,0.1,0.1,0.1,0.111111111111111,0.1,0.1,0.1,0.1,0.1
0.1,0.1,0.1,0.1,0.1,0.1,0.1,0.1,0.1,0.1,0.1,0.111111111111111,0.111111111111111,0.111111111111111,0.125,0.111111111111111,0.111111111111111,0.111111111111111,0.111111111111111,0.111111111111111
0.111111111111111,0.111111111111111,0.111111111111111,0.111111111111111,0.111111111111111,0.111111111111111,0.111111111111111,0.111111111111111,0.111111111111111,0.111111111111111,0.111111111111111,0.125,0.125,0.125,0.142857142857143,0.125,0.125,0.125,0.125,0.125
0.125,0.125,0.125,0.125,0.125,0.125,0.125,0.125,0.125,0.125,0.125,0.142857142857143,0.142857142857143,0.142857142857143,0.166666666666667,0.142857142857143,0.142857142857143,0.142857142857143,0.142857142857143,0.142857142857143
0.142857142857143,0.142857142857143,0.142857142857143,0.142857142857143,0.142857142857143,0.142857142857143,0.142857142857143,0.142857142857143,0.142857142857143,0.142857142857143,0.142857142857143,0.166666666666667,0.166666666666667,0.166666666666667,0.2,0.166666666666667,0.166666666666667,0.166666666666667,0.166666666666667,0.166666666666667
0.166666666666667,0.166666666666667,0.166666666666667,0.166666666666667,0.166666666666667,0.166666666666667,0.166666666666667,0.166666666666667,0.166666666666667,0.166666666666667,0.166666666666667,0.2,0.2,0.2,0.25,0.2,0.2,0.2,0.2,0.2
0.2,0.2,0.2,0.2,0.2,0.2,0.2,0.2,0.2,0.2,0.2,0.25,0.25,0.25,0.2,0.25,0.25,0.25,0.25,0.25
0.25,0.25,0.25,0.25,0.25,0.25,0.25,0.25,0.25,0.25,0.25,0.333333333333333,0.333333333333333,0.2,0.166666666666667,0.2,0.2,0.2,0.2,0.2
0.2,0.2,0.2,0.2,0.2,0.2,0.2,0.2,0.2,0.2,0.2,0.25,0.25,0.166666666666667,0.142857142857143,0.166666666666667,0.166666666666667,0.166666666666667,0.166666666666667,0.166666666666667
0.166666666666667,0.166666666666667,0.166666666666667,0.166666666666667,0.166666666666667,0.166666666666667,0.166666666666667,0.166666666666667,0.166666666666667,0.166666666666667,0.166666666666667,0.2,0.2,0.142857142857143,0.125,0.142857142857143,0.142857142857143,0.142857142857143,0.142857142857143,0.142857142857143
0.0909090909090909,0.0909090909090909,0.0909090909090909,0.0909090909090909,0.0909090909090909,0.0909090909090909,0.0909090909090909,0.0909090909090909,0.0909090909090909,0.0909090909090909,0.0909090909090909,0.1,0.1,0.1,0.111111111111111,0.1,0.1,0.1,0.1,0.1
0.1,0.1,0.1,0.1,0.1,0.1,0.1,0.1,0.1,0.1,0.1,0.111111111111111,0.111111111111111,0.111111111111111,0.125,0.111111111111111,0.111111111111111,0.111111111111111,0.111111111111111,0.111111111111111
0.111111111111111,0.111111111111111,0.111111111111111,0.111111111111111,0.111111111111111,0.111111111111111,0.111111111111111,0.111111111111111,0.111111111111111,0.111111111111111,0.111111111111111,0.125,0.125,0.125,0.142857142857143,0.125,0.125,0.125,0.125,0.125
0.125,0.125,0.125,0.125,0.125,0.125,0.125,0.125,0.125,0.125,0.125,0.142857142857143,0.142857142857143,0.142857142857143,0.166666666666667,0.142857142857143,0.142857142857143,0.142857142857143,0.142857142857143,0.142857142857143
0.142857142857143,0.142857142857143,0.142857142857143,0.142857142857143,0.142857142857143,0.142857142857143,0.142857142857143,0.142857142857143,0.142857142857143,0.142857142857143,0.142857142857143,0.166666666666667,0.166666666666667,0.166666666666667,0.2,0.166666666666667,0.166666666666667,0.166666666666667,0.166666666666667,0.166666666666667
0.166666666666667,0.166666666666667,0.166666666666667,0.166666666666667,0.166666666666667,0.166666666666667,0.166666666666667,0.166666666666667,0.166666666666667,0.166666666666667,0.166666666666667,0.2,0.2,0.2,0.25,0.2,0.2,0.2,0.2,0.2
0.2,0.2,0.2,0.2,0.2,0.2,0.2,0.2,0.2,0.2,0.2,0.25,0.25,0.25,0.333333333333333,0.25,0.25,0.25,0.25,0.25
0.25,0.25,0.25,0.25,0.25,0.25,0.25,0.25,0.25,0.25,0.25,0.333333333333333,0.333333333333333,0.333333333333333,0.25,0.333333333333333,0.333333333333333,0.333333333333333,0.333333333333333,0.333333333333333
0.333333333333333,0.333333333333333,0.333333333333333,0.333333333333333,0.333333333333333,0.333333333333333,0.333333333333333,0.333333333333333,0.333333333333333,0.333333333333333,0.333333333333333,0.5,0.5,0.25,0.2,0.25,0.25,0.25,0.25,0.25
0.25,0.25,0.25,0.25,0.25,0.25,0.25,0.25,0.25,0.25,0.25,0.333333333333333,0.333333333333333,0.2,0.166666666666667,0.2,0.2,0.2,0.2,0.2
0.2,0.2,0.2,0.2,0.2,0.2,0.2,0.2,0.2,0.2,0.2,0.25,0.25,0.166666666666667,0.142857142857143,0.166666666666667,0.166666666666667,0.166666666666667,0.166666666666667,0.166666666666667
0.1,0.1,0.1,0.1,0.1,0.1,0.1,0.1,0.1,0.1,0.1,0.111111111111111,0.111111111111111,0.111111111111111,0.125,0.111111111111111,0.111111111111111,0.111111111111111,0.111111111111111,0.111111111111111
0.111111111111111,0.111111111111111,0.111111111111111,0.111111111111111,0.111111111111111,0.111111111111111,0.111111111111111,0.111111111111111,0.111111111111111,0.111111111111111,0.111111111111111,0.125,0.125,0.125,0.142857142857143,0.125,0.125,0.125,0.125,0.125
0.125,0.125,0.125,0.125,0.125,0.125,0.125,0.125,0.125,0.125,0.125,0.142857142857143,0.142857142857143,0.142857142857143,0.166666666666667,0.142857142857143,0.142857142857143,0.142857142857143,0.142857142857143,0.142857142857143
0.142857142857143,0.142857142857143,0.142857142857143,0.142857142857143,0.142857142857143,0.142857142857143,0.142857142857143,0.142857142857143,0.142857142857143,0.142857142857143,0.142857142857143,0.166666666666667,0.166666666666667,0.166666666666667,0.2,0.166666666666667,0.166666666666667,0.166666666666667,0.166666666666667,0.166666666666667
0.166666666666667,0.166666666666667,0.166666666666667,0.166666666666667,0.166666666666667,0.166666666666667,0.166666666666667,0.166666666666667,0.166666666666667,0.166666666666667,0.166666666666667,0.2,0.2,0.2,0.25,0.2,0.2,0.2,0.2,0.2
0.2,0.2,0.2,0.2,0.2,0.2,0.2,0.2,0.2,0.2,0.2,0.25,0.25,0.25,0.333333333333333,0.25,0.25,0.25,0.25,0.25
0.25,0.25,0.25,0.25,0.25,0.25,0.25,0.25,0.25,0.25,0.25,0.333333333333333,0.333333333333333,0.333333333333333,0.5,0.333333333333333,0.333333333333333,0.333333333333333,0.333333333333333,0.333333333333333
0.333333333333333,0.333333333333333,0.333333333333333,0.333333333333333,0.333333333333333,0.333333333333333,0.333333333333333,0.333333333333333,0.333333333333333,0.333333333333333,0.333333333333333,0.5,0.5,0.5,0.333333333333333,0.5,0.5,0.5,0.5,0.5
0.5,0.5,0.5,0.5,0.5,0.5,0.5,0.5,0.5,0.5,0.5,1,1,0.333333333333333,0.25,0.333333333333333,0.333333333333333,0.333333333333333,0.333333333333333,0.333333333333333
0.333333333333333,0.333333333333333,0.333333333333333,0.333333333333333,0.333333333333333,0.333333333333333,0.333333333333333,0.333333333333333,0.333333333333333,0.333333333333333,0.333333333333333,0.5,0.5,0.25,0.2,0.25,0.25,0.25,0.25,0.25
0.25,0.25,0.25,0.25,0.25,0.25,0.25,0.25,0.25,0.25,0.25,0.333333333333333,0.333333333333333,0.2,0.166666666666667,0.2,0.2,0.2,0.2,0.2
0.111111111111111,0.111111111111111,0.111111111111111,0.111111111111111,0.111111111111111,0.111111111111111,0.111111111111111,0.111111111111111,0.111111111111111,0.111111111111111,0.111111111111111,0.125,0.125,0.125,0.142857142857143,0.125,0.125,0.125,0.125,0.125
0.125,0.125,0.125,0.125,0.125,0.125,0.125,0.125,0.125,0.125,0.125,0.142857142857143,0.142857142857143,0.142857142857143,0.166666666666667,0.142857142857143,0.142857142857143,0.142857142857143,0.142857142857143,0.142857142857143
0.142857142857143,0.142857142857143,0.142857142857143,0.142857142857143,0.142857142857143,0.142857142857143,0.142857142857143,0.142857142857143,0.142857142857143,0.142857142857143,0.142857142857143,0.166666666666667,0.166666666666667,0.166666666666667,0.2,0.166666666666667,0.166666666666667,0.166666666666667,0.166666666666667,0.166666666666667
0.166666666666667,0.166666666666667,0.166666666666667,0.166666666666667,0.166666666666667,0.166666666666667,0.166666666666667,0.166666666666667,0.166666666666667,0.166666666666667,0.166666666666667,0.2,0.2,0.2,0.25,0.2,0.2,0.2,0.2,0.2
0.2,0.2,0.2,0.2,0.2,0.2,0.2,0.2,0.2,0.2,0.2,0.25,0.25,0.25,0.333333333333333,0.25,0.25,0.25,0.25,0.25
0.25,0.25,0.25,0.25,0.25,0.25,0.25,0.25,0.25,0.25,0.25,0.333333333333333,0.333333333333333,0.333333333333333,0.5,0.333333333333333,0.333333333333333,0.333333333333333,0.333333333333333,0.333333333333333
0.333333333333333,0.333333333333333,0.333333333333333,0.333333333333333,0.333333333333333,0.333333333333333,0.333333333333333,0.333333333333333,0.333333333333333,0.333333333333333,0.333333333333333,0.5,0.5,0.5,1,0.5,0.5,0.5,0.5,0.5
0.5,0.5,0.5,0.5,0.5,0.5,0.5,0.5,0.5,0.5,0.5,1,1,1,0.5,1,1,1,1,1
1,1,1,1,1,1,1,1,1,1,1,1,1,0.5,0.333333333333333,0.5,0.5,0.5,0.5,0.5
0.5,0.5,0.5,0.5,0.5,0.5,0.5,0.5,0.5,0.5,0.5,1,1,0.333333333333333,0.25,0.333333333333333,0.333333333333333,0.333333333333333,0.333333333333333,0.333333333333333
0.333333333333333,0.333333333333333,0.333333333333333,0.333333333333333,0.333333333333333,0.333333333333333,0.333333333333333,0.333333333333333,0.333333333333333,0.333333333333333,0.333333333333333,0.5,0.5,0.25,0.2,0.25,0.25,0.25,0.25,0.25
0.125,0.125,0.125,0.125,0.125,0.125,0.125,0.125,0.125,0.125,0.125,0.111111111111111,0.111111111111111,0.142857142857143,0.166666666666667,0.142857142857143,0.142857142857143,0.142857142857143,0.142857142857143,0.142857142857143
0.142857142857143,0.142857142857143,0.142857142857143,0.142857142857143,0.142857142857143,0.142857142857143,0.142857142857143,0.142857142857143,0.142857142857143,0.142857142857143,0.142857142857143,0.125,0.125,0.166666666666667,0.2,0.166666666666667,0.166666666666667,0.166666666666667,0.166666666666667,0.166666666666667
0.166666666666667,0.166666666666667,0.166666666666667,0.166666666666667,0.166666666666667,0.166666666666667,0.166666666666667,0.166666666666667,0.166666666666667,0.166666666666667,0.166666666666667,0.142857142857143,0.142857142857143,0.2,0.25,0.2,0.2,0.2,0.2,0.2
0.2,0.2,0.2,0.2,0.2,0.2,0.2,0.2,0.2,0.2,0.2,0.166666666666667,0.166666666666667,0.25,0.333333333333333,0.25,0.25,0.25,0.25,0.25
0.25,0.25,0.25,0.25,0.25,0.25,0.25,0.25,0.25,0.25,0.25,0.2,0.2,0.333333333333333,0.5,0.333333333333333,0.333333333333333,0.333333333333333,0.333333333333333,0.333333333333333
0.333333333333333,0.333333333333333,0.333333333333333,0.333333333333333,0.333333333333333,0.333333333333333,0.333333333333333,0.333333333333333,0.333333333333333,0.333333333333333,0.333333333333333,0.25,0.25,0.5,1,0.5,0.5,0.5,0.5,0.5
0.5,0.5,0.5,0.5,0.5,0.5,0.5,0.5,0.5,0.5,0.5,0.333333333333333,0.333333333333333,1,1,1,1,1,1,1
1,1,1,1,1,1,1,1,1,1,1,0.5,0.5,1,1,1,1,1,1,1
1,1,1,1,1,1,1,1,1,1,1,1,1,1,0.5,1,1,1,1,1
1,1,1,1,1,1,1,1,1,1,1,0.5,0.5,0.5,0.333333333333333,0.5,0.5,0.5,0.5,0.5
0.5,0.5,0.5,0.5,0.5,0.5,0.5,0.5,0.5,0.5,0.5,0.333333333333333,0.333333333333333,0.333333333333333,0.25,0.333333333333333,0.333333333333333,0.333333333333333,0.333333333333333,0.333333333333333
0.111111111111111,0.111111111111111,0.111111111111111,0.111111111111111,0.111111111111111,0.111111111111111,0.111111111111111,0.111111111111111,0.111111111111111,0.111111111111111,0.111111111111111,0.1,0.1,0.125,0.142857142857143,0.125,0.125,0.125,0.125,0.125
0.125,0.125,0.125,0.125,0.125,0.125,0.125,0.125,0.125,0.125,0.125,0.111111111111111,0.111111111111111,0.142857142857143,0.166666666666667,0.142857142857143,0.142857142857143,0.142857142857143,0.142857142857143,0.142857142857143
0.142857142857143,0.142857142857143,0.142857142857143,0.142857142857143,0.142857142857143,0.142857142857143,0.142857142857143,0.142857142857143,0.142857142857143,0.142857142857143,0.142857142857143,0.125,0.125,0.166666666666667,0.2,0.166666666666667,0.166666666666667,0.166666666666667,0.166666666666667,0.166666666666667
0.166666666666667,0.166666666666667,0.166666666666667,0.166666666666667,0.166666666666667,0.166666666666667,0.166666666666667,0.166666666666667,0.166666666666667,0.166666666666667,0.166666666666667,0.142857142857143,0.142857142857143,0.2,0.25,0.2,0.2,0.2,0.2,0.2
0.2,0.2,0.2,0.2,0.2,0.2,0.2,0.2,0.2,0.2,0.2,0.166666666666667,0.166666666666667,0.25,0.333333333333333,0.25,0.25,0.25,0.25,0.25
0.25,0.25,0.25,0.25,0.25,0.25,0.25,0.25,0.25,0.25,0.25,0.2,0.2,0.333333333333333,0.5,0.333333333333333,0.333333333333333,0.333333333333333,0.333333333333333,0.333333333333333
0.333333333333333,0.333333333333333,0.333333333333333,0.333333333333333,0.333333333333333,0.333333333333333,0.333333333333333,0.333333333333333,0.333333333333333,0.333333333333333,0.333333333333333,0.25,0.25,0.5,1,0.5,0.5,0.5,0.5,0.5
0.5,0.5,0.5,0.5,0.5,0.5,0.5,0.5,0.5,0.5,0.5,0.333333333333333,0.333333333333333,1,0.5,1,1,1,1,1
1,1,1,1,1,1,1,1,1,1,1,0.5,0.5,0.5,0.333333333333333,0.5,0.5,0.5,0.5,0.5
0.5,0.5,0.5,0.5,0.5,0.5,0.5,0.5,0.5,0.5,0.5,0.333333333333333,0.333333333333333,0.333333333333333,0.25,0.333333333333333,0.333333333333333,0.333333333333333,0.333333333333333,0.333333333333333
0.333333333333333,0.333333333333333,0.333333333333333,0.333333333333333,0.333333333333333,0.333333333333333,0.333333333333333,0.333333333333333,0.333333333333333,0.333333333333333,0.333333333333333,0.25,0.25,0.25,0.2,0.25,0.25,0.25,0.25,0.25
0.1,0.1,0.1,0.1,0.1,0.1,0.1,0.1,0.1,0.1,0.1,0.0909090909090909,0.0909090909090909,0.111111111111111,0.125,0.111111111111111,0.111111111111111,0.111111111111111,0.111111111111111,0.111111111111111
0.111111111111111,0.111111111111111,0.111111111111111,0.111111111111111,0.111111111111111,0.111111111111111,0.111111111111111,0.111111111111111,0.111111111111111,0.111111111111111,0.111111111111111,0.1,0.1,0.125,0.142857142857143,0.125,0.125,0.125,0.125,0.125
0.125,0.125,0.125,0.125,0.125,0.125,0.125,0.125,0.125,0.125,0.125,0.111111111111111,0.111111111111111,0.142857142857143,0.166666666666667,0.142857142857143,0.142857142857143,0.142857142857143,0.142857142857143,0.142857142857143
0.142857142857143,0.142857142857143,0.142857142857143,0.142857142857143,0.142857142857143,0.142857142857143,0.142857142857143,0.142857142857143,0.142857142857143,0.142857142857143,0.142857142857143,0.125,0.125,0.166666666666667,0.2,0.166666666666667,0.166666666666667,0.166666666666667,0.166666666666667,0.166666666666667
0.166666666666667,0.166666666666667,0.166666666666667,0.166666666666667,0.166666666666667,0.166666666666667,0.166666666666667,0.166666666666667,0.166666666666667,0.166666666666667,0.166666666666667,0.142857142857143,0.142857142857143,0.2,0.25,0.2,0.2,0.2,0.2,0.2
0.2,0.2,0.2,0.2,0.2,0.2,0.2,0.2,0.2,0.2,0.2,0.166666666666667,0.166666666666667,0.25,0.333333333333333,0.25,0.25,0.25,0.25,0.25
0.25,0.25,0.25,0.25,0.25,0.25,0.25,0.25,0.25,0.25,0.25,0.2,0.2,0.333333333333333,0.5,0.333333333333333,0.333333333333333,0.333333333333333,0.333333333333333,0.333333333333333
0.333333333333333,0.333333333333333,0.333333333333333,0.333333333333333,0.333333333333333,0.333333333333333,0.333333333333333,0.333333333333333,0.333333333333333,0.333333333333333,0.333333333333333,0.25,0.25,0.5,0.333333333333333,0.5,0.5,0.5,0.5,0.5
0.5,0.5,0.5,0.5,0.5,0.5,0.5,0.5,0.5,0.5,0.5,0.333333333333333,0.333333333333333,0.333333333333333,0.25,0.333333333333333,0.333333333333333,0.333333333333333,0.333333333333333,0.333333333333333
0.333333333333333,0.333333333333333,0.333333333333333,0.333333333333333,0.333333333333333,0.333333333333333,0.333333333333333,0.333333333333333,0.333333333333333,0.333333333333333,0.333333333333333,0.25,0.25,0.25,0.2,0.25,0.25,0.25,0.25,0.25
0.25,0.25,0.25,0.25,0.25,0.25,0.25,0.25,0.25,0.25,0.25,0.2,0.2,0.2,0.166666666666667,0.2,0.2,0.2,0.2,0.2
